Delta,Time,CPU_FREQUENCY_0,CPU_FREQUENCY_1,CPU_FREQUENCY_10,CPU_FREQUENCY_11,CPU_FREQUENCY_12,CPU_FREQUENCY_13,CPU_FREQUENCY_14,CPU_FREQUENCY_15,CPU_FREQUENCY_16,CPU_FREQUENCY_17,CPU_FREQUENCY_18,CPU_FREQUENCY_19,CPU_FREQUENCY_2,CPU_FREQUENCY_20,CPU_FREQUENCY_21,CPU_FREQUENCY_22,CPU_FREQUENCY_23,CPU_FREQUENCY_24,CPU_FREQUENCY_25,CPU_FREQUENCY_26,CPU_FREQUENCY_27,CPU_FREQUENCY_28,CPU_FREQUENCY_29,CPU_FREQUENCY_3,CPU_FREQUENCY_30,CPU_FREQUENCY_31,CPU_FREQUENCY_4,CPU_FREQUENCY_5,CPU_FREQUENCY_6,CPU_FREQUENCY_7,CPU_FREQUENCY_8,CPU_FREQUENCY_9,CPU_USAGE_0,CPU_USAGE_1,CPU_USAGE_10,CPU_USAGE_11,CPU_USAGE_12,CPU_USAGE_13,CPU_USAGE_14,CPU_USAGE_15,CPU_USAGE_16,CPU_USAGE_17,CPU_USAGE_18,CPU_USAGE_19,CPU_USAGE_2,CPU_USAGE_20,CPU_USAGE_21,CPU_USAGE_22,CPU_USAGE_23,CPU_USAGE_24,CPU_USAGE_25,CPU_USAGE_26,CPU_USAGE_27,CPU_USAGE_28,CPU_USAGE_29,CPU_USAGE_3,CPU_USAGE_30,CPU_USAGE_31,CPU_USAGE_4,CPU_USAGE_5,CPU_USAGE_6,CPU_USAGE_7,CPU_USAGE_8,CPU_USAGE_9,DRAM_ENERGY (J),PACKAGE_ENERGY (J),PP0_ENERGY (J),PP1_ENERGY (J),TOTAL_MEMORY,TOTAL_SWAP,USED_MEMORY,USED_SWAP
0,1724133798177,999,900,1200,1200,1100,800,800,4521,875,880,800,800,1000,873,800,878,800,898,860,872,882,800,886,800,896,860,800,800,800,800,900,800,5,2.5641026496887207,2.6315789222717285,2.6315789222717285,5,0,5,4.878048419952393,2.5641026496887207,2.5641026496887207,2.5641026496887207,5,4.878048419952393,0,4.878048419952393,2.5641026496887207,5,5,5,5,2.5641026496887207,5,5,2.5641026496887207,5,2.5641026496887207,5.128205299377441,7.692307949066162,5,2.5,2.5641026496887207,5,0,254431.1739501953,49458.20458984375,0,67221336064,8589930496,1347391488,354729984
199,1724133798177,999,900,1200,1200,1100,800,800,4521,875,880,800,800,1000,873,800,878,800,898,860,872,882,800,886,800,896,860,800,800,800,800,900,800,5,2.5641026496887207,2.6315789222717285,2.6315789222717285,5,0,5,4.878048419952393,2.5641026496887207,2.5641026496887207,2.5641026496887207,5,4.878048419952393,0,4.878048419952393,2.5641026496887207,5,5,5,5,2.5641026496887207,5,5,2.5641026496887207,5,2.5641026496887207,5.128205299377441,7.692307949066162,5,2.5,2.5641026496887207,5,0,254431.18328857422,49458.206115722656,0,67221336064,8589930496,1347391488,354729984
200,1724133798377,999,900,1200,1200,1100,800,800,4521,875,880,800,800,1000,873,800,878,800,898,860,872,882,800,886,800,896,860,800,800,800,800,900,800,0,0,0,0,0,0,0,0,0,0,0,0,65,0,0,0,0,0,0,0,0,0,0,0,0,0,0,0,0,0,33.333335876464844,0,0,254439.4673461914,49464.812255859375,0,67221336064,8589930496,1437442048,354729984
200,1724133798577,999,900,1200,1200,1100,800,800,4521,875,880,800,800,1000,873,800,878,800,898,860,872,882,800,886,800,896,860,800,800,800,800,900,800,0,0,0,0,0,0,0,0,0,0,0,0,0,0,0,0,0,0,0,0,0,0,0,0,0,0,0,0,0,0,100,0,0,254450.88018798828,49474.540954589844,0,67221336064,8589930496,1537048576,354729984
200,1724133798777,999,900,1200,1200,1100,800,800,4521,875,880,800,800,1000,873,800,878,800,898,860,872,882,800,886,800,896,860,800,800,800,800,900,800,0,0,0,0,0,0,0,0,0,0,0,0,0,0,0,0,0,0,0,0,0,0,0,0,0,0,0,0,0,0,100,0,0,254462.4747314453,49484.447204589844,0,67221336064,8589930496,1641299968,354729984
200,1724133798978,999,900,1200,1200,1100,800,800,4521,875,880,800,800,1000,873,800,878,800,898,860,872,882,800,886,800,896,860,800,800,800,800,900,800,0,0,0,0,0,0,0,0,0,0,0,0,0,0,0,0,0,0,0,0,0,0,0,0,0,0,0,0,0,0,100,0,0,254474.07006835938,49494.355224609375,0,67221336064,8589930496,1741938688,354729984
200,1724133799178,999,900,1200,1200,1100,800,800,4521,875,880,800,800,1000,873,800,878,800,898,860,872,882,800,886,800,896,860,800,800,800,800,900,800,0,0,0,0,0,0,0,0,0,0,0,0,0,0,0,0,0,0,0,0,0,0,0,0,0,0,0,0,0,0,100,0,0,254485.69537353516,49504.29425048828,0,67221336064,8589930496,1846190080,354729984
200,1724133799378,999,900,1200,1200,1100,800,800,4521,875,880,800,800,1000,873,800,878,800,898,860,872,882,800,886,800,896,860,800,800,800,800,900,800,0,0,0,0,0,0,0,0,0,0,0,0,0,0,0,0,0,0,0,0,0,0,0,0,0,0,0,0,0,0,100,0,0,254497.34240722656,49514.254943847656,0,67221336064,8589930496,1947860992,354729984
200,1724133799578,999,900,1200,1200,1100,800,800,4521,875,880,800,800,1000,873,800,878,800,898,860,872,882,800,886,800,896,860,800,800,800,800,900,800,0,0,0,0,0,0,0,0,0,0,0,0,0,0,0,0,0,0,0,0,0,0,0,0,0,0,0,0,0,0,100,0,0,254509.0219116211,49524.24475097656,0,67221336064,8589930496,2051080192,354729984
200,1724133799778,999,900,1200,1200,1100,800,800,4521,875,880,800,800,1000,873,800,878,800,898,860,872,882,800,886,800,896,860,800,800,800,800,900,800,0,0,0,0,0,0,0,0,0,0,0,0,0,0,0,0,0,0,0,0,0,0,0,0,0,0,0,0,0,0,100,0,0,254520.73760986328,49534.26806640625,0,67221336064,8589930496,2153783296,354729984
200,1724133799978,999,900,1200,1200,1100,800,800,4521,875,880,800,800,1000,873,800,878,800,898,860,872,882,800,886,800,896,860,800,800,800,800,900,800,0,0,0,0,0,0,0,0,0,0,0,0,0,0,0,0,0,0,0,0,0,0,0,0,0,0,0,0,0,0,100,0,0,254532.44500732422,49544.291442871094,0,67221336064,8589930496,2258034688,354729984
200,1724133800178,999,900,1200,1200,1100,800,800,4521,875,880,800,800,1000,873,800,878,800,898,860,872,882,800,886,800,896,860,800,800,800,800,900,800,0,0,0,0,0,0,0,0,0,0,0,0,0,0,0,0,0,0,0,0,0,0,0,0,0,0,0,0,0,0,100,0,0,254544.13720703125,49554.29913330078,0,67221336064,8589930496,2359447552,354729984
200,1724133800378,999,900,1200,1200,1100,800,800,4521,875,880,800,800,1000,873,800,878,800,898,860,872,882,800,886,800,896,860,800,800,800,800,900,800,0,0,0,0,0,0,0,0,0,0,0,0,0,0,0,0,0,0,0,0,0,0,0,0,0,0,0,0,0,0,100,0,0,254555.5877685547,49564.0498046875,0,67221336064,8589930496,2461892608,354729984
200,1724133800578,999,900,1200,1200,1100,800,800,4521,875,880,800,800,1000,873,800,878,800,898,860,872,882,800,886,800,896,860,800,800,800,800,900,800,0,0,0,0,0,0,0,0,0,0,0,0,0,0,0,0,0,0,0,0,0,0,0,0,0,0,0,0,0,0,100,0,0,254566.75622558594,49573.53039550781,0,67221336064,8589930496,2568724480,354729984
200,1724133800779,999,900,1200,1200,1100,800,800,4521,875,880,800,800,1000,873,800,878,800,898,860,872,882,800,886,800,896,860,800,800,800,800,900,800,0,0,0,0,0,0,0,0,0,0,0,0,0,0,0,0,0,0,0,0,0,0,0,0,0,0,0,0,0,0,100,0,0,254577.91833496094,49583.00256347656,0,67221336064,8589930496,2672717824,354729984
200,1724133800979,999,900,1200,1200,1100,800,800,4521,875,880,800,800,1000,873,800,878,800,898,860,872,882,800,886,800,896,860,800,800,800,800,900,800,0,0,0,0,0,0,0,0,0,0,0,0,0,0,0,0,0,0,0,0,0,0,0,0,0,0,0,0,0,0,100,0,0,254589.2725830078,49592.65167236328,0,67221336064,8589930496,2772324352,354729984
200,1724133801179,999,900,1200,1200,1100,800,800,4521,875,880,800,800,1000,873,800,878,800,898,860,872,882,800,886,800,896,860,800,800,800,800,900,800,0,0,0,0,0,0,0,0,0,0,0,0,0,0,0,0,0,0,0,0,0,0,0,0,0,0,0,0,0,0,100,0,0,254600.81860351563,49602.49890136719,0,67221336064,8589930496,2878640128,354729984
200,1724133801379,999,900,1200,1200,1100,800,800,4521,875,880,800,800,1000,873,800,878,800,898,860,872,882,800,886,800,896,860,800,800,800,800,900,800,0,0,0,0,0,0,0,0,0,0,0,0,0,0,0,0,0,0,0,0,0,0,0,0,0,0,0,0,0,0,100,0,0,254612.22247314453,49612.20654296875,0,67221336064,8589930496,2979020800,354729984
200,1724133801579,999,900,1200,1200,1100,800,800,4521,875,880,800,800,1000,873,800,878,800,898,860,872,882,800,886,800,896,860,800,800,800,800,900,800,0,0,0,0,0,0,0,0,0,0,0,0,0,0,0,0,0,0,0,0,0,0,0,0,0,0,0,0,0,0,100,0,0,254623.46478271484,49621.7431640625,0,67221336064,8589930496,3080175616,354729984
200,1724133801779,999,900,1200,1200,1100,800,800,4521,875,880,800,800,1000,873,800,878,800,898,860,872,882,800,886,800,896,860,800,800,800,800,900,800,0,0,0,0,0,0,0,0,0,0,0,0,0,0,0,0,0,0,0,0,0,0,0,0,0,0,0,0,0,0,100,0,0,254634.64624023438,49631.22131347656,0,67221336064,8589930496,3188297728,354729984
200,1724133801979,999,900,1200,1200,1100,800,800,4521,875,880,800,800,1000,873,800,878,800,898,860,872,882,800,886,800,896,860,800,800,800,800,900,800,0,0,0,0,0,0,0,0,0,0,0,0,0,0,0,0,0,0,0,0,0,0,0,0,0,0,0,0,0,0,100,0,0,254645.8207397461,49640.692932128906,0,67221336064,8589930496,3286609920,354729984
200,1724133802179,999,900,1200,1200,1100,800,800,4521,875,880,800,800,1000,873,800,878,800,898,860,872,882,800,886,800,896,860,800,800,800,800,900,800,0,0,0,0,0,0,0,0,0,0,0,0,0,0,0,0,0,0,0,0,0,0,0,0,0,0,0,0,0,0,100,0,0,254657.0780029297,49650.246643066406,0,67221336064,8589930496,3388538880,354729984
200,1724133802379,999,900,1200,1200,1100,800,800,4521,875,880,800,800,1000,873,800,878,800,898,860,872,882,800,886,800,896,860,800,800,800,800,900,800,0,0,0,0,0,0,0,0,0,0,0,0,0,0,0,0,0,0,0,0,0,0,0,0,0,0,0,0,0,0,100,0,0,254668.3896484375,49659.84948730469,0,67221336064,8589930496,3492274176,354729984
200,1724133802580,999,900,1200,1200,1100,800,800,4521,875,880,800,800,1000,873,800,878,800,898,860,872,882,800,886,800,896,860,800,800,800,800,900,800,0,0,0,0,0,0,0,0,0,0,0,0,0,0,0,0,0,0,0,0,0,0,0,0,0,0,0,0,0,0,100,0,0,254679.82611083984,49669.58319091797,0,67221336064,8589930496,3594977280,354729984
200,1724133802780,999,900,1200,1200,1100,800,800,4521,875,880,800,800,1000,873,800,878,800,898,860,872,882,800,886,800,896,860,800,800,800,800,900,800,0,0,0,0,0,0,0,0,0,0,0,0,0,0,0,0,0,0,0,0,0,0,0,0,0,0,0,0,0,0,100,0,0,254691.02392578125,49679.07843017578,0,67221336064,8589930496,3704131584,354729984
200,1724133802980,999,900,1200,1200,1100,800,800,4521,875,880,800,800,1000,873,800,878,800,898,860,872,882,800,886,800,896,860,800,800,800,800,900,800,0,0,0,0,0,0,0,0,0,0,0,0,0,0,0,0,0,0,0,0,0,0,0,0,0,0,0,0,0,0,100,0,0,254702.3139038086,49688.66180419922,0,67221336064,8589930496,3801673728,354729984
200,1724133803180,999,900,1200,1200,1100,800,800,4521,875,880,800,800,1000,873,800,878,800,898,860,872,882,800,886,800,896,860,800,800,800,800,900,800,0,0,0,0,0,0,0,0,0,0,0,0,0,0,0,0,0,0,0,0,0,0,0,0,0,0,0,0,0,0,100,0,0,254713.49731445313,49698.1435546875,0,67221336064,8589930496,3903737856,354729984
200,1724133803380,999,900,1200,1200,1100,800,800,4521,875,880,800,800,1000,873,800,878,800,898,860,872,882,800,886,800,896,860,800,800,800,800,900,800,0,0,0,0,0,0,0,0,0,0,0,0,0,0,0,0,0,0,0,0,0,0,0,0,0,0,0,0,0,0,100,0,0,254724.70037841797,49707.642639160156,0,67221336064,8589930496,4010827776,354729984
200,1724133803580,999,900,1200,1200,1100,800,800,4521,875,880,800,800,1000,873,800,878,800,898,860,872,882,800,886,800,896,860,800,800,800,800,900,800,0,0,0,0,0,0,0,0,0,0,0,0,0,0,0,0,0,0,0,0,0,0,0,0,0,0,0,0,0,0,100,0,0,254735.94171142578,49717.17608642578,0,67221336064,8589930496,4109918208,354729984
200,1724133803780,999,900,1200,1200,1100,800,800,4521,875,880,800,800,1000,873,800,878,800,898,860,872,882,800,886,800,896,860,800,800,800,800,900,800,0,0,0,0,0,0,0,0,0,0,0,0,0,0,0,0,0,0,0,0,0,0,0,0,0,0,0,0,0,0,100,0,0,254747.50457763672,49727.039794921875,0,67221336064,8589930496,4213395456,354729984
200,1724133803980,999,900,1200,1200,1100,800,800,4521,875,880,800,800,1000,873,800,878,800,898,860,872,882,800,886,800,896,860,800,800,800,800,900,800,0,0,0,0,0,0,0,0,0,0,0,0,0,0,0,0,0,0,0,0,0,0,0,0,0,0,0,0,0,0,100,0,0,254758.76007080078,49736.59503173828,0,67221336064,8589930496,4316356608,354729984
200,1724133804180,999,900,1200,1200,1100,800,800,4521,875,880,800,800,1000,873,800,878,800,898,860,872,882,800,886,800,896,860,800,800,800,800,900,800,0,0,0,0,0,0,0,0,0,0,0,0,0,0,0,0,0,0,0,0,0,0,0,0,0,0,0,0,0,0,100,0,0,254769.93591308594,49746.07177734375,0,67221336064,8589930496,4420886528,354729984
200,1724133804380,999,900,1200,1200,1100,800,800,4521,875,880,800,800,1000,873,800,878,800,898,860,872,882,800,886,800,896,860,800,800,800,800,900,800,0,0,0,0,0,0,0,0,0,0,0,0,0,0,0,0,0,0,0,0,0,0,0,0,0,0,0,0,0,0,100,0,0,254781.27905273438,49755.71337890625,0,67221336064,8589930496,4525137920,354729984
200,1724133804581,999,900,1200,1200,1100,800,800,4521,875,880,800,800,1000,873,800,878,800,898,860,872,882,800,886,800,896,860,800,800,800,800,900,800,0,0,0,0,0,0,0,0,0,0,0,0,0,0,0,0,0,0,0,0,0,0,0,0,0,0,0,0,0,0,100,0,0,254792.52667236328,49765.247131347656,0,67221336064,8589930496,4628615168,354729984
200,1724133804781,999,900,1200,1200,1100,800,800,4521,875,880,800,800,1000,873,800,878,800,898,860,872,882,800,886,800,896,860,800,800,800,800,900,800,0,0,0,0,0,0,0,0,0,0,0,0,0,0,0,0,0,0,0,0,0,0,0,0,0,0,0,0,0,0,100,0,0,254803.76593017578,49774.78662109375,0,67221336064,8589930496,4729769984,354729984
200,1724133804981,999,900,1200,1200,1100,800,800,4521,875,880,800,800,1000,873,800,878,800,898,860,872,882,800,886,800,896,860,800,800,800,800,900,800,0,0,0,0,0,0,0,0,0,0,0,0,0,0,0,0,0,0,0,0,0,0,0,0,0,0,0,0,0,0,100,0,0,254815.16705322266,49784.440002441406,0,67221336064,8589930496,4831813632,354729984
200,1724133805181,999,900,1200,1200,1100,800,800,4521,875,880,800,800,1000,873,800,878,800,898,860,872,882,800,886,800,896,860,800,800,800,800,900,800,0,0,0,0,0,0,0,0,0,0,0,0,0,0,0,0,0,0,0,0,0,0,0,0,0,0,0,0,0,0,100,0,0,254826.7432861328,49794.345947265625,0,67221336064,8589930496,4935548928,354729984
200,1724133805381,999,900,1200,1200,1100,800,800,4521,875,880,800,800,1000,873,800,878,800,898,860,872,882,800,886,800,896,860,800,800,800,800,900,800,0,0,0,0,0,0,0,0,0,0,0,0,0,0,0,0,0,0,0,0,0,0,0,0,0,0,0,0,0,0,100,0,0,254837.95068359375,49803.846740722656,0,67221336064,8589930496,5041606656,354729984
200,1724133805581,999,900,1200,1200,1100,800,800,4521,875,880,800,800,1000,873,800,878,800,898,860,872,882,800,886,800,896,860,800,800,800,800,900,800,0,0,0,0,0,0,0,0,0,0,0,0,0,0,0,0,0,0,0,0,0,0,0,0,0,0,0,0,0,0,100,0,0,254849.13946533203,49813.33026123047,0,67221336064,8589930496,5146890240,354729984
200,1724133805781,999,900,1200,1200,1100,800,800,4521,875,880,800,800,1000,873,800,878,800,898,860,872,882,800,886,800,896,860,800,800,800,800,900,800,0,0,0,0,0,0,0,0,0,0,0,0,0,0,0,0,0,0,0,0,0,0,0,0,0,0,0,0,0,0,100,0,0,254860.4086303711,49822.89483642578,0,67221336064,8589930496,5244432384,354729984
200,1724133805981,999,900,1200,1200,1100,800,800,4521,875,880,800,800,1000,873,800,878,800,898,860,872,882,800,886,800,896,860,800,800,800,800,900,800,0,0,0,0,0,0,0,0,0,0,0,0,0,0,0,0,0,0,0,0,0,0,0,0,0,0,0,0,0,0,100,0,0,254871.61334228516,49832.39306640625,0,67221336064,8589930496,5348683776,354729984
200,1724133806181,999,900,1200,1200,1100,800,800,4521,875,880,800,800,1000,873,800,878,800,898,860,872,882,800,886,800,896,860,800,800,800,800,900,800,0,0,0,0,0,0,0,0,0,0,0,0,0,0,0,0,0,0,0,0,0,0,0,0,0,0,0,0,0,0,100,0,0,254882.79388427734,49841.87127685547,0,67221336064,8589930496,5453488128,354729984
200,1724133806382,999,900,1200,1200,1100,800,800,4521,875,880,800,800,1000,873,800,878,800,898,860,872,882,800,886,800,896,860,800,800,800,800,900,800,0,0,0,0,0,0,0,0,0,0,0,0,0,0,0,0,0,0,0,0,0,0,0,0,0,0,0,0,0,0,100,0,0,254894.17602539063,49851.54357910156,0,67221336064,8589930496,5557223424,354729984
200,1724133806582,999,900,1200,1200,1100,800,800,4521,875,880,800,800,1000,873,800,878,800,898,860,872,882,800,886,800,896,860,800,800,800,800,900,800,0,0,0,0,0,0,0,0,0,0,0,0,0,0,0,0,0,0,0,0,0,0,0,0,0,0,0,0,0,0,100,0,0,254905.4321899414,49861.093811035156,0,67221336064,8589930496,5656313856,354729984
200,1724133806782,999,900,1200,1200,1100,800,800,4521,875,880,800,800,1000,873,800,878,800,898,860,872,882,800,886,800,896,860,800,800,800,800,900,800,0,0,0,0,0,0,0,0,0,0,0,0,0,0,0,0,0,0,0,0,0,0,0,0,0,0,0,0,0,0,100,0,0,254917.01397705078,49870.884216308594,0,67221336064,8589930496,5762113536,354729984
200,1724133806982,999,900,1200,1200,1100,800,800,4521,875,880,800,800,1000,873,800,878,800,898,860,872,882,800,886,800,896,860,800,800,800,800,900,800,0,0,0,0,0,0,0,0,0,0,0,0,0,0,0,4.761904716491699,0,0,0,0,0,0,0,0,0,0,0,0,0,0,100,0,0,254928.41595458984,49880.63317871094,0,67221336064,8589930496,5867397120,354729984
200,1724133807182,999,900,1200,1200,1100,800,800,4521,875,880,800,800,1000,873,800,878,800,898,860,872,882,800,886,800,896,860,800,800,800,800,900,800,0,0,0,0,0,0,0,0,0,0,0,0,0,0,0,0,0,0,0,0,0,0,0,0,0,0,0,0,0,0,100,0,0,254939.85540771484,49890.35186767578,0,67221336064,8589930496,5967519744,354729984
200,1724133807382,999,900,1200,1200,1100,800,800,4521,875,880,800,800,1000,873,800,878,800,898,860,872,882,800,886,800,896,860,800,800,800,800,900,800,0,0,0,0,0,0,0,0,0,0,0,0,0,0,0,0,0,0,0,0,0,0,0,0,0,0,0,0,0,0,100,0,0,254951.07275390625,49899.85089111328,0,67221336064,8589930496,6077706240,354729984
200,1724133807582,999,900,1200,1200,1100,800,800,4521,875,880,800,800,1000,873,800,878,800,898,860,872,882,800,886,800,896,860,800,800,800,800,900,800,0,0,0,0,0,0,0,0,0,0,0,0,0,0,0,0,0,0,0,0,0,0,0,0,0,0,4.761904716491699,0,0,0,100,0,0,254962.37670898438,49909.438720703125,0,67221336064,8589930496,6182473728,354729984
199,1724133807782,999,900,1200,1200,1100,800,800,4521,875,880,800,800,1000,873,800,878,800,898,860,872,882,800,886,800,896,860,800,800,800,800,900,800,0,0,0,0,0,0,0,0,0,0,0,0,0,0,0,0,0,0,0,0,0,0,0,0,0,0,0,0,0,0,100,0,0,254973.68627929688,49919.033264160156,0,67221336064,8589930496,6289305600,354729984
200,1724133807982,999,900,1200,1200,1100,800,800,4521,875,880,800,800,1000,873,800,878,800,898,860,872,882,800,886,800,896,860,800,800,800,800,900,800,0,0,0,0,0,0,0,0,0,0,0,0,0,0,0,0,0,0,0,0,0,0,0,0,0,0,0,0,0,0,100,0,0,254984.95709228516,49928.58380126953,0,67221336064,8589930496,6386847744,354729984
200,1724133808182,999,900,1200,1200,1100,800,800,4521,875,880,800,800,1000,873,800,878,800,898,860,872,882,800,886,800,896,860,800,800,800,800,900,800,0,0,0,0,0,0,0,0,0,0,0,0,0,0,0,0,0,0,0,0,0,0,0,0,0,0,0,0,0,0,100,0,0,254996.18115234375,49938.08581542969,0,67221336064,8589930496,6494195712,354729984
200,1724133808383,999,900,1200,1200,1100,800,800,4521,875,880,800,800,1000,873,800,878,800,898,860,872,882,800,886,800,896,860,800,800,800,800,900,800,0,0,0,0,0,0,0,0,0,0,0,0,0,0,0,0,0,0,0,0,0,0,0,0,0,0,0,0,0,0,100,0,0,255007.45916748047,49947.643798828125,0,67221336064,8589930496,6597156864,354729984
200,1724133808583,999,900,1200,1200,1100,800,800,4521,875,880,800,800,1000,873,800,878,800,898,860,872,882,800,886,800,896,860,800,800,800,800,900,800,0,0,0,0,0,0,0,0,0,0,0,0,0,0,0,0,0,0,0,0,0,0,0,0,0,0,0,0,0,0,100,0,0,255018.67443847656,49957.14532470703,0,67221336064,8589930496,6697279488,354729984
200,1724133808783,999,900,1200,1200,1100,800,800,4521,875,880,800,800,1000,873,800,878,800,898,860,872,882,800,886,800,896,860,800,800,800,800,900,800,0,0,0,0,0,0,0,0,0,0,0,0,0,0,0,0,0,0,0,0,0,0,0,0,0,0,0,0,0,0,100,0,0,255029.86541748047,49966.62567138672,0,67221336064,8589930496,6806691840,354729984
200,1724133808983,999,900,1200,1200,1100,800,800,4521,875,880,800,800,1000,873,800,878,800,898,860,872,882,800,886,800,896,860,800,800,800,800,900,800,0,0,0,0,0,0,0,0,0,0,0,0,0,0,0,0,0,0,0,0,0,0,0,0,0,0,0,0,0,0,100,0,0,255041.0853881836,49976.126953125,0,67221336064,8589930496,6904750080,354729984
200,1724133809183,999,900,1200,1200,1100,800,800,4521,875,880,800,800,1000,873,800,878,800,898,860,872,882,800,886,800,896,860,800,800,800,800,900,800,0,0,0,0,0,0,0,0,0,0,0,0,0,0,0,0,0,0,0,0,0,0,0,0,0,0,0,0,0,0,100,0,0,255052.36053466797,49985.68713378906,0,67221336064,8589930496,7011581952,354729984
200,1724133809383,999,900,1200,1200,1100,800,800,4521,875,880,800,800,1000,873,800,878,800,898,860,872,882,800,886,800,896,860,800,800,800,800,900,800,0,0,0,0,0,0,0,0,0,0,0,0,0,0,0,0,0,0,0,0,0,0,0,0,0,0,0,0,0,0,100,0,0,255063.60858154297,49995.21502685547,0,67221336064,8589930496,7111962624,354729984
200,1724133809583,999,900,1200,1200,1100,800,800,4521,875,880,800,800,1000,873,800,878,800,898,860,872,882,800,886,800,896,860,800,800,800,800,900,800,0,0,0,0,0,0,0,0,0,0,0,0,0,0,0,0,0,0,0,0,0,0,0,0,0,0,0,0,0,0,100,0,0,255074.88482666016,50004.77374267578,0,67221336064,8589930496,7216214016,354729984
200,1724133809783,999,900,1200,1200,1100,800,800,4521,875,880,800,800,1000,873,800,878,800,898,860,872,882,800,886,800,896,860,800,800,800,800,900,800,0,0,0,0,0,0,0,0,0,0,0,0,0,0,0,0,0,0,0,0,0,0,0,0,0,0,0,0,0,0,100,0,0,255086.12408447266,50014.2919921875,0,67221336064,8589930496,7322271744,354729984
200,1724133809983,999,900,1200,1200,1100,800,800,4521,875,880,800,800,1000,873,800,878,800,898,860,872,882,800,886,800,896,860,800,800,800,800,900,800,0,0,0,0,0,0,0,0,0,0,0,0,0,0,0,0,0,0,0,0,0,0,0,0,0,0,0,0,0,0,100,0,0,255097.30236816406,50023.760803222656,0,67221336064,8589930496,7419297792,354729984
200,1724133810184,999,900,1200,1200,1100,800,800,4521,875,880,800,800,1000,873,800,878,800,898,860,872,882,800,886,800,896,860,800,800,800,800,900,800,0,0,0,0,0,0,0,0,0,4.761904716491699,0,0,0,0,0,0,0,0,0,0,0,0,0,0,0,0,0,0,0,0,100,0,0,255108.76629638672,50033.502685546875,0,67221336064,8589930496,7525613568,354729984
200,1724133810384,999,900,1200,1200,1100,800,800,4521,875,880,800,800,1000,873,800,878,800,898,860,872,882,800,886,800,896,860,800,800,800,800,900,800,0,0,0,0,0,0,0,0,0,0,0,0,0,0,0,0,0,0,0,0,0,0,0,0,0,0,0,0,0,0,100,0,0,255120.10791015625,50043.12078857422,0,67221336064,8589930496,7624704000,354729984
200,1724133810584,999,900,1200,1200,1100,800,800,4521,875,880,800,800,1000,873,800,878,800,898,860,872,882,800,886,800,896,860,800,800,800,800,900,800,0,0,0,0,0,0,0,0,0,0,0,0,0,0,0,0,0,0,0,0,0,0,0,0,0,0,0,0,0,0,100,0,0,255131.29656982422,50052.595703125,0,67221336064,8589930496,7732051968,354729984
200,1724133810784,999,900,1200,1200,1100,800,800,4521,875,880,800,800,1000,873,800,878,800,898,860,872,882,800,886,800,896,860,800,800,800,800,900,800,0,0,0,0,0,0,0,0,0,0,0,0,0,0,0,0,0,0,0,0,0,0,0,0,0,0,0,0,0,0,100,0,0,255142.4769897461,50062.06042480469,0,67221336064,8589930496,7830626304,354729984
200,1724133810984,999,900,1200,1200,1100,800,800,4521,875,880,800,800,1000,873,800,878,800,898,860,872,882,800,886,800,896,860,800,800,800,800,900,800,0,0,0,4.761904716491699,0,0,0,0,0,0,0,0,0,0,0,0,0,0,0,0,0,0,0,0,0,0,0,0,0,0,100,0,0,255153.7930908203,50071.65203857422,0,67221336064,8589930496,7936684032,354729984
200,1724133811184,999,900,1200,1200,1100,800,800,4521,875,880,800,800,1000,873,800,878,800,898,860,872,882,800,886,800,896,860,800,800,800,800,900,800,0,0,0,0,0,0,0,0,0,0,0,0,0,0,0,0,0,0,0,0,0,0,0,0,0,0,0,0,0,0,100,0,0,255165.05529785156,50081.194274902344,0,67221336064,8589930496,8043773952,354729984
200,1724133811384,999,900,1200,1200,1100,800,800,4521,875,880,800,800,1000,873,800,878,800,898,860,872,882,800,886,800,896,860,800,800,800,800,900,800,0,0,0,0,0,0,0,0,0,0,0,0,0,0,0,0,0,0,0,0,0,0,0,0,0,0,0,0,0,0,100,0,0,255176.28302001953,50090.7001953125,0,67221336064,8589930496,8141316096,354729984
200,1724133811584,999,900,1200,1200,1100,800,800,4521,875,880,800,800,1000,873,800,878,800,898,860,872,882,800,886,800,896,860,800,800,800,800,900,800,0,0,0,0,0,0,0,0,0,0,0,0,0,0,0,0,0,0,0,0,0,0,0,0,0,0,0,0,0,0,100,0,0,255187.5542602539,50100.255615234375,0,67221336064,8589930496,8248664064,354729984
200,1724133811784,999,900,1200,1200,1100,800,800,4521,875,880,800,800,1000,873,800,878,800,898,860,872,882,800,886,800,896,860,800,800,800,800,900,800,0,0,0,0,0,0,0,0,0,0,0,0,0,0,0,0,0,0,0,0,0,0,0,0,0,0,0,0,0,0,100,0,0,255198.82818603516,50109.81335449219,0,67221336064,8589930496,8348270592,354729984
200,1724133811985,999,900,1200,1200,1100,800,800,4521,875,880,800,800,1000,873,800,878,800,898,860,872,882,800,886,800,896,860,800,800,800,800,900,800,0,0,0,0,0,0,0,0,0,0,0,0,0,0,0,0,0,0,0,0,0,0,0,0,0,0,0,0,0,0,100,0,0,255210.0284423828,50119.30139160156,0,67221336064,8589930496,8454070272,354729984
200,1724133812185,999,900,1200,1200,1100,800,800,4521,875,880,800,800,1000,873,800,878,800,898,860,872,882,800,886,800,896,860,800,800,800,800,900,800,0,0,0,0,0,0,0,0,0,0,0,0,0,0,0,0,0,0,0,0,0,0,0,0,0,0,0,0,0,0,100,0,0,255221.30590820313,50128.85681152344,0,67221336064,8589930496,8559611904,354729984
200,1724133812385,999,900,1200,1200,1100,800,800,4521,875,880,800,800,1000,873,800,878,800,898,860,872,882,800,886,800,896,860,800,800,800,800,900,800,0,0,0,0,0,0,0,0,0,0,0,0,0,0,0,0,0,0,0,0,0,0,0,0,0,0,0,0,0,0,100,0,0,255232.4776611328,50138.32385253906,0,67221336064,8589930496,8659992576,354729984
200,1724133812585,999,900,1200,1200,1100,800,800,4521,875,880,800,800,1000,873,800,878,800,898,860,872,882,800,886,800,896,860,800,800,800,800,900,800,0,0,0,0,0,0,0,0,0,0,0,0,0,0,0,0,0,0,0,0,0,0,0,0,0,0,0,0,0,0,100,0,0,255243.77465820313,50147.90588378906,0,67221336064,8589930496,8765534208,354729984
200,1724133812785,999,900,1200,1200,1100,800,800,4521,875,880,800,800,1000,873,800,878,800,898,860,872,882,800,886,800,896,860,800,800,800,800,900,800,0,0,0,0,0,0,0,0,0,0,0,0,0,0,0,0,0,0,0,0,0,0,0,0,0,0,0,0,0,0,100,0,0,255255.1134033203,50157.529052734375,0,67221336064,8589930496,8867463168,354729984
200,1724133812985,999,900,1200,1200,1100,800,800,4521,875,880,800,800,1000,873,800,878,800,898,860,872,882,800,886,800,896,860,800,800,800,800,900,800,0,0,0,0,0,0,0,0,0,0,0,0,0,0,0,0,0,0,0,0,0,0,0,0,0,0,0,0,0,0,100,0,0,255266.3822631836,50167.07989501953,0,67221336064,8589930496,8972230656,354729984
200,1724133813185,999,900,1200,1200,1100,800,800,4521,875,880,800,800,1000,873,800,878,800,898,860,872,882,800,886,800,896,860,800,800,800,800,900,800,0,0,0,0,0,0,0,0,0,0,0,0,0,0,0,0,0,0,0,0,0,0,0,0,0,0,0,0,0,0,100,0,0,255277.6201171875,50176.611328125,0,67221336064,8589930496,9071063040,354729984
200,1724133813385,999,900,1200,1200,1100,800,800,4521,875,880,800,800,1000,873,800,878,800,898,860,872,882,800,886,800,896,860,800,800,800,800,900,800,0,0,0,0,0,0,0,0,0,0,0,0,0,0,0,0,0,0,0,0,0,0,0,0,0,0,0,0,0,0,100,0,0,255288.93603515625,50186.21008300781,0,67221336064,8589930496,9178411008,354729984
200,1724133813585,999,900,1200,1200,1100,800,800,4521,875,880,800,800,1000,873,800,878,800,898,860,872,882,800,886,800,896,860,800,800,800,800,900,800,0,0,0,0,0,0,0,0,0,0,0,0,0,0,0,0,0,0,0,0,0,0,0,0,0,0,0,0,0,0,100,0,0,255300.13745117188,50195.69873046875,0,67221336064,8589930496,9276469248,354729984
200,1724133813785,999,900,1200,1200,1100,800,800,4521,875,880,800,800,1000,873,800,878,800,898,860,872,882,800,886,800,896,860,800,800,800,800,900,800,0,0,0,0,0,0,0,0,0,0,0,0,0,0,0,0,0,0,0,0,0,0,0,0,0,0,0,0,0,0,100,0,0,255311.32440185547,50205.17449951172,0,67221336064,8589930496,9381752832,354729984
200,1724133813986,999,900,1200,1200,1100,800,800,4521,875,880,800,800,1000,873,800,878,800,898,860,872,882,800,886,800,896,860,800,800,800,800,900,800,0,0,0,0,0,0,0,0,0,0,0,0,0,0,0,0,0,0,0,0,0,0,0,0,0,0,0,0,0,0,100,0,0,255322.5785522461,50214.70947265625,0,67221336064,8589930496,9489100800,354729984
200,1724133814186,999,900,1200,1200,1100,800,800,4521,875,880,800,800,1000,873,800,878,800,898,860,872,882,800,886,800,896,860,800,800,800,800,900,800,0,0,0,0,0,0,0,0,0,0,0,0,0,0,0,0,0,0,0,0,0,0,0,0,0,0,0,0,0,0,100,0,0,255333.7875366211,50224.20397949219,0,67221336064,8589930496,9586642944,354729984
200,1724133814386,999,900,1200,1200,1100,800,800,4521,875,880,800,800,1000,873,800,878,800,898,860,872,882,800,886,800,896,860,800,800,800,800,900,800,0,0,0,0,0,0,0,0,0,0,0,0,0,0,0,0,0,0,0,0,0,0,0,0,0,0,0,0,0,0,100,0,0,255345.03106689453,50233.729553222656,0,67221336064,8589930496,9692958720,354729984
200,1724133814586,999,900,1200,1200,1100,800,800,4521,875,880,800,800,1000,873,800,878,800,898,860,872,882,800,886,800,896,860,800,800,800,800,900,800,0,0,0,0,0,0,0,0,0,0,0,0,0,0,0,0,0,0,0,0,0,0,0,0,0,0,0,0,0,0,100,0,0,255356.20935058594,50243.20068359375,0,67221336064,8589930496,9793855488,354729984
200,1724133814786,999,900,1200,1200,1100,800,800,4521,875,880,800,800,1000,873,800,878,800,898,860,872,882,800,886,800,896,860,800,800,800,800,900,800,0,0,0,0,0,0,0,0,0,0,0,0,0,0,0,0,0,0,0,0,0,0,0,0,0,0,0,0,0,0,100,0,0,255367.40167236328,50252.683349609375,0,67221336064,8589930496,9895526400,354729984
200,1724133814986,999,900,1200,1200,1100,800,800,4521,875,880,800,800,1000,873,800,878,800,898,860,872,882,800,886,800,896,860,800,800,800,800,900,800,0,0,0,0,0,0,0,0,0,0,0,0,0,0,0,0,0,0,0,0,0,0,0,0,0,0,0,0,0,0,100,0,0,255378.59509277344,50262.16564941406,0,67221336064,8589930496,10005970944,354729984
200,1724133815186,999,900,1200,1200,1100,800,800,4521,875,880,800,800,1000,873,800,878,800,898,860,872,882,800,886,800,896,860,800,800,800,800,900,800,0,0,0,0,0,0,0,0,0,0,0,0,0,0,0,0,0,0,0,0,0,0,0,0,0,0,0,0,0,0,100,0,0,255389.85913085938,50271.71228027344,0,67221336064,8589930496,10104029184,354729984
200,1724133815386,999,900,1200,1200,1100,800,800,4521,875,880,800,800,1000,873,800,878,800,898,860,872,882,800,886,800,896,860,800,800,800,800,900,800,0,0,0,0,0,0,0,0,0,0,0,0,0,0,0,0,0,0,0,0,0,0,0,0,0,0,0,0,0,0,100,0,0,255401.07275390625,50281.20831298828,0,67221336064,8589930496,10206732288,354729984
200,1724133815586,999,900,1200,1200,1100,800,800,4521,875,880,800,800,1000,873,800,878,800,898,860,872,882,800,886,800,896,860,800,800,800,800,900,800,0,0,0,0,0,0,0,0,0,0,0,0,0,0,0,0,0,0,0,0,0,0,0,0,0,0,0,0,0,0,100,0,0,255412.27703857422,50290.69775390625,0,67221336064,8589930496,10317176832,354729984
200,1724133815787,999,900,1200,1200,1100,800,800,4521,875,880,800,800,1000,873,800,878,800,898,860,872,882,800,886,800,896,860,800,800,800,800,900,800,0,0,0,0,0,0,0,0,0,0,0,0,0,0,0,0,0,0,0,0,0,0,0,0,0,0,0,0,0,0,100,0,0,255423.5209350586,50300.236755371094,0,67221336064,8589930496,10422976512,354729984
200,1724133815987,999,900,1200,1200,1100,800,800,4521,875,880,800,800,1000,873,800,878,800,898,860,872,882,800,886,800,896,860,800,800,800,800,900,800,0,0,0,0,0,0,0,0,0,0,0,0,0,0,0,0,0,0,0,0,0,0,0,0,0,0,0,0,0,0,100,0,0,255434.8719482422,50309.86767578125,0,67221336064,8589930496,10530066432,354729984
200,1724133816187,999,900,1200,1200,1100,800,800,4521,875,880,800,800,1000,873,800,878,800,898,860,872,882,800,886,800,896,860,800,800,800,800,900,800,0,0,0,0,0,0,0,0,0,0,0,0,0,0,0,0,0,0,0,0,0,0,0,0,0,0,0,0,0,0,100,0,0,255446.03076171875,50319.31921386719,0,67221336064,8589930496,10628124672,354729984
200,1724133816387,999,900,1200,1200,1100,800,800,4521,875,880,800,800,1000,873,800,878,800,898,860,872,882,800,886,800,896,860,800,800,800,800,900,800,0,0,0,0,0,0,0,0,0,0,0,0,0,0,0,0,0,0,0,0,0,0,0,0,0,0,0,0,0,0,100,0,0,255457.27056884766,50328.84216308594,0,67221336064,8589930496,10734182400,354729984
200,1724133816587,999,900,1200,1200,1100,800,800,4521,875,880,800,800,1000,873,800,878,800,898,860,872,882,800,886,800,896,860,800,800,800,800,900,800,0,0,0,0,0,0,0,0,0,0,0,0,0,0,0,0,0,0,0,0,0,0,0,0,0,0,0,0,0,0,100,0,0,255468.45294189453,50338.318420410156,0,67221336064,8589930496,10832756736,354729984
200,1724133816787,999,900,1200,1200,1100,800,800,4521,875,880,800,800,1000,873,800,878,800,898,860,872,882,800,886,800,896,860,800,800,800,800,900,800,0,0,0,0,0,0,0,0,0,0,0,0,0,0,0,0,0,0,0,0,0,0,0,0,0,0,0,0,0,0,100,0,0,255479.62060546875,50347.782287597656,0,67221336064,8589930496,10939072512,354729984
200,1724133816987,999,900,1200,1200,1100,800,800,4521,875,880,800,800,1000,873,800,878,800,898,860,872,882,800,886,800,896,860,800,800,800,800,900,800,0,0,0,0,0,0,0,0,0,0,0,0,0,0,0,0,0,0,0,0,0,0,0,0,0,0,0,0,0,0,100,0,0,255490.86401367188,50357.2890625,0,67221336064,8589930496,11045388288,354729984
200,1724133817187,999,900,1200,1200,1100,800,800,4521,875,880,800,800,1000,873,800,878,800,898,860,872,882,800,886,800,896,860,800,800,800,800,900,800,0,0,0,0,0,0,0,0,0,0,0,0,0,0,0,0,0,0,0,0,0,0,0,0,0,0,0,0,0,0,100,0,0,255502.22650146484,50366.980712890625,0,67221336064,8589930496,11149639680,354729984
200,1724133817387,999,900,1200,1200,1100,800,800,4521,875,880,800,800,1000,873,800,878,800,898,860,872,882,800,886,800,896,860,800,800,800,800,900,800,0,0,0,0,0,0,0,0,0,0,0,0,0,0,0,0,0,0,0,0,0,0,0,0,0,0,0,0,0,0,100,0,0,255513.49896240234,50376.54217529297,0,67221336064,8589930496,11248730112,354729984
200,1724133817587,999,900,1200,1200,1100,800,800,4521,875,880,800,800,1000,873,800,878,800,898,860,872,882,800,886,800,896,860,800,800,800,800,900,800,0,0,0,0,0,0,0,0,0,0,0,0,0,0,0,0,0,0,0,0,0,0,0,0,0,0,0,0,0,0,100,0,0,255524.69201660156,50386.02673339844,0,67221336064,8589930496,11355045888,354729984
200,1724133817788,999,900,1200,1200,1100,800,800,4521,875,880,800,800,1000,873,800,878,800,898,860,872,882,800,886,800,896,860,800,800,800,800,900,800,0,0,0,0,0,0,0,0,0,0,0,0,0,0,0,0,0,0,0,0,0,0,0,0,0,0,0,0,0,0,100,0,0,255536.07489013672,50395.63732910156,0,67221336064,8589930496,11459297280,354729984
200,1724133817988,999,900,1200,1200,1100,800,800,4521,875,880,800,800,1000,873,800,878,800,898,860,872,882,800,886,800,896,860,800,800,800,800,900,800,0,0,0,0,0,0,0,0,0,0,0,0,0,0,0,0,0,0,0,0,0,0,0,0,0,0,0,0,0,0,100,0,0,255547.2166748047,50405.12292480469,0,67221336064,8589930496,11557355520,354729984
200,1724133818188,999,900,1200,1200,1100,800,800,4521,875,880,800,800,1000,873,800,878,800,898,860,872,882,800,886,800,896,860,800,800,800,800,900,800,0,0,0,0,0,0,0,0,0,0,0,0,0,0,0,0,0,0,0,0,0,0,0,0,0,0,0,0,0,0,100,0,0,255558.44500732422,50414.636657714844,0,67221336064,8589930496,11664187392,354729984
200,1724133818388,999,900,1200,1200,1100,800,800,4521,875,880,800,800,1000,873,800,878,800,898,860,872,882,800,886,800,896,860,800,800,800,800,900,800,0,0,0,0,0,0,0,0,0,0,0,0,0,0,0,0,0,0,0,0,0,0,0,0,0,0,0,0,0,0,100,0,0,255569.66833496094,50424.147216796875,0,67221336064,8589930496,11763277824,354729984
200,1724133818588,999,900,1200,1200,1100,800,800,4521,875,880,800,800,1000,873,800,878,800,898,860,872,882,800,886,800,896,860,800,800,800,800,900,800,0,0,0,0,0,0,0,0,0,0,0,0,0,0,0,0,0,0,0,0,0,0,0,0,0,0,0,0,0,0,100,0,0,255580.8624267578,50433.62805175781,0,67221336064,8589930496,11868303360,354729984
200,1724133818788,999,900,1200,1200,1100,800,800,4521,875,880,800,800,1000,873,800,878,800,898,860,872,882,800,886,800,896,860,800,800,800,800,900,800,0,0,0,0,0,0,0,0,0,0,0,0,0,0,0,0,0,0,0,0,0,0,0,0,0,0,0,0,0,0,100,0,0,255592.0545654297,50443.1083984375,0,67221336064,8589930496,11973328896,354729984
200,1724133818988,999,900,1200,1200,1100,800,800,4521,875,880,800,800,1000,873,800,878,800,898,860,872,882,800,886,800,896,860,800,800,800,800,900,800,0,0,0,0,0,0,0,0,0,0,0,0,0,0,0,0,0,0,0,0,0,0,0,0,0,0,0,0,0,0,100,0,0,255603.29315185547,50452.63903808594,0,67221336064,8589930496,12072419328,354729984
200,1724133819188,999,900,1200,1200,1100,800,800,4521,875,880,800,800,1000,873,800,878,800,898,860,872,882,800,886,800,896,860,800,800,800,800,900,800,0,0,0,0,0,0,0,0,0,0,0,0,0,0,0,0,0,0,0,0,0,0,0,0,0,0,0,0,0,0,100,0,0,255614.50946044922,50462.13537597656,0,67221336064,8589930496,12177702912,354729984
200,1724133819388,999,900,1200,1200,1100,800,800,4521,875,880,800,800,1000,873,800,878,800,898,860,872,882,800,886,800,896,860,800,800,800,800,900,800,0,0,0,0,0,0,0,0,0,0,0,0,0,0,0,0,0,0,0,0,0,0,0,0,0,0,0,0,0,0,100,0,0,255625.68676757813,50471.59680175781,0,67221336064,8589930496,12285050880,354729984
200,1724133819589,999,900,1200,1200,1100,800,800,4521,875,880,800,800,1000,873,800,878,800,898,860,872,882,800,886,800,896,860,800,800,800,800,900,800,0,0,0,0,0,0,0,0,0,0,0,0,0,0,0,0,0,0,0,0,0,0,0,0,0,0,0,0,0,0,100,0,0,255636.93682861328,50481.12414550781,0,67221336064,8589930496,12384141312,354729984
200,1724133819789,999,900,1200,1200,1100,800,800,4521,875,880,800,800,1000,873,800,878,800,898,860,872,882,800,886,800,896,860,800,800,800,800,900,800,0,0,0,0,0,0,0,0,0,0,0,0,0,0,0,0,0,0,0,0,0,0,0,0,0,0,0,0,0,0,100,0,0,255648.1407470703,50490.61541748047,0,67221336064,8589930496,12491489280,354729984
200,1724133819989,999,900,1200,1200,1100,800,800,4521,875,880,800,800,1000,873,800,878,800,898,860,872,882,800,886,800,896,860,800,800,800,800,900,800,0,0,0,0,0,0,0,0,0,0,0,0,0,0,0,0,0,0,0,0,0,0,0,0,0,0,0,0,0,0,100,0,0,255659.36669921875,50500.126220703125,0,67221336064,8589930496,12590579712,354729984
200,1724133820189,999,900,1200,1200,1100,800,800,4521,875,880,800,800,1000,873,800,878,800,898,860,872,882,800,886,800,896,860,800,800,800,800,900,800,0,0,0,0,0,0,0,0,0,0,0,0,0,0,0,0,0,0,0,0,0,0,0,0,0,0,0,0,0,0,100,0,0,255670.56860351563,50509.613830566406,0,67221336064,8589930496,12696379392,354729984
200,1724133820389,999,900,1200,1200,1100,800,800,4521,875,880,800,800,1000,873,800,878,800,898,860,872,882,800,886,800,896,860,800,800,800,800,900,800,0,0,0,0,0,0,0,0,0,0,0,0,0,0,0,0,0,0,0,0,0,0,0,0,0,0,0,0,0,0,100,0,0,255681.78021240234,50519.110778808594,0,67221336064,8589930496,12793405440,354729984
200,1724133820589,999,900,1200,1200,1100,800,800,4521,875,880,800,800,1000,873,800,878,800,898,860,872,882,800,886,800,896,860,800,800,800,800,900,800,0,0,0,0,0,0,0,0,0,0,0,0,0,0,0,0,0,0,0,0,0,0,0,0,0,0,0,0,0,0,100,0,0,255693.0772705078,50528.69250488281,0,67221336064,8589930496,12900753408,354729984
200,1724133820789,999,900,1200,1200,1100,800,800,4521,875,880,800,800,1000,873,800,878,800,898,860,872,882,800,886,800,896,860,800,800,800,800,900,800,0,0,0,0,0,0,0,0,0,0,0,0,0,0,0,0,0,0,0,0,0,0,0,0,0,0,0,0,0,0,100,0,0,255704.2924194336,50538.190979003906,0,67221336064,8589930496,12999585792,354729984
200,1724133820989,999,900,1200,1200,1100,800,800,4521,875,880,800,800,1000,873,800,878,800,898,860,872,882,800,886,800,896,860,800,800,800,800,900,800,0,0,0,0,0,0,0,0,0,0,0,0,0,0,0,0,0,0,0,0,0,0,0,0,0,0,0,0,0,0,100,0,0,255715.59771728516,50547.772216796875,0,67221336064,8589930496,13104611328,354729984
200,1724133821189,999,900,1200,1200,1100,800,800,4521,875,880,800,800,1000,873,800,878,800,898,860,872,882,800,886,800,896,860,800,800,800,800,900,800,0,0,0,0,0,0,0,0,0,0,0,0,0,0,0,0,0,0,0,0,0,0,0,0,0,0,0,0,0,0,100,0,0,255726.8311767578,50557.29016113281,0,67221336064,8589930496,13211701248,354729984
200,1724133821390,999,900,1200,1200,1100,800,800,4521,875,880,800,800,1000,873,800,878,800,898,860,872,882,800,886,800,896,860,800,800,800,800,900,800,0,0,0,0,0,0,0,0,0,0,0,0,0,0,0,0,0,0,0,0,0,0,0,0,0,0,0,0,0,0,100,0,0,255738.02081298828,50566.76574707031,0,67221336064,8589930496,13309501440,354729984
200,1724133821590,999,900,1200,1200,1100,800,800,4521,875,880,800,800,1000,873,800,878,800,898,860,872,882,800,886,800,896,860,800,800,800,800,900,800,0,0,0,0,0,0,0,0,0,0,0,0,0,0,0,0,0,0,0,0,0,0,0,0,0,0,0,0,0,0,100,0,0,255749.21673583984,50576.244201660156,0,67221336064,8589930496,13416849408,354729984
200,1724133821790,999,900,1200,1200,1100,800,800,4521,875,880,800,800,1000,873,800,878,800,898,860,872,882,800,886,800,896,860,800,800,800,800,900,800,0,0,0,0,0,0,0,0,0,0,0,0,0,0,0,0,0,0,0,0,0,0,0,0,0,0,0,0,0,0,100,0,0,255760.4139404297,50585.72766113281,0,67221336064,8589930496,13514907648,354729984
200,1724133821990,999,900,1200,1200,1100,800,800,4521,875,880,800,800,1000,873,800,878,800,898,860,872,882,800,886,800,896,860,800,800,800,800,900,800,0,0,0,0,0,0,0,0,0,0,0,0,0,0,0,4.761904716491699,0,0,0,0,0,0,0,0,0,0,0,0,0,0,100,0,0,255771.830078125,50595.423889160156,0,67221336064,8589930496,13621739520,354729984
200,1724133822190,999,900,1200,1200,1100,800,800,4521,875,880,800,800,1000,873,800,878,800,898,860,872,882,800,886,800,896,860,800,800,800,800,900,800,0,0,0,0,0,0,0,0,0,0,0,0,0,0,0,0,0,0,0,0,0,0,0,0,0,0,0,0,0,0,100,0,0,255783.01947021484,50604.90008544922,0,67221336064,8589930496,13728055296,354729984
200,1724133822390,999,900,1200,1200,1100,800,800,4521,875,880,800,800,1000,873,800,878,800,898,860,872,882,800,886,800,896,860,800,800,800,800,900,800,0,0,0,0,0,0,0,0,0,0,0,0,0,0,0,0,0,0,0,0,0,0,0,0,0,0,0,0,0,0,100,0,0,255794.2080078125,50614.37707519531,0,67221336064,8589930496,13826113536,354729984
200,1724133822590,999,900,1200,1200,1100,800,800,4521,875,880,800,800,1000,873,800,878,800,898,860,872,882,800,886,800,896,860,800,800,800,800,900,800,0,0,0,0,0,0,0,0,0,0,0,0,0,0,0,0,0,0,0,0,0,0,0,0,0,0,0,0,0,0,100,0,0,255805.43719482422,50623.88739013672,0,67221336064,8589930496,13933461504,354729984
200,1724133822790,999,900,1200,1200,1100,800,800,4521,875,880,800,800,1000,873,800,878,800,898,860,872,882,800,886,800,896,860,800,800,800,800,900,800,0,0,0,0,0,0,0,0,0,0,0,0,0,0,0,0,0,0,0,0,0,0,0,0,0,0,0,0,0,0,100,0,0,255816.69732666016,50633.428283691406,0,67221336064,8589930496,14032551936,354729984
200,1724133822990,999,900,1200,1200,1100,800,800,4521,875,880,800,800,1000,873,800,878,800,898,860,872,882,800,886,800,896,860,800,800,800,800,900,800,0,0,0,0,0,0,0,0,0,0,0,0,0,0,0,0,0,0,0,0,0,0,0,0,0,0,0,0,0,0,100,0,0,255827.96337890625,50642.98114013672,0,67221336064,8589930496,14139383808,354729984
200,1724133823190,999,900,1200,1200,1100,800,800,4521,875,880,800,800,1000,873,800,878,800,898,860,872,882,800,886,800,896,860,800,800,800,800,900,800,0,0,0,0,0,0,0,0,0,0,0,0,0,0,0,0,0,0,0,0,0,0,0,0,0,0,0,0,0,0,100,0,0,255839.16021728516,50652.46862792969,0,67221336064,8589930496,14244667392,354729984
200,1724133823391,999,900,1200,1200,1100,800,800,4521,875,880,800,800,1000,873,800,878,800,898,860,872,882,800,886,800,896,860,800,800,800,800,900,800,0,0,0,0,0,0,0,0,0,0,0,0,0,0,0,0,0,0,0,0,0,0,0,0,0,0,0,0,0,0,100,0,0,255850.36785888672,50661.96563720703,0,67221336064,8589930496,14343757824,354729984
200,1724133823591,999,900,1200,1200,1100,800,800,4521,875,880,800,800,1000,873,800,878,800,898,860,872,882,800,886,800,896,860,800,800,800,800,900,800,0,0,0,0,0,0,0,0,0,0,0,0,0,0,0,0,0,0,0,0,0,0,0,0,0,0,4.761904716491699,0,0,0,100,0,0,255861.71942138672,50671.597900390625,0,67221336064,8589930496,14450847744,354729984
200,1724133823791,999,900,1200,1200,1100,800,800,4521,875,880,800,800,1000,873,800,878,800,898,860,872,882,800,886,800,896,860,800,800,800,800,900,800,0,0,0,0,0,0,0,0,0,0,0,0,0,0,0,0,0,0,0,0,0,0,0,0,0,0,0,0,0,0,100,0,0,255872.91961669922,50681.088134765625,0,67221336064,8589930496,14558195712,354729984
200,1724133823991,999,900,1200,1200,1100,800,800,4521,875,880,800,800,1000,873,800,878,800,898,860,872,882,800,886,800,896,860,800,800,800,800,900,800,0,0,0,0,0,0,0,0,0,0,0,0,0,0,0,0,0,0,0,0,0,0,0,0,0,0,0,0,0,0,100,0,0,255884.2935180664,50690.75146484375,0,67221336064,8589930496,14664253440,354729984
200,1724133824191,999,900,1200,1200,1100,800,800,4521,875,880,800,800,1000,873,800,878,800,898,860,872,882,800,886,800,896,860,800,800,800,800,900,800,0,0,0,0,0,0,0,0,0,0,0,0,0,0,0,0,0,0,0,0,0,0,0,0,0,0,0,0,0,0,100,0,0,255895.5653076172,50700.316650390625,0,67221336064,8589930496,14761279488,354729984
200,1724133824391,999,900,1200,1200,1100,800,800,4521,875,880,800,800,1000,873,800,878,800,898,860,872,882,800,886,800,896,860,800,800,800,800,900,800,0,0,0,0,0,0,0,0,0,0,0,0,0,0,0,0,0,0,0,0,0,0,0,0,0,0,0,0,0,0,100,0,0,255906.77642822266,50709.81787109375,0,67221336064,8589930496,14868627456,354729984
200,1724133824591,999,900,1200,1200,1100,800,800,4521,875,880,800,800,1000,873,800,878,800,898,860,872,882,800,886,800,896,860,800,800,800,800,900,800,0,0,0,0,0,0,0,0,0,0,0,0,0,0,0,0,0,0,0,0,0,0,0,0,0,0,0,0,0,0,100,0,0,255917.9189453125,50719.25793457031,0,67221336064,8589930496,14967717888,354729984
200,1724133824791,999,900,1200,1200,1100,800,800,4521,875,880,800,800,1000,873,800,878,800,898,860,872,882,800,886,800,896,860,800,800,800,800,900,800,0,0,0,0,0,0,0,0,0,0,0,0,0,0,0,0,0,0,0,0,0,0,0,0,0,0,0,0,0,0,100,0,0,255929.27923583984,50728.90295410156,0,67221336064,8589930496,15072485376,354729984
200,1724133824991,999,900,1200,1200,1100,800,800,4521,875,880,800,800,1000,873,800,878,800,898,860,872,882,800,886,800,896,860,800,800,800,800,900,800,0,0,0,0,0,0,0,0,0,0,0,0,0,0,0,0,0,0,0,0,0,0,0,0,0,0,0,0,0,0,100,0,0,255940.71520996094,50738.6259765625,0,67221336064,8589930496,15178801152,354729984
200,1724133825191,999,900,1200,1200,1100,800,800,4521,875,880,800,800,1000,873,800,878,800,898,860,872,882,800,886,800,896,860,800,800,800,800,900,800,0,0,0,0,0,0,0,0,0,0,0,0,0,0,0,0,0,0,0,0,0,0,0,0,0,0,0,0,0,0,100,0,0,255951.8705444336,50748.07586669922,0,67221336064,8589930496,15277891584,354729984
200,1724133825392,999,900,1200,1200,1100,800,800,4521,875,880,800,800,1000,873,800,878,800,898,860,872,882,800,886,800,896,860,800,800,800,800,900,800,0,0,0,0,0,0,0,0,0,0,0,0,0,0,0,0,0,0,0,0,0,0,0,0,0,0,0,0,0,0,100,0,0,255963.11267089844,50757.61340332031,0,67221336064,8589930496,15384723456,354729984
200,1724133825592,999,900,1200,1200,1100,800,800,4521,875,880,800,800,1000,873,800,878,800,898,860,872,882,800,886,800,896,860,800,800,800,800,900,800,0,0,0,0,0,0,0,0,0,0,0,0,0,0,0,0,0,0,0,0,0,0,0,0,0,0,0,0,0,0,100,0,0,255974.32440185547,50767.11145019531,0,67221336064,8589930496,15483813888,354729984
200,1724133825792,999,900,1200,1200,1100,800,800,4521,875,880,800,800,1000,873,800,878,800,898,860,872,882,800,886,800,896,860,800,800,800,800,900,800,0,0,0,0,0,0,0,0,0,0,0,0,0,0,0,0,0,0,0,0,0,0,0,0,0,0,0,0,0,0,100,0,0,255985.50579833984,50776.58660888672,0,67221336064,8589930496,15590129664,354729984
200,1724133825992,999,900,1200,1200,1100,800,800,4521,875,880,800,800,1000,873,800,878,800,898,860,872,882,800,886,800,896,860,800,800,800,800,900,800,0,0,0,0,0,0,0,0,0,0,0,0,0,0,0,0,0,0,0,0,0,0,0,0,0,0,0,0,0,0,100,0,0,255996.77154541016,50786.062927246094,0,67221336064,8589930496,15695413248,354729984
200,1724133826192,999,900,1200,1200,1100,800,800,4521,875,880,800,800,1000,873,800,878,800,898,860,872,882,800,886,800,896,860,800,800,800,800,900,800,0,0,0,0,0,0,0,0,0,0,0,0,0,0,0,0,0,0,0,0,0,0,0,0,0,0,0,0,0,0,100,0,0,256007.96514892578,50795.6220703125,0,67221336064,8589930496,15793471488,354729984
200,1724133826392,999,900,1200,1200,1100,800,800,4521,875,880,800,800,1000,873,800,878,800,898,860,872,882,800,886,800,896,860,800,800,800,800,900,800,0,0,0,0,0,0,0,0,0,0,0,0,0,0,0,0,0,0,0,0,0,0,0,0,0,0,0,0,0,0,100,0,0,256019.1900024414,50805.13427734375,0,67221336064,8589930496,15900303360,354729984
200,1724133826592,999,900,1200,1200,1100,800,800,4521,875,880,800,800,1000,873,800,878,800,898,860,872,882,800,886,800,896,860,800,800,800,800,900,800,0,0,0,0,0,0,0,0,0,0,0,0,0,0,0,0,0,0,0,0,0,0,0,0,0,0,4.761904716491699,0,0,0,100,0,0,256030.44409179688,50814.685302734375,0,67221336064,8589930496,15999393792,354729984
200,1724133826792,999,900,1200,1200,1100,800,800,4521,875,880,800,800,1000,873,800,878,800,898,860,872,882,800,886,800,896,860,800,800,800,800,900,800,0,0,0,0,0,0,0,0,0,0,0,0,0,0,0,0,0,0,0,0,0,0,0,0,0,0,0,0,0,0,100,0,0,256041.7322998047,50824.263732910156,0,67221336064,8589930496,16105193472,354729984
200,1724133826992,999,900,1200,1200,1100,800,800,4521,875,880,800,800,1000,873,800,878,800,898,860,872,882,800,886,800,896,860,800,800,800,800,900,800,0,0,0,0,0,0,0,0,0,0,0,0,0,0,0,0,0,0,0,0,0,0,0,0,0,0,0,0,0,0,100,0,0,256052.90295410156,50833.726318359375,0,67221336064,8589930496,16206864384,354729984
200,1724133827192,999,900,1200,1200,1100,800,800,4521,875,880,800,800,1000,873,800,878,800,898,860,872,882,800,886,800,896,860,800,800,800,800,900,800,0,0,0,0,0,0,0,0,0,0,0,0,0,0,0,0,0,0,0,0,0,0,0,0,0,0,0,0,0,0,100,0,0,256064.19268798828,50843.302001953125,0,67221336064,8589930496,16308793344,354729984
200,1724133827393,999,900,1200,1200,1100,800,800,4521,875,880,800,800,1000,873,800,878,800,898,860,872,882,800,886,800,896,860,800,800,800,800,900,800,0,0,0,0,0,0,0,0,0,0,0,0,0,0,0,0,0,0,0,0,0,0,0,0,0,0,0,0,0,0,100,0,0,256075.33367919922,50852.740966796875,0,67221336064,8589930496,16415109120,354729984
200,1724133827593,999,900,1200,1200,1100,800,800,4521,875,880,800,800,1000,873,800,878,800,898,860,872,882,800,886,800,896,860,800,800,800,800,900,800,0,0,0,0,0,0,0,0,0,0,0,0,0,0,0,0,0,0,0,0,0,0,0,0,0,0,0,0,0,0,100,0,0,256086.5303955078,50862.22863769531,0,67221336064,8589930496,16521166848,354729984
200,1724133827793,999,900,1200,1200,1100,800,800,4521,875,880,800,800,1000,873,800,878,800,898,860,872,882,800,886,800,896,860,800,800,800,800,900,800,0,0,0,0,0,0,0,0,0,0,0,0,0,0,0,0,0,0,0,0,0,0,0,0,0,0,0,0,0,0,100,0,0,256097.6752319336,50871.671630859375,0,67221336064,8589930496,16619225088,354729984
200,1724133827993,999,900,1200,1200,1100,800,800,4521,875,880,800,800,1000,873,800,878,800,898,860,872,882,800,886,800,896,860,800,800,800,800,900,800,0,0,0,0,0,0,0,0,0,0,0,0,0,0,0,0,0,0,0,0,0,0,0,0,0,0,0,0,0,0,100,0,0,256108.94403076172,50881.21746826172,0,67221336064,8589930496,16726573056,354729984
200,1724133828193,999,900,1200,1200,1100,800,800,4521,875,880,800,800,1000,873,800,878,800,898,860,872,882,800,886,800,896,860,800,800,800,800,900,800,0,0,0,0,0,0,0,0,0,0,0,0,0,0,0,0,0,0,0,0,0,0,0,0,0,0,0,0,0,0,100,0,0,256120.13507080078,50890.69677734375,0,67221336064,8589930496,16824631296,354729984
200,1724133828393,999,900,1200,1200,1100,800,800,4521,875,880,800,800,1000,873,800,878,800,898,860,872,882,800,886,800,896,860,800,800,800,800,900,800,0,0,4.761904716491699,0,0,0,0,0,0,0,0,0,0,0,0,0,0,0,0,0,0,0,0,0,0,0,0,0,0,0,100,0,0,256131.4833984375,50900.331481933594,0,67221336064,8589930496,16931979264,354729984
200,1724133828593,999,900,1200,1200,1100,800,800,4521,875,880,800,800,1000,873,800,878,800,898,860,872,882,800,886,800,896,860,800,800,800,800,900,800,0,0,0,0,0,0,0,0,0,0,0,0,0,0,0,0,0,0,0,0,0,0,0,0,0,0,0,0,0,0,100,0,0,256142.74639892578,50909.883728027344,0,67221336064,8589930496,17038295040,354729984
200,1724133828793,999,900,1200,1200,1100,800,800,4521,875,880,800,800,1000,873,800,878,800,898,860,872,882,800,886,800,896,860,800,800,800,800,900,800,0,0,0,0,0,0,0,0,0,0,0,0,0,0,0,0,0,0,0,0,0,0,0,0,0,0,0,0,0,0,100,0,0,256154.03985595703,50919.45959472656,0,67221336064,8589930496,17137385472,354729984
200,1724133828993,999,900,1200,1200,1100,800,800,4521,875,880,800,800,1000,873,800,878,800,898,860,872,882,800,886,800,896,860,800,800,800,800,900,800,0,0,0,0,0,0,0,0,0,0,0,0,0,0,0,0,0,0,0,0,0,0,0,0,0,0,0,0,0,0,100,0,0,256165.32104492188,50929.027404785156,0,67221336064,8589930496,17244733440,354729984
200,1724133829194,999,900,1200,1200,1100,800,800,4521,875,880,800,800,1000,873,800,878,800,898,860,872,882,800,886,800,896,860,800,800,800,800,900,800,0,0,0,0,0,0,0,0,0,0,0,0,0,0,0,0,0,0,0,0,0,0,0,0,0,0,0,0,0,0,100,0,0,256176.59594726563,50938.596130371094,0,67221336064,8589930496,17342791680,354729984
200,1724133829394,999,900,1200,1200,1100,800,800,4521,875,880,800,800,1000,873,800,878,800,898,860,872,882,800,886,800,896,860,800,800,800,800,900,800,0,0,0,0,0,0,0,0,0,0,0,0,0,0,0,0,0,0,0,0,0,0,0,0,0,0,0,0,0,0,100,0,0,256187.79278564453,50948.07940673828,0,67221336064,8589930496,17444978688,354729984
200,1724133829594,999,900,1200,1200,1100,800,800,4521,875,880,800,800,1000,873,800,878,800,898,860,872,882,800,886,800,896,860,800,800,800,800,900,800,0,0,0,0,0,0,0,0,0,0,0,0,0,0,0,0,0,0,0,0,0,0,0,0,0,0,0,0,0,0,100,0,0,256198.9610595703,50957.53790283203,0,67221336064,8589930496,17548197888,354729984
200,1724133829794,999,900,1200,1200,1100,800,800,4521,875,880,800,800,1000,873,800,878,800,898,860,872,882,800,886,800,896,860,800,800,800,800,900,800,0,0,0,0,0,0,0,0,0,0,0,0,0,0,0,0,0,0,0,0,0,0,0,0,0,0,0,0,0,0,100,0,0,256210.2182006836,50967.029235839844,0,67221336064,8589930496,17653481472,354729984
200,1724133829994,999,900,1200,1200,1100,800,800,4521,875,880,800,800,1000,873,800,878,800,898,860,872,882,800,886,800,896,860,800,800,800,800,900,800,0,0,0,0,0,0,0,0,0,0,0,0,0,0,0,0,0,0,0,0,0,0,0,0,0,0,0,0,0,0,100,0,0,256221.4071044922,50976.551513671875,0,67221336064,8589930496,17760829440,354729984
200,1724133830194,999,900,1200,1200,1100,800,800,4521,875,880,800,800,1000,873,800,878,800,898,860,872,882,800,886,800,896,860,800,800,800,800,900,800,0,0,0,0,0,0,0,0,0,0,0,0,0,0,0,0,0,0,0,0,0,0,0,0,0,0,0,0,0,0,100,0,0,256232.63159179688,50986.058349609375,0,67221336064,8589930496,17859919872,354729984
200,1724133830394,999,900,1200,1200,1100,800,800,4521,875,880,800,800,1000,873,800,878,800,898,860,872,882,800,886,800,896,860,800,800,800,800,900,800,0,0,0,0,0,0,0,0,0,0,0,0,0,0,0,0,0,0,0,0,0,0,0,0,0,0,0,0,0,0,100,0,0,256243.8416748047,50995.556701660156,0,67221336064,8589930496,17967267840,354729984
200,1724133830594,999,900,1200,1200,1100,800,800,4521,875,880,800,800,1000,873,800,878,800,898,860,872,882,800,886,800,896,860,800,800,800,800,900,800,0,0,0,0,0,0,0,0,0,0,0,0,0,0,0,0,0,0,0,0,0,0,0,0,0,0,0,0,0,0,100,0,0,256255.1859741211,51005.182861328125,0,67221336064,8589930496,18064809984,354729984
200,1724133830794,999,900,1200,1200,1100,800,800,4521,875,880,800,800,1000,873,800,878,800,898,860,872,882,800,886,800,896,860,800,800,800,800,900,800,0,0,0,0,0,0,0,0,0,0,0,0,0,0,0,0,0,0,0,0,0,0,0,0,0,0,0,0,0,0,100,0,0,256266.4581298828,51014.736328125,0,67221336064,8589930496,18171899904,354729984
200,1724133830994,999,900,1200,1200,1100,800,800,4521,875,880,800,800,1000,873,800,878,800,898,860,872,882,800,886,800,896,860,800,800,800,800,900,800,0,0,0,0,0,0,0,0,0,0,0,0,0,0,0,0,0,0,0,0,0,0,0,0,0,0,0,0,0,0,100,0,0,256277.70404052734,51024.26477050781,0,67221336064,8589930496,18269958144,354729984
200,1724133831195,999,900,1200,1200,1100,800,800,4521,875,880,800,800,1000,873,800,878,800,898,860,872,882,800,886,800,896,860,800,800,800,800,900,800,0,0,0,0,0,0,0,0,0,0,0,0,0,0,0,0,0,0,0,0,0,0,0,0,0,0,0,0,0,0,100,0,0,256288.89324951172,51033.74298095703,0,67221336064,8589930496,18374725632,354729984
200,1724133831395,999,900,1200,1200,1100,800,800,4521,875,880,800,800,1000,873,800,878,800,898,860,872,882,800,886,800,896,860,800,800,800,800,900,800,0,0,0,0,0,0,0,0,0,0,0,0,0,0,0,0,0,0,0,0,0,0,0,0,0,0,0,0,0,0,100,0,0,256300.0438232422,51043.18768310547,0,67221336064,8589930496,18482073600,354729984
200,1724133831595,999,900,1200,1200,1100,800,800,4521,875,880,800,800,1000,873,800,878,800,898,860,872,882,800,886,800,896,860,800,800,800,800,900,800,0,0,0,0,0,0,0,0,0,0,0,0,0,0,0,0,0,0,0,0,0,0,0,0,0,0,0,0,0,0,100,0,0,256311.2342529297,51052.67150878906,0,67221336064,8589930496,18580131840,354729984
200,1724133831795,999,900,1200,1200,1100,800,800,4521,875,880,800,800,1000,873,800,878,800,898,860,872,882,800,886,800,896,860,800,800,800,800,900,800,0,0,0,0,0,0,0,0,0,0,0,0,0,0,0,0,0,0,0,0,0,0,0,0,0,0,0,0,0,0,100,0,0,256322.5216064453,51062.18084716797,0,67221336064,8589930496,18695221248,354729984
200,1724133831995,999,900,1200,1200,1100,800,800,4521,875,880,800,800,1000,873,800,878,800,898,860,872,882,800,886,800,896,860,800,800,800,800,900,800,0,0,0,0,0,0,0,0,0,0,0,0,0,0,0,0,0,0,0,0,0,0,0,0,0,0,0,0,0,0,100,0,0,256333.6688232422,51071.68341064453,0,67221336064,8589930496,18794311680,354729984
200,1724133832195,999,900,1200,1200,1100,800,800,4521,875,880,800,800,1000,873,800,878,800,898,860,872,882,800,886,800,896,860,800,800,800,800,900,800,0,0,0,0,0,0,0,0,0,0,0,0,0,0,0,0,0,0,0,0,0,0,0,0,0,0,0,0,0,0,100,0,0,256345.0711669922,51081.361267089844,0,67221336064,8589930496,18900627456,354729984
200,1724133832395,999,900,1200,1200,1100,800,800,4521,875,880,800,800,1000,873,800,878,800,898,860,872,882,800,886,800,896,860,800,800,800,800,900,800,0,0,0,0,0,0,0,0,0,0,0,0,0,0,0,0,0,0,0,0,0,0,0,0,0,0,0,0,0,0,100,0,0,256356.28106689453,51090.85363769531,0,67221336064,8589930496,19006427136,354729984
200,1724133832595,999,900,1200,1200,1100,800,800,4521,875,880,800,800,1000,873,800,878,800,898,860,872,882,800,886,800,896,860,800,800,800,800,900,800,0,0,0,0,0,0,0,0,0,0,0,0,0,0,0,0,0,0,0,0,0,0,0,0,0,0,0,0,0,0,100,0,0,256367.51611328125,51100.382873535156,0,67221336064,8589930496,19105517568,354729984
200,1724133832795,999,900,1200,1200,1100,800,800,4521,875,880,800,800,1000,873,800,878,800,898,860,872,882,800,886,800,896,860,800,800,800,800,900,800,0,0,0,0,0,0,0,0,0,0,0,0,0,0,0,0,0,0,0,0,0,0,0,0,0,0,0,0,0,0,100,0,0,256378.81414794922,51109.96856689453,0,67221336064,8589930496,19212865536,354729984
200,1724133832995,999,900,1200,1200,1100,800,800,4521,875,880,800,800,1000,873,800,878,800,898,860,872,882,800,886,800,896,860,800,800,800,800,900,800,0,0,0,0,0,0,0,0,0,0,0,0,0,0,0,0,0,0,0,0,0,0,0,0,0,0,0,0,0,0,100,0,0,256390.09985351563,51119.53662109375,0,67221336064,8589930496,19310923776,354729984
200,1724133833196,999,900,1200,1200,1100,800,800,4521,875,880,800,800,1000,873,800,878,800,898,860,872,882,800,886,800,896,860,800,800,800,800,900,800,0,0,0,0,0,0,0,0,0,0,0,0,0,0,0,0,0,0,0,0,0,0,0,0,0,0,0,0,0,0,100,0,0,256401.31298828125,51129.03369140625,0,67221336064,8589930496,19418271744,354729984
200,1724133833396,999,900,1200,1200,1100,800,800,4521,875,880,800,800,1000,873,800,878,800,898,860,872,882,800,886,800,896,860,800,800,800,800,900,800,0,0,0,0,0,0,0,0,0,0,0,0,0,0,0,0,0,0,0,0,0,0,0,0,0,0,0,0,0,0,100,0,0,256412.5209350586,51138.52404785156,0,67221336064,8589930496,19522523136,354729984
200,1724133833596,999,900,1200,1200,1100,800,800,4521,875,880,800,800,1000,873,800,878,800,898,860,872,882,800,886,800,896,860,800,800,800,800,900,800,0,0,0,0,0,0,0,0,0,0,0,0,0,0,0,0,0,0,0,0,0,0,0,0,0,0,0,0,0,0,100,0,0,256423.74389648438,51148.035705566406,0,67221336064,8589930496,19621613568,354729984
200,1724133833796,999,900,1200,1200,1100,800,800,4521,875,880,800,800,1000,873,800,878,800,898,860,872,882,800,886,800,896,860,800,800,800,800,900,800,0,0,0,0,0,0,0,0,0,0,0,0,0,0,0,0,0,0,0,0,0,0,0,0,0,0,0,0,0,0,100,0,0,256435.07232666016,51157.65185546875,0,67221336064,8589930496,19727929344,354729984
200,1724133833996,999,900,1200,1200,1100,800,800,4521,875,880,800,800,1000,873,800,878,800,898,860,872,882,800,886,800,896,860,800,800,800,800,900,800,0,0,0,0,0,0,0,0,0,0,0,0,0,0,0,0,0,0,0,0,0,0,0,0,0,0,0,0,0,0,100,0,0,256446.3348388672,51167.19219970703,0,67221336064,8589930496,19826991104,354729984
200,1724133834196,999,900,1200,1200,1100,800,800,4521,875,880,800,800,1000,873,800,878,800,898,860,872,882,800,886,800,896,860,800,800,800,800,900,800,0,0,0,0,0,0,0,0,0,0,0,0,0,0,0,0,0,0,0,0,0,0,0,0,0,0,0,0,0,0,100,0,0,256457.57360839844,51176.638244628906,0,67221336064,8589930496,19932790784,354729984
200,1724133834396,999,900,1200,1200,1100,800,800,4521,875,880,800,800,1000,873,800,878,800,898,860,872,882,800,886,800,896,860,800,800,800,800,900,800,0,0,0,0,0,0,0,0,0,0,0,0,0,0,0,0,0,0,0,0,0,0,0,0,0,0,0,0,0,0,100,0,0,256468.75549316406,51186.185302734375,0,67221336064,8589930496,20031881216,354729984
200,1724133834596,999,900,1200,1200,1100,800,800,4521,875,880,800,800,1000,873,800,878,800,898,860,872,882,800,886,800,896,860,800,800,800,800,900,800,0,0,0,0,0,0,0,0,0,0,0,0,0,0,0,0,0,0,0,0,0,0,0,0,0,0,0,0,0,0,100,0,0,256480.0048828125,51195.728576660156,0,67221336064,8589930496,20138713088,354729984
200,1724133834796,999,900,1200,1200,1100,800,800,4521,875,880,800,800,1000,873,800,878,800,898,860,872,882,800,886,800,896,860,800,800,800,800,900,800,0,0,0,0,0,0,0,0,0,0,0,0,0,0,0,0,0,0,0,0,0,0,0,0,0,0,0,0,0,0,100,0,0,256491.2998046875,51205.322265625,0,67221336064,8589930496,20245286912,354729984
200,1724133834996,999,900,1200,1200,1100,800,800,4521,875,880,800,800,1000,873,800,878,800,898,860,872,882,800,886,800,896,860,800,800,800,800,900,800,0,0,0,0,0,0,0,0,0,0,0,0,0,0,0,0,0,0,0,0,0,0,0,0,0,0,0,0,0,0,100,0,0,256502.53247070313,51214.83996582031,0,67221336064,8589930496,20343345152,354729984
200,1724133835197,999,900,1200,1200,1100,800,800,4521,875,880,800,800,1000,873,800,878,800,898,860,872,882,800,886,800,896,860,800,800,800,800,900,800,0,0,0,0,0,0,0,0,0,0,0,0,0,0,0,0,0,0,0,0,0,0,0,0,0,0,0,0,0,0,100,0,0,256513.78955078125,51224.38525390625,0,67221336064,8589930496,20449660928,354729984
200,1724133835397,999,900,1200,1200,1100,800,800,4521,875,880,800,800,1000,873,800,878,800,898,860,872,882,800,886,800,896,860,800,800,800,800,900,800,0,0,0,0,0,0,0,0,0,0,0,0,0,0,0,0,0,0,0,0,0,0,0,0,0,0,0,0,0,0,100,0,0,256524.90771484375,51233.80810546875,0,67221336064,8589930496,20547719168,354729984
200,1724133835597,999,900,1200,1200,1100,800,800,4521,875,880,800,800,1000,873,800,878,800,898,860,872,882,800,886,800,896,860,800,800,800,800,900,800,0,0,0,0,0,0,0,0,0,0,0,0,0,0,0,0,0,0,0,0,0,0,0,0,0,0,0,0,0,0,100,0,0,256536.1771850586,51243.36291503906,0,67221336064,8589930496,20655067136,354729984
200,1724133835797,999,900,1200,1200,1100,800,800,4521,875,880,800,800,1000,873,800,878,800,898,860,872,882,800,886,800,896,860,800,800,800,800,900,800,0,0,0,0,0,0,0,0,0,0,0,0,0,0,0,0,0,0,0,0,0,0,0,0,0,0,0,0,0,0,100,0,0,256547.37475585938,51252.847229003906,0,67221336064,8589930496,20753891328,354729984
200,1724133835997,999,900,1200,1200,1100,800,800,4521,875,880,800,800,1000,873,800,878,800,898,860,872,882,800,886,800,896,860,800,800,800,800,900,800,0,0,0,0,0,0,0,0,0,4.761904716491699,0,0,0,0,0,0,0,0,0,0,0,0,0,0,0,0,0,0,0,0,100,0,0,256558.77612304688,51262.526306152344,0,67221336064,8589930496,20860207104,354729984
200,1724133836197,999,900,1200,1200,1100,800,800,4521,875,880,800,800,1000,873,800,878,800,898,860,872,882,800,886,800,896,860,800,800,800,800,900,800,0,0,0,0,0,0,0,0,0,0,0,0,0,0,0,0,0,0,0,0,0,0,0,0,0,0,0,0,0,0,100,0,0,256570.0565185547,51272.09948730469,0,67221336064,8589930496,20967038976,354729984
200,1724133836397,999,900,1200,1200,1100,800,800,4521,875,880,800,800,1000,873,800,878,800,898,860,872,882,800,886,800,896,860,800,800,800,800,900,800,0,0,0,0,0,0,0,0,0,0,0,0,0,0,0,0,0,0,0,0,0,0,0,0,0,0,0,0,0,0,100,0,0,256581.30926513672,51281.63562011719,0,67221336064,8589930496,21065097216,354729984
200,1724133836597,999,900,1200,1200,1100,800,800,4521,875,880,800,800,1000,873,800,878,800,898,860,872,882,800,886,800,896,860,800,800,800,800,900,800,0,0,0,0,0,0,0,0,0,0,0,0,0,0,0,0,0,0,0,0,0,0,0,0,0,0,0,0,0,0,100,0,0,256592.58715820313,51291.205810546875,0,67221336064,8589930496,21172445184,354729984
200,1724133836797,999,900,1200,1200,1100,800,800,4521,875,880,800,800,1000,873,800,878,800,898,860,872,882,800,886,800,896,860,800,800,800,800,900,800,0,0,0,0,0,0,0,0,0,0,0,0,0,0,0,0,0,0,0,0,0,0,0,0,0,0,0,0,0,0,100,0,0,256603.7890625,51300.702880859375,0,67221336064,8589930496,21270503424,354729984
200,1724133836997,999,900,1200,1200,1100,800,800,4521,875,880,800,800,1000,873,800,878,800,898,860,872,882,800,886,800,896,860,800,800,800,800,900,800,0,0,0,0,0,0,0,0,0,0,0,0,0,0,0,0,0,0,0,0,0,0,0,0,0,0,0,0,0,0,100,0,0,256615.0428466797,51310.244201660156,0,67221336064,8589930496,21377851392,354729984
200,1724133837198,999,900,1200,1200,1100,800,800,4521,875,880,800,800,1000,873,800,878,800,898,860,872,882,800,886,800,896,860,800,800,800,800,900,800,0,0,0,0,0,0,0,0,0,0,0,0,0,0,0,0,0,0,0,0,0,0,0,0,0,0,0,0,0,0,100,0,0,256626.25982666016,51319.75421142578,0,67221336064,8589930496,21476941824,354729984
200,1724133837398,999,900,1200,1200,1100,800,800,4521,875,880,800,800,1000,873,800,878,800,898,860,872,882,800,886,800,896,860,800,800,800,800,900,800,0,0,0,0,0,0,0,0,0,0,0,0,0,0,0,0,0,0,0,0,0,0,0,0,0,0,0,0,0,0,100,0,0,256637.42877197266,51329.21728515625,0,67221336064,8589930496,21583257600,354729984
200,1724133837598,999,900,1200,1200,1100,800,800,4521,875,880,800,800,1000,873,800,878,800,898,860,872,882,800,886,800,896,860,800,800,800,800,900,800,0,0,0,0,0,0,0,0,0,0,0,0,0,0,0,0,0,0,0,0,0,0,0,0,0,0,0,0,0,0,100,0,0,256648.6494140625,51338.72766113281,0,67221336064,8589930496,21682348032,354729984
200,1724133837798,999,900,1200,1200,1100,800,800,4521,875,880,800,800,1000,873,800,878,800,898,860,872,882,800,886,800,896,860,800,800,800,800,900,800,0,0,0,0,0,0,0,0,0,0,0,0,0,0,0,0,0,0,0,0,0,0,0,0,0,0,0,0,0,0,100,0,0,256659.86975097656,51348.23181152344,0,67221336064,8589930496,21788663808,354729984
200,1724133837998,999,900,1200,1200,1100,800,800,4521,875,880,800,800,1000,873,800,878,800,898,860,872,882,800,886,800,896,860,800,800,800,800,900,800,0,0,0,0,0,0,0,0,0,0,0,0,0,0,0,0,0,0,0,0,0,0,0,0,0,0,0,0,0,0,100,0,0,256671.0610961914,51357.70849609375,0,67221336064,8589930496,21894979584,354729984
200,1724133838198,999,900,1200,1200,1100,800,800,4521,875,880,800,800,1000,873,800,878,800,898,860,872,882,800,886,800,896,860,800,800,800,800,900,800,0,0,0,0,0,0,0,0,0,0,0,0,0,0,0,0,0,0,0,0,0,0,0,0,0,0,0,0,0,0,100,0,0,256682.298828125,51367.153259277344,0,67221336064,8589930496,21994070016,354729984
200,1724133838398,999,900,1200,1200,1100,800,800,4521,875,880,800,800,1000,873,800,878,800,898,860,872,882,800,886,800,896,860,800,800,800,800,900,800,0,0,0,0,0,0,0,0,0,0,0,0,0,0,0,0,0,0,0,0,0,0,0,0,0,0,0,0,0,0,100,0,0,256693.63494873047,51376.844970703125,0,67221336064,8589930496,22101417984,354729984
200,1724133838598,999,900,1200,1200,1100,800,800,4521,875,880,800,800,1000,873,800,878,800,898,860,872,882,800,886,800,896,860,800,800,800,800,900,800,0,0,0,0,0,0,0,0,0,0,0,0,0,0,0,0,0,0,0,0,0,0,0,0,0,0,0,0,0,0,100,0,0,256704.93255615234,51386.42315673828,0,67221336064,8589930496,22200508416,354729984
200,1724133838798,999,900,1200,1200,1100,800,800,4521,875,880,800,800,1000,873,800,878,800,898,860,872,882,800,886,800,896,860,800,800,800,800,900,800,0,0,0,0,0,0,0,0,0,0,0,0,0,0,0,0,0,0,0,0,0,0,0,0,0,0,0,0,0,0,100,0,0,256716.11987304688,51395.892028808594,0,67221336064,8589930496,22306566144,354729984
200,1724133838998,999,900,1200,1200,1100,800,800,4521,875,880,800,800,1000,873,800,878,800,898,860,872,882,800,886,800,896,860,800,800,800,800,900,800,0,0,0,0,0,0,0,0,0,0,0,0,0,0,0,0,0,0,0,0,0,0,0,0,0,0,0,0,0,0,100,0,0,256727.5635986328,51405.6181640625,0,67221336064,8589930496,22405656576,354729984
200,1724133839199,999,900,1200,1200,1100,800,800,4521,875,880,800,800,1000,873,800,878,800,898,860,872,882,800,886,800,896,860,800,800,800,800,900,800,0,0,0,0,0,0,0,0,0,0,0,0,0,0,0,0,0,0,0,0,0,0,0,0,0,0,0,0,0,0,100,0,0,256738.73400878906,51415.078186035156,0,67221336064,8589930496,22511198208,354729984
200,1724133839399,999,900,1200,1200,1100,800,800,4521,875,880,800,800,1000,873,800,878,800,898,860,872,882,800,886,800,896,860,800,800,800,800,900,800,0,0,0,0,0,0,0,0,0,0,0,0,0,0,0,0,0,0,0,0,0,0,0,0,0,0,0,0,0,0,100,0,0,256749.95147705078,51424.57629394531,0,67221336064,8589930496,22617772032,354729984
200,1724133839599,999,900,1200,1200,1100,800,800,4521,875,880,800,800,1000,873,800,878,800,898,860,872,882,800,886,800,896,860,800,800,800,800,900,800,0,0,0,0,0,0,0,0,0,0,0,0,0,0,0,0,0,0,0,0,0,0,0,0,0,0,0,0,0,0,100,0,0,256761.17547607422,51434.07775878906,0,67221336064,8589930496,22715830272,354729984
200,1724133839799,999,900,1200,1200,1100,800,800,4521,875,880,800,800,1000,873,800,878,800,898,860,872,882,800,886,800,896,860,800,800,800,800,900,800,0,0,0,0,0,0,0,0,0,0,0,0,0,0,0,0,0,0,0,0,0,0,0,0,0,0,0,0,0,0,100,0,0,256772.39190673828,51443.573486328125,0,67221336064,8589930496,22822920192,354729984
200,1724133839999,999,900,1200,1200,1100,800,800,4521,875,880,800,800,1000,873,800,878,800,898,860,872,882,800,886,800,896,860,800,800,800,800,900,800,0,0,0,0,0,0,0,0,0,0,0,0,0,0,0,0,0,0,0,0,0,0,0,0,0,0,0,0,0,0,100,0,0,256783.63543701172,51453.09649658203,0,67221336064,8589930496,22929235968,354729984
200,1724133840199,999,900,1200,1200,1100,800,800,4521,875,880,800,800,1000,873,800,878,800,898,860,872,882,800,886,800,896,860,800,800,800,800,900,800,0,0,0,0,0,0,0,0,0,0,0,0,0,0,0,0,0,0,0,0,0,0,0,0,0,0,0,0,0,0,100,0,0,256794.88018798828,51462.62518310547,0,67221336064,8589930496,23036579840,354729984
200,1724133840399,999,900,1200,1200,1100,800,800,4521,875,880,800,800,1000,873,800,878,800,898,860,872,882,800,886,800,896,860,800,800,800,800,900,800,0,0,0,0,0,0,0,0,0,0,0,0,0,0,0,0,0,0,0,0,0,0,0,0,0,0,0,0,0,0,100,0,0,256806.18395996094,51472.208740234375,0,67221336064,8589930496,23135641600,354729984
200,1724133840599,999,900,1200,1200,1100,800,800,4521,875,880,800,800,1000,873,800,878,800,898,860,872,882,800,886,800,896,860,800,800,800,800,900,800,0,0,0,0,0,0,0,0,0,0,0,0,0,0,0,0,0,0,0,0,0,0,0,0,0,0,0,0,0,0,100,0,0,256817.44799804688,51481.75616455078,0,67221336064,8589930496,23242989568,354729984
200,1724133840799,999,900,1200,1200,1100,800,800,4521,875,880,800,800,1000,873,800,878,800,898,860,872,882,800,886,800,896,860,800,800,800,800,900,800,0,0,0,0,0,0,0,0,0,0,0,0,0,0,0,0,0,0,0,0,0,0,0,0,0,0,0,0,0,0,100,0,0,256828.65991210938,51491.25146484375,0,67221336064,8589930496,23341563904,354729984
200,1724133840999,999,900,1200,1200,1100,800,800,4521,875,880,800,800,1000,873,800,878,800,898,860,872,882,800,886,800,896,860,800,800,800,800,900,800,0,0,0,0,0,0,0,0,0,0,0,0,0,0,0,0,0,0,0,0,0,0,0,0,0,0,0,0,0,0,100,0,0,256839.88018798828,51500.75372314453,0,67221336064,8589930496,23448911872,354729984
200,1724133841200,999,900,1200,1200,1100,800,800,4521,875,880,800,800,1000,873,800,878,800,898,860,872,882,800,886,800,896,860,800,800,800,800,900,800,0,0,0,0,0,0,0,0,0,0,0,0,0,0,0,0,0,0,0,0,0,0,0,0,0,0,0,0,0,0,100,0,0,256851.10467529297,51510.25598144531,0,67221336064,8589930496,23548002304,354729984
200,1724133841400,999,900,1200,1200,1100,800,800,4521,875,880,800,800,1000,873,800,878,800,898,860,872,882,800,886,800,896,860,800,800,800,800,900,800,0,0,0,0,0,0,0,0,0,0,0,0,0,0,0,0,0,0,0,0,0,0,0,0,0,0,0,0,0,0,100,0,0,256862.26654052734,51519.705078125,0,67221336064,8589930496,23655350272,354729984
200,1724133841600,999,900,1200,1200,1100,800,800,4521,875,880,800,800,1000,873,800,878,800,898,860,872,882,800,886,800,896,860,800,800,800,800,900,800,0,0,0,0,0,0,0,0,0,0,0,0,0,0,0,0,0,0,0,0,0,0,0,0,0,0,0,0,0,0,100,0,0,256873.45336914063,51529.177673339844,0,67221336064,8589930496,23753924608,354729984
200,1724133841800,999,900,1200,1200,1100,800,800,4521,875,880,800,800,1000,873,800,878,800,898,860,872,882,800,886,800,896,860,800,800,800,800,900,800,0,0,0,4.761904716491699,0,0,0,0,0,0,0,0,0,0,0,0,0,0,0,0,0,0,0,0,0,0,0,0,0,0,100,0,0,256884.69689941406,51538.707946777344,0,67221336064,8589930496,23861272576,354729984
200,1724133842000,999,900,1200,1200,1100,800,800,4521,875,880,800,800,1000,873,800,878,800,898,860,872,882,800,886,800,896,860,800,800,800,800,900,800,0,0,0,0,0,0,0,0,0,0,0,0,0,0,0,0,0,0,0,0,0,0,0,0,0,0,0,0,0,0,100,0,0,256895.93231201172,51548.222595214844,0,67221336064,8589930496,23960363008,354729984
200,1724133842200,999,900,1200,1200,1100,800,800,4521,875,880,800,800,1000,873,800,878,800,898,860,872,882,800,886,800,896,860,800,800,800,800,900,800,0,0,0,0,0,0,0,0,0,0,0,0,0,0,0,0,0,0,0,0,0,0,0,0,0,0,0,0,0,0,100,0,0,256907.09545898438,51557.676818847656,0,67221336064,8589930496,24067710976,354729984
200,1724133842400,999,900,1200,1200,1100,800,800,4521,875,880,800,800,1000,873,800,878,800,898,860,872,882,800,886,800,896,860,800,800,800,800,900,800,0,0,0,0,0,0,0,0,0,0,0,0,0,0,0,0,0,0,0,0,0,0,0,0,0,0,0,0,0,0,100,0,0,256918.2576904297,51567.134033203125,0,67221336064,8589930496,24174026752,354729984
200,1724133842600,999,900,1200,1200,1100,800,800,4521,875,880,800,800,1000,873,800,878,800,898,860,872,882,800,886,800,896,860,800,800,800,800,900,800,0,0,0,0,0,0,0,0,0,0,0,0,0,0,0,0,0,0,0,0,0,0,0,0,0,0,0,0,0,0,100,0,0,256929.68438720703,51576.8427734375,0,67221336064,8589930496,24271568896,354729984
200,1724133842800,999,900,1200,1200,1100,800,800,4521,875,880,800,800,1000,873,800,878,800,898,860,872,882,800,886,800,896,860,800,800,800,800,900,800,0,0,0,0,0,0,0,0,0,0,0,0,0,0,0,0,0,0,0,0,0,0,0,0,0,0,0,0,0,0,100,0,0,256940.8924560547,51586.33563232422,0,67221336064,8589930496,24378916864,354729984
200,1724133843000,999,900,1200,1200,1100,800,800,4521,875,880,800,800,1000,873,800,878,800,898,860,872,882,800,886,800,896,860,800,800,800,800,900,800,0,0,0,0,0,0,0,0,0,0,0,0,0,0,0,0,0,0,0,0,0,0,0,0,0,0,0,0,0,0,100,0,0,256952.1036376953,51595.827880859375,0,67221336064,8589930496,24476975104,354729984
200,1724133843201,999,900,1200,1200,1100,800,800,4521,875,880,800,800,1000,873,800,878,800,898,860,872,882,800,886,800,896,860,800,800,800,800,900,800,0,0,0,0,0,0,0,0,0,0,0,0,0,0,0,0,0,0,0,0,0,0,0,0,0,0,0,0,0,0,100,0,0,256963.3314819336,51605.3388671875,0,67221336064,8589930496,24583290880,354729984
200,1724133843401,999,900,1200,1200,1100,800,800,4521,875,880,800,800,1000,873,800,878,800,898,860,872,882,800,886,800,896,860,800,800,800,800,900,800,0,0,0,0,0,0,0,0,0,0,0,0,0,0,0,0,0,0,0,0,0,0,0,0,0,0,0,0,0,0,100,0,0,256974.53942871094,51614.836486816406,0,67221336064,8589930496,24682381312,354729984
200,1724133843601,999,900,1200,1200,1100,800,800,4521,875,880,800,800,1000,873,800,878,800,898,860,872,882,800,886,800,896,860,800,800,800,800,900,800,0,0,0,0,0,0,0,0,0,0,0,0,0,0,0,0,0,0,0,0,0,0,0,0,0,0,0,0,0,0,100,0,0,256985.7667236328,51624.349609375,0,67221336064,8589930496,24789729280,354729984
200,1724133843801,999,900,1200,1200,1100,800,800,4521,875,880,800,800,1000,873,800,878,800,898,860,872,882,800,886,800,896,860,800,800,800,800,900,800,0,0,0,0,0,0,0,0,0,0,0,0,0,0,0,0,0,0,0,0,0,0,0,0,0,0,0,0,0,0,100,0,0,256996.96868896484,51633.836364746094,0,67221336064,8589930496,24896045056,354729984
200,1724133844001,999,900,1200,1200,1100,800,800,4521,875,880,800,800,1000,873,800,878,800,898,860,872,882,800,886,800,896,860,800,800,800,800,900,800,0,0,0,0,0,0,0,0,0,0,0,0,0,0,0,0,0,0,0,0,0,0,0,0,0,0,0,0,0,0,100,0,0,257008.1908569336,51643.343505859375,0,67221336064,8589930496,24995135488,354729984
200,1724133844201,999,900,1200,1200,1100,800,800,4521,875,880,800,800,1000,873,800,878,800,898,860,872,882,800,886,800,896,860,800,800,800,800,900,800,0,0,0,0,0,0,0,0,0,0,0,0,0,0,0,0,0,0,0,0,0,0,0,0,0,0,0,0,0,0,100,0,0,257019.3999633789,51652.83074951172,0,67221336064,8589930496,25102483456,354729984
200,1724133844401,999,900,1200,1200,1100,800,800,4521,875,880,800,800,1000,873,800,878,800,898,860,872,882,800,886,800,896,860,800,800,800,800,900,800,0,0,0,0,0,0,0,0,0,0,0,0,0,0,0,0,0,0,0,0,0,0,0,0,0,0,0,0,0,0,100,0,0,257030.59271240234,51662.306396484375,0,67221336064,8589930496,25200799744,354729984
200,1724133844601,999,900,1200,1200,1100,800,800,4521,875,880,800,800,1000,873,800,878,800,898,860,872,882,800,886,800,896,860,800,800,800,800,900,800,0,0,0,0,0,0,0,0,0,0,0,0,0,0,0,0,0,0,0,0,0,0,0,0,0,0,0,0,0,0,100,0,0,257041.88836669922,51671.87854003906,0,67221336064,8589930496,25307115520,354729984
200,1724133844801,999,900,1200,1200,1100,800,800,4521,875,880,800,800,1000,873,800,878,800,898,860,872,882,800,886,800,896,860,800,800,800,800,900,800,0,0,0,0,0,0,0,0,0,0,0,0,0,0,0,0,0,0,0,0,0,0,0,0,0,0,0,0,0,0,100,0,0,257053.05084228516,51681.33087158203,0,67221336064,8589930496,25406205952,354729984
200,1724133845001,999,900,1200,1200,1100,800,800,4521,875,880,800,800,1000,873,800,878,800,898,860,872,882,800,886,800,896,860,800,800,800,800,900,800,0,0,0,0,0,0,0,0,0,0,0,0,0,0,0,0,0,0,0,0,0,0,0,0,0,0,0,0,0,0,100,0,0,257064.30310058594,51690.82403564453,0,67221336064,8589930496,25512263680,354729984
200,1724133845202,999,900,1200,1200,1100,800,800,4521,875,880,800,800,1000,873,800,878,800,898,860,872,882,800,886,800,896,860,800,800,800,800,900,800,0,0,0,0,0,0,0,0,0,0,0,0,0,0,0,0,0,0,0,0,0,0,0,0,0,0,0,0,0,0,100,0,0,257075.53192138672,51700.375549316406,0,67221336064,8589930496,25618567168,354729984
200,1724133845402,999,900,1200,1200,1100,800,800,4521,875,880,800,800,1000,873,800,878,800,898,860,872,882,800,886,800,896,860,800,800,800,800,900,800,0,0,0,0,0,0,0,0,0,0,0,0,0,0,0,0,0,0,0,0,0,0,0,0,0,0,0,0,0,0,100,0,0,257086.7166748047,51709.854736328125,0,67221336064,8589930496,25717657600,354729984
200,1724133845602,999,900,1200,1200,1100,800,800,4521,875,880,800,800,1000,873,800,878,800,898,860,872,882,800,886,800,896,860,800,800,800,800,900,800,0,0,0,0,0,0,0,0,0,0,0,0,0,0,0,0,0,0,0,0,0,0,0,0,0,0,0,0,0,0,100,0,0,257097.92254638672,51719.34344482422,0,67221336064,8589930496,25823973376,354729984
200,1724133845802,999,900,1200,1200,1100,800,800,4521,875,880,800,800,1000,873,800,878,800,898,860,872,882,800,886,800,896,860,800,800,800,800,900,800,0,0,0,0,0,0,0,0,0,0,0,0,0,0,0,0,0,0,0,0,0,0,0,0,0,0,0,0,0,0,100,0,0,257109.2305908203,51728.93518066406,0,67221336064,8589930496,25922031616,354729984
200,1724133846002,999,900,1200,1200,1100,800,800,4521,875,880,800,800,1000,873,800,878,800,898,860,872,882,800,886,800,896,860,800,800,800,800,900,800,0,0,0,0,0,0,0,0,0,0,0,0,0,0,0,0,0,0,0,0,0,0,0,0,0,0,0,0,0,0,100,0,0,257120.42254638672,51738.41827392578,0,67221336064,8589930496,26029117440,354729984
200,1724133846202,999,900,1200,1200,1100,800,800,4521,875,880,800,800,1000,873,800,878,800,898,860,872,882,800,886,800,896,860,800,800,800,800,900,800,0,0,0,0,0,0,0,0,0,0,0,0,0,0,0,0,0,0,0,0,0,0,0,0,0,0,0,0,0,0,100,0,0,257131.61041259766,51747.901916503906,0,67221336064,8589930496,26127175680,354729984
200,1724133846402,999,900,1200,1200,1100,800,800,4521,875,880,800,800,1000,873,800,878,800,898,860,872,882,800,886,800,896,860,800,800,800,800,900,800,0,0,0,0,0,0,0,0,0,0,0,0,0,0,0,0,0,0,0,0,0,0,0,0,0,0,0,0,0,0,100,0,0,257142.84619140625,51757.428649902344,0,67221336064,8589930496,26234523648,354729984
200,1724133846602,999,900,1200,1200,1100,800,800,4521,875,880,800,800,1000,873,800,878,800,898,860,872,882,800,886,800,896,860,800,800,800,800,900,800,0,0,0,0,0,0,0,0,0,0,0,0,0,0,0,0,0,0,0,0,0,0,0,0,0,0,0,0,0,0,100,0,0,257154.13214111328,51767.01190185547,0,67221336064,8589930496,26341871616,354729984
200,1724133846802,999,900,1200,1200,1100,800,800,4521,875,880,800,800,1000,873,800,878,800,898,860,872,882,800,886,800,896,860,800,800,800,800,900,800,0,0,0,0,0,0,0,0,0,0,0,0,0,0,0,0,0,0,0,0,0,0,0,0,0,0,0,0,0,0,100,0,0,257165.34033203125,51776.51086425781,0,67221336064,8589930496,26440445952,354729984
200,1724133847002,999,900,1200,1200,1100,800,800,4521,875,880,800,800,1000,873,800,878,800,898,860,872,882,800,886,800,896,860,800,800,800,800,900,800,0,0,0,0,0,0,0,0,0,0,0,0,0,0,0,0,0,0,0,0,0,0,0,0,0,0,0,0,0,0,100,0,0,257176.5281982422,51785.99377441406,0,67221336064,8589930496,26547793920,354729984
200,1724133847203,999,900,1200,1200,1100,800,800,4521,875,880,800,800,1000,873,800,878,800,898,860,872,882,800,886,800,896,860,800,800,800,800,900,800,0,0,0,0,0,0,0,0,0,0,0,0,0,0,0,0,0,0,0,0,0,0,0,0,0,0,0,0,0,0,100,0,0,257187.7314453125,51795.49060058594,0,67221336064,8589930496,26646884352,354729984
200,1724133847403,999,900,1200,1200,1100,800,800,4521,875,880,800,800,1000,873,800,878,800,898,860,872,882,800,886,800,896,860,800,800,800,800,900,800,0,0,0,0,0,0,0,0,0,0,0,0,0,0,0,0,0,0,0,0,0,0,0,0,0,0,0,0,0,0,100,0,0,257198.91943359375,51804.97082519531,0,67221336064,8589930496,26754232320,354729984
200,1724133847603,999,900,1200,1200,1100,800,800,4521,875,880,800,800,1000,873,800,878,800,898,860,872,882,800,886,800,896,860,800,800,800,800,900,800,0,0,0,0,0,0,0,0,0,0,0,0,0,0,0,0,0,0,0,0,0,0,0,0,0,0,0,0,0,0,100,0,0,257210.1265258789,51814.468200683594,0,67221336064,8589930496,26853322752,354729984
200,1724133847803,999,900,1200,1200,1100,800,800,4521,875,880,800,800,1000,873,800,878,800,898,860,872,882,800,886,800,896,860,800,800,800,800,900,800,0,0,0,0,0,0,0,0,0,0,0,0,0,0,0,0,0,0,0,0,0,0,0,0,0,0,0,0,0,0,100,0,0,257221.38018798828,51824.01348876953,0,67221336064,8589930496,26960670720,354729984
200,1724133848003,999,900,1200,1200,1100,800,800,4521,875,880,800,800,1000,873,800,878,800,898,860,872,882,800,886,800,896,860,800,800,800,800,900,800,0,0,0,0,0,0,0,0,0,0,0,0,0,0,0,0,0,0,0,0,0,0,0,0,0,0,0,0,0,0,100,0,0,257232.72045898438,51833.64276123047,0,67221336064,8589930496,27059761152,354729984
200,1724133848203,999,900,1200,1200,1100,800,800,4521,875,880,800,800,1000,873,800,878,800,898,860,872,882,800,886,800,896,860,800,800,800,800,900,800,0,0,0,0,0,0,0,0,0,0,0,0,0,0,0,0,0,0,0,0,0,0,0,0,0,0,0,0,0,0,100,0,0,257243.9552001953,51843.16436767578,0,67221336064,8589930496,27174850560,354729984
200,1724133848403,999,900,1200,1200,1100,800,800,4521,875,880,800,800,1000,873,800,878,800,898,860,872,882,800,886,800,896,860,800,800,800,800,900,800,0,0,0,0,0,0,0,0,0,0,0,0,0,0,0,0,0,0,0,0,0,0,0,0,0,0,0,0,0,0,100,0,0,257255.1876220703,51852.67541503906,0,67221336064,8589930496,27273940992,354729984
200,1724133848603,999,900,1200,1200,1100,800,800,4521,875,880,800,800,1000,873,800,878,800,898,860,872,882,800,886,800,896,860,800,800,800,800,900,800,0,0,0,0,0,0,0,0,0,0,0,0,0,0,0,0,0,0,0,0,0,0,0,0,0,0,0,0,0,0,100,0,0,257266.41998291016,51862.19012451172,0,67221336064,8589930496,27381288960,354729984
200,1724133848803,999,900,1200,1200,1100,800,800,4521,875,880,800,800,1000,873,800,878,800,898,860,872,882,800,886,800,896,860,800,800,800,800,900,800,0,0,0,0,0,0,0,0,0,0,0,0,0,0,0,0,0,0,0,0,0,0,0,0,0,0,0,0,0,0,100,0,0,257277.6639404297,51871.7080078125,0,67221336064,8589930496,27479347200,354729984
200,1724133849003,999,900,1200,1200,1100,800,800,4521,875,880,800,800,1000,873,800,878,800,898,860,872,882,800,886,800,896,860,800,800,800,800,900,800,0,0,0,0,0,0,0,0,0,0,0,0,0,0,0,0,0,0,0,0,0,0,0,0,0,0,0,0,0,0,100,0,0,257288.88543701172,51881.207275390625,0,67221336064,8589930496,27586695168,354729984
200,1724133849204,999,900,1200,1200,1100,800,800,4521,875,880,800,800,1000,873,800,878,800,898,860,872,882,800,886,800,896,860,800,800,800,800,900,800,0,0,0,0,0,0,0,0,0,0,0,0,0,0,0,0,0,0,0,0,0,0,0,0,0,0,0,0,0,0,100,0,0,257300.08953857422,51890.693908691406,0,67221336064,8589930496,27685785600,354729984
200,1724133849404,999,900,1200,1200,1100,800,800,4521,875,880,800,800,1000,873,800,878,800,898,860,872,882,800,886,800,896,860,800,800,800,800,900,800,0,0,0,0,0,0,0,0,0,0,0,0,0,0,0,0,0,0,0,0,0,0,0,0,0,0,0,0,0,0,100,0,0,257311.31909179688,51900.2021484375,0,67221336064,8589930496,27791069184,354729984
200,1724133849604,999,900,1200,1200,1100,800,800,4521,875,880,800,800,1000,873,800,878,800,898,860,872,882,800,886,800,896,860,800,800,800,800,900,800,0,0,0,0,0,0,0,0,0,0,0,0,0,0,0,0,0,0,0,0,0,0,0,0,0,0,0,0,0,0,100,0,0,257322.49493408203,51909.66955566406,0,67221336064,8589930496,27890159616,354729984
200,1724133849804,999,900,1200,1200,1100,800,800,4521,875,880,800,800,1000,873,800,878,800,898,860,872,882,800,886,800,896,860,800,800,800,800,900,800,0,0,0,0,0,0,0,0,0,0,0,0,0,0,0,0,0,0,0,0,0,0,0,0,0,0,0,0,0,0,100,0,0,257333.77813720703,51919.23962402344,0,67221336064,8589930496,27997507584,354729984
200,1724133850004,999,900,1200,1200,1100,800,800,4521,875,880,800,800,1000,873,800,878,800,898,860,872,882,800,886,800,896,860,800,800,800,800,900,800,0,0,0,0,4.761904716491699,0,0,0,0,0,0,0,0,0,0,0,0,0,0,0,0,0,0,0,0,0,0,0,0,0,100,0,0,257345.37915039063,51929.116760253906,0,67221336064,8589930496,28104339456,354729984
200,1724133850204,999,900,1200,1200,1100,800,800,4521,875,880,800,800,1000,873,800,878,800,898,860,872,882,800,886,800,896,860,800,800,800,800,900,800,0,0,0,0,0,0,0,0,0,0,0,0,0,0,0,0,0,0,0,0,0,0,0,0,0,0,0,0,0,0,100,0,0,257356.63439941406,51938.643981933594,0,67221336064,8589930496,28202397696,354729984
200,1724133850404,999,900,1200,1200,1100,800,800,4521,875,880,800,800,1000,873,800,878,800,898,860,872,882,800,886,800,896,860,800,800,800,800,900,800,0,0,0,0,0,0,0,0,0,0,0,0,0,0,0,0,0,0,0,0,0,0,0,0,0,0,0,0,0,0,100,0,0,257367.95483398438,51948.24597167969,0,67221336064,8589930496,28308713472,354729984
200,1724133850604,999,900,1200,1200,1100,800,800,4521,875,880,800,800,1000,873,800,878,800,898,860,872,882,800,886,800,896,860,800,800,800,800,900,800,0,0,0,0,0,0,0,0,0,0,0,0,0,0,0,0,0,0,0,0,0,0,0,0,0,0,0,0,0,0,100,0,0,257379.70892333984,51958.28527832031,0,67221336064,8589930496,28406771712,354729984
200,1724133850804,999,900,1200,1200,1100,800,800,4521,875,880,800,800,1000,873,800,878,800,898,860,872,882,800,886,800,896,860,800,800,800,800,900,800,0,0,0,0,0,0,0,0,0,0,0,0,0,0,0,0,0,0,0,0,0,0,0,0,0,0,0,0,0,0,100,0,0,257390.88842773438,51967.740966796875,0,67221336064,8589930496,28508483584,354729984
200,1724133851005,999,900,1200,1200,1100,800,800,4521,875,880,800,800,1000,873,800,878,800,898,860,872,882,800,886,800,896,860,800,800,800,800,900,800,0,0,0,0,0,0,0,0,0,0,0,0,0,0,0,0,0,0,0,0,0,0,0,0,0,0,0,0,0,0,100,0,0,257402.08575439453,51977.225036621094,0,67221336064,8589930496,28610670592,354729984
200,1724133851205,999,900,1200,1200,1100,800,800,4521,875,880,800,800,1000,873,800,878,800,898,860,872,882,800,886,800,896,860,800,800,800,800,900,800,0,0,0,0,0,0,0,0,0,0,0,0,0,0,0,0,0,0,0,0,0,0,0,0,0,0,0,0,0,0,100,0,0,257413.42901611328,51986.82604980469,0,67221336064,8589930496,28717580288,354729984
200,1724133851405,999,900,1200,1200,1100,800,800,4521,875,880,800,800,1000,873,800,878,800,898,860,872,882,800,886,800,896,860,800,800,800,800,900,800,0,0,0,0,0,0,0,0,0,0,0,0,0,0,0,0,0,0,0,0,0,0,0,0,0,0,0,0,0,0,100,0,0,257424.5859375,51996.301330566406,0,67221336064,8589930496,28816670720,354729984
200,1724133851605,999,900,1200,1200,1100,800,800,4521,875,880,800,800,1000,873,800,878,800,898,860,872,882,800,886,800,896,860,800,800,800,800,900,800,0,0,0,0,0,0,0,0,0,0,0,0,0,0,0,0,0,0,0,0,0,0,0,0,0,0,0,0,0,0,100,0,0,257435.83618164063,52005.828063964844,0,67221336064,8589930496,28922986496,354729984
200,1724133851805,999,900,1200,1200,1100,800,800,4521,875,880,800,800,1000,873,800,878,800,898,860,872,882,800,886,800,896,860,800,800,800,800,900,800,0,0,0,0,0,0,0,0,0,0,0,0,0,0,0,0,0,0,0,0,0,0,0,0,0,0,0,0,0,0,100,0,0,257446.99835205078,52015.276306152344,0,67221336064,8589930496,29029302272,354729984
200,1724133852005,999,900,1200,1200,1100,800,800,4521,875,880,800,800,1000,873,800,878,800,898,860,872,882,800,886,800,896,860,800,800,800,800,900,800,0,0,0,0,0,0,0,0,0,0,0,0,0,0,0,0,0,0,0,0,0,0,0,0,0,0,0,0,0,0,100,0,0,257458.34008789063,52024.894775390625,0,67221336064,8589930496,29128392704,354729984
200,1724133852205,999,900,1200,1200,1100,800,800,4521,875,880,800,800,1000,873,800,878,800,898,860,872,882,800,886,800,896,860,800,800,800,800,900,800,0,0,0,0,0,0,0,0,0,0,0,0,0,0,0,0,0,0,0,0,0,0,0,0,0,0,0,0,0,0,100,0,0,257469.8319091797,52034.6611328125,0,67221336064,8589930496,29234708480,354729984
200,1724133852405,999,900,1200,1200,1100,800,800,4521,875,880,800,800,1000,873,800,878,800,898,860,872,882,800,886,800,896,860,800,800,800,800,900,800,0,0,0,0,0,0,0,0,0,0,0,0,0,0,0,0,0,0,0,0,0,0,0,0,0,0,0,0,0,0,100,0,0,257481.53228759766,52044.62829589844,0,67221336064,8589930496,29333798912,354729984
200,1724133852605,999,900,1200,1200,1100,800,800,4521,875,880,800,800,1000,873,800,878,800,898,860,872,882,800,886,800,896,860,800,800,800,800,900,800,0,0,0,0,0,0,0,0,0,0,0,0,0,0,0,0,0,0,0,0,0,0,0,0,0,0,0,0,0,0,100,0,0,257492.98797607422,52054.37176513672,0,67221336064,8589930496,29441146880,354729984
200,1724133852805,999,900,1200,1200,1100,800,800,4521,875,880,800,800,1000,873,800,878,800,898,860,872,882,800,886,800,896,860,800,800,800,800,900,800,0,0,0,0,0,0,0,0,0,0,0,0,0,0,0,0,0,0,0,0,0,0,0,0,0,0,0,0,0,0,100,0,0,257504.22930908203,52063.89489746094,0,67221336064,8589930496,29540237312,354729984
200,1724133853006,999,900,1200,1200,1100,800,800,4521,875,880,800,800,1000,873,800,878,800,898,860,872,882,800,886,800,896,860,800,800,800,800,900,800,0,0,0,0,0,0,0,0,0,0,0,0,0,0,0,0,0,0,0,0,0,0,0,0,0,0,0,0,0,0,100,0,0,257515.46447753906,52073.416259765625,0,67221336064,8589930496,29647069184,354729984
200,1724133853206,999,900,1200,1200,1100,800,800,4521,875,880,800,800,1000,873,800,878,800,898,860,872,882,800,886,800,896,860,800,800,800,800,900,800,0,0,0,0,0,0,0,0,0,0,0,0,0,0,0,0,0,0,0,0,0,0,0,0,0,0,0,0,0,0,100,0,0,257526.64093017578,52082.88854980469,0,67221336064,8589930496,29742194688,354729984
200,1724133853406,999,900,1200,1200,1100,800,800,4521,875,880,800,800,1000,873,800,878,800,898,860,872,882,800,886,800,896,860,800,800,800,800,900,800,0,0,0,0,0,0,0,0,0,0,0,0,0,0,0,0,0,0,0,0,0,0,0,0,0,0,0,0,0,0,100,0,0,257537.8984375,52092.431701660156,0,67221336064,8589930496,29849542656,354729984
200,1724133853606,999,900,1200,1200,1100,800,800,4521,875,880,800,800,1000,873,800,878,800,898,860,872,882,800,886,800,896,860,800,800,800,800,900,800,0,0,0,0,0,0,0,0,0,0,0,0,0,0,0,0,0,0,0,0,0,0,0,0,0,0,0,0,0,0,100,0,0,257549.115234375,52101.933837890625,0,67221336064,8589930496,29948633088,354729984
200,1724133853806,999,900,1200,1200,1100,800,800,4521,875,880,800,800,1000,873,800,878,800,898,860,872,882,800,886,800,896,860,800,800,800,800,900,800,0,0,0,0,0,0,0,0,0,0,0,0,0,0,0,0,0,0,0,0,0,0,0,0,0,0,0,0,0,0,100,0,0,257560.40173339844,52111.443298339844,0,67221336064,8589930496,30055981056,354729984
200,1724133854006,999,900,1200,1200,1100,800,800,4521,875,880,800,800,1000,873,800,878,800,898,860,872,882,800,886,800,896,860,800,800,800,800,900,800,0,0,0,0,0,0,0,0,0,0,0,0,0,0,0,0,0,0,0,0,0,0,0,0,0,0,0,0,0,0,100,0,0,257571.66943359375,52121.04766845703,0,67221336064,8589930496,30154039296,354729984
200,1724133854206,999,900,1200,1200,1100,800,800,4521,875,880,800,800,1000,873,800,878,800,898,860,872,882,800,886,800,896,860,800,800,800,800,900,800,0,0,0,0,0,0,0,0,0,0,0,0,0,0,0,0,0,0,0,0,0,0,0,0,0,0,0,0,0,0,100,0,0,257582.87579345703,52130.53723144531,0,67221336064,8589930496,30261198848,354729984
200,1724133854406,999,900,1200,1200,1100,800,800,4521,875,880,800,800,1000,873,800,878,800,898,860,872,882,800,886,800,896,860,800,800,800,800,900,800,0,0,0,0,0,0,0,0,0,0,0,0,0,0,0,0,0,0,0,0,0,0,0,0,0,0,0,0,0,0,100,0,0,257594.18969726563,52140.13592529297,0,67221336064,8589930496,30366482432,354729984
200,1724133854606,999,900,1200,1200,1100,800,800,4521,875,880,800,800,1000,873,800,878,800,898,860,872,882,800,886,800,896,860,800,800,800,800,900,800,0,0,0,0,0,0,0,0,0,0,0,0,0,0,0,0,0,0,0,0,0,0,0,0,0,0,0,0,0,0,100,0,0,257605.31384277344,52149.56573486328,0,67221336064,8589930496,30465572864,354729984
200,1724133854806,999,900,1200,1200,1100,800,800,4521,875,880,800,800,1000,873,800,878,800,898,860,872,882,800,886,800,896,860,800,800,800,800,900,800,0,0,0,0,0,0,0,0,0,0,0,0,0,0,0,0,0,0,0,0,0,0,0,0,0,0,0,0,0,0,100,0,0,257616.59399414063,52159.128173828125,0,67221336064,8589930496,30572404736,354729984
200,1724133855007,999,900,1200,1200,1100,800,800,4521,875,880,800,800,1000,873,800,878,800,898,860,872,882,800,886,800,896,860,800,800,800,800,900,800,0,0,0,0,0,0,0,0,0,0,0,0,0,0,0,0,0,0,0,0,0,0,0,0,0,0,0,0,0,0,100,0,0,257627.7933959961,52168.61846923828,0,67221336064,8589930496,30672011264,354729984
200,1724133855207,999,900,1200,1200,1100,800,800,4521,875,880,800,800,1000,873,800,878,800,898,860,872,882,800,886,800,896,860,800,800,800,800,900,800,0,0,0,0,0,0,0,0,0,0,0,0,0,0,0,0,0,0,0,0,0,0,0,0,0,0,0,0,0,0,100,0,0,257639.01470947266,52178.12561035156,0,67221336064,8589930496,30779359232,354729984
200,1724133855407,999,900,1200,1200,1100,800,800,4521,875,880,800,800,1000,873,800,878,800,898,860,872,882,800,886,800,896,860,800,800,800,800,900,800,0,0,0,0,0,0,0,0,0,0,0,0,0,0,0,0,0,0,0,0,0,0,0,0,0,0,0,0,0,0,100,0,0,257650.20123291016,52187.606201171875,0,67221336064,8589930496,30878449664,354729984
200,1724133855607,999,900,1200,1200,1100,800,800,4521,875,880,800,800,1000,873,800,878,800,898,860,872,882,800,886,800,896,860,800,800,800,800,900,800,0,0,0,0,0,0,0,0,0,0,0,0,0,0,0,0,0,0,0,0,0,0,0,0,0,0,0,0,0,0,100,0,0,257661.36181640625,52197.05895996094,0,67221336064,8589930496,30985797632,354729984
200,1724133855807,999,900,1200,1200,1100,800,800,4521,875,880,800,800,1000,873,800,878,800,898,860,872,882,800,886,800,896,860,800,800,800,800,900,800,0,0,0,0,0,0,0,0,0,0,0,0,0,0,0,0,0,0,0,0,0,0,0,0,0,0,0,0,0,0,100,0,0,257672.6727294922,52206.65545654297,0,67221336064,8589930496,31083597824,354729984
191,1724133856015,999,900,1200,1200,1100,800,800,4521,875,880,800,800,1000,873,800,878,800,898,860,872,882,800,886,800,896,860,800,800,800,800,900,800,0,0,0,0,0,0,0,0,0,0,0,0,0,0,0,0,0,0,0,0,0,0,0,0,0,0,0,0,0,0,100,0,0,257684.41638183594,52216.60546875,0,67221336064,8589930496,31190945792,354729984
200,1724133856207,999,900,1200,1200,1100,800,800,4521,875,880,800,800,1000,873,800,878,800,898,860,872,882,800,886,800,896,860,800,800,800,800,900,800,0,0,0,0,0,0,0,0,0,0,0,0,0,0,0,0,0,0,0,0,0,0,0,0,0,0,0,0,0,0,100,0,0,257695.13037109375,52225.68298339844,0,67221336064,8589930496,31290036224,354729984
200,1724133856407,999,900,1200,1200,1100,800,800,4521,875,880,800,800,1000,873,800,878,800,898,860,872,882,800,886,800,896,860,800,800,800,800,900,800,0,0,0,0,0,0,0,0,0,0,0,0,0,0,0,0,0,0,0,0,0,0,0,0,0,0,0,0,0,0,100,0,0,257706.3676147461,52235.212890625,0,67221336064,8589930496,31404609536,354729984
200,1724133856607,999,900,1200,1200,1100,800,800,4521,875,880,800,800,1000,873,800,878,800,898,860,872,882,800,886,800,896,860,800,800,800,800,900,800,0,0,0,0,0,0,0,0,0,0,0,0,0,0,0,0,0,0,0,0,0,0,0,0,0,0,0,0,0,0,100,0,0,257717.61358642578,52244.741271972656,0,67221336064,8589930496,31510925312,354729984
200,1724133856807,999,900,1200,1200,1100,800,800,4521,875,880,800,800,1000,873,800,878,800,898,860,872,882,800,886,800,896,860,800,800,800,800,900,800,0,0,0,0,0,0,0,0,0,0,0,0,0,0,0,0,0,0,0,0,0,0,0,0,0,0,0,0,0,0,100,0,0,257728.8656616211,52254.28259277344,0,67221336064,8589930496,31609499648,354729984
200,1724133857008,999,900,1200,1200,1100,800,800,4521,875,880,800,800,1000,873,800,878,800,898,860,872,882,800,886,800,896,860,800,800,800,800,900,800,0,0,0,0,0,0,0,0,0,0,0,0,0,0,0,0,0,0,0,0,0,0,0,0,0,0,0,0,0,0,100,0,0,257740.04998779297,52263.761779785156,0,67221336064,8589930496,31716847616,354729984
200,1724133857208,999,900,1200,1200,1100,800,800,4521,875,880,800,800,1000,873,800,878,800,898,860,872,882,800,886,800,896,860,800,800,800,800,900,800,0,0,0,0,0,0,0,0,0,0,0,0,0,0,0,0,0,0,0,0,0,0,0,0,0,0,0,0,0,0,100,0,0,257751.31158447266,52273.30938720703,0,67221336064,8589930496,31815938048,354729984
200,1724133857408,999,900,1200,1200,1100,800,800,4521,875,880,800,800,1000,873,800,878,800,898,860,872,882,800,886,800,896,860,800,800,800,800,900,800,0,0,0,0,0,0,0,0,0,0,0,0,0,0,0,0,0,0,0,0,0,0,0,0,0,0,0,0,0,0,100,0,0,257762.6661376953,52282.953125,0,67221336064,8589930496,31923027968,354729984
200,1724133857608,999,900,1200,1200,1100,800,800,4521,875,880,800,800,1000,873,800,878,800,898,860,872,882,800,886,800,896,860,800,800,800,800,900,800,0,0,0,0,0,0,0,0,0,0,0,0,0,0,0,0,0,0,0,0,0,0,0,0,0,0,0,0,0,0,100,0,0,257773.86669921875,52292.4443359375,0,67221336064,8589930496,32022118400,354729984
200,1724133857808,999,900,1200,1200,1100,800,800,4521,875,880,800,800,1000,873,800,878,800,898,860,872,882,800,886,800,896,860,800,800,800,800,900,800,0,0,0,0,0,0,0,0,0,0,0,0,0,0,0,0,0,0,0,0,0,0,0,0,0,0,0,0,0,0,100,0,0,257785.11895751953,52301.976013183594,0,67221336064,8589930496,32129466368,354729984
200,1724133858008,999,900,1200,1200,1100,800,800,4521,875,880,800,800,1000,873,800,878,800,898,860,872,882,800,886,800,896,860,800,800,800,800,900,800,0,0,0,0,0,0,0,0,0,0,0,0,0,0,0,0,0,0,0,0,0,0,0,0,0,0,0,0,0,0,100,0,0,257796.28735351563,52311.43811035156,0,67221336064,8589930496,32228556800,354729984
200,1724133858208,999,900,1200,1200,1100,800,800,4521,875,880,800,800,1000,873,800,878,800,898,860,872,882,800,886,800,896,860,800,800,800,800,900,800,0,0,0,0,0,0,0,0,0,0,0,0,0,0,0,0,0,0,0,0,0,0,0,0,0,0,0,0,0,0,100,0,0,257807.48529052734,52320.926330566406,0,67221336064,8589930496,32334872576,354729984
200,1724133858408,999,900,1200,1200,1100,800,800,4521,875,880,800,800,1000,873,800,878,800,898,860,872,882,800,886,800,896,860,800,800,800,800,900,800,0,0,0,0,0,0,0,0,0,0,0,0,0,0,0,0,0,0,0,0,0,0,0,0,0,0,4.761904716491699,0,0,0,100,0,0,257818.79321289063,52330.464111328125,0,67221336064,8589930496,32433963008,354729984
200,1724133858608,999,900,1200,1200,1100,800,800,4521,875,880,800,800,1000,873,800,878,800,898,860,872,882,800,886,800,896,860,800,800,800,800,900,800,0,0,0,0,0,0,0,0,0,0,0,0,0,0,0,0,0,0,0,0,0,0,0,0,0,0,0,0,0,0,100,0,0,257829.9859008789,52339.935974121094,0,67221336064,8589930496,32541310976,354729984
200,1724133858808,999,900,1200,1200,1100,800,800,4521,875,880,800,800,1000,873,800,878,800,898,860,872,882,800,886,800,896,860,800,800,800,800,900,800,0,0,0,0,0,0,0,0,0,0,0,0,0,0,0,0,0,0,0,0,0,0,0,0,0,0,0,0,0,0,100,0,0,257841.43255615234,52349.72521972656,0,67221336064,8589930496,32640401408,354729984
200,1724133859008,999,900,1200,1200,1100,800,800,4521,875,880,800,800,1000,873,800,878,800,898,860,872,882,800,886,800,896,860,800,800,800,800,900,800,0,0,0,0,0,0,0,0,0,0,0,0,0,0,0,0,0,0,0,0,0,0,0,0,0,0,0,0,0,0,100,0,0,257852.7869873047,52359.35705566406,0,67221336064,8589930496,32746717184,354729984
200,1724133859209,999,900,1200,1200,1100,800,800,4521,875,880,800,800,1000,873,800,878,800,898,860,872,882,800,886,800,896,860,800,800,800,800,900,800,0,0,0,0,0,0,0,0,0,0,0,0,0,0,0,0,0,0,0,0,0,0,0,0,0,0,0,0,0,0,100,0,0,257864.02124023438,52368.87841796875,0,67221336064,8589930496,32846065664,354729984
200,1724133859409,999,900,1200,1200,1100,800,800,4521,875,880,800,800,1000,873,800,878,800,898,860,872,882,800,886,800,896,860,800,800,800,800,900,800,0,0,0,0,0,0,0,0,0,0,0,0,0,0,0,0,0,0,0,0,0,0,0,0,0,0,0,0,0,0,100,0,0,257875.31372070313,52378.45715332031,0,67221336064,8589930496,32953413632,354729984
200,1724133859609,999,900,1200,1200,1100,800,800,4521,875,880,800,800,1000,873,800,878,800,898,860,872,882,800,886,800,896,860,800,800,800,800,900,800,0,0,0,0,0,0,0,0,0,0,0,0,0,0,0,0,0,0,0,0,0,0,0,0,0,0,0,0,0,0,100,0,0,257886.50469970703,52387.937072753906,0,67221336064,8589930496,33052504064,354729984
200,1724133859809,999,900,1200,1200,1100,800,800,4521,875,880,800,800,1000,873,800,878,800,898,860,872,882,800,886,800,896,860,800,800,800,800,900,800,0,0,0,0,0,0,0,0,0,0,0,0,0,0,0,0,0,0,0,0,0,0,0,0,0,0,0,0,0,0,100,0,0,257897.6851196289,52397.41125488281,0,67221336064,8589930496,33158819840,354729984
200,1724133860009,999,900,1200,1200,1100,800,800,4521,875,880,800,800,1000,873,800,878,800,898,860,872,882,800,886,800,896,860,800,800,800,800,900,800,0,0,0,0,0,0,0,0,0,0,0,0,0,0,0,0,0,0,0,0,0,0,0,0,0,0,0,0,0,0,100,0,0,257908.90496826172,52406.91809082031,0,67221336064,8589930496,33257910272,354729984
200,1724133860209,999,900,1200,1200,1100,800,800,4521,875,880,800,800,1000,873,800,878,800,898,860,872,882,800,886,800,896,860,800,800,800,800,900,800,0,0,0,0,0,0,0,0,0,0,0,0,0,0,0,0,0,0,0,0,0,0,0,0,0,0,0,0,0,0,100,0,0,257920.1572265625,52416.465759277344,0,67221336064,8589930496,33365258240,354729984
200,1724133860409,999,900,1200,1200,1100,800,800,4521,875,880,800,800,1000,873,800,878,800,898,860,872,882,800,886,800,896,860,800,800,800,800,900,800,0,0,0,0,0,0,0,0,0,0,0,0,0,0,0,0,0,0,0,0,0,0,0,0,0,0,0,0,0,0,100,0,0,257931.52532958984,52426.114196777344,0,67221336064,8589930496,33464348672,354729984
200,1724133860609,999,900,1200,1200,1100,800,800,4521,875,880,800,800,1000,873,800,878,800,898,860,872,882,800,886,800,896,860,800,800,800,800,900,800,0,0,0,0,0,0,0,0,0,0,0,0,0,0,0,0,0,0,0,0,0,0,0,0,0,0,0,0,0,0,100,0,0,257942.67193603516,52435.55340576172,0,67221336064,8589930496,33571696640,354729984
200,1724133860809,999,900,1200,1200,1100,800,800,4521,875,880,800,800,1000,873,800,878,800,898,860,872,882,800,886,800,896,860,800,800,800,800,900,800,0,0,0,0,0,0,0,0,0,0,0,0,0,0,0,0,0,0,0,0,0,0,0,0,0,0,0,0,0,0,100,0,0,257953.98443603516,52445.14129638672,0,67221336064,8589930496,33670787072,354729984
200,1724133861010,999,900,1200,1200,1100,800,800,4521,875,880,800,800,1000,873,800,878,800,898,860,872,882,800,886,800,896,860,800,800,800,800,900,800,0,0,0,0,0,0,0,0,0,0,0,0,0,0,0,0,0,0,0,0,0,0,0,0,0,0,0,0,0,0,100,0,0,257965.26879882813,52454.70733642578,0,67221336064,8589930496,33777102848,354729984
200,1724133861210,999,900,1200,1200,1100,800,800,4521,875,880,800,800,1000,873,800,878,800,898,860,872,882,800,886,800,896,860,800,800,800,800,900,800,0,0,0,0,0,0,0,0,0,0,0,0,0,0,0,0,0,0,0,0,0,0,0,0,0,0,0,0,0,0,100,0,0,257976.4638671875,52464.189514160156,0,67221336064,8589930496,33884450816,354729984
200,1724133861410,999,900,1200,1200,1100,800,800,4521,875,880,800,800,1000,873,800,878,800,898,860,872,882,800,886,800,896,860,800,800,800,800,900,800,0,0,0,0,0,0,0,0,0,0,0,0,0,0,0,0,0,0,0,0,0,0,0,0,0,0,0,0,0,0,100,0,0,257987.6934814453,52473.70373535156,0,67221336064,8589930496,33982509056,354729984
200,1724133861610,999,900,1200,1200,1100,800,800,4521,875,880,800,800,1000,873,800,878,800,898,860,872,882,800,886,800,896,860,800,800,800,800,900,800,0,0,0,0,0,0,0,0,0,0,0,0,0,0,0,0,0,0,0,0,0,0,0,0,0,0,0,0,0,0,100,0,0,257998.87854003906,52483.172424316406,0,67221336064,8589930496,34089857024,354729984
200,1724133861810,999,900,1200,1200,1100,800,800,4521,875,880,800,800,1000,873,800,878,800,898,860,872,882,800,886,800,896,860,800,800,800,800,900,800,0,0,0,0,0,0,0,0,0,0,0,0,0,0,0,0,0,0,0,0,0,0,0,0,0,0,0,0,0,0,100,0,0,258010.05908203125,52492.638122558594,0,67221336064,8589930496,34188947456,354729984
200,1724133862010,999,900,1200,1200,1100,800,800,4521,875,880,800,800,1000,873,800,878,800,898,860,872,882,800,886,800,896,860,800,800,800,800,900,800,0,0,0,0,0,0,0,0,0,0,0,0,0,0,0,0,0,0,0,0,0,0,0,0,0,0,0,0,0,0,100,0,0,258021.28771972656,52502.146728515625,0,67221336064,8589930496,34296295424,354729984
200,1724133862210,999,900,1200,1200,1100,800,800,4521,875,880,800,800,1000,873,800,878,800,898,860,872,882,800,886,800,896,860,800,800,800,800,900,800,0,0,0,0,0,0,0,0,0,0,0,0,0,0,0,0,0,0,0,0,0,0,0,0,0,0,4.761904716491699,0,0,0,100,0,0,258032.79724121094,52511.88653564453,0,67221336064,8589930496,34394353664,354729984
200,1724133862410,999,900,1200,1200,1100,800,800,4521,875,880,800,800,1000,873,800,878,800,898,860,872,882,800,886,800,896,860,800,800,800,800,900,800,0,0,0,0,0,0,0,0,0,0,0,0,0,0,0,0,0,0,0,0,0,0,0,0,0,0,0,0,0,0,100,0,0,258044.01330566406,52521.42956542969,0,67221336064,8589930496,34501701632,354729984
200,1724133862610,999,900,1200,1200,1100,800,800,4521,875,880,800,800,1000,873,800,878,800,898,860,872,882,800,886,800,896,860,800,800,800,800,900,800,0,0,0,0,0,0,0,0,0,0,0,0,0,0,0,0,0,0,0,0,0,0,0,0,0,0,0,0,0,0,100,0,0,258055.22930908203,52530.920837402344,0,67221336064,8589930496,34600792064,354729984
200,1724133862810,999,900,1200,1200,1100,800,800,4521,875,880,800,800,1000,873,800,878,800,898,860,872,882,800,886,800,896,860,800,800,800,800,900,800,0,0,0,0,0,0,0,0,0,0,0,0,0,0,0,0,0,0,0,0,0,0,0,0,0,0,0,0,0,0,100,0,0,258066.4716796875,52540.43896484375,0,67221336064,8589930496,34708140032,354729984
200,1724133863010,999,900,1200,1200,1100,800,800,4521,875,880,800,800,1000,873,800,878,800,898,860,872,882,800,886,800,896,860,800,800,800,800,900,800,0,0,0,0,0,0,0,0,0,0,0,0,0,0,0,0,0,0,0,0,0,0,0,0,0,0,0,0,0,0,100,0,0,258077.69311523438,52549.935119628906,0,67221336064,8589930496,34806198272,354729984
200,1724133863211,999,900,1200,1200,1100,800,800,4521,875,880,800,800,1000,873,800,878,800,898,860,872,882,800,886,800,896,860,800,800,800,800,900,800,0,0,0,0,0,0,0,0,0,0,0,0,0,0,0,0,0,0,0,0,0,0,0,0,0,0,0,0,0,0,100,0,0,258088.86071777344,52559.386291503906,0,67221336064,8589930496,34913546240,354729984
200,1724133863411,999,900,1200,1200,1100,800,800,4521,875,880,800,800,1000,873,800,878,800,898,860,872,882,800,886,800,896,860,800,800,800,800,900,800,0,0,0,0,0,0,0,0,0,0,0,0,0,0,0,0,0,0,0,0,0,0,0,0,0,0,0,0,0,0,100,0,0,258100.09771728516,52568.9013671875,0,67221336064,8589930496,35012636672,354729984
200,1724133863611,999,900,1200,1200,1100,800,800,4521,875,880,800,800,1000,873,800,878,800,898,860,872,882,800,886,800,896,860,800,800,800,800,900,800,0,0,0,0,0,0,0,0,0,0,0,0,0,0,0,0,0,0,0,0,0,0,0,0,0,0,0,0,0,0,100,0,0,258111.3275756836,52578.406188964844,0,67221336064,8589930496,35119984640,354729984
200,1724133863811,999,900,1200,1200,1100,800,800,4521,875,880,800,800,1000,873,800,878,800,898,860,872,882,800,886,800,896,860,800,800,800,800,900,800,0,0,0,0,0,0,0,0,0,0,0,0,0,0,0,0,0,0,0,0,0,0,0,0,0,0,0,0,0,0,100,0,0,258122.56365966797,52587.92248535156,0,67221336064,8589930496,35225784320,354729984
200,1724133864011,999,900,1200,1200,1100,800,800,4521,875,880,800,800,1000,873,800,878,800,898,860,872,882,800,886,800,896,860,800,800,800,800,900,800,0,0,0,0,0,0,0,0,0,0,0,0,0,0,0,0,0,0,0,0,0,0,0,0,0,0,0,0,0,0,100,0,0,258133.91174316406,52597.552307128906,0,67221336064,8589930496,35324616704,354729984
200,1724133864211,999,900,1200,1200,1100,800,800,4521,875,880,800,800,1000,873,800,878,800,898,860,872,882,800,886,800,896,860,800,800,800,800,900,800,0,0,0,0,0,0,0,0,0,0,0,0,0,0,0,0,0,0,0,0,0,0,0,0,0,0,0,0,0,0,100,0,0,258145.26092529297,52607.106994628906,0,67221336064,8589930496,35430916096,354729984
200,1724133864411,999,900,1200,1200,1100,800,800,4521,875,880,800,800,1000,873,800,878,800,898,860,872,882,800,886,800,896,860,800,800,800,800,900,800,0,0,0,0,0,0,0,0,0,0,0,0,0,0,0,0,0,0,0,0,0,0,0,0,0,0,0,0,0,0,100,0,0,258156.48992919922,52616.69323730469,0,67221336064,8589930496,35528974336,354729984
200,1724133864611,999,900,1200,1200,1100,800,800,4521,875,880,800,800,1000,873,800,878,800,898,860,872,882,800,886,800,896,860,800,800,800,800,900,800,0,0,0,0,0,0,0,0,0,0,0,0,0,0,0,0,0,0,0,0,0,0,0,0,0,0,0,0,0,0,100,0,0,258167.7664794922,52626.24334716797,0,67221336064,8589930496,35644579840,354729984
200,1724133864811,999,900,1200,1200,1100,800,800,4521,875,880,800,800,1000,873,800,878,800,898,860,872,882,800,886,800,896,860,800,800,800,800,900,800,0,0,0,0,0,0,0,0,0,0,0,0,0,4.761904716491699,0,0,0,0,0,0,0,0,0,0,0,0,0,0,0,0,100,0,0,258179.2677001953,52636.028076171875,0,67221336064,8589930496,35743154176,354729984
200,1724133865012,999,900,1200,1200,1100,800,800,4521,875,880,800,800,1000,873,800,878,800,898,860,872,882,800,886,800,896,860,800,800,800,800,900,800,0,0,0,0,0,0,0,0,0,0,0,0,0,0,0,0,0,0,0,0,0,0,0,0,0,0,0,0,0,0,100,0,0,258190.6390991211,52645.672302246094,0,67221336064,8589930496,35850502144,354729984
200,1724133865212,999,900,1200,1200,1100,800,800,4521,875,880,800,800,1000,873,800,878,800,898,860,872,882,800,886,800,896,860,800,800,800,800,900,800,0,0,0,0,0,0,0,0,0,0,0,0,0,0,0,0,0,0,0,0,0,0,0,0,0,0,0,0,0,0,100,0,0,258201.88262939453,52655.197509765625,0,67221336064,8589930496,35949592576,354729984
200,1724133865412,999,900,1200,1200,1100,800,800,4521,875,880,800,800,1000,873,800,878,800,898,860,872,882,800,886,800,896,860,800,800,800,800,900,800,0,0,0,0,0,0,0,0,0,0,0,0,0,0,0,0,0,0,0,0,0,0,0,0,0,0,0,0,0,0,100,0,0,258213.11657714844,52664.708251953125,0,67221336064,8589930496,36056940544,354729984
200,1724133865612,999,900,1200,1200,1100,800,800,4521,875,880,800,800,1000,873,800,878,800,898,860,872,882,800,886,800,896,860,800,800,800,800,900,800,0,0,0,0,0,0,0,0,0,0,0,0,0,0,0,0,0,0,0,0,0,0,0,0,0,0,0,0,0,0,100,0,0,258224.3471069336,52674.22180175781,0,67221336064,8589930496,36156030976,354729984
200,1724133865812,999,900,1200,1200,1100,800,800,4521,875,880,800,800,1000,873,800,878,800,898,860,872,882,800,886,800,896,860,800,800,800,800,900,800,0,0,0,0,0,0,0,0,0,0,0,0,0,0,0,0,0,0,0,0,0,0,0,0,0,0,0,0,0,0,100,0,0,258235.58764648438,52683.747497558594,0,67221336064,8589930496,36262346752,354729984
200,1724133866012,999,900,1200,1200,1100,800,800,4521,875,880,800,800,1000,873,800,878,800,898,860,872,882,800,886,800,896,860,800,800,800,800,900,800,0,0,0,0,0,0,0,0,0,0,0,0,0,0,0,0,0,0,0,0,0,0,0,0,0,0,0,0,0,0,100,0,0,258246.92224121094,52693.36633300781,0,67221336064,8589930496,36361437184,354729984
200,1724133866212,999,900,1200,1200,1100,800,800,4521,875,880,800,800,1000,873,800,878,800,898,860,872,882,800,886,800,896,860,800,800,800,800,900,800,0,0,0,0,0,0,0,0,0,0,0,0,0,0,0,0,0,0,0,0,0,0,0,0,0,0,0,0,0,0,100,0,0,258258.1026611328,52702.847106933594,0,67221336064,8589930496,36467752960,354729984
200,1724133866412,999,900,1200,1200,1100,800,800,4521,875,880,800,800,1000,873,800,878,800,898,860,872,882,800,886,800,896,860,800,800,800,800,900,800,0,0,0,0,0,0,0,0,0,0,0,0,0,0,0,0,0,0,0,0,0,0,0,0,0,0,0,0,0,0,100,0,0,258269.44482421875,52712.47442626953,0,67221336064,8589930496,36575100928,354729984
200,1724133866612,999,900,1200,1200,1100,800,800,4521,875,880,800,800,1000,873,800,878,800,898,860,872,882,800,886,800,896,860,800,800,800,800,900,800,0,0,0,0,0,0,0,0,0,0,0,0,0,0,0,0,0,0,0,0,0,0,0,0,0,0,0,0,0,0,100,0,0,258280.6000366211,52721.923278808594,0,67221336064,8589930496,36673675264,354729984
200,1724133866812,999,900,1200,1200,1100,800,800,4521,875,880,800,800,1000,873,800,878,800,898,860,872,882,800,886,800,896,860,800,800,800,800,900,800,0,0,0,0,0,0,0,0,0,0,0,0,0,0,0,0,0,0,0,0,0,0,0,0,0,0,0,0,0,0,100,0,0,258292.0867919922,52731.695861816406,0,67221336064,8589930496,36781023232,354729984
200,1724133867013,999,900,1200,1200,1100,800,800,4521,875,880,800,800,1000,873,800,878,800,898,860,872,882,800,886,800,896,860,800,800,800,800,900,800,0,0,0,0,0,0,0,0,0,0,0,0,0,0,0,0,0,0,0,0,0,0,0,0,0,0,0,0,0,0,100,0,0,258303.65502929688,52741.47296142578,0,67221336064,8589930496,36880113664,354729984
200,1724133867213,999,900,1200,1200,1100,800,800,4521,875,880,800,800,1000,873,800,878,800,898,860,872,882,800,886,800,896,860,800,800,800,800,900,800,0,0,0,0,0,0,0,0,0,0,0,0,0,0,0,0,0,0,0,0,0,0,0,0,0,0,0,0,0,0,100,0,0,258314.82098388672,52750.990173339844,0,67221336064,8589930496,36987461632,354729984
200,1724133867413,999,900,1200,1200,1100,800,800,4521,875,880,800,800,1000,873,800,878,800,898,860,872,882,800,886,800,896,860,800,800,800,800,900,800,0,0,0,0,0,0,0,0,0,0,0,0,0,0,0,0,0,0,0,0,0,0,0,0,0,0,0,0,0,0,100,0,0,258325.99584960938,52760.453186035156,0,67221336064,8589930496,37086552064,354729984
200,1724133867613,999,900,1200,1200,1100,800,800,4521,875,880,800,800,1000,873,800,878,800,898,860,872,882,800,886,800,896,860,800,800,800,800,900,800,0,0,0,0,0,0,0,0,0,0,0,0,0,0,0,0,0,0,0,0,0,0,0,0,0,0,0,0,0,0,100,0,0,258337.20794677734,52769.94812011719,0,67221336064,8589930496,37193900032,354729984
200,1724133867813,999,900,1200,1200,1100,800,800,4521,875,880,800,800,1000,873,800,878,800,898,860,872,882,800,886,800,896,860,800,800,800,800,900,800,0,0,0,0,0,0,0,0,0,0,0,0,0,0,0,0,0,0,0,0,0,0,0,0,0,0,0,0,0,0,100,0,0,258348.4422607422,52779.45959472656,0,67221336064,8589930496,37292990464,354729984
200,1724133868013,999,900,1200,1200,1100,800,800,4521,875,880,800,800,1000,873,800,878,800,898,860,872,882,800,886,800,896,860,800,800,800,800,900,800,0,0,0,0,0,0,0,0,0,0,0,0,0,0,0,0,0,0,0,0,0,0,0,0,0,0,0,0,0,0,100,0,0,258359.59985351563,52788.91076660156,0,67221336064,8589930496,37400338432,354729984
200,1724133868213,999,900,1200,1200,1100,800,800,4521,875,880,800,800,1000,873,800,878,800,898,860,872,882,800,886,800,896,860,800,800,800,800,900,800,0,0,0,0,0,0,0,0,0,0,0,0,0,0,0,0,0,0,0,0,0,0,0,0,0,0,0,0,0,0,100,0,0,258370.82873535156,52798.42218017578,0,67221336064,8589930496,37499428864,354729984
200,1724133868413,999,900,1200,1200,1100,800,800,4521,875,880,800,800,1000,873,800,878,800,898,860,872,882,800,886,800,896,860,800,800,800,800,900,800,0,0,0,0,0,0,0,0,0,0,0,0,0,0,0,0,0,0,0,0,0,0,0,0,0,0,0,0,0,0,100,0,0,258382.06439208984,52807.943359375,0,67221336064,8589930496,37606776832,354729984
200,1724133868613,999,900,1200,1200,1100,800,800,4521,875,880,800,800,1000,873,800,878,800,898,860,872,882,800,886,800,896,860,800,800,800,800,900,800,0,0,0,0,0,0,0,0,0,0,0,0,0,0,0,0,0,0,0,0,0,0,0,0,0,0,0,0,0,0,100,0,0,258393.26391601563,52817.42443847656,0,67221336064,8589930496,37705867264,354729984
200,1724133868813,999,900,1200,1200,1100,800,800,4521,875,880,800,800,1000,873,800,878,800,898,860,872,882,800,886,800,896,860,800,800,800,800,900,800,0,0,0,0,0,0,0,0,0,0,0,0,0,0,0,0,0,0,0,0,0,0,0,0,0,0,0,0,0,0,100,0,0,258404.5213623047,52826.953674316406,0,67221336064,8589930496,37812183040,354729984
200,1724133869014,999,900,1200,1200,1100,800,800,4521,875,880,800,800,1000,873,800,878,800,898,860,872,882,800,886,800,896,860,800,800,800,800,900,800,0,0,0,0,0,0,0,0,0,0,0,0,0,0,0,0,0,0,0,0,0,0,0,0,0,0,0,0,0,0,100,0,0,258415.69897460938,52836.421875,0,67221336064,8589930496,37911273472,354729984
200,1724133869214,999,900,1200,1200,1100,800,800,4521,875,880,800,800,1000,873,800,878,800,898,860,872,882,800,886,800,896,860,800,800,800,800,900,800,0,0,0,0,0,0,0,0,0,0,0,0,0,0,0,0,0,0,0,0,0,0,0,0,0,0,0,0,0,0,100,0,0,258426.93389892578,52845.93328857422,0,67221336064,8589930496,38017589248,354729984
200,1724133869414,999,900,1200,1200,1100,800,800,4521,875,880,800,800,1000,873,800,878,800,898,860,872,882,800,886,800,896,860,800,800,800,800,900,800,0,0,0,0,0,0,0,0,0,0,0,0,0,0,0,0,0,0,0,0,0,0,0,0,0,0,0,0,0,0,100,0,0,258438.19311523438,52855.47021484375,0,67221336064,8589930496,38115647488,354729984
200,1724133869614,999,900,1200,1200,1100,800,800,4521,875,880,800,800,1000,873,800,878,800,898,860,872,882,800,886,800,896,860,800,800,800,800,900,800,0,0,0,0,0,0,0,0,0,0,0,0,0,0,0,0,0,0,0,0,0,0,0,0,0,0,0,0,0,0,100,0,0,258449.38745117188,52864.94659423828,0,67221336064,8589930496,38222995456,354729984
200,1724133869814,999,900,1200,1200,1100,800,800,4521,875,880,800,800,1000,873,800,878,800,898,860,872,882,800,886,800,896,860,800,800,800,800,900,800,0,0,0,0,0,0,0,0,0,0,0,0,0,0,0,0,0,0,0,0,0,0,0,0,0,0,0,0,0,0,100,0,0,258460.72021484375,52874.55938720703,0,67221336064,8589930496,38322085888,354729984
200,1724133870014,999,900,1200,1200,1100,800,800,4521,875,880,800,800,1000,873,800,878,800,898,860,872,882,800,886,800,896,860,800,800,800,800,900,800,0,0,0,0,0,0,0,0,0,0,0,0,0,0,0,0,0,0,0,0,0,0,0,0,0,0,0,0,0,0,100,0,0,258472.05487060547,52884.17889404297,0,67221336064,8589930496,38429433856,354729984
200,1724133870214,999,900,1200,1200,1100,800,800,4521,875,880,800,800,1000,873,800,878,800,898,860,872,882,800,886,800,896,860,800,800,800,800,900,800,0,0,0,0,0,0,0,0,0,0,0,0,0,0,0,0,0,0,0,0,0,0,0,0,0,0,0,0,0,0,100,0,0,258483.2860107422,52893.693298339844,0,67221336064,8589930496,38528008192,354729984
200,1724133870414,999,900,1200,1200,1100,800,800,4521,875,880,800,800,1000,873,800,878,800,898,860,872,882,800,886,800,896,860,800,800,800,800,900,800,0,0,0,0,0,0,0,0,0,0,0,0,0,0,0,0,0,0,0,0,0,0,0,0,0,0,0,0,0,0,100,0,0,258494.48040771484,52903.1796875,0,67221336064,8589930496,38635356160,354729984
200,1724133870614,999,900,1200,1200,1100,800,800,4521,875,880,800,800,1000,873,800,878,800,898,860,872,882,800,886,800,896,860,800,800,800,800,900,800,0,0,0,0,0,0,0,0,0,0,0,0,0,0,0,0,0,0,0,0,0,0,0,0,0,0,0,0,0,0,100,0,0,258505.73889160156,52912.63739013672,0,67221336064,8589930496,38734446592,354729984
200,1724133870814,999,900,1200,1200,1100,800,800,4521,875,880,800,800,1000,873,800,878,800,898,860,872,882,800,886,800,896,860,800,800,800,800,900,800,0,0,0,0,0,0,0,0,0,0,0,0,0,0,0,0,0,0,0,0,0,0,0,0,0,0,0,0,0,0,100,0,0,258516.8882446289,52922.153076171875,0,67221336064,8589930496,38841794560,354729984
200,1724133871015,999,900,1200,1200,1100,800,800,4521,875,880,800,800,1000,873,800,878,800,898,860,872,882,800,886,800,896,860,800,800,800,800,900,800,0,0,0,0,0,0,0,0,0,0,0,0,0,0,0,0,0,0,0,0,0,0,0,0,0,0,0,0,0,0,100,0,0,258528.1332397461,52931.672790527344,0,67221336064,8589930496,38940626944,354729984
200,1724133871215,999,900,1200,1200,1100,800,800,4521,875,880,800,800,1000,873,800,878,800,898,860,872,882,800,886,800,896,860,800,800,800,800,900,800,0,0,0,0,0,0,0,0,0,0,0,0,0,0,0,0,0,0,0,0,0,0,0,0,0,0,0,0,0,0,100,0,0,258539.3423461914,52941.162841796875,0,67221336064,8589930496,39046942720,354729984
200,1724133871415,999,900,1200,1200,1100,800,800,4521,875,880,800,800,1000,873,800,878,800,898,860,872,882,800,886,800,896,860,800,800,800,800,900,800,0,0,0,0,0,0,0,0,0,0,0,0,0,0,0,0,0,0,0,0,0,0,0,0,0,0,0,0,0,0,100,0,0,258550.53186035156,52950.64465332031,0,67221336064,8589930496,39154290688,354729984
200,1724133871615,999,900,1200,1200,1100,800,800,4521,875,880,800,800,1000,873,800,878,800,898,860,872,882,800,886,800,896,860,800,800,800,800,900,800,0,0,0,0,0,0,0,0,0,0,0,0,0,0,0,0,0,0,0,0,0,0,0,0,0,0,0,0,0,0,100,0,0,258561.70794677734,52960.10498046875,0,67221336064,8589930496,39253381120,354729984
200,1724133871815,999,900,1200,1200,1100,800,800,4521,875,880,800,800,1000,873,800,878,800,898,860,872,882,800,886,800,896,860,800,800,800,800,900,800,0,0,0,4.761904716491699,0,0,0,0,0,0,0,0,0,0,0,0,0,0,0,0,0,0,0,0,0,0,0,0,0,0,100,0,0,258573.06768798828,52969.73974609375,0,67221336064,8589930496,39359696896,354729984
200,1724133872015,999,900,1200,1200,1100,800,800,4521,875,880,800,800,1000,873,800,878,800,898,860,872,882,800,886,800,896,860,800,800,800,800,900,800,0,0,0,0,0,0,0,0,0,0,0,0,0,0,0,0,0,0,0,0,0,0,0,0,0,0,0,0,0,0,100,0,0,258584.2759399414,52979.23181152344,0,67221336064,8589930496,39458271232,354729984
200,1724133872215,999,900,1200,1200,1100,800,800,4521,875,880,800,800,1000,873,800,878,800,898,860,872,882,800,886,800,896,860,800,800,800,800,900,800,0,0,0,0,0,0,0,0,0,0,0,0,0,0,0,0,0,0,0,0,0,0,0,0,0,0,0,0,0,0,100,0,0,258595.4561767578,52988.70556640625,0,67221336064,8589930496,39565619200,354729984
200,1724133872415,999,900,1200,1200,1100,800,800,4521,875,880,800,800,1000,873,800,878,800,898,860,872,882,800,886,800,896,860,800,800,800,800,900,800,0,0,0,0,0,0,0,0,0,0,0,0,0,0,0,0,0,0,0,0,0,0,0,0,0,0,0,0,0,0,100,0,0,258606.73669433594,52998.268981933594,0,67221336064,8589930496,39664193536,354729984
200,1724133872615,999,900,1200,1200,1100,800,800,4521,875,880,800,800,1000,873,800,878,800,898,860,872,882,800,886,800,896,860,800,800,800,800,900,800,0,0,0,0,0,0,0,0,0,0,0,0,0,0,0,0,0,0,0,0,0,0,0,0,0,0,0,0,0,0,100,0,0,258617.9404296875,53007.759765625,0,67221336064,8589930496,39771541504,354729984
200,1724133872815,999,900,1200,1200,1100,800,800,4521,875,880,800,800,1000,873,800,878,800,898,860,872,882,800,886,800,896,860,800,800,800,800,900,800,0,0,0,0,0,0,0,0,0,0,0,0,0,0,0,0,0,0,0,0,0,0,0,0,0,0,0,0,0,0,100,0,0,258629.140625,53017.250244140625,0,67221336064,8589930496,39878889472,354729984
200,1724133873016,999,900,1200,1200,1100,800,800,4521,875,880,800,800,1000,873,800,878,800,898,860,872,882,800,886,800,896,860,800,800,800,800,900,800,0,0,0,0,0,0,0,0,0,0,0,0,0,0,0,0,0,0,0,0,0,0,0,0,0,0,0,0,0,0,100,0,0,258640.41046142578,53026.80303955078,0,67221336064,8589930496,39985205248,354729984
200,1724133873216,999,900,1200,1200,1100,800,800,4521,875,880,800,800,1000,873,800,878,800,898,860,872,882,800,886,800,896,860,800,800,800,800,900,800,0,0,0,0,0,0,0,0,0,0,0,0,0,0,0,0,0,0,0,0,0,0,0,0,0,0,0,0,0,0,100,0,0,258651.62274169922,53036.30975341797,0,67221336064,8589930496,40084037632,354729984
200,1724133873416,999,900,1200,1200,1100,800,800,4521,875,880,800,800,1000,873,800,878,800,898,860,872,882,800,886,800,896,860,800,800,800,800,900,800,0,0,0,0,0,0,0,0,0,0,0,0,0,0,0,0,0,0,0,0,0,0,0,0,0,0,0,0,0,0,100,0,0,258662.7958984375,53045.783447265625,0,67221336064,8589930496,40190353408,354729984
200,1724133873616,999,900,1200,1200,1100,800,800,4521,875,880,800,800,1000,873,800,878,800,898,860,872,882,800,886,800,896,860,800,800,800,800,900,800,0,0,0,0,0,0,0,0,0,0,0,0,0,0,0,0,0,0,0,0,0,0,0,0,0,0,0,0,0,0,100,0,0,258674.04943847656,53055.32781982422,0,67221336064,8589930496,40297701376,354729984
200,1724133873816,999,900,1200,1200,1100,800,800,4521,875,880,800,800,1000,873,800,878,800,898,860,872,882,800,886,800,896,860,800,800,800,800,900,800,0,0,0,0,0,0,0,0,0,0,0,0,0,0,0,0,0,0,0,0,0,0,0,0,0,0,0,0,0,0,100,0,0,258685.2166748047,53064.78759765625,0,67221336064,8589930496,40396791808,354729984
200,1724133874016,999,900,1200,1200,1100,800,800,4521,875,880,800,800,1000,873,800,878,800,898,860,872,882,800,886,800,896,860,800,800,800,800,900,800,0,0,0,0,0,0,0,0,0,0,0,0,0,0,0,0,0,0,0,0,0,0,0,0,0,0,0,0,0,0,100,0,0,258696.46563720703,53074.32043457031,0,67221336064,8589930496,40503107584,354729984
200,1724133874216,999,900,1200,1200,1100,800,800,4521,875,880,800,800,1000,873,800,878,800,898,860,872,882,800,886,800,896,860,800,800,800,800,900,800,0,0,0,0,0,0,0,0,0,0,0,0,0,0,0,0,0,0,0,0,0,0,0,0,0,0,0,0,0,0,100,0,0,258707.7222290039,53083.867736816406,0,67221336064,8589930496,40602198016,354729984
200,1724133874416,999,900,1200,1200,1100,800,800,4521,875,880,800,800,1000,873,800,878,800,898,860,872,882,800,886,800,896,860,800,800,800,800,900,800,0,0,0,0,0,0,0,0,0,0,0,0,0,0,0,0,0,0,0,0,0,0,0,0,0,0,0,0,0,0,100,0,0,258718.9395751953,53093.370849609375,0,67221336064,8589930496,40709545984,354729984
200,1724133874616,999,900,1200,1200,1100,800,800,4521,875,880,800,800,1000,873,800,878,800,898,860,872,882,800,886,800,896,860,800,800,800,800,900,800,0,0,0,0,0,0,0,0,0,0,0,0,0,0,0,0,0,0,0,0,0,0,0,0,0,0,0,0,0,0,100,0,0,258730.13299560547,53102.854553222656,0,67221336064,8589930496,40808636416,354729984
200,1724133874816,999,900,1200,1200,1100,800,800,4521,875,880,800,800,1000,873,800,878,800,898,860,872,882,800,886,800,896,860,800,800,800,800,900,800,0,0,0,0,0,0,0,0,0,0,0,0,0,0,0,0,0,0,0,0,0,0,0,0,0,0,0,0,0,0,100,0,0,258741.3514404297,53112.364013671875,0,67221336064,8589930496,40915984384,354729984
200,1724133875017,999,900,1200,1200,1100,800,800,4521,875,880,800,800,1000,873,800,878,800,898,860,872,882,800,886,800,896,860,800,800,800,800,900,800,0,0,0,0,0,0,0,0,0,0,0,0,0,0,0,0,0,0,0,0,0,0,0,0,0,0,0,0,0,0,100,0,0,258752.5704345703,53121.87316894531,0,67221336064,8589930496,41014558720,354729984
200,1724133875217,999,900,1200,1200,1100,800,800,4521,875,880,800,800,1000,873,800,878,800,898,860,872,882,800,886,800,896,860,800,800,800,800,900,800,0,0,0,0,0,0,0,0,0,0,0,0,0,0,0,0,0,0,0,0,0,0,0,0,0,0,0,0,0,0,100,0,0,258763.75134277344,53131.344482421875,0,67221336064,8589930496,41121906688,354729984
200,1724133875417,999,900,1200,1200,1100,800,800,4521,875,880,800,800,1000,873,800,878,800,898,860,872,882,800,886,800,896,860,800,800,800,800,900,800,0,0,0,0,0,0,0,0,0,0,0,0,0,0,0,0,0,0,0,0,0,0,0,0,0,0,0,0,0,0,100,0,0,258774.9751586914,53140.85955810547,0,67221336064,8589930496,41219964928,354729984
200,1724133875617,999,900,1200,1200,1100,800,800,4521,875,880,800,800,1000,873,800,878,800,898,860,872,882,800,886,800,896,860,800,800,800,800,900,800,0,0,0,0,0,0,0,0,0,0,0,0,0,0,0,0,0,0,0,0,0,0,0,0,0,0,0,0,0,0,100,0,0,258786.1576538086,53150.338928222656,0,67221336064,8589930496,41327312896,354729984
200,1724133875817,999,900,1200,1200,1100,800,800,4521,875,880,800,800,1000,873,800,878,800,898,860,872,882,800,886,800,896,860,800,800,800,800,900,800,0,0,0,0,0,0,0,0,0,0,0,0,0,0,0,0,0,0,0,0,0,0,0,0,0,0,0,0,0,0,100,0,0,258797.44635009766,53159.914978027344,0,67221336064,8589930496,41425371136,354729984
200,1724133876017,999,900,1200,1200,1100,800,800,4521,875,880,800,800,1000,873,800,878,800,898,860,872,882,800,886,800,896,860,800,800,800,800,900,800,0,0,0,0,0,0,0,0,0,0,0,0,0,0,0,0,0,0,0,0,0,0,0,0,0,0,0,0,0,0,100,0,0,258808.69140625,53169.44854736328,0,67221336064,8589930496,41531686912,354729984
200,1724133876217,999,900,1200,1200,1100,800,800,4521,875,880,800,800,1000,873,800,878,800,898,860,872,882,800,886,800,896,860,800,800,800,800,900,800,0,0,0,0,0,0,0,0,0,0,0,0,0,0,0,0,0,0,0,0,0,0,0,0,0,0,0,0,0,0,100,0,0,258819.93188476563,53178.976013183594,0,67221336064,8589930496,41639034880,354729984
200,1724133876417,999,900,1200,1200,1100,800,800,4521,875,880,800,800,1000,873,800,878,800,898,860,872,882,800,886,800,896,860,800,800,800,800,900,800,0,0,0,0,0,0,0,0,0,0,0,0,0,0,0,0,0,0,0,0,0,0,0,0,0,0,0,0,0,0,100,0,0,258831.21905517578,53188.551696777344,0,67221336064,8589930496,41738125312,354729984
200,1724133876617,999,900,1200,1200,1100,800,800,4521,875,880,800,800,1000,873,800,878,800,898,860,872,882,800,886,800,896,860,800,800,800,800,900,800,0,0,0,0,0,0,0,0,0,0,0,0,0,0,0,0,0,0,0,0,0,0,0,0,0,0,0,0,0,0,100,0,0,258842.43768310547,53198.05792236328,0,67221336064,8589930496,41845473280,354729984
200,1724133876817,999,900,1200,1200,1100,800,800,4521,875,880,800,800,1000,873,800,878,800,898,860,872,882,800,886,800,896,860,800,800,800,800,900,800,0,0,0,0,0,0,0,0,0,0,0,0,0,0,0,0,0,0,0,0,0,0,0,0,0,0,0,0,0,0,100,0,0,258853.73236083984,53207.64392089844,0,67221336064,8589930496,41944563712,354729984
200,1724133877018,999,900,1200,1200,1100,800,800,4521,875,880,800,800,1000,873,800,878,800,898,860,872,882,800,886,800,896,860,800,800,800,800,900,800,0,0,0,0,0,0,0,0,0,0,0,0,0,0,0,0,0,0,0,0,0,0,0,0,0,0,0,0,0,0,100,0,0,258864.9945678711,53217.183166503906,0,67221336064,8589930496,42051911680,354729984
200,1724133877218,999,900,1200,1200,1100,800,800,4521,875,880,800,800,1000,873,800,878,800,898,860,872,882,800,886,800,896,860,800,800,800,800,900,800,0,0,0,0,0,0,0,0,0,0,0,0,0,0,0,0,0,0,0,0,0,0,0,0,0,0,0,0,0,0,100,0,0,258876.28771972656,53226.76104736328,0,67221336064,8589930496,42151002112,354729984
200,1724133877418,999,900,1200,1200,1100,800,800,4521,875,880,800,800,1000,873,800,878,800,898,860,872,882,800,886,800,896,860,800,800,800,800,900,800,0,0,0,0,0,0,0,0,0,0,0,0,0,0,0,0,0,0,0,0,0,0,0,0,0,0,0,0,0,0,100,0,0,258887.49572753906,53236.255798339844,0,67221336064,8589930496,42258350080,354729984
200,1724133877618,999,900,1200,1200,1100,800,800,4521,875,880,800,800,1000,873,800,878,800,898,860,872,882,800,886,800,896,860,800,800,800,800,900,800,0,0,0,0,0,0,0,0,0,0,0,0,0,0,0,0,0,0,0,0,0,0,0,0,0,0,0,0,0,0,100,0,0,258898.69732666016,53245.74694824219,0,67221336064,8589930496,42357440512,354729984
200,1724133877818,999,900,1200,1200,1100,800,800,4521,875,880,800,800,1000,873,800,878,800,898,860,872,882,800,886,800,896,860,800,800,800,800,900,800,0,0,0,0,0,0,0,0,0,0,0,0,0,0,0,0,0,0,0,0,0,0,0,0,0,0,0,0,0,0,100,0,0,258909.947265625,53255.28594970703,0,67221336064,8589930496,42464788480,354729984
200,1724133878018,999,900,1200,1200,1100,800,800,4521,875,880,800,800,1000,873,800,878,800,898,860,872,882,800,886,800,896,860,800,800,800,800,900,800,0,0,0,0,0,0,0,0,0,0,0,0,0,0,0,0,0,0,0,0,0,0,0,0,0,0,0,0,0,0,100,0,0,258921.19653320313,53264.82354736328,0,67221336064,8589930496,42563878912,354729984
200,1724133878218,999,900,1200,1200,1100,800,800,4521,875,880,800,800,1000,873,800,878,800,898,860,872,882,800,886,800,896,860,800,800,800,800,900,800,0,0,0,0,0,0,0,0,0,0,0,0,0,0,0,0,0,0,0,0,0,0,0,0,0,0,4.761904716491699,0,0,0,100,0,0,258932.4022216797,53274.314208984375,0,67221336064,8589930496,42669162496,354729984
200,1724133878418,999,900,1200,1200,1100,800,800,4521,875,880,800,800,1000,873,800,878,800,898,860,872,882,800,886,800,896,860,800,800,800,800,900,800,0,0,0,0,0,0,0,0,0,0,0,0,0,0,0,0,0,0,0,0,0,0,0,0,0,0,0,0,0,0,100,0,0,258943.5830078125,53283.786376953125,0,67221336064,8589930496,42768252928,354729984
200,1724133878618,999,900,1200,1200,1100,800,800,4521,875,880,800,800,1000,873,800,878,800,898,860,872,882,800,886,800,896,860,800,800,800,800,900,800,0,0,0,0,0,0,0,0,0,0,0,0,0,0,0,0,0,0,0,0,0,0,0,0,0,0,0,0,0,0,100,0,0,258954.79718017578,53293.29132080078,0,67221336064,8589930496,42875600896,354729984
200,1724133878818,999,900,1200,1200,1100,800,800,4521,875,880,800,800,1000,873,800,878,800,898,860,872,882,800,886,800,896,860,800,800,800,800,900,800,0,0,0,0,0,0,0,0,0,0,0,0,0,0,0,0,0,0,0,0,0,0,0,0,0,0,0,0,0,0,100,0,0,258965.97979736328,53302.763244628906,0,67221336064,8589930496,42974691328,354729984
200,1724133879019,999,900,1200,1200,1100,800,800,4521,875,880,800,800,1000,873,800,878,800,898,860,872,882,800,886,800,896,860,800,800,800,800,900,800,0,0,0,0,0,0,0,0,0,0,0,0,0,0,0,0,0,0,0,0,0,0,0,0,0,0,0,0,0,0,100,0,0,258977.22369384766,53312.294982910156,0,67221336064,8589930496,43082039296,354729984
200,1724133879219,999,900,1200,1200,1100,800,800,4521,875,880,800,800,1000,873,800,878,800,898,860,872,882,800,886,800,896,860,800,800,800,800,900,800,0,0,0,0,0,0,0,0,0,0,0,0,0,0,0,0,0,0,0,0,0,0,0,0,0,0,0,0,0,0,100,0,0,258988.42120361328,53321.78479003906,0,67221336064,8589930496,43183194112,354729984
200,1724133879419,999,900,1200,1200,1100,800,800,4521,875,880,800,800,1000,873,800,878,800,898,860,872,882,800,886,800,896,860,800,800,800,800,900,800,0,0,0,0,0,0,0,0,0,0,0,0,0,0,0,0,0,0,0,0,0,0,0,0,0,0,0,0,0,0,100,0,0,258999.6514892578,53331.30712890625,0,67221336064,8589930496,43290542080,354729984
200,1724133879619,999,900,1200,1200,1100,800,800,4521,875,880,800,800,1000,873,800,878,800,898,860,872,882,800,886,800,896,860,800,800,800,800,900,800,0,0,0,0,0,0,0,0,0,0,0,0,0,0,0,0,0,0,0,0,0,0,0,0,0,0,0,0,0,0,100,0,0,259010.8955078125,53340.80438232422,0,67221336064,8589930496,43389632512,354729984
200,1724133879819,999,900,1200,1200,1100,800,800,4521,875,880,800,800,1000,873,800,878,800,898,860,872,882,800,886,800,896,860,800,800,800,800,900,800,0,0,0,0,0,0,0,0,0,0,0,0,0,0,0,0,0,0,0,0,0,0,0,0,0,0,0,0,0,0,100,0,0,259022.0961303711,53350.33673095703,0,67221336064,8589930496,43496980480,354729984
200,1724133880019,999,900,1200,1200,1100,800,800,4521,875,880,800,800,1000,873,800,878,800,898,860,872,882,800,886,800,896,860,800,800,800,800,900,800,0,0,0,0,0,0,0,0,0,0,0,0,0,0,0,0,0,0,0,0,0,0,0,0,0,0,0,0,0,0,100,0,0,259033.3817138672,53359.905212402344,0,67221336064,8589930496,43596070912,354729984
200,1724133880219,999,900,1200,1200,1100,800,800,4521,875,880,800,800,1000,873,800,878,800,898,860,872,882,800,886,800,896,860,800,800,800,800,900,800,0,0,0,0,0,0,0,0,0,0,0,0,0,0,0,0,0,0,0,0,0,0,0,0,0,0,0,0,0,0,100,0,0,259044.52514648438,53369.345703125,0,67221336064,8589930496,43701354496,354729984
200,1724133880419,999,900,1200,1200,1100,800,800,4521,875,880,800,800,1000,873,800,878,800,898,860,872,882,800,886,800,896,860,800,800,800,800,900,800,0,0,0,0,0,0,0,0,0,0,0,0,0,0,0,0,0,0,0,0,0,0,0,0,0,0,0,0,0,0,100,0,0,259055.94024658203,53379.05187988281,0,67221336064,8589930496,43800444928,354729984
200,1724133880619,999,900,1200,1200,1100,800,800,4521,875,880,800,800,1000,873,800,878,800,898,860,872,882,800,886,800,896,860,800,800,800,800,900,800,0,0,0,0,0,0,0,0,0,0,0,0,0,0,0,0,0,0,0,0,0,0,0,0,0,0,0,0,0,0,100,0,0,259067.18634033203,53388.581481933594,0,67221336064,8589930496,43907792896,354729984
200,1724133880819,999,900,1200,1200,1100,800,800,4521,875,880,800,800,1000,873,800,878,800,898,860,872,882,800,886,800,896,860,800,800,800,800,900,800,0,0,0,0,0,0,0,0,0,0,0,0,0,0,0,0,0,0,0,0,0,0,0,0,0,0,0,0,0,0,100,0,0,259078.55615234375,53398.231689453125,0,67221336064,8589930496,44006883328,354729984
200,1724133881020,999,900,1200,1200,1100,800,800,4521,875,880,800,800,1000,873,800,878,800,898,860,872,882,800,886,800,896,860,800,800,800,800,900,800,0,0,0,0,0,0,0,0,0,0,0,0,0,0,0,0,0,0,0,0,0,0,0,0,0,0,0,0,0,0,100,0,0,259089.86657714844,53407.82666015625,0,67221336064,8589930496,44121456640,354729984
200,1724133881220,999,900,1200,1200,1100,800,800,4521,875,880,800,800,1000,873,800,878,800,898,860,872,882,800,886,800,896,860,800,800,800,800,900,800,0,0,0,0,0,0,0,0,0,0,0,0,0,0,0,0,0,0,0,0,0,0,0,0,0,0,0,0,0,0,100,0,0,259101.15167236328,53417.31970214844,0,67221336064,8589930496,44220547072,354729984
200,1724133881420,999,900,1200,1200,1100,800,800,4521,875,880,800,800,1000,873,800,878,800,898,860,872,882,800,886,800,896,860,800,800,800,800,900,800,0,0,0,0,0,0,0,0,0,0,0,0,0,0,0,0,0,0,0,0,0,0,0,0,0,0,0,0,0,0,100,0,0,259112.36822509766,53426.88562011719,0,67221336064,8589930496,44327378944,354729984
200,1724133881620,999,900,1200,1200,1100,800,800,4521,875,880,800,800,1000,873,800,878,800,898,860,872,882,800,886,800,896,860,800,800,800,800,900,800,0,0,0,0,0,0,0,0,0,0,0,0,0,0,0,0,0,0,0,0,0,0,0,0,0,0,0,0,0,0,100,0,0,259123.6983642578,53436.49365234375,0,67221336064,8589930496,44425437184,354729984
200,1724133881820,999,900,1200,1200,1100,800,800,4521,875,880,800,800,1000,873,800,878,800,898,860,872,882,800,886,800,896,860,800,800,800,800,900,800,0,0,0,0,0,0,0,0,0,0,0,0,0,0,0,0,0,0,0,0,0,0,0,0,0,0,0,0,0,0,100,0,0,259134.89880371094,53445.97967529297,0,67221336064,8589930496,44532785152,354729984
200,1724133882020,999,900,1200,1200,1100,800,800,4521,875,880,800,800,1000,873,800,878,800,898,860,872,882,800,886,800,896,860,800,800,800,800,900,800,0,0,0,0,0,0,0,0,0,0,0,0,0,4.761904716491699,0,0,0,0,0,0,0,0,0,0,0,0,0,0,0,0,100,0,0,259146.26568603516,53455.594482421875,0,67221336064,8589930496,44639100928,354729984
200,1724133882220,999,900,1200,1200,1100,800,800,4521,875,880,800,800,1000,873,800,878,800,898,860,872,882,800,886,800,896,860,800,800,800,800,900,800,0,0,0,0,0,0,0,0,0,0,0,0,0,0,0,0,0,0,0,0,0,0,0,0,0,0,0,0,0,0,100,0,0,259157.42706298828,53465.07647705078,0,67221336064,8589930496,44738191360,354729984
200,1724133882420,999,900,1200,1200,1100,800,800,4521,875,880,800,800,1000,873,800,878,800,898,860,872,882,800,886,800,896,860,800,800,800,800,900,800,0,0,0,0,0,0,0,0,0,0,0,0,0,0,0,0,0,0,0,0,0,0,0,0,0,0,0,0,0,0,100,0,0,259168.7119140625,53474.64392089844,0,67221336064,8589930496,44837765120,354729984
200,1724133882620,999,900,1200,1200,1100,800,800,4521,875,880,800,800,1000,873,800,878,800,898,860,872,882,800,886,800,896,860,800,800,800,800,900,800,0,0,0,0,0,0,0,0,0,0,0,0,0,0,0,0,0,0,0,0,0,0,0,0,0,0,0,0,0,0,100,0,0,259179.9002685547,53484.11828613281,0,67221336064,8589930496,44944855040,354729984
200,1724133882820,999,900,1200,1200,1100,800,800,4521,875,880,800,800,1000,873,800,878,800,898,860,872,882,800,886,800,896,860,800,800,800,800,900,800,0,0,0,0,0,0,0,0,0,0,0,0,0,0,0,0,0,0,0,0,0,0,0,0,0,0,0,0,0,0,100,0,0,259191.13256835938,53493.62780761719,0,67221336064,8589930496,45052203008,354729984
200,1724133883021,999,900,1200,1200,1100,800,800,4521,875,880,800,800,1000,873,800,878,800,898,860,872,882,800,886,800,896,860,800,800,800,800,900,800,0,0,0,0,0,0,0,0,0,0,0,0,0,0,0,0,0,0,0,0,0,0,0,0,0,0,0,0,0,0,100,0,0,259202.49353027344,53503.263916015625,0,67221336064,8589930496,45151293440,354729984
200,1724133883221,999,900,1200,1200,1100,800,800,4521,875,880,800,800,1000,873,800,878,800,898,860,872,882,800,886,800,896,860,800,800,800,800,900,800,0,0,0,0,0,0,0,0,0,0,0,0,0,0,0,0,0,0,0,0,0,0,0,0,0,0,0,0,0,0,100,0,0,259213.7236328125,53512.772888183594,0,67221336064,8589930496,45250383872,354729984
200,1724133883421,999,900,1200,1200,1100,800,800,4521,875,880,800,800,1000,873,800,878,800,898,860,872,882,800,886,800,896,860,800,800,800,800,900,800,0,0,0,0,0,0,0,0,0,0,0,0,0,0,0,0,0,0,0,0,0,0,0,0,0,0,0,0,0,0,100,0,0,259225.04638671875,53522.377990722656,0,67221336064,8589930496,45357731840,354729984
200,1724133883621,999,900,1200,1200,1100,800,800,4521,875,880,800,800,1000,873,800,878,800,898,860,872,882,800,886,800,896,860,800,800,800,800,900,800,0,0,0,0,0,0,0,0,0,0,0,0,0,0,0,0,0,0,0,0,0,0,0,0,0,0,0,0,0,0,100,0,0,259236.19720458984,53531.817932128906,0,67221336064,8589930496,45464047616,354729984
200,1724133883821,999,900,1200,1200,1100,800,800,4521,875,880,800,800,1000,873,800,878,800,898,860,872,882,800,886,800,896,860,800,800,800,800,900,800,0,0,0,0,0,0,0,0,0,0,0,0,0,0,0,0,0,0,0,0,0,0,0,0,0,0,0,0,0,0,100,0,0,259247.45251464844,53541.354553222656,0,67221336064,8589930496,45562105856,354729984
200,1724133884021,999,900,1200,1200,1100,800,800,4521,875,880,800,800,1000,873,800,878,800,898,860,872,882,800,886,800,896,860,800,800,800,800,900,800,0,0,0,0,0,0,0,0,0,0,0,0,0,0,0,0,0,0,0,0,0,0,0,0,0,0,0,0,0,0,100,0,0,259258.69659423828,53550.852783203125,0,67221336064,8589930496,45669453824,354729984
200,1724133884221,999,900,1200,1200,1100,800,800,4521,875,880,800,800,1000,873,800,878,800,898,860,872,882,800,886,800,896,860,800,800,800,800,900,800,0,0,0,0,0,0,0,0,0,0,0,0,0,0,0,0,0,0,0,0,0,0,0,0,0,0,0,0,0,0,100,0,0,259269.89727783203,53560.36437988281,0,67221336064,8589930496,45768544256,354729984
200,1724133884421,999,900,1200,1200,1100,800,800,4521,875,880,800,800,1000,873,800,878,800,898,860,872,882,800,886,800,896,860,800,800,800,800,900,800,0,0,0,0,0,0,0,0,0,0,0,0,0,0,0,0,0,0,0,0,0,0,0,0,0,0,0,0,0,0,100,0,0,259281.25750732422,53570.010192871094,0,67221336064,8589930496,45875376128,354729984
200,1724133884621,999,900,1200,1200,1100,800,800,4521,875,880,800,800,1000,873,800,878,800,898,860,872,882,800,886,800,896,860,800,800,800,800,900,800,0,0,0,0,0,0,0,0,0,0,0,0,0,0,0,0,0,0,0,0,0,0,0,0,0,0,0,0,0,0,100,0,0,259292.46905517578,53579.50451660156,0,67221336064,8589930496,45973950464,354729984
200,1724133884821,999,900,1200,1200,1100,800,800,4521,875,880,800,800,1000,873,800,878,800,898,860,872,882,800,886,800,896,860,800,800,800,800,900,800,0,0,0,0,0,0,0,0,0,0,0,0,0,0,0,0,0,0,0,0,0,0,0,0,0,0,0,0,0,0,100,0,0,259303.7264404297,53589.04455566406,0,67221336064,8589930496,46081298432,354729984
200,1724133885022,999,900,1200,1200,1100,800,800,4521,875,880,800,800,1000,873,800,878,800,898,860,872,882,800,886,800,896,860,800,800,800,800,900,800,0,0,0,0,0,0,0,0,0,0,0,0,0,0,0,0,0,0,0,0,0,0,0,0,0,0,0,0,0,0,100,0,0,259315.02807617188,53598.55810546875,0,67221336064,8589930496,46180388864,354729984
200,1724133885222,999,900,1200,1200,1100,800,800,4521,875,880,800,800,1000,873,800,878,800,898,860,872,882,800,886,800,896,860,800,800,800,800,900,800,0,0,0,0,0,0,0,0,0,0,0,0,0,0,0,0,0,0,0,0,0,0,0,0,0,0,0,0,0,0,100,0,0,259326.25653076172,53608.128845214844,0,67221336064,8589930496,46287736832,354729984
200,1724133885422,999,900,1200,1200,1100,800,800,4521,875,880,800,800,1000,873,800,878,800,898,860,872,882,800,886,800,896,860,800,800,800,800,900,800,0,0,0,0,0,0,0,0,0,0,0,0,0,0,0,0,0,0,0,0,0,0,0,0,0,0,0,0,0,0,100,0,0,259337.47576904297,53617.62969970703,0,67221336064,8589930496,46386827264,354729984
200,1724133885622,999,900,1200,1200,1100,800,800,4521,875,880,800,800,1000,873,800,878,800,898,860,872,882,800,886,800,896,860,800,800,800,800,900,800,0,0,0,0,0,0,0,0,0,0,0,0,0,0,0,0,0,0,0,0,0,0,0,0,0,0,0,0,0,0,100,0,0,259348.69903564453,53627.131103515625,0,67221336064,8589930496,46494175232,354729984
200,1724133885822,999,900,1200,1200,1100,800,800,4521,875,880,800,800,1000,873,800,878,800,898,860,872,882,800,886,800,896,860,800,800,800,800,900,800,0,0,0,0,0,0,0,0,0,0,0,0,0,0,0,0,0,0,0,0,0,0,0,0,0,0,0,0,0,0,100,0,0,259359.95471191406,53636.66796875,0,67221336064,8589930496,46592749568,354729984
200,1724133886022,999,900,1200,1200,1100,800,800,4521,875,880,800,800,1000,873,800,878,800,898,860,872,882,800,886,800,896,860,800,800,800,800,900,800,0,0,0,0,0,0,0,0,0,0,0,0,0,0,0,0,0,0,0,0,0,0,0,0,0,0,0,0,0,0,100,0,0,259371.23413085938,53646.23486328125,0,67221336064,8589930496,46700097536,354729984
200,1724133886222,999,900,1200,1200,1100,800,800,4521,875,880,800,800,1000,873,800,878,800,898,860,872,882,800,886,800,896,860,800,800,800,800,900,800,0,0,0,0,0,0,0,0,0,0,0,0,0,0,0,0,0,0,0,0,0,0,0,0,0,0,0,0,0,0,100,0,0,259382.47204589844,53655.75378417969,0,67221336064,8589930496,46799187968,354729984
200,1724133886422,999,900,1200,1200,1100,800,800,4521,875,880,800,800,1000,873,800,878,800,898,860,872,882,800,886,800,896,860,800,800,800,800,900,800,0,0,0,0,0,0,0,0,0,0,0,0,0,0,0,0,0,0,0,0,0,0,0,0,0,0,0,0,0,0,100,0,0,259393.75494384766,53665.31951904297,0,67221336064,8589930496,46906535936,354729984
200,1724133886622,999,900,1200,1200,1100,800,800,4521,875,880,800,800,1000,873,800,878,800,898,860,872,882,800,886,800,896,860,800,800,800,800,900,800,0,0,0,0,0,0,0,0,0,0,0,0,0,0,0,0,0,0,0,0,0,0,0,0,0,0,0,0,0,0,100,0,0,259404.9828491211,53674.83544921875,0,67221336064,8589930496,47005626368,354729984
200,1724133886822,999,900,1200,1200,1100,800,800,4521,875,880,800,800,1000,873,800,878,800,898,860,872,882,800,886,800,896,860,800,800,800,800,900,800,0,0,0,0,0,0,0,0,0,0,0,0,0,0,0,0,0,0,0,0,0,0,0,0,0,0,0,0,0,0,100,0,0,259416.25494384766,53684.39514160156,0,67221336064,8589930496,47112974336,354729984
200,1724133887023,999,900,1200,1200,1100,800,800,4521,875,880,800,800,1000,873,800,878,800,898,860,872,882,800,886,800,896,860,800,800,800,800,900,800,0,0,0,0,0,0,0,0,0,0,0,0,0,0,0,0,0,0,0,0,0,0,0,0,0,0,0,0,0,0,100,0,0,259427.51690673828,53693.94854736328,0,67221336064,8589930496,47212064768,354729984
200,1724133887223,999,900,1200,1200,1100,800,800,4521,875,880,800,800,1000,873,800,878,800,898,860,872,882,800,886,800,896,860,800,800,800,800,900,800,0,0,0,0,0,0,0,0,0,0,0,0,0,0,0,0,0,0,0,0,0,0,0,0,0,0,0,0,0,0,100,0,0,259438.75970458984,53703.482421875,0,67221336064,8589930496,47319412736,354729984
200,1724133887423,999,900,1200,1200,1100,800,800,4521,875,880,800,800,1000,873,800,878,800,898,860,872,882,800,886,800,896,860,800,800,800,800,900,800,0,0,0,0,0,0,0,0,0,0,0,0,0,0,0,0,0,0,0,0,0,0,0,0,0,0,0,0,0,0,100,0,0,259450.0580444336,53713.06311035156,0,67221336064,8589930496,47417470976,354729984
200,1724133887623,999,900,1200,1200,1100,800,800,4521,875,880,800,800,1000,873,800,878,800,898,860,872,882,800,886,800,896,860,800,800,800,800,900,800,0,0,0,0,0,0,0,0,0,0,0,0,0,0,0,0,0,0,0,0,0,0,0,0,0,0,0,0,0,0,100,0,0,259461.3285522461,53722.625732421875,0,67221336064,8589930496,47524818944,354729984
200,1724133887823,999,900,1200,1200,1100,800,800,4521,875,880,800,800,1000,873,800,878,800,898,860,872,882,800,886,800,896,860,800,800,800,800,900,800,0,0,0,0,0,0,0,0,0,0,0,0,0,0,0,0,0,0,0,0,0,0,0,0,0,0,0,0,0,0,100,0,0,259472.58673095703,53732.1767578125,0,67221336064,8589930496,47623909376,354729984
200,1724133888023,999,900,1200,1200,1100,800,800,4521,875,880,800,800,1000,873,800,878,800,898,860,872,882,800,886,800,896,860,800,800,800,800,900,800,0,0,0,0,0,0,0,0,0,0,0,0,0,0,0,0,0,0,0,0,0,0,0,0,0,0,0,0,0,0,100,0,0,259483.8660888672,53741.74334716797,0,67221336064,8589930496,47731257344,354729984
200,1724133888223,999,900,1200,1200,1100,800,800,4521,875,880,800,800,1000,873,800,878,800,898,860,872,882,800,886,800,896,860,800,800,800,800,900,800,0,0,0,0,0,0,0,0,0,0,0,0,0,0,0,0,0,0,0,0,0,0,0,0,0,0,0,0,0,0,100,0,0,259495.1655883789,53751.327880859375,0,67221336064,8589930496,47836540928,354729984
200,1724133888423,999,900,1200,1200,1100,800,800,4521,875,880,800,800,1000,873,800,878,800,898,860,872,882,800,886,800,896,860,800,800,800,800,900,800,0,0,0,0,0,0,0,0,0,0,0,0,0,0,0,0,0,0,0,0,0,0,0,0,0,0,0,0,0,0,100,0,0,259506.51892089844,53760.96496582031,0,67221336064,8589930496,47935631360,354729984
200,1724133888623,999,900,1200,1200,1100,800,800,4521,875,880,800,800,1000,873,800,878,800,898,860,872,882,800,886,800,896,860,800,800,800,800,900,800,0,0,0,0,0,0,0,0,0,0,0,0,0,0,0,0,0,0,0,0,0,0,0,0,0,0,0,0,0,0,100,0,0,259517.74493408203,53770.47869873047,0,67221336064,8589930496,48042979328,354729984
200,1724133888823,999,900,1200,1200,1100,800,800,4521,875,880,800,800,1000,873,800,878,800,898,860,872,882,800,886,800,896,860,800,800,800,800,900,800,0,0,0,0,0,4.761904716491699,0,0,0,0,0,0,0,0,0,0,0,0,0,0,0,0,0,0,0,0,0,0,0,0,100,0,0,259529.2489013672,53780.258544921875,0,67221336064,8589930496,48142069760,354729984
200,1724133889024,999,900,1200,1200,1100,800,800,4521,875,880,800,800,1000,873,800,878,800,898,860,872,882,800,886,800,896,860,800,800,800,800,900,800,0,0,0,0,0,0,0,0,0,0,0,0,0,0,0,0,0,0,0,0,0,0,0,0,0,0,0,0,0,0,100,0,0,259540.61529541016,53789.916564941406,0,67221336064,8589930496,48241160192,354729984
200,1724133889224,999,900,1200,1200,1100,800,800,4521,875,880,800,800,1000,873,800,878,800,898,860,872,882,800,886,800,896,860,800,800,800,800,900,800,0,0,0,0,0,0,0,0,0,0,0,0,0,0,0,0,0,0,0,0,0,0,0,0,0,0,0,0,0,0,100,0,0,259551.85583496094,53799.443603515625,0,67221336064,8589930496,48357797888,354729984
200,1724133889424,999,900,1200,1200,1100,800,800,4521,875,880,800,800,1000,873,800,878,800,898,860,872,882,800,886,800,896,860,800,800,800,800,900,800,0,0,0,0,0,0,0,0,0,0,0,0,0,0,0,0,0,0,0,0,0,0,0,0,0,0,0,0,0,0,100,0,0,259563.0834350586,53808.958068847656,0,67221336064,8589930496,48456888320,354729984
200,1724133889624,999,900,1200,1200,1100,800,800,4521,875,880,800,800,1000,873,800,878,800,898,860,872,882,800,886,800,896,860,800,800,800,800,900,800,0,0,0,0,0,0,0,0,0,0,0,0,0,0,0,0,0,0,0,0,0,0,0,0,0,0,0,0,0,0,100,0,0,259574.33074951172,53818.42053222656,0,67221336064,8589930496,48564236288,354729984
200,1724133889824,999,900,1200,1200,1100,800,800,4521,875,880,800,800,1000,873,800,878,800,898,860,872,882,800,886,800,896,860,800,800,800,800,900,800,0,0,0,0,0,0,0,0,0,0,0,0,0,0,0,0,0,0,0,0,0,0,0,0,0,0,0,0,0,0,100,0,0,259585.51727294922,53827.964599609375,0,67221336064,8589930496,48663326720,354729984
200,1724133890024,999,900,1200,1200,1100,800,800,4521,875,880,800,800,1000,873,800,878,800,898,860,872,882,800,886,800,896,860,800,800,800,800,900,800,0,0,0,0,0,0,0,0,0,0,0,0,0,0,0,0,0,0,0,0,0,0,0,0,0,0,0,0,0,0,100,0,0,259596.74243164063,53837.481506347656,0,67221336064,8589930496,48770674688,354729984
200,1724133890224,999,900,1200,1200,1100,800,800,4521,875,880,800,800,1000,873,800,878,800,898,860,872,882,800,886,800,896,860,800,800,800,800,900,800,0,0,0,0,0,0,0,0,0,0,0,0,0,0,0,0,0,0,0,0,0,0,0,0,0,0,0,0,0,0,100,0,0,259607.94946289063,53846.97430419922,0,67221336064,8589930496,48869765120,354729984
200,1724133890424,999,900,1200,1200,1100,800,800,4521,875,880,800,800,1000,873,800,878,800,898,860,872,882,800,886,800,896,860,800,800,800,800,900,800,0,0,0,0,0,0,0,0,0,0,0,0,0,0,0,0,0,0,0,0,0,0,0,0,0,0,0,0,0,0,100,0,0,259619.2289428711,53856.54510498047,0,67221336064,8589930496,48975564800,354729984
200,1724133890624,999,900,1200,1200,1100,800,800,4521,875,880,800,800,1000,873,800,878,800,898,860,872,882,800,886,800,896,860,800,800,800,800,900,800,0,0,0,0,0,0,0,0,0,0,0,0,0,0,0,0,0,0,0,0,0,0,0,0,0,0,0,0,0,0,100,0,0,259630.45111083984,53866.05828857422,0,67221336064,8589930496,49074655232,354729984
200,1724133890824,999,900,1200,1200,1100,800,800,4521,875,880,800,800,1000,873,800,878,800,898,860,872,882,800,886,800,896,860,800,800,800,800,900,800,0,0,0,0,0,0,0,0,0,0,0,0,0,0,0,0,0,0,0,0,0,0,0,0,0,0,0,0,0,0,100,0,0,259641.66204833984,53875.56921386719,0,67221336064,8589930496,49182003200,354729984
200,1724133891024,999,900,1200,1200,1100,800,800,4521,875,880,800,800,1000,873,800,878,800,898,860,872,882,800,886,800,896,860,800,800,800,800,900,800,0,0,0,0,0,0,0,0,0,0,0,0,0,0,0,0,0,0,0,0,0,0,0,0,0,0,0,0,0,0,100,0,0,259652.85772705078,53885.06042480469,0,67221336064,8589930496,49281093632,354729984
200,1724133891225,999,900,1200,1200,1100,800,800,4521,875,880,800,800,1000,873,800,878,800,898,860,872,882,800,886,800,896,860,800,800,800,800,900,800,0,0,0,0,0,0,0,0,0,0,0,0,0,0,0,0,0,0,0,0,0,0,0,0,0,0,0,0,0,0,100,0,0,259664.02020263672,53894.521728515625,0,67221336064,8589930496,49388441600,354729984
200,1724133891425,999,900,1200,1200,1100,800,800,4521,875,880,800,800,1000,873,800,878,800,898,860,872,882,800,886,800,896,860,800,800,800,800,900,800,0,0,0,0,0,0,0,0,0,0,0,0,0,0,0,0,0,0,0,0,0,0,0,0,0,0,0,0,0,0,100,0,0,259675.23809814453,53904.030334472656,0,67221336064,8589930496,49495273472,354729984
200,1724133891625,999,900,1200,1200,1100,800,800,4521,875,880,800,800,1000,873,800,878,800,898,860,872,882,800,886,800,896,860,800,800,800,800,900,800,0,0,0,0,0,0,0,0,0,0,0,0,0,0,0,0,0,0,0,0,0,0,0,0,0,0,0,0,0,0,100,0,0,259686.43981933594,53913.51837158203,0,67221336064,8589930496,49593835520,354729984
200,1724133891825,999,900,1200,1200,1100,800,800,4521,875,880,800,800,1000,873,800,878,800,898,860,872,882,800,886,800,896,860,800,800,800,800,900,800,0,0,0,0,0,0,0,0,0,0,0,0,0,0,0,0,0,0,0,0,0,0,0,0,0,0,0,0,0,0,100,0,0,259697.69757080078,53923.055908203125,0,67221336064,8589930496,49700667392,354729984
200,1724133892025,999,900,1200,1200,1100,800,800,4521,875,880,800,800,1000,873,800,878,800,898,860,872,882,800,886,800,896,860,800,800,800,800,900,800,0,0,0,0,0,0,0,0,0,0,0,0,0,0,0,0,0,0,0,0,0,0,0,0,0,0,0,0,0,0,100,0,0,259708.9776611328,53932.62957763672,0,67221336064,8589930496,49799757824,354729984
200,1724133892225,999,900,1200,1200,1100,800,800,4521,875,880,800,800,1000,873,800,878,800,898,860,872,882,800,886,800,896,860,800,800,800,800,900,800,0,0,0,0,0,0,0,0,0,0,0,0,0,0,0,0,0,0,0,0,0,0,0,0,0,0,0,0,0,0,100,0,0,259720.19885253906,53942.14093017578,0,67221336064,8589930496,49906589696,354729984
200,1724133892425,999,900,1200,1200,1100,800,800,4521,875,880,800,800,1000,873,800,878,800,898,860,872,882,800,886,800,896,860,800,800,800,800,900,800,0,0,0,0,0,0,0,0,0,0,0,0,0,0,0,0,0,0,0,0,0,0,0,0,0,0,0,0,0,0,100,0,0,259731.50006103516,53951.73864746094,0,67221336064,8589930496,50005680128,354729984
199,1724133892625,999,900,1200,1200,1100,800,800,4521,875,880,800,800,1000,873,800,878,800,898,860,872,882,800,886,800,896,860,800,800,800,800,900,800,0,0,0,0,0,0,0,0,0,0,0,0,0,0,0,0,0,0,0,0,0,0,0,0,0,0,0,0,0,0,100,0,0,259742.76837158203,53961.297302246094,0,67221336064,8589930496,50113028096,354729984
200,1724133892825,999,900,1200,1200,1100,800,800,4521,875,880,800,800,1000,873,800,878,800,898,860,872,882,800,886,800,896,860,800,800,800,800,900,800,0,0,0,0,0,0,0,0,0,0,0,0,0,0,0,0,0,0,0,0,0,0,0,0,0,0,0,0,0,0,100,0,0,259754.05627441406,53970.87927246094,0,67221336064,8589930496,50212118528,354729984
200,1724133893025,999,900,1200,1200,1100,800,800,4521,875,880,800,800,1000,873,800,878,800,898,860,872,882,800,886,800,896,860,800,800,800,800,900,800,0,0,0,0,0,0,0,0,0,0,0,0,0,0,0,0,0,0,0,0,0,0,0,0,0,0,0,0,0,0,100,0,0,259765.24951171875,53980.36669921875,0,67221336064,8589930496,50319208448,354729984
200,1724133893225,999,900,1200,1200,1100,800,800,4521,875,880,800,800,1000,873,800,878,800,898,860,872,882,800,886,800,896,860,800,800,800,800,900,800,0,0,0,0,0,0,0,0,0,0,0,0,0,0,0,0,0,0,0,0,0,0,0,0,0,0,0,0,0,0,100,0,0,259776.46923828125,53989.87921142578,0,67221336064,8589930496,50418298880,354729984
200,1724133893426,999,900,1200,1200,1100,800,800,4521,875,880,800,800,1000,873,800,878,800,898,860,872,882,800,886,800,896,860,800,800,800,800,900,800,0,0,0,0,0,0,0,0,0,0,0,0,0,0,0,0,0,0,0,0,0,0,0,0,0,0,0,0,0,0,100,0,0,259787.6898803711,53999.39001464844,0,67221336064,8589930496,50525646848,354729984
200,1724133893626,999,900,1200,1200,1100,800,800,4521,875,880,800,800,1000,873,800,878,800,898,860,872,882,800,886,800,896,860,800,800,800,800,900,800,0,0,0,0,0,0,0,0,0,0,0,0,0,0,0,0,0,0,0,0,0,0,0,0,0,0,0,0,0,0,100,0,0,259798.8631591797,54008.85888671875,0,67221336064,8589930496,50624737280,354729984
200,1724133893826,999,900,1200,1200,1100,800,800,4521,875,880,800,800,1000,873,800,878,800,898,860,872,882,800,886,800,896,860,800,800,800,800,900,800,0,0,0,0,0,0,0,0,0,0,0,0,0,0,0,0,0,0,0,0,0,0,0,0,0,0,0,0,0,0,100,0,0,259810.08459472656,54018.36242675781,0,67221336064,8589930496,50732085248,354729984
200,1724133894026,999,900,1200,1200,1100,800,800,4521,875,880,800,800,1000,873,800,878,800,898,860,872,882,800,886,800,896,860,800,800,800,800,900,800,0,0,0,0,0,0,0,0,0,0,0,0,0,0,0,0,0,0,0,0,0,0,0,0,0,0,0,0,0,0,100,0,0,259821.3193359375,54027.88299560547,0,67221336064,8589930496,50831175680,354729984
200,1724133894226,999,900,1200,1200,1100,800,800,4521,875,880,800,800,1000,873,800,878,800,898,860,872,882,800,886,800,896,860,800,800,800,800,900,800,0,0,0,0,0,0,0,0,0,0,0,0,0,0,0,0,0,0,0,0,0,0,0,0,0,0,0,0,0,0,100,0,0,259832.64379882813,54037.488830566406,0,67221336064,8589930496,50938523648,354729984
200,1724133894426,999,900,1200,1200,1100,800,800,4521,875,880,800,800,1000,873,800,878,800,898,860,872,882,800,886,800,896,860,800,800,800,800,900,800,0,0,0,0,0,0,0,0,0,0,0,0,0,0,0,0,0,0,0,0,0,0,0,0,0,0,0,0,0,0,100,0,0,259843.84686279297,54046.97637939453,0,67221336064,8589930496,51037614080,354729984
200,1724133894626,999,900,1200,1200,1100,800,800,4521,875,880,800,800,1000,873,800,878,800,898,860,872,882,800,886,800,896,860,800,800,800,800,900,800,0,0,0,0,0,0,0,0,0,0,0,0,0,0,0,0,0,0,0,0,0,0,0,0,0,0,0,0,0,0,100,0,0,259855.01593017578,54056.43786621094,0,67221336064,8589930496,51143929856,354729984
200,1724133894826,999,900,1200,1200,1100,800,800,4521,875,880,800,800,1000,873,800,878,800,898,860,872,882,800,886,800,896,860,800,800,800,800,900,800,0,0,0,0,0,0,0,0,0,0,0,0,0,0,0,0,0,0,0,0,0,0,0,0,0,0,0,0,0,0,100,0,0,259866.3321533203,54066.036193847656,0,67221336064,8589930496,51251277824,354729984
200,1724133895026,999,900,1200,1200,1100,800,800,4521,875,880,800,800,1000,873,800,878,800,898,860,872,882,800,886,800,896,860,800,800,800,800,900,800,0,0,0,0,0,0,0,0,0,0,0,0,0,0,0,0,0,0,0,0,0,0,0,0,0,0,0,0,0,0,100,0,0,259877.5272216797,54075.520446777344,0,67221336064,8589930496,51350368256,354729984
200,1724133895226,999,900,1200,1200,1100,800,800,4521,875,880,800,800,1000,873,800,878,800,898,860,872,882,800,886,800,896,860,800,800,800,800,900,800,0,0,0,0,0,0,0,0,0,0,0,0,0,0,0,0,0,0,0,0,0,0,0,0,0,0,0,0,0,0,100,0,0,259888.78680419922,54085.067932128906,0,67221336064,8589930496,51457716224,354729984
200,1724133895426,999,900,1200,1200,1100,800,800,4521,875,880,800,800,1000,873,800,878,800,898,860,872,882,800,886,800,896,860,800,800,800,800,900,800,0,0,0,0,0,0,0,0,0,0,0,0,0,0,0,0,0,0,0,0,0,0,0,0,0,0,0,0,0,0,100,0,0,259900.0010986328,54094.57550048828,0,67221336064,8589930496,51556290560,354729984
200,1724133895627,999,900,1200,1200,1100,800,800,4521,875,880,800,800,1000,873,800,878,800,898,860,872,882,800,886,800,896,860,800,800,800,800,900,800,0,0,0,0,0,0,0,0,0,0,0,0,0,0,0,0,0,0,0,0,0,0,0,0,0,0,0,0,0,0,100,0,0,259911.45263671875,54104.31018066406,0,67221336064,8589930496,51663638528,354729984
200,1724133895827,999,900,1200,1200,1100,800,800,4521,875,880,800,800,1000,873,800,878,800,898,860,872,882,800,886,800,896,860,800,800,800,800,900,800,0,0,0,4.761904716491699,0,0,0,0,0,0,0,0,0,0,0,0,0,0,0,0,0,0,0,0,0,0,0,0,0,0,100,0,0,259922.76049804688,54113.901794433594,0,67221336064,8589930496,51761696768,354729984
200,1724133896027,999,900,1200,1200,1100,800,800,4521,875,880,800,800,1000,873,800,878,800,898,860,872,882,800,886,800,896,860,800,800,800,800,900,800,0,0,0,0,0,0,0,0,0,0,0,0,0,0,0,0,0,0,0,0,0,0,0,0,0,0,0,0,0,0,100,0,0,259934.06512451172,54123.489807128906,0,67221336064,8589930496,51869044736,354729984
200,1724133896227,999,900,1200,1200,1100,800,800,4521,875,880,800,800,1000,873,800,878,800,898,860,872,882,800,886,800,896,860,800,800,800,800,900,800,0,0,0,0,0,0,0,0,0,0,0,0,0,0,0,0,0,0,0,0,0,0,0,0,0,0,0,0,0,0,100,0,0,259945.37561035156,54133.092346191406,0,67221336064,8589930496,51968135168,354729984
200,1724133896427,999,900,1200,1200,1100,800,800,4521,875,880,800,800,1000,873,800,878,800,898,860,872,882,800,886,800,896,860,800,800,800,800,900,800,0,0,0,0,0,0,0,0,0,0,0,0,0,0,0,0,0,0,0,0,0,0,0,0,0,0,0,0,0,0,100,0,0,259956.6640625,54142.65399169922,0,67221336064,8589930496,52074450944,354729984
200,1724133896627,999,900,1200,1200,1100,800,800,4521,875,880,800,800,1000,873,800,878,800,898,860,872,882,800,886,800,896,860,800,800,800,800,900,800,0,0,0,0,0,0,0,0,0,0,0,0,0,0,0,0,0,0,0,0,0,0,0,0,0,0,0,0,0,0,100,0,0,259967.89031982422,54152.15979003906,0,67221336064,8589930496,52173541376,354729984
200,1724133896827,999,900,1200,1200,1100,800,800,4521,875,880,800,800,1000,873,800,878,800,898,860,872,882,800,886,800,896,860,800,800,800,800,900,800,0,0,0,0,0,0,0,0,0,0,0,0,0,0,0,0,0,0,0,0,0,0,0,0,0,0,0,0,0,0,100,0,0,259979.09130859375,54161.64825439453,0,67221336064,8589930496,52280889344,354729984
199,1724133897027,999,900,1200,1200,1100,800,800,4521,875,880,800,800,1000,873,800,878,800,898,860,872,882,800,886,800,896,860,800,800,800,800,900,800,0,0,0,0,0,0,0,0,0,0,0,0,0,0,0,0,0,0,0,0,0,0,0,0,0,0,0,0,0,0,100,0,0,259990.5435180664,54171.38641357422,0,67221336064,8589930496,52379979776,354729984
200,1724133897227,999,900,1200,1200,1100,800,800,4521,875,880,800,800,1000,873,800,878,800,898,860,872,882,800,886,800,896,860,800,800,800,800,900,800,0,0,0,0,0,0,0,0,0,0,0,0,0,0,0,0,0,0,0,0,0,0,0,0,0,0,0,0,0,0,100,0,0,260001.81256103516,54180.94445800781,0,67221336064,8589930496,52495552512,354729984
200,1724133897427,999,900,1200,1200,1100,800,800,4521,875,880,800,800,1000,873,800,878,800,898,860,872,882,800,886,800,896,860,800,800,800,800,900,800,0,0,0,0,0,0,0,0,0,0,0,0,0,0,0,0,0,0,0,0,0,0,0,0,0,0,0,0,0,0,100,0,0,260013.13110351563,54190.54736328125,0,67221336064,8589930496,52594642944,354729984
200,1724133897627,999,900,1200,1200,1100,800,800,4521,875,880,800,800,1000,873,800,878,800,898,860,872,882,800,886,800,896,860,800,800,800,800,900,800,0,0,0,0,0,0,0,0,0,0,0,0,0,0,0,0,0,0,0,0,0,0,0,0,0,0,0,0,0,0,100,0,0,260024.31970214844,54200.02325439453,0,67221336064,8589930496,52701990912,354729984
200,1724133897827,999,900,1200,1200,1100,800,800,4521,875,880,800,800,1000,873,800,878,800,898,860,872,882,800,886,800,896,860,800,800,800,800,900,800,0,0,0,0,0,0,0,0,0,0,0,0,0,0,0,0,0,0,0,0,0,0,0,0,0,0,0,0,0,0,100,0,0,260035.63604736328,54209.62628173828,0,67221336064,8589930496,52797116416,354729984
200,1724133898028,999,900,1200,1200,1100,800,800,4521,875,880,800,800,1000,873,800,878,800,898,860,872,882,800,886,800,896,860,800,800,800,800,900,800,0,0,0,0,0,0,0,0,0,0,0,0,0,0,0,0,0,0,0,0,0,0,0,0,0,0,0,0,0,0,100,0,0,260047.03259277344,54219.30139160156,0,67221336064,8589930496,52902858752,354729984
200,1724133898228,999,900,1200,1200,1100,800,800,4521,875,880,800,800,1000,873,800,878,800,898,860,872,882,800,886,800,896,860,800,800,800,800,900,800,0,0,0,0,0,0,0,0,0,0,0,0,0,0,0,0,0,0,0,0,0,0,0,0,0,0,0,0,0,0,100,0,0,260058.2329711914,54228.793029785156,0,67221336064,8589930496,53001949184,354729984
200,1724133898428,999,900,1200,1200,1100,800,800,4521,875,880,800,800,1000,873,800,878,800,898,860,872,882,800,886,800,896,860,800,800,800,800,900,800,0,0,0,0,0,0,0,0,0,0,0,0,0,0,0,0,0,0,0,0,0,0,0,0,0,0,0,0,0,0,100,0,0,260069.5020751953,54238.340393066406,0,67221336064,8589930496,53109297152,354729984
200,1724133898628,999,900,1200,1200,1100,800,800,4521,875,880,800,800,1000,873,800,878,800,898,860,872,882,800,886,800,896,860,800,800,800,800,900,800,0,0,0,0,0,0,0,0,0,0,0,0,0,0,0,0,0,0,0,0,0,0,0,0,0,0,0,0,0,0,100,0,0,260080.65380859375,54247.78692626953,0,67221336064,8589930496,53207355392,354729984
200,1724133898828,999,900,1200,1200,1100,800,800,4521,875,880,800,800,1000,873,800,878,800,898,860,872,882,800,886,800,896,860,800,800,800,800,900,800,0,0,0,0,0,0,0,0,0,0,0,0,0,0,0,0,0,0,0,0,0,0,0,0,0,0,0,0,0,0,100,0,0,260091.90167236328,54257.31188964844,0,67221336064,8589930496,53314703360,354729984
200,1724133899028,999,900,1200,1200,1100,800,800,4521,875,880,800,800,1000,873,800,878,800,898,860,872,882,800,886,800,896,860,800,800,800,800,900,800,0,0,0,0,0,0,0,0,0,0,0,0,0,0,0,0,0,0,0,0,0,0,0,0,0,0,0,0,0,0,100,0,0,260103.1893310547,54266.88806152344,0,67221336064,8589930496,53413793792,354729984
200,1724133899228,999,900,1200,1200,1100,800,800,4521,875,880,800,800,1000,873,800,878,800,898,860,872,882,800,886,800,896,860,800,800,800,800,900,800,0,0,0,0,0,0,0,0,0,0,0,0,0,0,0,0,0,0,0,0,0,0,0,0,0,0,0,0,0,0,100,0,0,260114.5146484375,54276.493713378906,0,67221336064,8589930496,53521141760,354729984
200,1724133899428,999,900,1200,1200,1100,800,800,4521,875,880,800,800,1000,873,800,878,800,898,860,872,882,800,886,800,896,860,800,800,800,800,900,800,0,0,0,0,0,0,0,0,0,0,0,0,0,0,0,0,0,0,0,0,0,0,0,0,0,0,0,0,0,0,100,0,0,260125.87335205078,54286.13293457031,0,67221336064,8589930496,53620232192,354729984
200,1724133899628,999,900,1200,1200,1100,800,800,4521,875,880,800,800,1000,873,800,878,800,898,860,872,882,800,886,800,896,860,800,800,800,800,900,800,0,0,0,0,0,0,0,0,0,0,0,0,0,0,0,0,0,0,0,0,0,0,0,0,0,0,0,0,0,0,100,0,0,260137.1069946289,54295.64794921875,0,67221336064,8589930496,53727580160,354729984
200,1724133899828,999,900,1200,1200,1100,800,800,4521,875,880,800,800,1000,873,800,878,800,898,860,872,882,800,886,800,896,860,800,800,800,800,900,800,0,0,0,0,0,0,0,0,0,0,0,0,0,0,0,0,0,0,0,0,0,0,0,0,0,0,0,0,0,0,100,0,0,260148.49182128906,54305.31896972656,0,67221336064,8589930496,53826670592,354729984
200,1724133900029,999,900,1200,1200,1100,800,800,4521,875,880,800,800,1000,873,800,878,800,898,860,872,882,800,886,800,896,860,800,800,800,800,900,800,0,0,0,0,0,0,0,0,0,0,0,0,0,0,0,0,0,0,0,0,0,0,0,0,0,0,0,0,0,0,100,0,0,260159.7279663086,54314.839782714844,0,67221336064,8589930496,53929373696,354729984
200,1724133900229,999,900,1200,1200,1100,800,800,4521,875,880,800,800,1000,873,800,878,800,898,860,872,882,800,886,800,896,860,800,800,800,800,900,800,0,0,0,0,0,0,0,0,0,0,0,0,0,0,0,0,0,0,0,0,0,0,0,0,0,0,0,0,0,0,100,0,0,260170.9859008789,54324.384216308594,0,67221336064,8589930496,54032592896,354729984
200,1724133900429,999,900,1200,1200,1100,800,800,4521,875,880,800,800,1000,873,800,878,800,898,860,872,882,800,886,800,896,860,800,800,800,800,900,800,0,0,0,0,0,0,0,0,0,0,0,0,0,0,0,0,0,0,0,0,0,0,0,0,0,0,0,0,0,0,100,0,0,260182.3231201172,54334.004333496094,0,67221336064,8589930496,54139940864,354729984
200,1724133900629,999,900,1200,1200,1100,800,800,4521,875,880,800,800,1000,873,800,878,800,898,860,872,882,800,886,800,896,860,800,800,800,800,900,800,0,0,0,0,0,0,0,0,0,0,0,0,0,0,0,0,0,0,0,0,0,0,0,0,0,0,0,0,0,0,100,0,0,260193.55249023438,54343.51501464844,0,67221336064,8589930496,54246772736,354729984
200,1724133900829,999,900,1200,1200,1100,800,800,4521,875,880,800,800,1000,873,800,878,800,898,860,872,882,800,886,800,896,860,800,800,800,800,900,800,0,0,0,0,0,0,0,0,0,0,0,0,0,0,0,0,0,0,0,0,0,0,0,0,0,0,0,0,0,0,100,0,0,260204.84539794922,54353.083740234375,0,67221336064,8589930496,54345863168,354729984
200,1724133901029,999,900,1200,1200,1100,800,800,4521,875,880,800,800,1000,873,800,878,800,898,860,872,882,800,886,800,896,860,800,800,800,800,900,800,0,0,0,0,0,0,0,0,0,0,0,0,0,0,0,0,0,0,0,0,0,0,0,0,0,0,0,0,0,0,100,0,0,260216.0352783203,54362.563903808594,0,67221336064,8589930496,54444953600,354729984
200,1724133901229,999,900,1200,1200,1100,800,800,4521,875,880,800,800,1000,873,800,878,800,898,860,872,882,800,886,800,896,860,800,800,800,800,900,800,0,0,0,0,0,0,0,0,0,0,0,0,0,0,0,0,0,0,0,0,0,0,0,0,0,0,0,0,0,0,100,0,0,260227.5802001953,54372.38348388672,0,67221336064,8589930496,54555844608,354729984
200,1724133901429,999,900,1200,1200,1100,800,800,4521,875,880,800,800,1000,873,800,878,800,898,860,872,882,800,886,800,896,860,800,800,800,800,900,800,0,0,0,0,0,0,0,0,0,0,0,0,0,0,0,0,0,0,0,0,0,0,0,0,0,0,0,0,0,0,100,0,0,260238.79821777344,54381.88458251953,0,67221336064,8589930496,54654935040,354729984
200,1724133901629,999,900,1200,1200,1100,800,800,4521,875,880,800,800,1000,873,800,878,800,898,860,872,882,800,886,800,896,860,800,800,800,800,900,800,0,0,0,0,0,0,0,0,0,0,0,0,0,0,0,0,0,0,0,0,0,0,0,0,0,0,0,0,0,0,100,0,0,260250.08087158203,54391.4521484375,0,67221336064,8589930496,54762283008,354729984
200,1724133901829,999,900,1200,1200,1100,800,800,4521,875,880,800,800,1000,873,800,878,800,898,860,872,882,800,886,800,896,860,800,800,800,800,900,800,0,0,0,0,0,0,0,0,0,0,0,0,0,0,0,0,0,0,0,0,0,0,0,0,0,0,0,0,0,0,100,0,0,260261.2728881836,54400.92199707031,0,67221336064,8589930496,54861373440,354729984
200,1724133902029,999,900,1200,1200,1100,800,800,4521,875,880,800,800,1000,873,800,878,800,898,860,872,882,800,886,800,896,860,800,800,800,800,900,800,0,0,0,0,0,0,0,0,0,0,0,0,0,0,0,0,0,0,0,0,0,0,0,0,0,0,0,0,0,0,100,0,0,260272.49279785156,54410.41973876953,0,67221336064,8589930496,54968463360,354729984
200,1724133902230,999,900,1200,1200,1100,800,800,4521,875,880,800,800,1000,873,800,878,800,898,860,872,882,800,886,800,896,860,800,800,800,800,900,800,0,0,0,0,0,0,0,0,0,0,0,0,0,0,0,0,0,0,0,0,0,0,0,0,0,0,0,0,0,0,100,0,0,260283.6561279297,54419.870849609375,0,67221336064,8589930496,55067553792,354729984
200,1724133902430,999,900,1200,1200,1100,800,800,4521,875,880,800,800,1000,873,800,878,800,898,860,872,882,800,886,800,896,860,800,800,800,800,900,800,0,0,0,0,0,0,0,0,0,0,0,0,0,0,0,0,0,0,0,0,0,0,0,0,0,0,0,0,0,0,100,0,0,260294.923828125,54429.411071777344,0,67221336064,8589930496,55174901760,354729984
200,1724133902630,999,900,1200,1200,1100,800,800,4521,875,880,800,800,1000,873,800,878,800,898,860,872,882,800,886,800,896,860,800,800,800,800,900,800,0,0,0,0,0,0,0,0,0,0,0,0,0,0,0,0,0,0,0,0,0,0,0,0,0,0,0,0,0,0,100,0,0,260306.11590576172,54438.89111328125,0,67221336064,8589930496,55273992192,354729984
200,1724133902830,999,900,1200,1200,1100,800,800,4521,875,880,800,800,1000,873,800,878,800,898,860,872,882,800,886,800,896,860,800,800,800,800,900,800,0,0,0,0,0,0,0,0,0,0,0,0,0,0,0,0,0,0,0,0,0,0,0,0,0,0,0,0,0,0,100,0,0,260317.3666381836,54448.43194580078,0,67221336064,8589930496,55381336064,354729984
200,1724133903030,999,900,1200,1200,1100,800,800,4521,875,880,800,800,1000,873,800,878,800,898,860,872,882,800,886,800,896,860,800,800,800,800,900,800,0,0,0,0,0,0,0,0,0,0,0,0,0,0,0,0,0,0,0,0,0,0,0,0,0,0,0,0,0,0,100,0,0,260328.73706054688,54458.07751464844,0,67221336064,8589930496,55487651840,354729984
200,1724133903230,999,900,1200,1200,1100,800,800,4521,875,880,800,800,1000,873,800,878,800,898,860,872,882,800,886,800,896,860,800,800,800,800,900,800,0,0,0,0,0,0,0,0,0,0,0,0,0,0,0,0,0,0,0,0,0,0,0,0,0,0,0,0,0,0,100,0,0,260339.93487548828,54467.56201171875,0,67221336064,8589930496,55586226176,354729984
200,1724133903430,999,900,1200,1200,1100,800,800,4521,875,880,800,800,1000,873,800,878,800,898,860,872,882,800,886,800,896,860,800,800,800,800,900,800,0,0,0,0,0,0,0,0,0,0,0,0,0,0,0,0,0,0,0,0,0,0,0,0,0,0,0,0,0,0,100,0,0,260351.1365966797,54477.043701171875,0,67221336064,8589930496,55693574144,354729984
200,1724133903630,999,900,1200,1200,1100,800,800,4521,875,880,800,800,1000,873,800,878,800,898,860,872,882,800,886,800,896,860,800,800,800,800,900,800,0,0,0,0,0,0,0,0,0,0,0,0,0,0,0,0,0,0,0,0,0,0,0,0,0,0,0,0,0,0,100,0,0,260362.40814208984,54486.59997558594,0,67221336064,8589930496,55792664576,354729984
200,1724133903830,999,900,1200,1200,1100,800,800,4521,875,880,800,800,1000,873,800,878,800,898,860,872,882,800,886,800,896,860,800,800,800,800,900,800,0,0,0,0,0,0,0,0,0,0,0,0,0,0,0,0,0,0,0,0,0,0,0,0,0,0,0,0,0,0,100,0,0,260373.7022705078,54496.16778564453,0,67221336064,8589930496,55899496448,354729984
200,1724133904030,999,900,1200,1200,1100,800,800,4521,875,880,800,800,1000,873,800,878,800,898,860,872,882,800,886,800,896,860,800,800,800,800,900,800,0,0,0,0,0,0,0,0,0,0,0,0,0,0,0,0,0,0,0,0,0,0,0,0,0,0,0,0,0,0,100,0,0,260385.08074951172,54505.8203125,0,67221336064,8589930496,55998586880,354729984
200,1724133904230,999,900,1200,1200,1100,800,800,4521,875,880,800,800,1000,873,800,878,800,898,860,872,882,800,886,800,896,860,800,800,800,800,900,800,0,0,0,0,0,0,0,0,0,0,0,0,0,0,0,0,0,0,0,0,0,0,0,0,0,0,0,0,0,0,100,0,0,260396.2540283203,54515.27282714844,0,67221336064,8589930496,56104902656,354729984
200,1724133904431,999,900,1200,1200,1100,800,800,4521,875,880,800,800,1000,873,800,878,800,898,860,872,882,800,886,800,896,860,800,800,800,800,900,800,0,0,0,0,0,0,0,0,0,0,0,0,0,0,0,0,0,0,0,0,0,0,0,0,0,0,0,0,0,0,100,0,0,260407.49151611328,54524.787536621094,0,67221336064,8589930496,56203993088,354729984
200,1724133904631,999,900,1200,1200,1100,800,800,4521,875,880,800,800,1000,873,800,878,800,898,860,872,882,800,886,800,896,860,800,800,800,800,900,800,0,0,0,0,0,0,0,0,0,0,0,0,0,0,0,0,0,0,0,0,0,0,0,0,0,0,0,0,0,0,100,0,0,260418.69708251953,54534.27429199219,0,67221336064,8589930496,56311341056,354729984
200,1724133904831,999,900,1200,1200,1100,800,800,4521,875,880,800,800,1000,873,800,878,800,898,860,872,882,800,886,800,896,860,800,800,800,800,900,800,0,0,0,0,0,0,0,0,0,0,0,0,0,0,0,0,0,0,0,0,0,0,0,0,0,0,0,0,0,0,100,0,0,260429.9246826172,54543.77899169922,0,67221336064,8589930496,56409399296,354729984
200,1724133905031,999,900,1200,1200,1100,800,800,4521,875,880,800,800,1000,873,800,878,800,898,860,872,882,800,886,800,896,860,800,800,800,800,900,800,0,0,0,0,0,0,0,0,0,0,0,0,0,0,0,0,0,0,0,0,0,0,0,0,0,0,0,0,0,0,100,0,0,260441.1806640625,54553.31024169922,0,67221336064,8589930496,56515715072,354729984
200,1724133905231,999,900,1200,1200,1100,800,800,4521,875,880,800,800,1000,873,800,878,800,898,860,872,882,800,886,800,896,860,800,800,800,800,900,800,0,0,0,0,0,0,0,0,0,0,0,0,0,0,0,0,0,0,0,0,0,0,0,0,0,0,0,0,0,0,100,0,0,260452.40057373047,54562.813049316406,0,67221336064,8589930496,56614805504,354729984
200,1724133905431,999,900,1200,1200,1100,800,800,4521,875,880,800,800,1000,873,800,878,800,898,860,872,882,800,886,800,896,860,800,800,800,800,900,800,0,0,0,0,0,0,0,0,0,0,0,0,0,0,0,0,0,0,0,0,0,0,0,0,0,0,0,0,0,0,100,0,0,260463.60717773438,54572.30047607422,0,67221336064,8589930496,56730411008,354729984
199,1724133905631,999,900,1200,1200,1100,800,800,4521,875,880,800,800,1000,873,800,878,800,898,860,872,882,800,886,800,896,860,800,800,800,800,900,800,0,0,0,0,0,0,0,0,0,0,0,0,0,0,0,0,0,0,0,0,0,0,0,0,0,0,0,0,0,0,100,0,0,260474.9532470703,54581.92694091797,0,67221336064,8589930496,56829501440,354729984
200,1724133905831,999,900,1200,1200,1100,800,800,4521,875,880,800,800,1000,873,800,878,800,898,860,872,882,800,886,800,896,860,800,800,800,800,900,800,0,0,0,0,0,0,0,0,0,0,0,0,0,0,0,0,0,0,0,0,0,0,0,0,0,0,0,0,0,0,100,0,0,260486.3846435547,54591.636657714844,0,67221336064,8589930496,56936849408,354729984
200,1724133906031,999,900,1200,1200,1100,800,800,4521,875,880,800,800,1000,873,800,878,800,898,860,872,882,800,886,800,896,860,800,800,800,800,900,800,0,0,0,0,0,0,0,0,0,0,0,0,0,0,0,0,0,0,0,0,0,0,0,0,0,0,0,0,0,0,100,0,0,260497.70135498047,54601.23797607422,0,67221336064,8589930496,57035939840,354729984
200,1724133906231,999,900,1200,1200,1100,800,800,4521,875,880,800,800,1000,873,800,878,800,898,860,872,882,800,886,800,896,860,800,800,800,800,900,800,0,0,0,0,0,0,0,0,0,0,0,0,0,0,0,0,0,0,0,0,0,0,0,0,0,0,0,0,0,0,100,0,0,260508.91973876953,54610.73468017578,0,67221336064,8589930496,57142255616,354729984
200,1724133906431,999,900,1200,1200,1100,800,800,4521,875,880,800,800,1000,873,800,878,800,898,860,872,882,800,886,800,896,860,800,800,800,800,900,800,0,0,0,0,0,0,0,0,0,0,0,0,0,0,0,0,0,0,0,0,0,0,0,0,0,0,0,0,0,0,100,0,0,260520.16668701172,54620.255310058594,0,67221336064,8589930496,57241346048,354729984
200,1724133906632,999,900,1200,1200,1100,800,800,4521,875,880,800,800,1000,873,800,878,800,898,860,872,882,800,886,800,896,860,800,800,800,800,900,800,0,0,0,0,0,0,0,0,0,0,0,0,0,0,0,0,0,0,0,0,0,0,0,0,0,0,0,0,0,0,100,0,0,260531.38934326172,54629.757873535156,0,67221336064,8589930496,57348694016,354729984
200,1724133906832,999,900,1200,1200,1100,800,800,4521,875,880,800,800,1000,873,800,878,800,898,860,872,882,800,886,800,896,860,800,800,800,800,900,800,0,0,0,0,0,0,0,0,0,0,0,0,0,0,0,0,0,0,0,0,0,0,0,0,0,0,0,0,0,0,100,0,0,260542.66650390625,54639.319274902344,0,67221336064,8589930496,57456041984,354729984
200,1724133907032,999,900,1200,1200,1100,800,800,4521,875,880,800,800,1000,873,800,878,800,898,860,872,882,800,886,800,896,860,800,800,800,800,900,800,0,0,0,0,0,0,0,0,0,0,0,0,0,0,0,0,0,0,0,0,0,0,0,0,0,0,0,0,0,0,100,0,0,260553.9637451172,54648.89782714844,0,67221336064,8589930496,57553645568,354729984
200,1724133907232,999,900,1200,1200,1100,800,800,4521,875,880,800,800,1000,873,800,878,800,898,860,872,882,800,886,800,896,860,800,800,800,800,900,800,0,0,0,0,0,0,0,0,0,0,0,0,0,0,0,0,0,0,0,0,0,0,0,0,0,0,0,0,0,0,100,0,0,260565.15789794922,54658.37902832031,0,67221336064,8589930496,57661239296,354729984
200,1724133907432,999,900,1200,1200,1100,800,800,4521,875,880,800,800,1000,873,800,878,800,898,860,872,882,800,886,800,896,860,800,800,800,800,900,800,0,0,0,0,0,0,0,0,0,0,0,0,0,0,0,0,0,0,0,0,0,0,0,0,0,0,0,0,0,0,100,0,0,260576.33227539063,54667.8388671875,0,67221336064,8589930496,57760329728,354729984
200,1724133907632,999,900,1200,1200,1100,800,800,4521,875,880,800,800,1000,873,800,878,800,898,860,872,882,800,886,800,896,860,800,800,800,800,900,800,0,0,0,0,0,0,0,0,0,0,0,0,0,0,0,0,0,0,0,0,0,0,0,0,0,0,0,0,0,0,100,0,0,260587.57104492188,54677.350036621094,0,67221336064,8589930496,57867419648,354729984
200,1724133907832,999,900,1200,1200,1100,800,800,4521,875,880,800,800,1000,873,800,878,800,898,860,872,882,800,886,800,896,860,800,800,800,800,900,800,0,0,0,0,0,0,0,0,0,0,0,0,0,0,0,0,0,0,0,0,0,0,0,0,0,0,0,0,0,0,100,0,0,260598.8690185547,54686.916564941406,0,67221336064,8589930496,57966510080,354729984
200,1724133908032,999,900,1200,1200,1100,800,800,4521,875,880,800,800,1000,873,800,878,800,898,860,872,882,800,886,800,896,860,800,800,800,800,900,800,0,0,0,0,0,0,0,0,0,0,0,0,0,0,0,0,0,0,0,0,0,0,0,0,0,0,0,0,0,0,100,0,0,260610.0933227539,54696.423767089844,0,67221336064,8589930496,58072825856,354729984
200,1724133908232,999,900,1200,1200,1100,800,800,4521,875,880,800,800,1000,873,800,878,800,898,860,872,882,800,886,800,896,860,800,800,800,800,900,800,0,0,0,0,0,0,0,0,0,0,0,0,0,0,0,0,0,0,0,0,0,0,0,0,0,0,0,0,0,0,100,0,0,260621.42095947266,54706.02783203125,0,67221336064,8589930496,58171916288,354729984
200,1724133908432,999,900,1200,1200,1100,800,800,4521,875,880,800,800,1000,873,800,878,800,898,860,872,882,800,886,800,896,860,800,800,800,800,900,800,0,0,0,0,0,0,0,0,0,0,0,0,0,0,0,0,0,0,0,0,0,0,0,0,0,0,0,0,0,0,100,0,0,260632.72192382813,54715.609313964844,0,67221336064,8589930496,58279264256,354729984
200,1724133908632,999,900,1200,1200,1100,800,800,4521,875,880,800,800,1000,873,800,878,800,898,860,872,882,800,886,800,896,860,800,800,800,800,900,800,0,0,0,0,0,0,0,0,0,0,0,0,0,0,0,0,0,0,0,0,0,0,0,0,0,0,0,0,0,0,100,0,0,260643.89459228516,54725.06787109375,0,67221336064,8589930496,58377322496,354729984
200,1724133908833,999,900,1200,1200,1100,800,800,4521,875,880,800,800,1000,873,800,878,800,898,860,872,882,800,886,800,896,860,800,800,800,800,900,800,0,0,0,0,0,0,0,0,0,0,0,0,0,0,0,0,0,0,0,0,0,0,0,0,0,0,0,0,0,0,100,0,0,260655.07440185547,54734.535583496094,0,67221336064,8589930496,58484670464,354729984
200,1724133909033,999,900,1200,1200,1100,800,800,4521,875,880,800,800,1000,873,800,878,800,898,860,872,882,800,886,800,896,860,800,800,800,800,900,800,0,0,0,0,0,0,0,0,0,0,0,0,0,0,0,0,0,0,0,0,0,0,0,0,0,0,0,0,0,0,100,0,0,260666.41607666016,54744.15148925781,0,67221336064,8589930496,58583760896,354729984
200,1724133909233,999,900,1200,1200,1100,800,800,4521,875,880,800,800,1000,873,800,878,800,898,860,872,882,800,886,800,896,860,800,800,800,800,900,800,0,0,0,0,0,0,0,0,0,0,0,0,0,0,0,0,0,0,0,0,0,0,0,0,0,0,0,0,0,0,100,0,0,260677.5517578125,54753.57995605469,0,67221336064,8589930496,58691108864,354729984
200,1724133909433,999,900,1200,1200,1100,800,800,4521,875,880,800,800,1000,873,800,878,800,898,860,872,882,800,886,800,896,860,800,800,800,800,900,800,0,0,0,0,0,0,0,0,0,0,0,0,0,0,0,0,0,0,0,0,0,0,0,0,0,0,0,0,0,0,100,0,0,260688.77667236328,54763.086364746094,0,67221336064,8589930496,58790199296,354729984
200,1724133909633,999,900,1200,1200,1100,800,800,4521,875,880,800,800,1000,873,800,878,800,898,860,872,882,800,886,800,896,860,800,800,800,800,900,800,0,0,0,0,0,0,0,0,0,0,0,0,0,0,0,0,0,0,0,0,0,0,0,0,0,0,0,0,0,0,100,0,0,260699.93634033203,54772.53826904297,0,67221336064,8589930496,58897547264,354729984
200,1724133909833,999,900,1200,1200,1100,800,800,4521,875,880,800,800,1000,873,800,878,800,898,860,872,882,800,886,800,896,860,800,800,800,800,900,800,0,0,0,0,0,0,0,0,0,0,0,0,0,0,0,0,0,0,0,0,0,0,0,0,0,0,0,0,0,0,100,0,0,260711.27978515625,54782.15197753906,0,67221336064,8589930496,58996637696,354729984
200,1724133910033,999,900,1200,1200,1100,800,800,4521,875,880,800,800,1000,873,800,878,800,898,860,872,882,800,886,800,896,860,800,800,800,800,900,800,0,0,0,0,0,0,0,0,0,0,0,0,0,0,0,0,0,0,0,0,0,0,0,0,0,0,0,0,0,0,100,0,0,260722.67767333984,54791.82342529297,0,67221336064,8589930496,59103985664,354729984
200,1724133910233,999,900,1200,1200,1100,800,800,4521,875,880,800,800,1000,873,800,878,800,898,860,872,882,800,886,800,896,860,800,800,800,800,900,800,0,0,0,0,0,0,0,0,0,0,0,0,0,0,0,0,0,0,0,0,0,0,0,0,0,0,0,0,0,0,100,0,0,260733.9580078125,54801.390563964844,0,67221336064,8589930496,59203076096,354729984
200,1724133910433,999,900,1200,1200,1100,800,800,4521,875,880,800,800,1000,873,800,878,800,898,860,872,882,800,886,800,896,860,800,800,800,800,900,800,0,0,0,0,0,0,0,0,0,0,0,0,0,0,0,0,0,0,0,0,0,0,0,0,0,0,0,0,0,0,100,0,0,260745.20556640625,54810.91552734375,0,67221336064,8589930496,59310424064,354729984
200,1724133910633,999,900,1200,1200,1100,800,800,4521,875,880,800,800,1000,873,800,878,800,898,860,872,882,800,886,800,896,860,800,800,800,800,900,800,0,0,0,0,0,0,0,0,0,0,0,0,0,0,0,0,0,0,0,0,0,0,0,0,0,0,0,0,0,0,100,0,0,260756.48486328125,54820.478759765625,0,67221336064,8589930496,59409514496,354729984
200,1724133910834,999,900,1200,1200,1100,800,800,4521,875,880,800,800,1000,873,800,878,800,898,860,872,882,800,886,800,896,860,800,800,800,800,900,800,0,0,0,0,0,0,0,0,0,0,0,0,0,0,0,0,0,0,0,0,0,0,0,0,0,0,0,0,0,0,100,0,0,260767.68170166016,54829.96936035156,0,67221336064,8589930496,59516862464,354729984
200,1724133911034,999,900,1200,1200,1100,800,800,4521,875,880,800,800,1000,873,800,878,800,898,860,872,882,800,886,800,896,860,800,800,800,800,900,800,0,0,0,0,0,0,0,0,0,0,0,0,0,0,0,0,0,0,0,0,0,0,0,0,0,0,0,0,0,0,100,0,0,260779.05895996094,54839.626525878906,0,67221336064,8589930496,59616210944,354729984
200,1724133911234,999,900,1200,1200,1100,800,800,4521,875,880,800,800,1000,873,800,878,800,898,860,872,882,800,886,800,896,860,800,800,800,800,900,800,0,0,0,0,0,0,0,0,0,0,0,0,0,0,0,0,0,0,0,0,0,0,0,0,0,0,0,0,0,0,100,0,0,260790.2880859375,54849.139892578125,0,67221336064,8589930496,59723558912,354729984
200,1724133911434,999,900,1200,1200,1100,800,800,4521,875,880,800,800,1000,873,800,878,800,898,860,872,882,800,886,800,896,860,800,800,800,800,900,800,0,0,0,0,0,0,0,0,0,0,0,0,0,0,0,0,0,0,0,0,0,0,0,0,0,0,0,0,0,0,100,0,0,260801.4932861328,54858.630920410156,0,67221336064,8589930496,59822649344,354729984
200,1724133911634,999,900,1200,1200,1100,800,800,4521,875,880,800,800,1000,873,800,878,800,898,860,872,882,800,886,800,896,860,800,800,800,800,900,800,0,0,0,0,0,0,0,0,0,0,0,0,0,0,0,0,0,0,0,0,0,0,0,0,0,0,0,0,0,0,100,0,0,260812.6665649414,54868.09521484375,0,67221336064,8589930496,59929997312,354729984
200,1724133911834,999,900,1200,1200,1100,800,800,4521,875,880,800,800,1000,873,800,878,800,898,860,872,882,800,886,800,896,860,800,800,800,800,900,800,0,0,0,4.761904716491699,0,0,0,0,0,0,0,0,0,0,0,0,0,0,0,0,0,0,0,0,0,0,0,0,0,0,100,0,0,260823.95080566406,54877.65295410156,0,67221336064,8589930496,60028055552,354729984
200,1724133912034,999,900,1200,1200,1100,800,800,4521,875,880,800,800,1000,873,800,878,800,898,860,872,882,800,886,800,896,860,800,800,800,800,900,800,0,0,0,0,0,0,0,0,0,0,0,0,0,0,0,0,0,0,0,0,0,0,0,0,0,0,0,0,0,0,100,0,0,260835.25469970703,54887.23400878906,0,67221336064,8589930496,60134371328,354729984
200,1724133912234,999,900,1200,1200,1100,800,800,4521,875,880,800,800,1000,873,800,878,800,898,860,872,882,800,886,800,896,860,800,800,800,800,900,800,0,0,0,0,0,0,0,0,0,0,0,0,0,0,0,0,0,0,0,0,0,0,0,0,0,0,0,0,0,0,100,0,0,260846.4052734375,54896.674865722656,0,67221336064,8589930496,60241719296,354729984
200,1724133912434,999,900,1200,1200,1100,800,800,4521,875,880,800,800,1000,873,800,878,800,898,860,872,882,800,886,800,896,860,800,800,800,800,900,800,0,0,0,0,0,0,0,0,0,0,0,0,0,0,0,0,0,0,0,0,0,0,0,0,0,0,0,0,0,0,100,0,0,260857.86376953125,54906.406494140625,0,67221336064,8589930496,60340809728,354729984
200,1724133912634,999,900,1200,1200,1100,800,800,4521,875,880,800,800,1000,873,800,878,800,898,860,872,882,800,886,800,896,860,800,800,800,800,900,800,0,0,0,0,0,0,0,0,0,0,0,0,0,0,0,0,0,0,0,0,0,0,0,0,0,0,0,0,0,0,100,0,0,260869.1319580078,54915.960876464844,0,67221336064,8589930496,60439900160,354729984
200,1724133912834,999,900,1200,1200,1100,800,800,4521,875,880,800,800,1000,873,800,878,800,898,860,872,882,800,886,800,896,860,800,800,800,800,900,800,0,0,0,0,0,0,0,0,0,0,0,0,0,0,0,0,0,0,0,0,0,0,0,0,0,0,0,0,0,0,100,0,0,260880.3095703125,54925.42431640625,0,67221336064,8589930496,60547248128,354729984
200,1724133913034,999,900,1200,1200,1100,800,800,4521,875,880,800,800,1000,873,800,878,800,898,860,872,882,800,886,800,896,860,800,800,800,800,900,800,0,0,0,0,0,0,0,0,0,0,0,0,0,0,0,0,0,0,0,0,0,0,0,0,0,0,0,0,0,0,100,0,0,260891.5802001953,54934.972595214844,0,67221336064,8589930496,60646338560,354729984
200,1724133913235,999,900,1200,1200,1100,800,800,4521,875,880,800,800,1000,873,800,878,800,898,860,872,882,800,886,800,896,860,800,800,800,800,900,800,0,0,0,0,0,0,0,0,0,0,0,0,0,0,0,0,0,0,0,0,0,0,0,0,0,0,0,0,0,0,100,0,0,260902.82623291016,54944.492919921875,0,67221336064,8589930496,60753686528,354729984
200,1724133913435,999,900,1200,1200,1100,800,800,4521,875,880,800,800,1000,873,800,878,800,898,860,872,882,800,886,800,896,860,800,800,800,800,900,800,0,0,0,0,0,0,0,0,0,0,0,0,0,0,0,0,0,0,0,0,0,0,0,0,0,0,0,0,0,0,100,0,0,260914.02099609375,54953.969665527344,0,67221336064,8589930496,60859486208,354729984
200,1724133913635,999,900,1200,1200,1100,800,800,4521,875,880,800,800,1000,873,800,878,800,898,860,872,882,800,886,800,896,860,800,800,800,800,900,800,0,0,0,0,0,0,0,0,0,0,0,0,0,0,0,0,0,0,0,0,0,0,0,0,0,0,0,0,0,0,100,0,0,260925.35620117188,54963.59094238281,0,67221336064,8589930496,60966834176,354729984
200,1724133913835,999,900,1200,1200,1100,800,800,4521,875,880,800,800,1000,873,800,878,800,898,860,872,882,800,886,800,896,860,800,800,800,800,900,800,0,0,0,0,0,0,0,0,0,0,0,0,0,0,0,0,0,0,0,0,0,0,0,0,0,0,0,0,0,0,100,0,0,260936.6099243164,54973.125244140625,0,67221336064,8589930496,61074182144,354729984
200,1724133914035,999,900,1200,1200,1100,800,800,4521,875,880,800,800,1000,873,800,878,800,898,860,872,882,800,886,800,896,860,800,800,800,800,900,800,0,0,0,0,0,0,0,0,0,0,0,0,0,0,0,0,0,0,0,0,0,0,0,0,0,0,0,0,0,0,100,0,0,260947.88885498047,54982.684997558594,0,67221336064,8589930496,61173272576,354729984
200,1724133914235,999,900,1200,1200,1100,800,800,4521,875,880,800,800,1000,873,800,878,800,898,860,872,882,800,886,800,896,860,800,800,800,800,900,800,0,0,0,0,0,0,0,0,0,0,0,0,0,0,0,0,0,0,0,0,0,0,0,0,0,0,0,0,0,0,100,0,0,260959.1365966797,54992.21594238281,0,67221336064,8589930496,61280620544,354729984
200,1724133914435,999,900,1200,1200,1100,800,800,4521,875,880,800,800,1000,873,800,878,800,898,860,872,882,800,886,800,896,860,800,800,800,800,900,800,0,0,0,0,0,0,0,0,0,0,0,0,0,0,0,0,0,0,0,0,0,0,0,0,0,0,0,0,0,0,100,0,0,260970.39099121094,55001.74560546875,0,67221336064,8589930496,61379710976,354729984
200,1724133914635,999,900,1200,1200,1100,800,800,4521,875,880,800,800,1000,873,800,878,800,898,860,872,882,800,886,800,896,860,800,800,800,800,900,800,0,0,0,0,0,0,0,0,0,0,0,0,0,0,0,0,0,0,0,0,0,0,0,0,0,0,0,0,0,0,100,0,0,260981.68701171875,55011.324279785156,0,67221336064,8589930496,61487058944,354729984
200,1724133914835,999,900,1200,1200,1100,800,800,4521,875,880,800,800,1000,873,800,878,800,898,860,872,882,800,886,800,896,860,800,800,800,800,900,800,0,0,0,0,0,0,0,0,0,0,0,0,0,0,0,0,0,0,0,0,0,0,0,0,0,0,0,0,0,0,100,0,0,260992.94171142578,55020.85809326172,0,67221336064,8589930496,61585117184,354729984
200,1724133915035,999,900,1200,1200,1100,800,800,4521,875,880,800,800,1000,873,800,878,800,898,860,872,882,800,886,800,896,860,800,800,800,800,900,800,0,0,0,0,0,0,0,0,0,0,0,0,0,0,0,0,0,0,0,0,0,0,0,0,0,0,0,0,0,0,100,0,0,261004.27404785156,55030.46826171875,0,67221336064,8589930496,61691432960,354729984
200,1724133915235,999,900,1200,1200,1100,800,800,4521,875,880,800,800,1000,873,800,878,800,898,860,872,882,800,886,800,896,860,800,800,800,800,900,800,0,0,0,0,0,0,0,0,0,0,0,0,0,0,0,0,0,0,0,0,0,0,0,0,0,0,0,0,0,0,100,0,0,261015.47430419922,55039.952392578125,0,67221336064,8589930496,61790523392,354729984
200,1724133915436,999,900,1200,1200,1100,800,800,4521,875,880,800,800,1000,873,800,878,800,898,860,872,882,800,886,800,896,860,800,800,800,800,900,800,0,0,0,0,0,0,0,0,0,0,0,0,0,0,0,0,0,0,0,0,0,0,0,0,0,0,0,0,0,0,100,0,0,261026.7241821289,55049.47546386719,0,67221336064,8589930496,61897871360,354729984
200,1724133915636,999,900,1200,1200,1100,800,800,4521,875,880,800,800,1000,873,800,878,800,898,860,872,882,800,886,800,896,860,800,800,800,800,900,800,0,0,0,0,0,0,0,0,0,0,0,0,0,0,0,0,0,0,0,0,0,0,0,0,0,0,0,0,0,0,100,0,0,261037.92211914063,55058.95593261719,0,67221336064,8589930496,61996961792,354729984
200,1724133915836,999,900,1200,1200,1100,800,800,4521,875,880,800,800,1000,873,800,878,800,898,860,872,882,800,886,800,896,860,800,800,800,800,900,800,0,0,0,0,0,0,0,0,0,0,0,0,0,0,0,0,0,0,0,0,0,0,0,0,0,0,0,0,0,0,100,0,0,261049.15698242188,55068.463623046875,0,67221336064,8589930496,62104309760,354729984
200,1724133916036,999,900,1200,1200,1100,800,800,4521,875,880,800,800,1000,873,800,878,800,898,860,872,882,800,886,800,896,860,800,800,800,800,900,800,0,0,0,0,0,0,0,0,0,0,0,0,0,0,0,0,0,0,0,0,0,0,0,0,0,0,0,0,0,0,100,0,0,261060.3525390625,55077.94073486328,0,67221336064,8589930496,62203400192,354729984
200,1724133916236,999,900,1200,1200,1100,800,800,4521,875,880,800,800,1000,873,800,878,800,898,860,872,882,800,886,800,896,860,800,800,800,800,900,800,0,0,0,0,0,0,0,0,0,0,0,0,0,0,0,0,0,0,0,0,0,0,0,0,0,0,0,0,0,0,100,0,0,261071.5630493164,55087.43487548828,0,67221336064,8589930496,62309715968,354729984
200,1724133916436,999,900,1200,1200,1100,800,800,4521,875,880,800,800,1000,873,800,878,800,898,860,872,882,800,886,800,896,860,800,800,800,800,900,800,0,0,0,0,0,0,0,0,0,0,0,0,0,0,0,0,0,0,0,0,0,0,0,0,0,0,0,0,0,0,100,0,0,261082.70379638672,55096.870361328125,0,67221336064,8589930496,62408806400,354729984
200,1724133916636,999,900,1200,1200,1100,800,800,4521,875,880,800,800,1000,873,800,878,800,898,860,872,882,800,886,800,896,860,800,800,800,800,900,800,0,0,0,0,0,0,0,0,0,0,0,0,0,0,0,0,0,0,0,0,0,0,0,0,0,0,0,0,0,0,100,0,0,261093.9867553711,55106.42712402344,0,67221336064,8589930496,62515638272,354729984
200,1724133916836,999,900,1200,1200,1100,800,800,4521,875,880,800,800,1000,873,800,878,800,898,860,872,882,800,886,800,896,860,800,800,800,800,900,800,0,0,0,0,0,0,0,0,0,0,0,0,0,0,0,0,0,0,0,0,0,0,0,0,0,0,0,0,0,0,100,0,0,261105.29833984375,55116.02355957031,0,67221336064,8589930496,62614728704,354729984
200,1724133917036,999,900,1200,1200,1100,800,800,4521,875,880,800,800,1000,873,800,878,800,898,860,872,882,800,886,800,896,860,800,800,800,800,900,800,0,0,0,0,0,0,0,0,0,0,0,0,0,0,0,0,0,0,0,0,0,0,0,0,0,0,0,0,0,0,100,0,0,261116.46948242188,55125.482666015625,0,67221336064,8589930496,62721560576,354729984
200,1724133917236,999,900,1200,1200,1100,800,800,4521,875,880,800,800,1000,873,800,878,800,898,860,872,882,800,886,800,896,860,800,800,800,800,900,800,0,0,0,0,0,0,0,0,0,0,0,0,0,0,0,0,0,0,0,0,0,0,0,0,0,0,0,0,0,0,100,0,0,261127.73114013672,55135.02233886719,0,67221336064,8589930496,62828908544,354729984
200,1724133917437,999,900,1200,1200,1100,800,800,4521,875,880,800,800,1000,873,800,878,800,898,860,872,882,800,886,800,896,860,800,800,800,800,900,800,0,0,0,0,0,0,0,0,0,0,0,0,0,0,0,0,0,0,0,0,0,0,0,0,0,0,0,0,0,0,100,0,0,261138.92498779297,55144.50085449219,0,67221336064,8589930496,62927998976,354729984
200,1724133917637,999,900,1200,1200,1100,800,800,4521,875,880,800,800,1000,873,800,878,800,898,860,872,882,800,886,800,896,860,800,800,800,800,900,800,0,0,0,0,0,0,0,0,0,0,0,0,0,0,0,0,0,0,0,0,0,0,0,0,0,0,0,0,0,0,100,0,0,261150.1260986328,55153.986389160156,0,67221336064,8589930496,63035346944,354729984
200,1724133917837,999,900,1200,1200,1100,800,800,4521,875,880,800,800,1000,873,800,878,800,898,860,872,882,800,886,800,896,860,800,800,800,800,900,800,0,0,0,0,0,0,0,0,0,0,0,0,0,0,0,0,0,0,0,0,0,0,0,0,0,0,0,0,0,0,100,0,0,261161.3328857422,55163.476501464844,0,67221336064,8589930496,63134437376,354729984
200,1724133918037,999,900,1200,1200,1100,800,800,4521,875,880,800,800,1000,873,800,878,800,898,860,872,882,800,886,800,896,860,800,800,800,800,900,800,0,0,0,0,0,0,0,0,0,0,0,0,0,0,0,0,0,0,0,0,0,0,0,0,0,0,0,0,0,0,100,0,0,261172.62280273438,55173.05114746094,0,67221336064,8589930496,63240753152,354729984
200,1724133918237,999,900,1200,1200,1100,800,800,4521,875,880,800,800,1000,873,800,878,800,898,860,872,882,800,886,800,896,860,800,800,800,800,900,800,0,0,0,0,0,0,0,0,0,0,0,0,0,0,0,0,0,0,0,0,0,0,0,0,0,0,0,0,0,0,100,0,0,261183.87963867188,55182.58642578125,0,67221336064,8589930496,63339585536,354729984
200,1724133918437,999,900,1200,1200,1100,800,800,4521,875,880,800,800,1000,873,800,878,800,898,860,872,882,800,886,800,896,860,800,800,800,800,900,800,0,0,0,0,0,0,0,0,0,0,0,0,0,0,0,0,0,0,0,0,0,0,0,0,0,0,0,0,0,0,100,0,0,261195.07440185547,55192.06951904297,0,67221336064,8589930496,63446933504,354729984
200,1724133918637,999,900,1200,1200,1100,800,800,4521,875,880,800,800,1000,873,800,878,800,898,860,872,882,800,886,800,896,860,800,800,800,800,900,800,4.761904716491699,0,0,0,0,0,0,0,0,0,0,0,0,0,0,0,0,0,0,0,0,0,0,0,0,0,0,0,0,0,100,0,0,261206.21875,55201.50518798828,0,67221336064,8589930496,63546023936,354729984
200,1724133918837,999,900,1200,1200,1100,800,800,4521,875,880,800,800,1000,873,800,878,800,898,860,872,882,800,886,800,896,860,800,800,800,800,900,800,0,0,0,0,0,0,0,0,0,0,0,0,0,0,0,0,0,0,0,0,0,0,0,0,0,0,0,0,0,0,100,0,0,261217.57916259766,55211.143005371094,0,67221336064,8589930496,63653371904,354729984
200,1724133919037,999,900,1200,1200,1100,800,800,4521,875,880,800,800,1000,873,800,878,800,898,860,872,882,800,886,800,896,860,800,800,800,800,900,800,0,0,0,0,0,0,0,0,0,0,0,0,0,0,0,0,0,0,0,0,0,0,0,0,0,0,0,0,0,0,100,0,0,261228.83447265625,55220.674377441406,0,67221336064,8589930496,63752462336,354729984
200,1724133919237,999,900,1200,1200,1100,800,800,4521,875,880,800,800,1000,873,800,878,800,898,860,872,882,800,886,800,896,860,800,800,800,800,900,800,0,0,0,0,0,0,0,0,0,0,0,0,0,0,0,0,0,0,0,0,0,0,0,0,0,0,0,0,0,0,100,0,0,261239.99591064453,55230.1240234375,0,67221336064,8589930496,63859810304,354729984
200,1724133919438,999,900,1200,1200,1100,800,800,4521,875,880,800,800,1000,873,800,878,800,898,860,872,882,800,886,800,896,860,800,800,800,800,900,800,0,0,0,0,0,0,0,0,0,0,0,0,0,0,0,0,0,0,0,0,0,0,0,0,0,0,0,0,0,0,100,0,0,261251.20025634766,55239.60968017578,0,67221336064,8589930496,63958900736,354729984
200,1724133919638,999,900,1200,1200,1100,800,800,4521,875,880,800,800,1000,873,800,878,800,898,860,872,882,800,886,800,896,860,800,800,800,800,900,800,0,0,0,0,0,0,0,0,0,0,0,0,0,0,0,0,0,0,0,0,0,0,0,0,0,0,0,0,0,0,100,0,0,261262.63079833984,55249.31884765625,0,67221336064,8589930496,64065990656,354729984
200,1724133919838,999,900,1200,1200,1100,800,800,4521,875,880,800,800,1000,873,800,878,800,898,860,872,882,800,886,800,896,860,800,800,800,800,900,800,0,0,0,0,0,0,0,0,0,0,0,0,0,0,0,0,0,0,0,0,0,0,0,0,0,0,0,0,0,0,100,0,0,261273.86083984375,55258.832092285156,0,67221336064,8589930496,64165081088,354729984
200,1724133920038,999,900,1200,1200,1100,800,800,4521,875,880,800,800,1000,873,800,878,800,898,860,872,882,800,886,800,896,860,800,800,800,800,900,800,0,0,0,0,0,0,0,0,0,0,0,0,0,0,0,0,0,0,0,0,0,0,0,0,0,0,0,0,0,0,100,0,0,261285.07611083984,55268.32684326172,0,67221336064,8589930496,64271396864,354729984
200,1724133920238,999,900,1200,1200,1100,800,800,4521,875,880,800,800,1000,873,800,878,800,898,860,872,882,800,886,800,896,860,800,800,800,800,900,800,0,0,0,0,0,0,0,0,0,0,0,0,0,0,0,0,0,0,0,0,0,0,0,0,0,0,0,0,0,0,100,0,0,261296.2908935547,55277.82696533203,0,67221336064,8589930496,64379228160,354729984
200,1724133920438,999,900,1200,1200,1100,800,800,4521,875,880,800,800,1000,873,800,878,800,898,860,872,882,800,886,800,896,860,800,800,800,800,900,800,0,0,0,0,0,0,0,0,0,0,0,0,0,0,0,0,0,0,0,0,0,0,0,0,0,0,0,0,0,0,100,0,0,261307.525390625,55287.34454345703,0,67221336064,8589930496,64478318592,354729984
200,1724133920638,999,900,1200,1200,1100,800,800,4521,875,880,800,800,1000,873,800,878,800,898,860,872,882,800,886,800,896,860,800,800,800,800,900,800,0,0,0,0,0,0,0,0,0,0,0,0,0,0,0,0,0,0,0,0,0,0,0,0,0,0,0,0,0,0,100,0,0,261318.7919921875,55296.886291503906,0,67221336064,8589930496,64585666560,354729984
200,1724133920838,999,900,1200,1200,1100,800,800,4521,875,880,800,800,1000,873,800,878,800,898,860,872,882,800,886,800,896,860,800,800,800,800,900,800,0,0,0,0,0,0,0,0,0,0,0,0,0,0,0,0,0,0,0,0,0,0,0,0,0,0,0,0,0,0,100,0,0,261330.15899658203,55306.53271484375,0,67221336064,8589930496,64684240896,354729984
200,1724133921038,999,900,1200,1200,1100,800,800,4521,875,880,800,800,1000,873,800,878,800,898,860,872,882,800,886,800,896,860,800,800,800,800,900,800,0,0,0,0,0,0,0,0,0,0,0,0,0,0,0,0,0,0,0,0,0,0,0,0,0,0,0,0,0,0,100,0,0,261341.5249633789,55316.17413330078,0,67221336064,8589930496,64791588864,354729984
199,1724133921238,999,900,1200,1200,1100,800,800,4521,875,880,800,800,1000,873,800,878,800,898,860,872,882,800,886,800,896,860,800,800,800,800,900,800,0,0,0,0,0,0,0,0,0,0,0,0,0,0,0,0,0,0,0,0,0,0,0,0,0,0,0,0,0,0,100,0,0,261352.75158691406,55325.68420410156,0,67221336064,8589930496,64889647104,354729984
200,1724133921438,999,900,1200,1200,1100,800,800,4521,875,880,800,800,1000,873,800,878,800,898,860,872,882,800,886,800,896,860,800,800,800,800,900,800,0,0,0,0,0,0,0,0,0,0,0,0,0,0,0,0,0,0,0,0,0,0,0,0,0,0,0,0,0,0,100,0,0,261363.9002685547,55335.12658691406,0,67221336064,8589930496,64996995072,354729984
200,1724133921638,999,900,1200,1200,1100,800,800,4521,875,880,800,800,1000,873,800,878,800,898,860,872,882,800,886,800,896,860,800,800,800,800,900,800,0,0,0,0,0,0,0,0,0,0,0,0,0,0,0,0,0,0,0,0,0,0,0,0,0,0,0,0,0,0,100,0,0,261375.08880615234,55344.60418701172,0,67221336064,8589930496,65096085504,354729984
200,1724133921839,999,900,1200,1200,1100,800,800,4521,875,880,800,800,1000,873,800,878,800,898,860,872,882,800,886,800,896,860,800,800,800,800,900,800,0,0,0,0,0,0,0,0,0,0,0,0,0,0,0,0,0,0,0,0,0,0,0,0,0,0,0,0,0,0,100,0,0,261386.3162841797,55354.117248535156,0,67221336064,8589930496,65211691008,354729984
200,1724133922039,999,900,1200,1200,1100,800,800,4521,875,880,800,800,1000,873,800,878,800,898,860,872,882,800,886,800,896,860,800,800,800,800,900,800,0,0,0,0,0,0,0,0,0,0,0,0,0,0,0,0,0,0,0,0,0,0,0,0,0,0,0,0,0,0,100,0,0,261397.55078125,55363.6298828125,0,67221336064,8589930496,65310781440,354729984
200,1724133922239,999,900,1200,1200,1100,800,800,4521,875,880,800,800,1000,873,800,878,800,898,860,872,882,800,886,800,896,860,800,800,800,800,900,800,0,0,0,0,0,0,0,0,0,0,0,0,0,0,0,0,0,0,0,0,0,0,0,0,0,0,0,0,0,0,100,0,0,261408.71502685547,55373.082275390625,0,67221336064,8589930496,65418129408,354729984
200,1724133922439,999,900,1200,1200,1100,800,800,4521,875,880,800,800,1000,873,800,878,800,898,860,872,882,800,886,800,896,860,800,800,800,800,900,800,0,0,0,0,0,0,0,0,0,0,0,0,0,0,0,0,0,0,0,0,0,0,0,0,0,0,0,0,0,0,100,0,0,261419.88958740234,55382.54376220703,0,67221336064,8589930496,65530048512,354729984
200,1724133922639,999,900,1200,1200,1100,800,800,4521,875,880,800,800,1000,873,800,878,800,898,860,872,882,800,886,800,896,860,800,800,800,800,900,800,0,0,0,0,0,0,0,0,0,0,0,0,0,0,0,0,0,0,0,0,0,0,0,0,0,0,0,0,0,0,100,0,0,261431.12109375,55392.05627441406,0,67221336064,8589930496,65629089792,354729984
200,1724133922839,999,900,1200,1200,1100,800,800,4521,875,880,800,800,1000,873,800,878,800,898,860,872,882,800,886,800,896,860,800,800,800,800,900,800,0,0,0,0,0,0,0,0,0,0,0,0,0,0,0,0,0,0,0,0,0,0,0,0,0,0,0,0,0,0,100,0,0,261442.34814453125,55401.576110839844,0,67221336064,8589930496,65731817472,354729984
200,1724133923039,999,900,1200,1200,1100,800,800,4521,875,880,800,800,1000,873,800,878,800,898,860,872,882,800,886,800,896,860,800,800,800,800,900,800,0,0,0,0,0,0,0,0,0,0,0,0,0,0,0,0,0,0,0,0,0,0,0,0,0,0,0,0,0,0,100,0,0,261453.63116455078,55411.15197753906,0,67221336064,8589930496,65838317568,354729984
200,1724133923239,999,900,1200,1200,1100,800,800,4521,875,880,800,800,1000,873,800,878,800,898,860,872,882,800,886,800,896,860,800,800,800,800,900,800,0,0,0,0,0,0,0,0,0,0,0,0,0,0,0,0,0,0,0,0,0,0,0,0,0,0,0,0,0,0,100,0,0,261464.82879638672,55420.63690185547,0,67221336064,8589930496,65941438464,354729984
200,1724133923439,999,900,1200,1200,1100,800,800,4521,875,880,800,800,1000,873,800,878,800,898,860,872,882,800,886,800,896,860,800,800,800,800,900,800,0,0,0,0,0,0,0,0,0,0,0,0,0,0,0,0,0,0,0,0,0,0,0,0,0,0,0,0,0,0,100,0,0,261476.18536376953,55430.274353027344,0,67221336064,8589930496,66046230528,354729984
200,1724133923639,999,900,1200,1200,1100,800,800,4521,875,880,800,800,1000,873,800,878,800,898,860,872,882,800,886,800,896,860,800,800,800,800,900,800,0,0,0,0,0,0,0,0,0,0,0,0,0,0,0,0,0,0,0,0,0,0,0,0,0,0,0,0,0,0,100,0,0,261487.39819335938,55439.773864746094,0,67221336064,8589930496,66147786752,354729984
200,1724133923839,999,900,1200,1200,1100,800,800,4521,875,880,800,800,1000,873,800,878,800,898,860,872,882,800,886,800,896,860,800,800,800,800,900,800,0,0,0,0,0,0,0,0,0,0,0,0,0,0,0,0,0,0,0,0,0,0,0,0,0,0,0,0,0,0,100,0,0,261498.55895996094,55449.23034667969,0,67221336064,8589930496,66251571200,354729984
200,1724133924040,999,900,1200,1200,1100,800,800,4521,875,880,800,800,1000,873,800,878,800,898,860,872,882,800,886,800,896,860,800,800,800,800,900,800,0,0,0,0,0,0,0,0,0,0,0,0,0,0,0,0,0,0,0,0,0,0,0,0,0,0,0,0,0,0,100,0,0,261509.7861328125,55458.741943359375,0,67221336064,8589930496,66354040832,354729984
200,1724133924240,999,900,1200,1200,1100,800,800,4521,875,880,800,800,1000,873,800,878,800,898,860,872,882,800,886,800,896,860,800,800,800,800,900,800,0,0,0,0,0,0,0,0,0,0,0,0,0,0,0,0,0,0,0,0,0,0,0,0,0,0,0,0,0,0,100,0,0,261520.97186279297,55468.221923828125,0,67221336064,8589930496,66457772032,354729984
200,1724133924440,999,900,1200,1200,1100,800,800,4521,875,880,800,800,1000,873,800,878,800,898,860,872,882,800,886,800,896,860,800,800,800,800,900,800,0,0,0,0,0,0,0,0,0,0,0,0,0,0,0,0,0,0,0,0,0,0,0,0,0,0,0,0,0,0,100,0,0,261532.16400146484,55477.698974609375,0,67221336064,8589930496,66562543616,354729984
200,1724133924640,999,900,1200,1200,1100,800,800,4521,875,880,800,800,1000,873,800,878,800,898,860,872,882,800,886,800,896,860,800,800,800,800,900,800,0,0,0,0,0,0,0,0,0,0,0,0,0,0,0,0,0,0,0,0,0,0,0,0,0,0,0,0,0,0,100,0,0,261543.45751953125,55487.27752685547,0,67221336064,8589930496,66663587840,354729984
200,1724133924840,999,900,1200,1200,1100,800,800,4521,875,880,800,800,1000,873,800,878,800,898,860,872,882,800,886,800,896,860,800,800,800,800,900,800,0,0,0,0,0,0,0,0,0,0,0,0,0,0,0,0,0,0,0,0,0,0,0,0,0,0,0,0,0,0,100,0,0,261554.62030029297,55496.735107421875,0,67221336064,8589930496,66769149952,354729984
200,1724133925040,999,900,1200,1200,1100,800,800,4521,875,880,800,800,1000,873,800,878,800,898,860,872,882,800,886,800,896,860,800,800,800,800,900,800,0,0,0,0,0,0,0,0,0,0,0,0,0,0,0,0,0,0,0,0,0,0,0,0,0,0,0,0,0,0,100,0,0,261565.88061523438,55506.29071044922,0,67221336064,8589930496,66873970688,354729984
200,1724133925240,999,900,1200,1200,1100,800,800,4521,875,880,800,800,1000,873,800,878,800,898,860,872,882,800,886,800,896,860,800,800,800,800,900,800,4.761904716491699,0,0,0,0,0,0,0,0,0,0,0,0,0,0,0,0,0,0,0,0,0,0,0,0,0,0,0,0,0,100,0,0,261577.27569580078,55515.974060058594,0,67221336064,8589930496,66977857536,354729984
197,1724133925443,999,900,1200,1200,1100,800,800,4521,875,880,800,800,1000,873,800,878,800,898,860,872,882,800,886,800,896,860,800,800,800,800,900,800,0,0,38.095237731933594,0,0,0,0,0,0,0,0,0,0,0,0,0,0,0,0,0,0,0,0,0,0,0,0,0,0,0,95.23809814453125,0,0,261589.45568847656,55526.372802734375,0,67221336064,8589930496,66998255616,396673024
200,1724133925641,999,900,1200,1200,1100,800,800,4521,875,880,800,800,1000,873,800,878,800,898,860,872,882,800,886,800,896,860,800,800,800,800,900,800,0,0,38.095237731933594,0,0,0,0,0,0,0,0,0,0,0,0,0,0,0,0,0,0,0,0,0,0,0,0,0,0,0,95.23809814453125,0,0,261601.87438964844,55537.04650878906,0,67221336064,8589930496,66975510528,501006336
200,1724133925841,999,900,1200,1200,1100,800,800,4521,875,880,800,800,1000,873,800,878,800,898,860,872,882,800,886,800,896,860,800,800,800,800,900,800,2.5,0,71.79487609863281,0,0,0,0,0,0,0,0,0,0,0,0,0,0,0,0,0,0,0,0,0,0,0,0,0,0,0,100,0,0,261614.57958984375,55547.991638183594,0,67221336064,8589930496,67021840384,551862272
199,1724133926041,999,900,1200,1200,1100,800,800,4521,875,880,800,800,1000,873,800,878,800,898,860,872,882,800,886,800,896,860,800,800,800,800,900,800,0,0,100,0,0,0,0,0,0,0,0,0,0,0,0,0,0,0,0,0,0,0,0,0,0,0,0,0,0,0,45,57.894737243652344,0,261627.4066772461,55559.04895019531,0,67221336064,8589930496,67009196032,652525568
200,1724133926241,999,900,1200,1200,1100,800,800,4521,875,880,800,800,1000,873,800,878,800,898,860,872,882,800,886,800,896,860,800,800,800,800,900,800,0,0,100,0,0,0,0,0,0,0,0,0,0,0,0,0,0,0,0,0,0,0,0,0,0,0,0,0,0,0,45,57.894737243652344,0,261640.22094726563,55570.106994628906,0,67221336064,8589930496,67033751552,715177984
199,1724133926441,999,900,1200,1200,1100,800,800,4521,875,880,800,800,1000,873,800,878,800,898,860,872,882,800,886,800,896,860,800,800,800,800,900,800,0,0,100,0,0,0,21.95121955871582,25,0,0,0,0,0,0,0,0,0,0,0,0,0,0,0,0,0,0,0,0,0,0,0,51.219512939453125,0,261653.2020263672,55581.325439453125,0,67221336064,8589930496,67063402496,777043968
199,1724133926641,999,900,1200,1200,1100,800,800,4521,875,880,800,800,1000,873,800,878,800,898,860,872,882,800,886,800,896,860,800,800,800,800,900,800,0,0,100,0,0,0,15.789472579956055,23.809524536132813,0,0,0,0,0,0,0,0,0,0,0,0,0,0,0,0,0,0,0,0,0,0,57.894737243652344,0,0,261666.00915527344,55592.37432861328,0,67221336064,8589930496,67087568896,841793536
200,1724133926841,999,900,1200,1200,1100,800,800,4521,875,880,800,800,1000,873,800,878,800,898,860,872,882,800,886,800,896,860,800,800,800,800,900,800,0,0,100,0,0,0,0,0,0,0,0,0,0,0,0,0,0,0,0,0,0,0,0,0,0,0,0,0,0,0,100,0,0,261678.697265625,55603.307861328125,0,67221336064,8589930496,67108347904,905494528
200,1724133927041,999,900,1200,1200,1100,800,800,4521,875,880,800,800,1000,873,800,878,800,898,860,872,882,800,886,800,896,860,800,800,800,800,900,800,0,0,100,0,0,0,0,0,0,0,0,0,0,0,0,0,0,0,0,0,0,0,0,0,0,0,0,0,0,0,100,0,0,261691.44018554688,55614.294189453125,0,67221336064,8589930496,67133452288,969195520
199,1724133927241,999,900,1200,1200,1100,800,800,4521,875,880,800,800,1000,873,800,878,800,898,860,872,882,800,886,800,896,860,800,800,800,800,900,800,0,0,55,0,0,0,0,0,0,0,0,0,0,0,0,0,0,0,0,0,0,0,0,0,0,0,0,0,0,0,100,0,0,261703.27270507813,55624.362243652344,0,67221336064,8589930496,67003547648,1173143552
200,1724133927442,999,900,1200,1200,1100,800,800,4521,875,880,800,800,1000,873,800,878,800,898,860,872,882,800,886,800,896,860,800,800,800,800,900,800,0,0,9.523809432983398,0,0,0,0,0,0,0,0,0,0,0,0,0,0,0,0,0,0,0,0,0,0,0,0,0,0,0,100,0,0,261714.62689208984,55633.985412597656,0,67221336064,8589930496,67072086016,1211678720
200,1724133927642,999,900,1200,1200,1100,800,800,4521,875,880,800,800,1000,873,800,878,800,898,860,872,882,800,886,800,896,860,800,800,800,800,900,800,0,0,31.57894515991211,0,0,0,0,0,0,0,0,0,0,0,0,0,0,0,0,0,0,0,0,0,0,0,0,0,0,0,100,0,0,261726.35607910156,55643.96325683594,0,67221336064,8589930496,66989928448,1375780864
200,1724133927842,999,900,1200,1200,1100,800,800,4521,875,880,800,800,1000,873,800,878,800,898,860,872,882,800,886,800,896,860,800,800,800,800,900,800,0,0,0,0,0,0,0,0,0,0,0,0,0,0,0,0,0,0,0,0,0,0,0,0,0,0,0,0,0,0,100,0,0,261737.7159423828,55653.599060058594,0,67221336064,8589930496,67089010688,1375518720
200,1724133928042,999,900,1200,1200,1100,800,800,4521,875,880,800,800,1000,873,800,878,800,898,860,872,882,800,886,800,896,860,800,800,800,800,900,800,0,0,40,0,0,0,0,0,0,0,0,0,0,0,0,0,0,0,0,0,0,0,0,0,0,0,0,0,0,0,100,0,0,261749.40057373047,55663.531799316406,0,67221336064,8589930496,66975956992,1579204608
200,1724133928242,999,900,1200,1200,1100,800,800,4521,875,880,800,800,1000,873,800,878,800,898,860,872,882,800,886,800,896,860,800,800,800,800,900,800,0,0,0,0,0,0,0,0,0,0,0,0,0,0,0,0,0,0,0,0,0,0,0,0,0,0,0,0,0,0,100,0,0,261760.5327758789,55672.949157714844,0,67221336064,8589930496,67083304960,1579204608
200,1724133928442,999,900,1200,1200,1100,800,800,4521,875,880,800,800,1000,873,800,878,800,898,860,872,882,800,886,800,896,860,800,800,800,800,900,800,0,0,38.095237731933594,0,0,0,0,0,0,0,0,0,0,0,0,0,0,0,0,0,0,0,0,0,0,0,0,0,0,0,100,0,0,261772.47723388672,55683.138244628906,0,67221336064,8589930496,66962526208,1781841920
200,1724133928642,999,900,1200,1200,1100,800,800,4521,875,880,800,800,1000,873,800,878,800,898,860,872,882,800,886,800,896,860,800,800,800,800,900,800,0,0,0,0,0,0,0,0,0,0,0,0,0,4.761904716491699,0,0,0,0,0,0,0,0,0,0,0,0,0,0,0,0,100,0,0,261783.73736572266,55692.693603515625,0,67221336064,8589930496,67069874176,1781841920
200,1724133928842,999,900,1200,1200,1100,800,800,4521,875,880,800,800,1000,873,800,878,800,898,860,872,882,800,886,800,896,860,800,800,800,800,900,800,0,0,31.57894515991211,0,0,0,0,0,0,0,0,0,0,0,0,0,0,0,0,0,0,0,0,0,0,0,0,0,0,0,80,0,0,261793.9034423828,55701.06201171875,0,67221336064,8589930496,66898612224,1984217088
199,1724133929042,999,900,1200,1200,1100,800,800,4521,875,880,800,800,1000,873,800,878,800,898,860,872,882,800,886,800,896,860,800,800,800,800,900,800,0,0,0,0,0,0,0,0,0,0,0,0,0,0,0,0,0,0,0,0,0,0,0,0,0,0,0,0,0,0,100,0,0,261801.95977783203,55707.343994140625,0,67221336064,8589930496,66906370048,1984217088
200,1724133929242,999,900,1200,1200,1100,800,800,4521,875,880,800,800,1000,873,800,878,800,898,860,872,882,800,886,800,896,860,800,800,800,800,900,800,0,0,0,0,0,0,0,0,0,0,0,0,0,0,0,0,0,0,0,0,0,0,0,0,0,0,0,0,0,0,90,0,0,261809.5167236328,55713.13360595703,0,67221336064,8589930496,66906025984,1984217088
200,1724133929442,999,900,1200,1200,1100,800,800,4521,875,880,800,800,1000,873,800,878,800,898,860,872,882,800,886,800,896,860,800,800,800,800,900,800,0,0,0,0,0,0,0,0,0,0,0,0,0,0,0,0,0,0,0,0,0,0,0,0,0,0,0,0,0,0,95,0,0,261817.22735595703,55719.07550048828,0,67221336064,8589930496,66906025984,1984217088
200,1724133929642,999,900,1200,1200,1100,800,800,4521,875,880,800,800,1000,873,800,878,800,898,860,872,882,800,886,800,896,860,800,800,800,800,900,800,0,0,0,0,0,0,0,0,0,0,0,0,0,0,0,0,0,0,0,0,0,0,0,0,0,0,0,0,0,0,63.15789031982422,0,0,261823.03741455078,55723.155212402344,0,67221336064,8589930496,66906025984,1984217088
200,1724133929843,999,900,1200,1200,1100,800,800,4521,875,880,800,800,1000,873,800,878,800,898,860,872,882,800,886,800,896,860,800,800,800,800,900,800,0,0,0,0,0,0,0,0,0,0,0,0,0,0,0,0,0,0,0,0,0,0,0,0,0,0,0,0,0,0,66.66667175292969,0,0,261828.78393554688,55727.169189453125,0,67221336064,8589930496,66914799616,1983954944
199,1724133930043,999,900,1200,1200,1100,800,800,4521,875,880,800,800,1000,873,800,878,800,898,860,872,882,800,886,800,896,860,800,800,800,800,900,800,0,0,0,0,0,0,0,0,0,0,0,0,0,0,0,0,0,0,0,0,0,0,0,0,0,0,0,0,0,0,27.77777862548828,0,0,261832.1605834961,55728.85498046875,0,67221336064,8589930496,66930814976,1983954944
199,1724133930243,999,900,1200,1200,1100,800,800,4521,875,880,800,800,1000,873,800,878,800,898,860,872,882,800,886,800,896,860,800,800,800,800,900,800,0,0,0,0,0,0,0,0,0,0,0,0,0,0,0,0,0,0,0,0,0,0,0,0,0,0,0,0,0,0,26.3157901763916,0,0,261834.1085205078,55729.118408203125,0,67221336064,8589930496,66947182592,1983954944
199,1724133930443,999,900,1200,1200,1100,800,800,4521,875,880,800,800,1000,873,800,878,800,898,860,872,882,800,886,800,896,860,800,800,800,800,900,800,0,0,0,0,0,0,0,0,0,0,0,0,0,0,0,0,0,0,0,0,0,0,0,0,0,0,0,0,0,0,17.647058486938477,0,0,261836.0762939453,55729.39709472656,0,67221336064,8589930496,66955440128,1983954944
199,1724133930643,999,900,1200,1200,1100,800,800,4521,875,880,800,800,1000,873,800,878,800,898,860,872,882,800,886,800,896,860,800,800,800,800,900,800,0,0,0,0,0,0,0,0,0,0,0,0,0,0,0,0,0,0,0,0,0,0,0,0,0,0,0,0,0,0,16.666667938232422,0,0,261838.01055908203,55729.65100097656,0,67221336064,8589930496,66971955200,1983954944
199,1724133930843,999,900,1200,1200,1100,800,800,4521,875,880,800,800,1000,873,800,878,800,898,860,872,882,800,886,800,896,860,800,800,800,800,900,800,0,0,0,0,0,0,0,0,0,0,0,0,0,0,0,0,0,0,0,0,0,0,0,0,0,0,0,0,0,0,17.647058486938477,0,0,261839.9506225586,55729.911560058594,0,67221336064,8589930496,66988728320,1983692800
199,1724133931043,999,900,1200,1200,1100,800,800,4521,875,880,800,800,1000,873,800,878,800,898,860,872,882,800,886,800,896,860,800,800,800,800,900,800,0,0,0,0,0,0,0,0,0,0,0,0,0,0,0,0,0,0,0,0,0,0,0,0,0,0,0,5,0,0,19.047618865966797,0,0,261841.89239501953,55730.172424316406,0,67221336064,8589930496,67000291328,1983692800
199,1724133931243,999,900,1200,1200,1100,800,800,4521,875,880,800,800,1000,873,800,878,800,898,860,872,882,800,886,800,896,860,800,800,800,800,900,800,0,0,0,0,0,0,0,0,0,0,0,0,0,0,0,0,0,0,0,0,0,0,0,0,0,0,0,22.22222328186035,0,0,0,0,0,261843.8182373047,55730.419372558594,0,67221336064,8589930496,67020935168,1983692800
199,1724133931444,999,900,1200,1200,1100,800,800,4521,875,880,800,800,1000,873,800,878,800,898,860,872,882,800,886,800,896,860,800,800,800,800,900,800,0,0,10.526315689086914,0,0,0,0,0,0,0,0,0,0,0,0,0,0,0,0,0,0,0,0,0,0,0,0,5.263157844543457,0,0,0,0,0,261845.7498779297,55730.66650390625,0,67221336064,8589930496,67036934144,1983692800
199,1724133931644,999,900,1200,1200,1100,800,800,4521,875,880,800,800,1000,873,800,878,800,898,860,872,882,800,886,800,896,860,800,800,800,800,900,800,0,0,22.22222328186035,0,0,0,0,0,0,0,0,0,0,0,0,0,0,0,0,0,0,0,0,0,0,0,0,0,0,0,0,0,0,261847.67803955078,55730.91540527344,0,67221336064,8589930496,67045191680,1983692800
199,1724133931844,999,900,1200,1200,1100,800,800,4521,875,880,800,800,1000,873,800,878,800,898,860,872,882,800,886,800,896,860,800,800,800,800,900,800,0,0,20,0,0,0,0,0,0,0,0,0,0,0,0,0,0,0,0,0,0,0,0,0,0,0,0,0,0,0,5.263157844543457,0,0,261849.6202392578,55731.17803955078,0,67221336064,8589930496,67061706752,1983692800
199,1724133932044,999,900,1200,1200,1100,800,800,4521,875,880,800,800,1000,873,800,878,800,898,860,872,882,800,886,800,896,860,800,800,800,800,900,800,0,0,10,0,0,0,0,0,0,0,0,0,0,0,0,0,0,0,0,0,0,0,0,0,0,0,0,0,0,0,11.111111640930176,0,0,261851.56384277344,55731.43878173828,0,67221336064,8589930496,67069468672,1983692800
199,1724133932244,999,900,1200,1200,1100,800,800,4521,875,880,800,800,1000,873,800,878,800,898,860,872,882,800,886,800,896,860,800,800,800,800,900,800,0,0,0,0,0,0,0,0,0,0,0,0,0,0,0,0,0,0,0,0,0,0,0,0,0,0,0,0,0,0,22.22222328186035,0,0,261853.48040771484,55731.683532714844,0,67221336064,8589930496,67085983744,1983692800
199,1724133932444,999,900,1200,1200,1100,800,800,4521,875,880,800,800,1000,873,800,878,800,898,860,872,882,800,886,800,896,860,800,800,800,800,900,800,0,0,31.57894515991211,0,0,0,0,0,0,0,0,0,0,0,0,0,0,0,0,0,0,0,0,0,0,0,0,0,0,0,10.526315689086914,0,0,261858.0283203125,55734.51037597656,0,67221336064,8589930496,66896273408,2186854400
199,1724133932644,999,900,1200,1200,1100,800,800,4521,875,880,800,800,1000,873,800,878,800,898,860,872,882,800,886,800,896,860,800,800,800,800,900,800,0,0,16.666667938232422,0,0,0,0,0,0,0,0,0,0,0,0,0,0,0,0,0,0,0,0,0,0,0,0,0,0,0,0,0,0,261859.97161865234,55734.771423339844,0,67221336064,8589930496,66912477184,2186854400
199,1724133932844,999,900,1200,1200,1100,800,800,4521,875,880,800,800,1000,873,800,878,800,898,860,872,882,800,886,800,896,860,800,800,800,800,900,800,0,0,16.666667938232422,0,0,0,0,0,0,0,0,0,0,0,0,0,0,0,0,0,0,0,0,0,0,0,0,0,0,0,5.263157844543457,0,0,261861.90728759766,55735.02880859375,0,67221336064,8589930496,66928988160,2186592256
199,1724133933045,999,900,1200,1200,1100,800,800,4521,875,880,800,800,1000,873,800,878,800,898,860,872,882,800,886,800,896,860,800,800,800,800,900,800,0,0,0,0,0,0,0,0,0,0,0,0,0,0,0,0,0,0,0,0,0,0,0,0,0,0,0,0,0,0,25,0,0,261863.83612060547,55735.275817871094,0,67221336064,8589930496,66945220608,2186592256
199,1724133933245,999,900,1200,1200,1100,800,800,4521,875,880,800,800,1000,873,800,878,800,898,860,872,882,800,886,800,896,860,800,800,800,800,900,800,0,0,0,0,0,0,0,0,0,0,0,0,0,0,0,0,0,0,0,0,0,0,0,0,0,0,0,0,0,0,17.647058486938477,0,0,261865.76049804688,55735.52307128906,0,67221336064,8589930496,66953478144,2186592256
199,1724133933445,999,900,1200,1200,1100,800,800,4521,875,880,800,800,1000,873,800,878,800,898,860,872,882,800,886,800,896,860,800,800,800,800,900,800,0,0,10.526315689086914,0,4.761904716491699,0,0,0,0,0,0,0,0,0,0,0,0,0,0,0,0,0,0,0,0,0,0,0,0,0,5.555555820465088,0,0,261867.69409179688,55735.774353027344,0,67221336064,8589930496,66961551360,2186592256
200,1724133933645,999,900,1200,1200,1100,800,800,4521,875,880,800,800,1000,873,800,878,800,898,860,872,882,800,886,800,896,860,800,800,800,800,900,800,0,0,10.526315689086914,0,4.761904716491699,0,0,0,0,0,0,0,0,0,0,0,0,0,0,0,0,0,0,0,0,0,0,0,0,0,5.555555820465088,0,0,261873.40399169922,55739.6376953125,0,67221336064,8589930496,66969808896,2186592256
199,1724133933845,999,900,1200,1200,1100,800,800,4521,875,880,800,800,1000,873,800,878,800,898,860,872,882,800,886,800,896,860,800,800,800,800,900,800,0,0,58.974361419677734,0,0,0,0,0,0,0,0,0,0,0,0,0,0,0,0,0,0,0,0,0,0,0,0,0,0,0,5,0,0,261878.40057373047,55742.84063720703,0,67221336064,8589930496,66986323968,2186330112
199,1724133934045,999,900,1200,1200,1100,800,800,4521,875,880,800,800,1000,873,800,878,800,898,860,872,882,800,886,800,896,860,800,800,800,800,900,800,0,0,58.974361419677734,0,0,0,0,0,0,0,0,0,0,0,0,0,0,0,0,0,0,0,0,0,0,0,0,0,0,0,5,0,0,261882.859375,55745.50128173828,0,67221336064,8589930496,66994589696,2186330112
199,1724133934245,999,900,1200,1200,1100,800,800,4521,875,880,800,800,1000,873,800,878,800,898,860,872,882,800,886,800,896,860,800,800,800,800,900,800,2.4390242099761963,0,0,0,0,0,0,0,0,0,0,0,0,0,0,0,0,0,0,0,0,0,0,0,0,0,0,0,0,0,68.42105102539063,0,0,261890.02319335938,55750.78625488281,0,67221336064,8589930496,67019362304,2186330112
200,1724133934445,999,900,1200,1200,1100,800,800,4521,875,880,800,800,1000,873,800,878,800,898,860,872,882,800,886,800,896,860,800,800,800,800,900,800,0,0,19.047618865966797,0,0,0,0,0,0,0,0,0,0,0,0,0,0,0,0,0,0,0,0,0,0,0,0,0,0,0,21.052631378173828,0,0,261892.45739746094,55751.47888183594,0,67221336064,8589930496,67068776448,2186330112
200,1724133934645,999,900,1200,1200,1100,800,800,4521,875,880,800,800,1000,873,800,878,800,898,860,872,882,800,886,800,896,860,800,800,800,800,900,800,0,0,33.333335876464844,0,0,0,0,0,0,0,0,0,0,0,0,0,0,0,0,0,0,0,0,0,0,0,0,0,0,0,33.333335876464844,0,0,261897.71020507813,55754.96856689453,0,67221336064,8589930496,66898255872,2389229568
199,1724133934845,999,900,1200,1200,1100,800,800,4521,875,880,800,800,1000,873,800,878,800,898,860,872,882,800,886,800,896,860,800,800,800,800,900,800,0,0,35,4.761904716491699,0,0,0,0,0,0,0,0,0,0,0,0,0,0,0,0,0,0,0,0,0,0,0,0,0,0,0,0,0,261899.77392578125,55755.33868408203,0,67221336064,8589930496,66923028480,2388967424
199,1724133935045,999,900,1200,1200,1100,800,800,4521,875,880,800,800,1000,873,800,878,800,898,860,872,882,800,886,800,896,860,800,800,800,800,900,800,0,0,26.3157901763916,0,0,0,0,0,0,0,0,0,0,0,0,0,0,0,0,0,0,0,0,0,0,0,0,0,0,0,0,0,0,261901.72845458984,55755.60693359375,0,67221336064,8589930496,66932760576,2388967424
200,1724133935245,999,900,1200,1200,1100,800,800,4521,875,880,800,800,1000,873,800,878,800,898,860,872,882,800,886,800,896,860,800,800,800,800,900,800,0,0,26.3157901763916,0,0,0,0,0,0,0,0,0,0,0,0,0,0,0,0,0,0,0,0,0,0,0,0,0,0,0,0,0,0,261904.07849121094,55756.241760253906,0,67221336064,8589930496,66949275648,2388967424
200,1724133935445,999,900,1200,1200,1100,800,800,4521,875,880,800,800,1000,873,800,878,800,898,860,872,882,800,886,800,896,860,800,800,800,800,900,800,0,0,68.42105102539063,0,0,0,0,0,0,0,0,0,0,0,0,0,0,0,0,0,0,0,0,0,0,0,0,0,0,0,0,0,0,261912.2914428711,55762.49884033203,0,67221336064,8589930496,66949275648,2388967424
200,1724133935645,999,900,1200,1200,1100,800,800,4521,875,880,800,800,1000,873,800,878,800,898,860,872,882,800,886,800,896,860,800,800,800,800,900,800,0,0,90,0,0,0,0,0,0,0,0,0,0,0,0,0,0,0,0,0,0,0,0,0,0,0,0,0,0,0,0,0,0,261920.24475097656,55768.529724121094,0,67221336064,8589930496,66949275648,2388967424
200,1724133935845,999,900,1200,1200,1100,800,800,4521,875,880,800,800,1000,873,800,878,800,898,860,872,882,800,886,800,896,860,800,800,800,800,900,800,0,0,100,0,0,0,0,0,0,0,0,0,0,0,0,0,0,0,0,0,0,0,0,0,0,0,0,0,0,0,0,0,0,261928.54357910156,55774.876220703125,0,67221336064,8589930496,66949275648,2388967424
200,1724133936046,999,900,1200,1200,1100,800,800,4521,875,880,800,800,1000,873,800,878,800,898,860,872,882,800,886,800,896,860,800,800,800,800,900,800,0,0,71.42857360839844,0,0,0,0,0,0,0,0,0,0,0,0,0,0,0,0,0,0,0,0,0,0,0,0,0,0,0,0,0,0,261935.90295410156,55780.35705566406,0,67221336064,8589930496,66957533184,2388967424
199,1724133936246,999,900,1200,1200,1100,800,800,4521,875,880,800,800,1000,873,800,878,800,898,860,872,882,800,886,800,896,860,800,800,800,800,900,800,0,0,33.333335876464844,0,0,0,0,0,0,0,0,0,0,0,0,0,0,0,0,0,0,0,0,0,0,0,0,0,0,0,0,0,0,261939.53411865234,55782.25067138672,0,67221336064,8589930496,66965790720,2388967424
199,1724133936446,999,900,1200,1200,1100,800,800,4521,875,880,800,800,1000,873,800,878,800,898,860,872,882,800,886,800,896,860,800,800,800,800,900,800,0,0,26.3157901763916,0,0,0,0,0,0,0,0,0,0,0,0,0,0,0,0,0,0,0,0,0,0,0,0,0,0,0,0,0,0,261941.4874267578,55782.52166748047,0,67221336064,8589930496,66982305792,2388967424
199,1724133936646,999,900,1200,1200,1100,800,800,4521,875,880,800,800,1000,873,800,878,800,898,860,872,882,800,886,800,896,860,800,800,800,800,900,800,0,0,22.22222328186035,0,0,0,0,0,0,0,0,0,0,0,0,0,0,0,0,0,0,0,0,0,0,0,0,0,0,0,0,0,0,261943.41668701172,55782.77655029297,0,67221336064,8589930496,66998820864,2388967424
199,1724133936846,999,900,1200,1200,1100,800,800,4521,875,880,800,800,1000,873,800,878,800,898,860,872,882,800,886,800,896,860,800,800,800,800,900,800,0,0,22.22222328186035,0,0,0,0,0,0,0,0,0,0,0,0,0,0,0,0,0,0,0,0,0,0,0,0,0,0,0,0,0,0,261945.37286376953,55783.03887939453,0,67221336064,8589930496,67008389120,2388967424
199,1724133937046,999,900,1200,1200,1100,800,800,4521,875,880,800,800,1000,873,800,878,800,898,860,872,882,800,886,800,896,860,800,800,800,800,900,800,0,0,17.647058486938477,0,0,0,0,0,0,0,0,0,0,0,0,0,0,0,0,0,0,0,0,0,0,0,0,0,0,0,0,0,0,261947.3126220703,55783.29626464844,0,67221336064,8589930496,67024756736,2388967424
199,1724133937247,999,900,1200,1200,1100,800,800,4521,875,880,800,800,1000,873,800,878,800,898,860,872,882,800,886,800,896,860,800,800,800,800,900,800,0,0,17.647058486938477,0,0,0,0,0,0,0,0,0,0,0,0,0,0,0,0,0,0,0,0,0,0,0,0,0,0,0,0,0,0,261949.24096679688,55783.54479980469,0,67221336064,8589930496,67041226752,2388967424
199,1724133937447,999,900,1200,1200,1100,800,800,4521,875,880,800,800,1000,873,800,878,800,898,860,872,882,800,886,800,896,860,800,800,800,800,900,800,0,0,16.666667938232422,0,0,0,0,0,0,0,0,0,0,0,0,0,0,0,0,0,0,0,0,0,0,0,0,0,0,0,0,0,0,261951.1668701172,55783.79248046875,0,67221336064,8589930496,67049484288,2388967424
199,1724133937647,999,900,1200,1200,1100,800,800,4521,875,880,800,800,1000,873,800,878,800,898,860,872,882,800,886,800,896,860,800,800,800,800,900,800,0,0,22.22222328186035,0,0,0,0,0,0,0,0,0,0,0,0,0,0,0,0,0,0,0,0,0,0,0,0,0,0,0,0,0,0,261953.09313964844,55784.04016113281,0,67221336064,8589930496,67065999360,2388967424
199,1724133937847,999,900,1200,1200,1100,800,800,4521,875,880,800,800,1000,873,800,878,800,898,860,872,882,800,886,800,896,860,800,800,800,800,900,800,0,0,22.22222328186035,4.761904716491699,0,0,0,0,0,0,0,0,0,0,0,0,0,0,0,0,0,0,0,0,0,0,0,0,0,0,0,0,0,261955.0121459961,55784.282653808594,0,67221336064,8589930496,67082514432,2388967424
200,1724133938047,999,900,1200,1200,1100,800,800,4521,875,880,800,800,1000,873,800,878,800,898,860,872,882,800,886,800,896,860,800,800,800,800,900,800,0,0,22.22222328186035,4.761904716491699,0,0,0,0,0,0,0,0,0,0,0,0,0,0,0,0,0,0,0,0,0,0,0,0,0,0,0,0,0,261959.29272460938,55786.843811035156,0,67221336064,8589930496,66887426048,2592391168
199,1724133938247,999,900,1200,1200,1100,800,800,4521,875,880,800,800,1000,873,800,878,800,898,860,872,882,800,886,800,896,860,800,800,800,800,900,800,0,0,16.216215133666992,0,0,0,0,0,0,0,0,0,0,0,0,0,0,0,0,0,0,0,0,0,0,0,0,0,0,0,17.5,0,0,261961.66833496094,55787.526306152344,0,67221336064,8589930496,66903887872,2592391168
199,1724133938447,999,900,1200,1200,1100,800,800,4521,875,880,800,800,1000,873,800,878,800,898,860,872,882,800,886,800,896,860,800,800,800,800,900,800,0,0,22.22222328186035,0,0,0,0,0,0,0,0,0,0,0,0,0,0,0,0,0,0,0,0,0,0,0,0,0,0,0,4.761904716491699,0,0,261963.59826660156,55787.779357910156,0,67221336064,8589930496,66912391168,2592391168
199,1724133938647,999,900,1200,1200,1100,800,800,4521,875,880,800,800,1000,873,800,878,800,898,860,872,882,800,886,800,896,860,800,800,800,800,900,800,0,0,22.22222328186035,0,0,0,0,0,0,0,0,0,0,0,0,0,0,0,0,0,0,0,0,0,0,0,0,0,0,0,4.761904716491699,0,0,261965.52966308594,55788.02459716797,0,67221336064,8589930496,66927718400,2592391168
199,1724133938847,999,900,1200,1200,1100,800,800,4521,875,880,800,800,1000,873,800,878,800,898,860,872,882,800,886,800,896,860,800,800,800,800,900,800,0,0,21.052631378173828,0,0,0,0,0,0,0,0,0,0,0,0,0,0,0,0,0,0,0,0,0,0,0,0,0,0,0,0,0,0,261967.46295166016,55788.28015136719,0,67221336064,8589930496,66945511424,2592129024
200,1724133939047,999,900,1200,1200,1100,800,800,4521,875,880,800,800,1000,873,800,878,800,898,860,872,882,800,886,800,896,860,800,800,800,800,900,800,0,0,21.052631378173828,0,0,0,0,0,0,0,0,0,0,0,0,0,0,0,0,0,0,0,0,0,0,0,0,0,0,0,0,0,0,261971.00909423828,55790.099609375,0,67221336064,8589930496,66957447168,2592129024
200,1724133939247,999,900,1200,1200,1100,800,800,4521,875,880,800,800,1000,873,800,878,800,898,860,872,882,800,886,800,896,860,800,800,800,800,900,800,11.904762268066406,0,63.15789031982422,0,0,0,0,0,0,0,0,0,0,0,0,0,0,0,0,0,0,0,0,0,0,0,0,0,0,0,0,0,0,261979.0137939453,55796.11389160156,0,67221336064,8589930496,66957447168,2592129024
199,1724133939448,999,900,1200,1200,1100,800,800,4521,875,880,800,800,1000,873,800,878,800,898,860,872,882,800,886,800,896,860,800,800,800,800,900,800,0,0,22.22222328186035,0,0,0,0,0,0,0,0,0,0,0,0,0,0,0,0,0,0,0,0,0,0,0,0,0,0,0,0,0,0,261981.25018310547,55796.704833984375,0,67221336064,8589930496,66973962240,2592129024
199,1724133939648,999,900,1200,1200,1100,800,800,4521,875,880,800,800,1000,873,800,878,800,898,860,872,882,800,886,800,896,860,800,800,800,800,900,800,0,0,30.000001907348633,0,0,0,0,0,0,0,0,0,0,0,0,0,0,0,0,0,0,0,0,0,0,0,0,0,0,0,0,0,0,261983.20111083984,55796.96942138672,0,67221336064,8589930496,66982477824,2592129024
200,1724133939848,999,900,1200,1200,1100,800,800,4521,875,880,800,800,1000,873,800,878,800,898,860,872,882,800,886,800,896,860,800,800,800,800,900,800,0,0,30.000001907348633,0,0,0,0,0,0,0,0,0,0,0,0,0,0,0,0,0,0,0,0,0,0,0,0,0,0,0,0,0,0,261988.1248779297,55800.07354736328,0,67221336064,8589930496,66990735360,2592129024
200,1724133940048,999,900,1200,1200,1100,800,800,4521,875,880,800,800,1000,873,800,878,800,898,860,872,882,800,886,800,896,860,800,800,800,800,900,800,0,0,64.86486053466797,0,0,0,0,0,0,0,0,0,0,0,0,0,0,0,0,0,0,0,0,0,0,0,0,0,0,0,0,0,0,261993.9757080078,55804.092834472656,0,67221336064,8589930496,66998992896,2592129024
199,1724133940248,999,900,1200,1200,1100,800,800,4521,875,880,800,800,1000,873,800,878,800,898,860,872,882,800,886,800,896,860,800,800,800,800,900,800,0,0,26.3157901763916,0,0,0,0,0,0,0,0,0,0,0,0,0,0,0,0,0,0,0,0,0,0,0,0,0,0,0,0,0,0,261995.93310546875,55804.360900878906,0,67221336064,8589930496,67013877760,2592129024
200,1724133940448,999,900,1200,1200,1100,800,800,4521,875,880,800,800,1000,873,800,878,800,898,860,872,882,800,886,800,896,860,800,800,800,800,900,800,0,0,26.3157901763916,0,0,0,0,0,0,0,0,0,0,0,0,0,0,0,0,0,0,0,0,0,0,0,0,0,0,0,0,0,0,262002.53735351563,55808.978515625,0,67221336064,8589930496,67022135296,2592129024
200,1724133940648,999,900,1200,1200,1100,800,800,4521,875,880,800,800,1000,873,800,878,800,898,860,872,882,800,886,800,896,860,800,800,800,800,900,800,0,0,89.74359130859375,0,0,0,0,0,0,0,0,0,0,0,0,0,0,0,0,0,0,0,0,0,0,0,0,0,0,0,0,0,0,262010.72094726563,55815.241455078125,0,67221336064,8589930496,67022135296,2592129024
200,1724133940849,999,900,1200,1200,1100,800,800,4521,875,880,800,800,1000,873,800,878,800,898,860,872,882,800,886,800,896,860,800,800,800,800,900,800,0,0,42.105262756347656,0,4.761904716491699,0,0,0,0,0,0,0,0,0,0,0,0,0,0,0,0,0,0,0,0,0,0,0,0,0,0,0,0,262015.17517089844,55817.91271972656,0,67221336064,8589930496,67030392832,2592129024
199,1724133941049,999,900,1200,1200,1100,800,800,4521,875,880,800,800,1000,873,800,878,800,898,860,872,882,800,886,800,896,860,800,800,800,800,900,800,0,0,17.647058486938477,0,0,0,0,0,0,0,0,0,0,0,0,0,0,0,0,0,4.761904716491699,0,0,0,0,0,0,0,0,0,0,0,0,262017.13647460938,55818.176696777344,0,67221336064,8589930496,67046907904,2592129024
199,1724133941249,999,900,1200,1200,1100,800,800,4521,875,880,800,800,1000,873,800,878,800,898,860,872,882,800,886,800,896,860,800,800,800,800,900,800,0,0,26.3157901763916,0,0,0,0,0,0,0,0,0,0,0,0,0,0,0,0,0,0,0,0,0,0,0,0,0,0,0,0,0,0,262019.0576171875,55818.42852783203,0,67221336064,8589930496,67063275520,2592129024
199,1724133941449,999,900,1200,1200,1100,800,800,4521,875,880,800,800,1000,873,800,878,800,898,860,872,882,800,886,800,896,860,800,800,800,800,900,800,0,0,17.647058486938477,0,0,0,0,0,0,0,0,0,0,0,0,0,0,0,0,0,0,0,0,0,0,0,0,0,0,0,0,0,0,262021.0108642578,55818.692138671875,0,67221336064,8589930496,67079790592,2592129024
200,1724133941649,999,900,1200,1200,1100,800,800,4521,875,880,800,800,1000,873,800,878,800,898,860,872,882,800,886,800,896,860,800,800,800,800,900,800,0,0,17.647058486938477,0,0,0,0,0,0,0,0,0,0,0,0,0,0,0,0,0,0,0,0,0,0,0,0,0,0,0,0,0,0,262023.65850830078,55819.65270996094,0,67221336064,8589930496,67029377024,2652946432
200,1724133941849,999,900,1200,1200,1100,800,800,4521,875,880,800,800,1000,873,800,878,800,898,860,872,882,800,886,800,896,860,800,800,800,800,900,800,0,0,22.5,0,12.820513725280762,0,0,0,0,0,0,0,0,0,0,0,0,0,0,0,0,0,0,0,0,0,0,0,0,0,20,0,0,262029.5888671875,55823.77471923828,0,67221336064,8589930496,66894626816,2795290624
200,1724133942049,999,900,1200,1200,1100,800,800,4521,875,880,800,800,1000,873,800,878,800,898,860,872,882,800,886,800,896,860,800,800,800,800,900,800,0,0,0,0,0,0,0,0,0,0,0,0,0,0,0,0,0,0,0,0,0,0,0,0,0,0,0,0,0,0,95,0,0,262037.93688964844,55830.16876220703,0,67221336064,8589930496,66894872576,2795290624
199,1724133942249,999,900,1200,1200,1100,800,800,4521,875,880,800,800,1000,873,800,878,800,898,860,872,882,800,886,800,896,860,800,800,800,800,900,800,0,0,0,0,0,0,0,0,0,0,0,0,0,0,0,0,0,0,0,0,0,0,0,0,0,0,0,0,0,0,33.333335876464844,0,0,262041.5376586914,55832.026123046875,0,67221336064,8589930496,66904645632,2795290624
199,1724133942450,999,900,1200,1200,1100,800,800,4521,875,880,800,800,1000,873,800,878,800,898,860,872,882,800,886,800,896,860,800,800,800,800,900,800,0,0,0,0,0,0,0,0,0,0,0,0,0,0,0,0,0,0,0,0,0,0,0,0,0,0,0,0,0,0,22.22222328186035,0,0,262043.4887084961,55832.300720214844,0,67221336064,8589930496,66921160704,2795290624
199,1724133942650,999,900,1200,1200,1100,800,800,4521,875,880,800,800,1000,873,800,878,800,898,860,872,882,800,886,800,896,860,800,800,800,800,900,800,0,0,0,0,0,0,0,0,0,0,0,0,0,0,0,0,0,0,0,0,0,0,0,0,0,0,0,0,0,0,27.77777862548828,0,0,262045.42803955078,55832.56042480469,0,67221336064,8589930496,66937675776,2795290624
199,1724133942850,999,900,1200,1200,1100,800,800,4521,875,880,800,800,1000,873,800,878,800,898,860,872,882,800,886,800,896,860,800,800,800,800,900,800,0,0,0,0,0,0,0,0,0,0,0,0,0,0,0,0,0,0,0,0,0,0,0,0,0,0,0,0,0,0,26.3157901763916,0,0,262047.37524414063,55832.820861816406,0,67221336064,8589930496,66954190848,2795290624
200,1724133943050,999,900,1200,1200,1100,800,800,4521,875,880,800,800,1000,873,800,878,800,898,860,872,882,800,886,800,896,860,800,800,800,800,900,800,0,0,0,0,0,0,0,0,0,0,0,0,0,0,0,0,0,0,0,0,0,0,0,0,0,0,0,0,0,0,26.3157901763916,0,0,262053.8114013672,55837.53045654297,0,67221336064,8589930496,66970898432,2795290624
200,1724133943250,999,900,1200,1200,1100,800,800,4521,875,880,800,800,1000,873,800,878,800,898,860,872,882,800,886,800,896,860,800,800,800,800,900,800,0,0,0,0,0,0,0,0,0,0,0,0,0,0,0,0,0,0,0,0,0,0,0,0,0,0,0,0,0,0,82.05128479003906,0,0,262062.3321533203,55844.10852050781,0,67221336064,8589930496,66979155968,2795290624
199,1724133943451,999,900,1200,1200,1100,800,800,4521,875,880,800,800,1000,873,800,878,800,898,860,872,882,800,886,800,896,860,800,800,800,800,900,800,0,0,5,0,0,0,0,0,0,0,0,0,0,4.761904716491699,0,0,0,0,0,0,0,0,0,0,0,0,0,0,0,0,21.052631378173828,0,0,262065.4393310547,55845.48962402344,0,67221336064,8589930496,66995412992,2795290624
199,1724133943650,999,900,1200,1200,1100,800,800,4521,875,880,800,800,1000,873,800,878,800,898,860,872,882,800,886,800,896,860,800,800,800,800,900,800,0,0,5,0,0,0,0,0,0,0,0,0,0,4.761904716491699,0,0,0,0,0,0,0,0,0,0,0,0,0,0,0,0,21.052631378173828,0,0,262067.41864013672,55845.7861328125,0,67221336064,8589930496,67020886016,2795290624
200,1724133943850,999,900,1200,1200,1100,800,800,4521,875,880,800,800,1000,873,800,878,800,898,860,872,882,800,886,800,896,860,800,800,800,800,900,800,0,0,57.894737243652344,0,0,0,0,0,0,0,0,0,0,0,0,0,0,0,0,0,0,0,0,0,0,0,0,0,0,0,0,0,0,262074.7177734375,55851.164001464844,0,67221336064,8589930496,67020886016,2795028480
199,1724133944051,999,900,1200,1200,1100,800,800,4521,875,880,800,800,1000,873,800,878,800,898,860,872,882,800,886,800,896,860,800,800,800,800,900,800,0,0,63.15789031982422,0,0,0,0,0,0,0,0,0,0,0,0,0,0,0,0,0,0,0,0,0,0,0,0,0,0,0,0,0,0,262080.7427368164,55855.35137939453,0,67221336064,8589930496,67029139456,2795028480
199,1724133944251,999,900,1200,1200,1100,800,800,4521,875,880,800,800,1000,873,800,878,800,898,860,872,882,800,886,800,896,860,800,800,800,800,900,800,0,0,22.22222328186035,0,0,0,0,0,0,0,0,0,0,0,0,0,0,0,0,0,0,0,0,0,0,0,0,0,0,0,0,0,0,262082.70001220703,55855.61950683594,0,67221336064,8589930496,67043975168,2795028480
199,1724133944451,999,900,1200,1200,1100,800,800,4521,875,880,800,800,1000,873,800,878,800,898,860,872,882,800,886,800,896,860,800,800,800,800,900,800,0,0,23.52941131591797,0,0,0,0,0,0,0,0,0,0,0,0,0,0,0,0,0,0,0,0,0,0,0,0,0,0,0,0,0,0,262084.64721679688,55855.89099121094,0,67221336064,8589930496,67060412416,2795028480
199,1724133944651,999,900,1200,1200,1100,800,800,4521,875,880,800,800,1000,873,800,878,800,898,860,872,882,800,886,800,896,860,800,800,800,800,900,800,0,0,16.666667938232422,0,0,0,0,0,0,0,0,0,0,0,0,0,0,0,0,0,0,0,0,0,0,0,0,0,0,0,14.285715103149414,0,0,262086.6099243164,55856.158935546875,0,67221336064,8589930496,67068657664,2795028480
200,1724133944851,999,900,1200,1200,1100,800,800,4521,875,880,800,800,1000,873,800,878,800,898,860,872,882,800,886,800,896,860,800,800,800,800,900,800,0,0,16.666667938232422,0,0,0,0,0,0,0,0,0,0,0,0,0,0,0,0,0,0,0,0,0,0,0,0,0,0,0,14.285715103149414,0,0,262092.7470703125,55860.45129394531,0,67221336064,8589930496,67084664832,2795028480
200,1724133945051,999,900,1200,1200,1100,800,800,4521,875,880,800,800,1000,873,800,878,800,898,860,872,882,800,886,800,896,860,800,800,800,800,900,800,0,0,21.95121955871582,0,0,0,0,0,0,0,0,0,0,0,0,0,0,0,0,0,0,0,0,0,0,0,0,0,0,0,66.66667175292969,0,0,262099.5366821289,55865.490661621094,0,67221336064,8589930496,66893590528,2998452224
200,1724133945251,999,900,1200,1200,1100,800,800,4521,875,880,800,800,1000,873,800,878,800,898,860,872,882,800,886,800,896,860,800,800,800,800,900,800,0,0,0,0,0,0,0,0,0,0,0,0,0,0,0,0,0,0,0,0,0,0,0,0,0,0,0,0,0,0,95,0,0,262107.9862060547,55871.98419189453,0,67221336064,8589930496,66893836288,2998452224
199,1724133945451,999,900,1200,1200,1100,800,800,4521,875,880,800,800,1000,873,800,878,800,898,860,872,882,800,886,800,896,860,800,800,800,800,900,800,0,0,0,0,0,0,0,0,0,0,0,0,0,0,0,0,0,0,0,0,0,0,0,0,0,0,0,0,0,0,23.52941131591797,0,0,262110.7686767578,55873.05419921875,0,67221336064,8589930496,66909454336,2998452224
199,1724133945652,999,900,1200,1200,1100,800,800,4521,875,880,800,800,1000,873,800,878,800,898,860,872,882,800,886,800,896,860,800,800,800,800,900,800,0,0,0,0,0,0,0,0,0,0,0,0,0,0,0,0,0,0,0,0,0,0,0,0,0,0,0,0,0,0,27.77777862548828,0,0,262112.7142944336,55873.32635498047,0,67221336064,8589930496,66926215168,2998452224
200,1724133945852,999,900,1200,1200,1100,800,800,4521,875,880,800,800,1000,873,800,878,800,898,860,872,882,800,886,800,896,860,800,800,800,800,900,800,0,0,0,0,0,0,0,0,0,0,0,0,0,0,0,0,0,0,0,0,0,0,0,0,0,0,0,0,0,0,27.77777862548828,0,0,262116.52069091797,55875.350158691406,0,67221336064,8589930496,66942730240,2998452224
200,1724133946052,999,900,1200,1200,1100,800,800,4521,875,880,800,800,1000,873,800,878,800,898,860,872,882,800,886,800,896,860,800,800,800,800,900,800,0,0,0,0,0,0,0,0,0,0,0,0,0,0,0,0,0,0,0,0,0,0,0,0,0,0,0,0,0,0,57.894737243652344,0,0,262121.8306274414,55878.94226074219,0,67221336064,8589930496,66950987776,2998452224
200,1724133946252,999,900,1200,1200,1100,800,800,4521,875,880,800,800,1000,873,800,878,800,898,860,872,882,800,886,800,896,860,800,800,800,800,900,800,0,0,0,0,0,0,0,0,0,0,0,0,0,0,0,0,0,0,0,0,0,0,0,0,0,0,0,0,0,0,100,0,0,262130.67559814453,55886.03955078125,0,67221336064,8589930496,66949746688,2998452224
200,1724133946452,999,900,1200,1200,1100,800,800,4521,875,880,800,800,1000,873,800,878,800,898,860,872,882,800,886,800,896,860,800,800,800,800,900,800,0,0,0,0,0,0,0,0,0,0,0,0,0,0,0,0,0,0,0,0,0,0,0,0,0,0,0,0,0,0,100,0,0,262139.5209350586,55893.136657714844,0,67221336064,8589930496,66949746688,2998452224
200,1724133946652,999,900,1200,1200,1100,800,800,4521,875,880,800,800,1000,873,800,878,800,898,860,872,882,800,886,800,896,860,800,800,800,800,900,800,0,0,0,0,0,0,0,0,0,0,0,0,0,0,0,0,0,0,0,0,0,0,0,0,0,0,0,0,0,0,42.105262756347656,0,0,262143.49835205078,55895.38836669922,0,67221336064,8589930496,67007549440,2998452224
200,1724133946852,999,900,1200,1200,1100,800,800,4521,875,880,800,800,1000,873,800,878,800,898,860,872,882,800,886,800,896,860,800,800,800,800,900,800,0,0,0,0,0,0,0,0,0,0,0,0,0,0,0,0,0,0,0,0,0,0,0,0,0,0,0,0,0,0,63.15789031982422,0,0,4.19354248046875,55898.281311035156,0,67221336064,8589930496,67057094656,2998452224
200,1724133947052,999,900,1200,1200,1100,800,800,4521,875,880,800,800,1000,873,800,878,800,898,860,872,882,800,886,800,896,860,800,800,800,800,900,800,0,0,0,0,0,0,0,0,0,0,0,0,0,0,0,0,0,0,0,0,0,0,0,0,0,0,0,0,0,0,80.95238494873047,0,0,12.6181640625,55904.77325439453,0,67221336064,8589930496,67065352192,2998452224
199,1724133947252,999,900,1200,1200,1100,800,800,4521,875,880,800,800,1000,873,800,878,800,898,860,872,882,800,886,800,896,860,800,800,800,800,900,800,0,0,5.555555820465088,0,0,0,0,0,0,0,0,0,0,0,0,0,0,0,0,0,0,0,0,0,0,0,0,0,0,0,11.764705657958984,0,0,14.63018798828125,55905.09588623047,0,67221336064,8589930496,67081379840,2998452224
200,1724133947452,999,900,1200,1200,1100,800,800,4521,875,880,800,800,1000,873,800,878,800,898,860,872,882,800,886,800,896,860,800,800,800,800,900,800,0,0,5.555555820465088,0,0,0,0,0,0,0,0,0,0,0,0,0,0,0,0,0,0,0,0,0,0,0,0,0,0,0,11.764705657958984,0,0,17.07647705078125,55905.857177734375,0,67221336064,8589930496,67034443776,3057958912
199,1724133947653,999,900,1200,1200,1100,800,800,4521,875,880,800,800,1000,873,800,878,800,898,860,872,882,800,886,800,896,860,800,800,800,800,900,800,0,0,10.526315689086914,0,0,0,0,0,0,0,0,0,0,0,0,0,0,0,0,0,0,0,0,0,0,0,0,0,0,0,30.000001907348633,0,0,21.17584228515625,55908.23614501953,0,67221336064,8589930496,66911092736,3202138112
200,1724133947853,999,900,1200,1200,1100,800,800,4521,875,880,800,800,1000,873,800,878,800,898,860,872,882,800,886,800,896,860,800,800,800,800,900,800,0,0,10.526315689086914,0,0,0,0,0,0,0,0,0,0,0,0,0,0,0,0,0,0,0,0,0,0,0,0,0,0,0,30.000001907348633,0,0,25.23492431640625,55910.535583496094,0,67221336064,8589930496,66927349760,3202138112
200,1724133948053,999,900,1200,1200,1100,800,800,4521,875,880,800,800,1000,873,800,878,800,898,860,872,882,800,886,800,896,860,800,800,800,800,900,800,0,0,0,0,0,0,0,0,0,0,0,0,0,0,0,0,0,0,0,0,0,0,0,0,0,0,0,0,0,0,78.37837982177734,0,0,33.60931396484375,55916.96728515625,0,67221336064,8589930496,66927345664,3202138112
199,1724133948253,999,900,1200,1200,1100,800,800,4521,875,880,800,800,1000,873,800,878,800,898,860,872,882,800,886,800,896,860,800,800,800,800,900,800,0,0,0,0,0,0,0,0,0,0,0,0,0,0,0,0,0,0,0,0,0,0,0,0,0,0,0,0,0,0,50,0,0,38.30908203125,55919.905700683594,0,67221336064,8589930496,66935603200,3202138112
199,1724133948453,999,900,1200,1200,1100,800,800,4521,875,880,800,800,1000,873,800,878,800,898,860,872,882,800,886,800,896,860,800,800,800,800,900,800,0,0,15.789472579956055,0,0,0,0,0,0,0,0,0,0,0,0,0,0,0,0,0,0,0,0,0,0,0,0,0,0,0,15.789472579956055,0,0,40.2965087890625,55920.20324707031,0,67221336064,8589930496,66946646016,3202138112
199,1724133948653,999,900,1200,1200,1100,800,800,4521,875,880,800,800,1000,873,800,878,800,898,860,872,882,800,886,800,896,860,800,800,800,800,900,800,0,0,15.789472579956055,0,0,0,0,0,0,0,0,0,0,0,0,0,0,0,0,0,0,0,0,0,0,0,0,0,0,0,15.789472579956055,0,0,42.22589111328125,55920.461364746094,0,67221336064,8589930496,66954903552,3202138112
199,1724133948853,999,900,1200,1200,1100,800,800,4521,875,880,800,800,1000,873,800,878,800,898,860,872,882,800,886,800,896,860,800,800,800,800,900,800,0,0,2.4390242099761963,0,0,0,0,0,0,0,0,0,0,0,0,0,0,0,0,0,0,0,0,0,0,0,0,0,0,0,20.58823585510254,0,0,44.1988525390625,55920.74169921875,0,67221336064,8589930496,66980040704,3202138112
199,1724133949054,999,900,1200,1200,1100,800,800,4521,875,880,800,800,1000,873,800,878,800,898,860,872,882,800,886,800,896,860,800,800,800,800,900,800,0,0,5.882352828979492,0,0,0,0,0,0,0,0,0,0,0,0,0,0,0,0,0,0,0,0,0,0,0,0,0,0,0,19.047618865966797,0,0,46.1483154296875,55921.010192871094,0,67221336064,8589930496,66996260864,3202138112
199,1724133949254,999,900,1200,1200,1100,800,800,4521,875,880,800,800,1000,873,800,878,800,898,860,872,882,800,886,800,896,860,800,800,800,800,900,800,0,0,0,0,0,0,0,0,0,0,0,0,0,0,0,0,0,0,0,0,0,0,0,0,0,0,0,0,0,0,23.52941131591797,0,0,48.09063720703125,55921.27276611328,0,67221336064,8589930496,67012775936,3202138112
200,1724133949454,999,900,1200,1200,1100,800,800,4521,875,880,800,800,1000,873,800,878,800,898,860,872,882,800,886,800,896,860,800,800,800,800,900,800,0,0,0,0,0,0,0,0,0,0,0,0,0,0,0,0,0,0,0,0,0,0,0,0,0,0,0,0,0,0,23.52941131591797,0,0,50.72021484375,55922.20977783203,0,67221336064,8589930496,67029291008,3202138112
200,1724133949654,999,900,1200,1200,1100,800,800,4521,875,880,800,800,1000,873,800,878,800,898,860,872,882,800,886,800,896,860,800,800,800,800,900,800,0,0,0,0,0,0,0,0,0,0,0,0,0,0,0,0,0,0,0,0,0,0,0,0,0,0,0,0,0,0,71.05262756347656,0,0,59.224853515625,55928.71728515625,0,67221336064,8589930496,67037548544,3202138112
200,1724133949854,999,900,1200,1200,1100,800,800,4521,875,880,800,800,1000,873,800,878,800,898,860,872,882,800,886,800,896,860,800,800,800,800,900,800,0,0,0,0,0,0,0,0,0,0,0,0,0,0,0,0,0,0,0,0,0,0,0,0,0,0,0,0,0,0,100,0,0,67.74853515625,55935.251037597656,0,67221336064,8589930496,67037548544,3202138112
199,1724133950054,999,900,1200,1200,1100,800,800,4521,875,880,800,800,1000,873,800,878,800,898,860,872,882,800,886,800,896,860,800,800,800,800,900,800,0,0,0,0,0,0,0,0,0,0,0,0,0,0,0,0,0,0,0,0,0,0,0,0,0,0,0,0,0,0,75,0,0,75.35638427734375,55940.945068359375,0,67221336064,8589930496,67037548544,3202138112
199,1724133950254,999,900,1200,1200,1100,800,800,4521,875,880,800,800,1000,873,800,878,800,898,860,872,882,800,886,800,896,860,800,800,800,800,900,800,0,0,20,0,0,0,0,0,0,0,0,0,0,0,0,0,0,0,0,0,0,0,0,0,0,0,0,0,0,0,10.526315689086914,0,0,77.3468017578125,55941.244140625,0,67221336064,8589930496,67061112832,3202138112
199,1724133950454,999,900,1200,1200,1100,800,800,4521,875,880,800,800,1000,873,800,878,800,898,860,872,882,800,886,800,896,860,800,800,800,800,900,800,0,0,0,0,0,0,0,0,0,0,0,0,0,0,0,0,0,0,0,0,0,0,0,0,0,0,0,0,0,0,26.3157901763916,0,0,79.30535888671875,55941.52331542969,0,67221336064,8589930496,67077369856,3202138112
200,1724133950654,999,900,1200,1200,1100,800,800,4521,875,880,800,800,1000,873,800,878,800,898,860,872,882,800,886,800,896,860,800,800,800,800,900,800,0,0,0,0,0,0,0,0,0,0,0,0,0,0,0,0,0,0,0,0,0,0,0,0,0,0,0,0,0,0,26.3157901763916,0,0,81.2783203125,55941.82159423828,0,67221336064,8589930496,67077357568,3209216000
199,1724133950854,999,900,1200,1200,1100,800,800,4521,875,880,800,800,1000,873,800,878,800,898,860,872,882,800,886,800,896,860,800,800,800,800,900,800,0,0,20,2.4390242099761963,4.878048419952393,0,0,0,0,0,0,0,0,0,0,0,0,0,0,0,0,0,0,0,0,0,0,0,0,0,16.216215133666992,0,0,86.406982421875,55945.22058105469,0,67221336064,8589930496,66892378112,3401629696
199,1724133951055,999,900,1200,1200,1100,800,800,4521,875,880,800,800,1000,873,800,878,800,898,860,872,882,800,886,800,896,860,800,800,800,800,900,800,0,0,0,0,23.52941131591797,0,0,0,0,0,0,0,0,0,0,0,0,0,0,0,0,0,0,0,0,0,0,0,0,0,0,0,0,88.35540771484375,55945.48760986328,0,67221336064,8589930496,66909315072,3401629696
199,1724133951255,999,900,1200,1200,1100,800,800,4521,875,880,800,800,1000,873,800,878,800,898,860,872,882,800,886,800,896,860,800,800,800,800,900,800,0,0,10.526315689086914,0,0,0,0,0,0,0,0,0,0,0,0,0,0,0,0,0,0,0,0,0,0,0,0,0,0,0,15.000000953674316,0,0,90.30718994140625,55945.75811767578,0,67221336064,8589930496,66933055488,3401629696
199,1724133951455,999,900,1200,1200,1100,800,800,4521,875,880,800,800,1000,873,800,878,800,898,860,872,882,800,886,800,896,860,800,800,800,800,900,800,0,0,16.666667938232422,0,0,0,0,0,0,0,0,0,0,0,0,0,0,0,0,0,0,0,0,0,0,0,0,0,0,0,10.526315689086914,0,0,92.26373291015625,55946.03430175781,0,67221336064,8589930496,66949570560,3401629696
199,1724133951655,999,900,1200,1200,1100,800,800,4521,875,880,800,800,1000,873,800,878,800,898,860,872,882,800,886,800,896,860,800,800,800,800,900,800,0,0,5.555555820465088,0,0,0,0,0,0,0,0,0,0,0,0,0,0,0,0,0,0,0,0,0,0,0,0,0,0,0,15.789472579956055,0,0,94.2086181640625,55946.30065917969,0,67221336064,8589930496,66957828096,3401629696
199,1724133951855,999,900,1200,1200,1100,800,800,4521,875,880,800,800,1000,873,800,878,800,898,860,872,882,800,886,800,896,860,800,800,800,800,900,800,0,0,22.22222328186035,0,0,0,0,0,0,0,0,0,0,0,0,0,0,0,0,0,0,0,0,0,0,0,0,0,0,0,0,0,0,96.156982421875,55946.566162109375,0,67221336064,8589930496,66974343168,3401629696
199,1724133952055,999,900,1200,1200,1100,800,800,4521,875,880,800,800,1000,873,800,878,800,898,860,872,882,800,886,800,896,860,800,800,800,800,900,800,0,0,27.77777862548828,0,0,0,0,0,0,0,0,0,0,0,0,0,0,0,0,0,0,0,0,0,0,0,0,0,0,0,0,0,0,98.101806640625,55946.832275390625,0,67221336064,8589930496,66990850048,3401629696
199,1724133952255,999,900,1200,1200,1100,800,800,4521,875,880,800,800,1000,873,800,878,800,898,860,872,882,800,886,800,896,860,800,800,800,800,900,800,0,0,0,0,0,0,0,0,0,0,0,0,0,0,0,0,0,0,0,0,0,0,0,0,0,0,0,0,0,0,18.75,0,0,100.050537109375,55947.09783935547,0,67221336064,8589930496,67006533632,3401629696
200,1724133952455,999,900,1200,1200,1100,800,800,4521,875,880,800,800,1000,873,800,878,800,898,860,872,882,800,886,800,896,860,800,800,800,800,900,800,0,0,0,0,0,0,0,0,0,0,0,0,0,0,0,0,0,0,0,0,0,0,0,0,0,0,0,0,0,0,18.75,0,0,106.7135009765625,55951.811950683594,0,67221336064,8589930496,67006533632,3401629696
200,1724133952655,999,900,1200,1200,1100,800,800,4521,875,880,800,800,1000,873,800,878,800,898,860,872,882,800,886,800,896,860,800,800,800,800,900,800,0,0,0,0,0,0,0,0,0,0,0,0,0,0,0,0,0,0,0,0,0,0,0,0,0,0,0,0,0,0,87.5,0,0,114.7862548828125,55957.924560546875,0,67221336064,8589930496,67006533632,3401629696
199,1724133952855,999,900,1200,1200,1100,800,800,4521,875,880,800,800,1000,873,800,878,800,898,860,872,882,800,886,800,896,860,800,800,800,800,900,800,0,0,0,0,0,0,0,0,0,0,0,0,0,0,0,0,0,0,0,0,0,0,0,0,0,0,0,0,0,0,31.57894515991211,0,0,117.470703125,55958.91247558594,0,67221336064,8589930496,67023048704,3401629696
199,1724133953055,999,900,1200,1200,1100,800,800,4521,875,880,800,800,1000,873,800,878,800,898,860,872,882,800,886,800,896,860,800,800,800,800,900,800,0,0,0,0,0,0,0,0,0,0,0,0,0,0,0,0,0,0,0,0,0,0,0,0,0,0,0,0,0,0,31.57894515991211,0,0,119.41937255859375,55959.181640625,0,67221336064,8589930496,67039563776,3401629696
199,1724133953256,999,900,1200,1200,1100,800,800,4521,875,880,800,800,1000,873,800,878,800,898,860,872,882,800,886,800,896,860,800,800,800,800,900,800,0,0,0,0,0,0,0,0,0,0,0,0,0,0,0,0,0,0,0,0,0,0,0,0,0,0,0,0,0,0,30.000001907348633,0,0,121.36541748046875,55959.439697265625,0,67221336064,8589930496,67047821312,3401629696
199,1724133953456,999,900,1200,1200,1100,800,800,4521,875,880,800,800,1000,873,800,878,800,898,860,872,882,800,886,800,896,860,800,800,800,800,900,800,0,0,10,0,0,0,0,0,0,0,0,0,0,0,0,0,0,0,0,0,0,0,0,0,0,0,0,0,0,0,5.882352828979492,0,0,123.31353759765625,55959.706481933594,0,67221336064,8589930496,67072593920,3401629696
199,1724133953656,999,900,1200,1200,1100,800,800,4521,875,880,800,800,1000,873,800,878,800,898,860,872,882,800,886,800,896,860,800,800,800,800,900,800,0,0,22.22222328186035,0,0,0,0,0,0,0,0,0,0,0,0,0,0,0,0,0,0,0,0,0,0,0,0,0,0,0,0,0,0,125.245849609375,55959.95861816406,0,67221336064,8589930496,67089108992,3401629696
199,1724133953856,999,900,1200,1200,1100,800,800,4521,875,880,800,800,1000,873,800,878,800,898,860,872,882,800,886,800,896,860,800,800,800,800,900,800,0,0,11.111111640930176,0,0,0,0,0,0,0,0,0,0,0,0,0,0,0,0,0,0,0,0,0,0,0,0,0,0,0,40,0,0,130.0421142578125,55963.036560058594,0,67221336064,8589930496,66915434496,3575693312
199,1724133954056,999,900,1200,1200,1100,800,800,4521,875,880,800,800,1000,873,800,878,800,898,860,872,882,800,886,800,896,860,800,800,800,800,900,800,4.761904716491699,0,22.22222328186035,0,0,0,0,0,0,0,0,0,0,0,0,0,0,0,0,0,0,0,0,0,0,0,0,0,0,0,0,0,0,131.99688720703125,55963.310791015625,0,67221336064,8589930496,66931941376,3575693312
199,1724133954256,999,900,1200,1200,1100,800,800,4521,875,880,800,800,1000,873,800,878,800,898,860,872,882,800,886,800,896,860,800,800,800,800,900,800,0,0,23.52941131591797,0,0,0,0,0,0,0,0,0,0,0,0,0,0,0,0,0,0,0,0,0,0,0,0,0,0,0,0,0,0,133.93560791015625,55963.56848144531,0,67221336064,8589930496,66947727360,3575693312
199,1724133954456,999,900,1200,1200,1100,800,800,4521,875,880,800,800,1000,873,800,878,800,898,860,872,882,800,886,800,896,860,800,800,800,800,900,800,0,0,17.647058486938477,0,0,0,0,0,0,0,0,0,0,0,0,0,0,0,0,0,0,0,0,0,0,0,0,0,0,0,0,0,0,135.88189697265625,55963.825744628906,0,67221336064,8589930496,66964242432,3575693312
199,1724133954656,999,900,1200,1200,1100,800,800,4521,875,880,800,800,1000,873,800,878,800,898,860,872,882,800,886,800,896,860,800,800,800,800,900,800,0,0,15.789472579956055,0,0,0,0,0,0,0,0,0,0,0,0,0,0,0,0,0,0,0,0,0,0,0,0,0,0,0,5.555555820465088,0,0,137.82257080078125,55964.08514404297,0,67221336064,8589930496,66980499456,3575693312
199,1724133954857,999,900,1200,1200,1100,800,800,4521,875,880,800,800,1000,873,800,878,800,898,860,872,882,800,886,800,896,860,800,800,800,800,900,800,0,0,0,0,0,0,0,0,0,0,4.545454502105713,0,0,0,0,0,0,0,0,0,0,0,0,0,0,0,0,0,0,0,22.22222328186035,0,0,139.77081298828125,55964.348876953125,0,67221336064,8589930496,66998595584,3575693312
199,1724133955057,999,900,1200,1200,1100,800,800,4521,875,880,800,800,1000,873,800,878,800,898,860,872,882,800,886,800,896,860,800,800,800,800,900,800,0,0,0,0,0,0,0,0,0,0,0,0,0,0,0,0,0,0,0,0,0,0,0,0,0,0,0,0,0,0,70,0,0,145.38653564453125,55968.191955566406,0,67221336064,8589930496,67006660608,3575693312
199,1724133955257,999,900,1200,1200,1100,800,800,4521,875,880,800,800,1000,873,800,878,800,898,860,872,882,800,886,800,896,860,800,800,800,800,900,800,0,0,0,0,0,0,0,0,0,0,0,0,0,0,0,0,0,0,0,0,0,0,0,0,0,0,0,0,0,0,33.333335876464844,0,0,147.34381103515625,55968.46911621094,0,67221336064,8589930496,67023175680,3575693312
200,1724133955457,999,900,1200,1200,1100,800,800,4521,875,880,800,800,1000,873,800,878,800,898,860,872,882,800,886,800,896,860,800,800,800,800,900,800,0,0,0,0,0,0,0,0,0,0,0,0,0,0,0,0,0,0,0,0,0,0,0,0,0,0,0,0,0,0,33.333335876464844,0,0,154.98358154296875,55974.11846923828,0,67221336064,8589930496,67031433216,3575693312
199,1724133955657,999,900,1200,1200,1100,800,800,4521,875,880,800,800,1000,873,800,878,800,898,860,872,882,800,886,800,896,860,800,800,800,800,900,800,0,0,0,0,0,0,0,0,0,0,0,0,0,0,0,0,0,0,0,0,0,0,0,0,0,0,0,0,0,0,56.41025924682617,0,0,157.12640380859375,55974.571044921875,0,67221336064,8589930496,67039690752,3575693312
199,1724133955857,999,900,1200,1200,1100,800,800,4521,875,880,800,800,1000,873,800,878,800,898,860,872,882,800,886,800,896,860,800,800,800,800,900,800,0,0,0,4.761904716491699,0,0,0,0,0,0,0,0,0,0,0,0,0,0,0,0,0,0,0,0,0,0,0,0,0,0,23.52941131591797,0,0,159.06842041015625,55974.830810546875,0,67221336064,8589930496,67056205824,3575431168
199,1724133956057,999,900,1200,1200,1100,800,800,4521,875,880,800,800,1000,873,800,878,800,898,860,872,882,800,886,800,896,860,800,800,800,800,900,800,0,0,5,0,0,0,0,0,0,0,0,0,0,0,0,0,0,0,0,0,0,0,0,0,0,0,0,0,0,0,15.789472579956055,0,0,161.01806640625,55975.09930419922,0,67221336064,8589930496,67064459264,3575431168
199,1724133956257,999,900,1200,1200,1100,800,800,4521,875,880,800,800,1000,873,800,878,800,898,860,872,882,800,886,800,896,860,800,800,800,800,900,800,0,0,27.77777862548828,0,0,0,0,0,0,0,0,0,0,0,0,0,0,0,0,0,0,0,0,0,0,0,0,0,0,0,0,0,0,162.95404052734375,55975.35382080078,0,67221336064,8589930496,67080974336,3575431168
199,1724133956457,999,900,1200,1200,1100,800,800,4521,875,880,800,800,1000,873,800,878,800,898,860,872,882,800,886,800,896,860,800,800,800,800,900,800,0,0,27.77777862548828,0,0,0,0,0,0,0,0,0,0,0,0,0,0,0,0,0,0,0,0,0,0,0,0,0,0,0,0,0,0,165.6468505859375,55976.35418701172,0,67221336064,8589930496,67044724736,3628122112
200,1724133956657,999,900,1200,1200,1100,800,800,4521,875,880,800,800,1000,873,800,878,800,898,860,872,882,800,886,800,896,860,800,800,800,800,900,800,0,0,36.842105865478516,0,0,0,0,0,0,0,0,0,0,0,0,0,0,0,0,0,0,0,0,0,0,0,0,0,0,0,17.5,0,0,172.56591796875,55981.499572753906,0,67221336064,8589930496,66953879552,3733766144
200,1724133956857,999,900,1200,1200,1100,800,800,4521,875,880,800,800,1000,873,800,878,800,898,860,872,882,800,886,800,896,860,800,800,800,800,900,800,0,0,95,0,0,0,0,0,0,0,0,0,0,0,0,0,0,0,0,0,0,0,0,0,0,0,0,0,0,0,0,0,0,180.91400146484375,55987.893798828125,0,67221336064,8589930496,66953879552,3733766144
199,1724133957058,999,900,1200,1200,1100,800,800,4521,875,880,800,800,1000,873,800,878,800,898,860,872,882,800,886,800,896,860,800,800,800,800,900,800,0,0,23.52941131591797,0,0,0,0,0,0,0,0,0,0,0,0,0,0,0,0,0,0,0,0,0,0,0,0,0,0,0,0,0,0,183.24517822265625,55988.54284667969,0,67221336064,8589930496,66970136576,3733766144
199,1724133957258,999,900,1200,1200,1100,800,800,4521,875,880,800,800,1000,873,800,878,800,898,860,872,882,800,886,800,896,860,800,800,800,800,900,800,0,0,5,0,0,0,0,0,0,0,0,0,0,0,0,0,0,0,0,0,0,0,0,0,0,0,0,0,0,0,22.22222328186035,0,0,185.20416259765625,55988.810607910156,0,67221336064,8589930496,66994651136,3733766144
199,1724133957458,999,900,1200,1200,1100,800,800,4521,875,880,800,800,1000,873,800,878,800,898,860,872,882,800,886,800,896,860,800,800,800,800,900,800,0,0,0,0,0,0,0,0,0,0,0,0,0,0,0,0,0,0,0,0,0,0,0,0,0,0,0,0,0,0,18.75,0,0,187.14752197265625,55989.07287597656,0,67221336064,8589930496,67011166208,3733766144
199,1724133957658,999,900,1200,1200,1100,800,800,4521,875,880,800,800,1000,873,800,878,800,898,860,872,882,800,886,800,896,860,800,800,800,800,900,800,0,0,0,0,0,0,0,0,0,0,0,0,0,0,0,0,0,0,0,0,0,0,0,0,0,0,0,0,0,0,26.3157901763916,0,0,189.084228515625,55989.331115722656,0,67221336064,8589930496,67027681280,3733766144
199,1724133957858,999,900,1200,1200,1100,800,800,4521,875,880,800,800,1000,873,800,878,800,898,860,872,882,800,886,800,896,860,800,800,800,800,900,800,0,0,0,0,0,0,0,0,0,0,0,0,0,0,0,0,0,0,0,0,0,0,0,0,0,0,0,0,0,0,27.77777862548828,0,0,191.0355224609375,55989.60119628906,0,67221336064,8589930496,67044196352,3733766144
199,1724133958058,999,900,1200,1200,1100,800,800,4521,875,880,800,800,1000,873,800,878,800,898,860,872,882,800,886,800,896,860,800,800,800,800,900,800,4.761904716491699,0,0,0,0,0,0,0,0,0,0,0,0,0,0,0,0,0,0,0,0,0,0,0,0,0,0,0,0,0,23.52941131591797,0,0,192.9808349609375,55989.865783691406,0,67221336064,8589930496,67060969472,3733766144
199,1724133958258,999,900,1200,1200,1100,800,800,4521,875,880,800,800,1000,873,800,878,800,898,860,872,882,800,886,800,896,860,800,800,800,800,900,800,5,0,0,0,0,0,0,0,0,0,0,0,0,0,0,0,0,0,0,0,0,0,0,0,0,0,0,0,0,0,22.22222328186035,0,0,194.920654296875,55990.123596191406,0,67221336064,8589930496,67077152768,3733766144
199,1724133958458,999,900,1200,1200,1100,800,800,4521,875,880,800,800,1000,873,800,878,800,898,860,872,882,800,886,800,896,860,800,800,800,800,900,800,5,0,0,0,0,0,0,0,0,0,0,0,0,0,0,0,0,0,0,0,0,0,0,0,0,0,0,0,0,0,22.22222328186035,0,0,197.05670166015625,55990.5751953125,0,67221336064,8589930496,67070443520,3750019072
200,1724133958658,999,900,1200,1200,1100,800,800,4521,875,880,800,800,1000,873,800,878,800,898,860,872,882,800,886,800,896,860,800,800,800,800,900,800,0,0,20,0,0,0,0,0,0,0,0,0,0,0,0,0,0,0,0,0,0,0,0,0,0,0,0,0,0,0,63.15789031982422,0,0,206.318115234375,55997.82409667969,0,67221336064,8589930496,66946772992,3874013184
200,1724133958858,999,900,1200,1200,1100,800,800,4521,875,880,800,800,1000,873,800,878,800,898,860,872,882,800,886,800,896,860,800,800,800,800,900,800,0,0,0,0,0,0,0,0,0,0,0,0,0,0,0,0,0,0,0,0,0,0,0,0,0,0,0,0,0,0,95,0,0,214.83673095703125,56004.334533691406,0,67221336064,8589930496,66947289088,3874013184
200,1724133959058,999,900,1200,1200,1100,800,800,4521,875,880,800,800,1000,873,800,878,800,898,860,872,882,800,886,800,896,860,800,800,800,800,900,800,0,0,0,0,0,0,0,0,0,0,0,0,0,0,0,0,0,0,0,0,0,0,0,0,0,0,0,0,0,0,85,0,0,222.91546630859375,56010.45031738281,0,67221336064,8589930496,66947289088,3874013184
199,1724133959259,999,900,1200,1200,1100,800,800,4521,875,880,800,800,1000,873,800,878,800,898,860,872,882,800,886,800,896,860,800,800,800,800,900,800,0,0,16.666667938232422,0,0,0,0,0,0,0,0,0,0,0,0,0,0,0,0,0,0,0,0,0,0,0,0,0,0,0,10,0,0,225.116455078125,56010.96124267578,0,67221336064,8589930496,66963288064,3874013184
199,1724133959459,999,900,1200,1200,1100,800,800,4521,875,880,800,800,1000,873,800,878,800,898,860,872,882,800,886,800,896,860,800,800,800,800,900,800,0,0,29.411766052246094,0,0,0,0,0,0,0,0,0,0,0,0,0,0,0,0,0,0,0,0,0,0,0,0,0,0,0,0,0,0,227.06781005859375,56011.23260498047,0,67221336064,8589930496,66979803136,3874013184
199,1724133959659,999,900,1200,1200,1100,800,800,4521,875,880,800,800,1000,873,800,878,800,898,860,872,882,800,886,800,896,860,800,800,800,800,900,800,0,0,36.842105865478516,0,0,0,0,0,0,0,0,0,0,0,0,0,0,0,0,0,0,0,0,0,0,0,0,0,0,0,0,0,0,229.0191650390625,56011.504333496094,0,67221336064,8589930496,66996318208,3874013184
199,1724133959859,999,900,1200,1200,1100,800,800,4521,875,880,800,800,1000,873,800,878,800,898,860,872,882,800,886,800,896,860,800,800,800,800,900,800,0,0,27.77777862548828,0,0,0,0,0,0,0,0,0,0,0,0,0,0,0,0,0,0,0,0,0,0,0,0,0,0,0,0,0,0,230.9656982421875,56011.76776123047,0,67221336064,8589930496,67012833280,3873751040
199,1724133960059,999,900,1200,1200,1100,800,800,4521,875,880,800,800,1000,873,800,878,800,898,860,872,882,800,886,800,896,860,800,800,800,800,900,800,0,0,26.3157901763916,0,0,0,0,0,0,0,0,0,0,0,0,0,0,0,0,0,0,0,0,0,0,0,0,0,0,0,5.263157844543457,0,0,232.92498779296875,56012.043518066406,0,67221336064,8589930496,67043078144,3873751040
199,1724133960259,999,900,1200,1200,1100,800,800,4521,875,880,800,800,1000,873,800,878,800,898,860,872,882,800,886,800,896,860,800,800,800,800,900,800,0,0,0,0,0,0,0,0,0,0,0,0,0,0,0,0,0,0,0,0,0,0,0,0,0,0,0,0,0,0,13.333333969116211,0,0,234.8690185546875,56012.30517578125,0,67221336064,8589930496,67067850752,3873751040
199,1724133960459,999,900,1200,1200,1100,800,800,4521,875,880,800,800,1000,873,800,878,800,898,860,872,882,800,886,800,896,860,800,800,800,800,900,800,0,0,22.22222328186035,0,0,0,0,0,0,0,0,0,0,0,0,0,0,0,0,0,0,0,0,0,0,0,0,0,0,0,0,0,0,236.8094482421875,56012.564697265625,0,67221336064,8589930496,67084365824,3873751040
199,1724133960660,999,900,1200,1200,1100,800,800,4521,875,880,800,800,1000,873,800,878,800,898,860,872,882,800,886,800,896,860,800,800,800,800,900,800,0,0,21.052631378173828,0,0,0,0,0,0,0,0,0,0,0,0,0,0,0,0,0,0,0,0,0,0,0,0,0,0,0,28.571430206298828,0,0,240.755859375,56014.80163574219,0,67221336064,8589930496,67005030400,3961569280
199,1724133960860,999,900,1200,1200,1100,800,800,4521,875,880,800,800,1000,873,800,878,800,898,860,872,882,800,886,800,896,860,800,800,800,800,900,800,0,0,26.3157901763916,0,0,0,0,0,0,0,0,0,0,0,0,0,0,0,0,0,0,0,0,0,0,0,0,0,0,0,0,0,0,242.73162841796875,56015.093322753906,0,67221336064,8589930496,67021250560,3961569280
199,1724133961060,999,900,1200,1200,1100,800,800,4521,875,880,800,800,1000,873,800,878,800,898,860,872,882,800,886,800,896,860,800,800,800,800,900,800,0,0,23.52941131591797,0,0,0,0,0,0,0,0,0,0,0,0,0,0,0,0,0,0,0,0,0,0,0,0,0,0,0,0,0,0,244.67431640625,56015.356201171875,0,67221336064,8589930496,67037913088,3961569280
199,1724133961260,999,900,1200,1200,1100,800,800,4521,875,880,800,800,1000,873,800,878,800,898,860,872,882,800,886,800,896,860,800,800,800,800,900,800,0,0,31.57894515991211,0,0,0,0,0,0,0,0,0,0,0,0,0,0,0,0,0,0,0,0,0,0,0,0,0,0,0,0,0,0,246.63427734375,56015.63391113281,0,67221336064,8589930496,67054325760,3961569280
199,1724133961460,999,900,1200,1200,1100,800,800,4521,875,880,800,800,1000,873,800,878,800,898,860,872,882,800,886,800,896,860,800,800,800,800,900,800,0,0,22.22222328186035,0,0,0,0,0,0,0,0,0,0,0,0,0,0,0,0,0,0,0,0,0,0,0,0,0,0,0,0,0,0,248.58343505859375,56015.904296875,0,67221336064,8589930496,67070840832,3961569280
200,1724133961660,999,900,1200,1200,1100,800,800,4521,875,880,800,800,1000,873,800,878,800,898,860,872,882,800,886,800,896,860,800,800,800,800,900,800,0,0,22.22222328186035,0,0,0,0,0,0,0,0,0,0,0,0,0,0,0,0,0,0,0,0,0,0,0,0,0,0,0,0,0,0,251.45050048828125,56017.08673095703,0,67221336064,8589930496,67037478912,4011376640
199,1724133961860,999,900,1200,1200,1100,800,800,4521,875,880,800,800,1000,873,800,878,800,898,860,872,882,800,886,800,896,860,800,800,800,800,900,800,0,0,22.22222328186035,2.4390242099761963,0,0,0,0,0,0,0,0,0,0,0,0,0,0,0,0,0,0,0,0,0,0,0,0,0,0,12.5,0,0,254.5377197265625,56018.473205566406,0,67221336064,8589930496,67015798784,4049387520
199,1724133962060,999,900,1200,1200,1100,800,800,4521,875,880,800,800,1000,873,800,878,800,898,860,872,882,800,886,800,896,860,800,800,800,800,900,800,0,0,23.52941131591797,0,0,0,0,0,0,0,0,0,0,0,0,0,0,0,0,0,0,0,0,0,0,0,0,0,0,0,0,0,0,256.474365234375,56018.729064941406,0,67221336064,8589930496,67032326144,4049387520
199,1724133962260,999,900,1200,1200,1100,800,800,4521,875,880,800,800,1000,873,800,878,800,898,860,872,882,800,886,800,896,860,800,800,800,800,900,800,0,0,0,0,0,0,0,0,0,0,0,0,0,0,0,0,0,0,0,0,0,0,0,0,0,0,0,0,0,0,16.666667938232422,0,0,258.42431640625,56018.998291015625,0,67221336064,8589930496,67047301120,4049387520
199,1724133962460,999,900,1200,1200,1100,800,800,4521,875,880,800,800,1000,873,800,878,800,898,860,872,882,800,886,800,896,860,800,800,800,800,900,800,0,0,26.3157901763916,0,0,0,0,0,0,0,0,0,0,0,0,0,0,0,0,0,0,0,0,0,0,0,0,0,0,0,0,0,0,260.36663818359375,56019.26171875,0,67221336064,8589930496,67063816192,4049387520
199,1724133962660,999,900,1200,1200,1100,800,800,4521,875,880,800,800,1000,873,800,878,800,898,860,872,882,800,886,800,896,860,800,800,800,800,900,800,0,0,5,0,0,0,0,0,0,0,0,0,0,0,0,0,0,0,0,0,0,0,0,0,0,0,0,0,0,0,21.052631378173828,0,0,262.3087158203125,56019.523193359375,0,67221336064,8589930496,67076837376,4049387520
200,1724133962860,999,900,1200,1200,1100,800,800,4521,875,880,800,800,1000,873,800,878,800,898,860,872,882,800,886,800,896,860,800,800,800,800,900,800,0,0,5,0,0,0,0,0,0,0,0,0,0,0,0,0,0,0,0,0,0,0,0,0,0,0,0,0,0,0,21.052631378173828,0,0,266.13385009765625,56021.64758300781,0,67221336064,8589930496,66993397760,4137467904
199,1724133963061,999,900,1200,1200,1100,800,800,4521,875,880,800,800,1000,873,800,878,800,898,860,872,882,800,886,800,896,860,800,800,800,800,900,800,0,0,12.5,0,0,0,0,0,0,0,0,0,0,0,0,0,0,0,0,0,0,0,0,0,0,0,0,0,0,0,24.324325561523438,0,0,268.21002197265625,56022.034423828125,0,67221336064,8589930496,67009912832,4137467904
199,1724133963261,999,900,1200,1200,1100,800,800,4521,875,880,800,800,1000,873,800,878,800,898,860,872,882,800,886,800,896,860,800,800,800,800,900,800,0,0,0,0,0,0,0,0,0,0,0,0,0,0,0,0,0,0,0,0,0,0,0,0,0,0,0,0,0,0,30.000001907348633,0,0,270.14373779296875,56022.28625488281,0,67221336064,8589930496,67026427904,4137467904
199,1724133963461,999,900,1200,1200,1100,800,800,4521,875,880,800,800,1000,873,800,878,800,898,860,872,882,800,886,800,896,860,800,800,800,800,900,800,0,0,0,0,0,0,0,0,0,0,0,0,0,0,0,0,0,0,0,0,0,0,0,0,0,0,0,0,0,0,18.75,0,0,272.07769775390625,56022.5419921875,0,67221336064,8589930496,67042942976,4137467904
199,1724133963661,999,900,1200,1200,1100,800,800,4521,875,880,800,800,1000,873,800,878,800,898,860,872,882,800,886,800,896,860,800,800,800,800,900,800,0,0,30.000001907348633,0,0,0,0,0,0,0,0,0,0,0,0,0,0,0,0,0,0,0,0,0,0,0,0,0,0,0,4.761904716491699,0,0,274.0145263671875,56022.79675292969,0,67221336064,8589930496,67057700864,4137467904
199,1724133963861,999,900,1200,1200,1100,800,800,4521,875,880,800,800,1000,873,800,878,800,898,860,872,882,800,886,800,896,860,800,800,800,800,900,800,5,0,11.764705657958984,0,0,0,0,0,0,0,0,0,0,0,0,0,0,0,0,0,0,0,0,0,0,0,0,0,0,0,5.555555820465088,0,0,275.98114013671875,56023.08087158203,0,67221336064,8589930496,67067015168,4137205760
199,1724133964061,999,900,1200,1200,1100,800,800,4521,875,880,800,800,1000,873,800,878,800,898,860,872,882,800,886,800,896,860,800,800,800,800,900,800,5,0,11.764705657958984,0,0,0,0,0,0,0,0,0,0,0,0,0,0,0,0,0,0,0,0,0,0,0,0,0,0,0,5.555555820465088,0,0,277.92095947265625,56023.338623046875,0,67221336064,8589930496,67081482240,4137205760
199,1724133964261,999,900,1200,1200,1100,800,800,4521,875,880,800,800,1000,873,800,878,800,898,860,872,882,800,886,800,896,860,800,800,800,800,900,800,0,0,20,0,0,0,0,0,0,0,0,0,0,0,0,0,0,0,0,0,0,0,0,0,0,0,0,0,0,0,12.5,0,0,281.86669921875,56025.5732421875,0,67221336064,8589930496,67011674112,4225810432
199,1724133964461,999,900,1200,1200,1100,800,800,4521,875,880,800,800,1000,873,800,878,800,898,860,872,882,800,886,800,896,860,800,800,800,800,900,800,0,0,0,0,0,0,0,0,0,0,0,0,0,0,0,0,0,0,0,0,0,0,0,0,0,0,0,0,0,0,22.22222328186035,0,0,283.80413818359375,56025.83947753906,0,67221336064,8589930496,67027931136,4225810432
200,1724133964661,999,900,1200,1200,1100,800,800,4521,875,880,800,800,1000,873,800,878,800,898,860,872,882,800,886,800,896,860,800,800,800,800,900,800,0,0,0,0,0,0,0,0,0,0,0,0,0,0,0,0,0,0,0,0,0,0,0,0,0,0,0,0,0,0,22.22222328186035,0,0,288.3197021484375,56028.528747558594,0,67221336064,8589930496,67036188672,4225810432
200,1724133964862,999,900,1200,1200,1100,800,800,4521,875,880,800,800,1000,873,800,878,800,898,860,872,882,800,886,800,896,860,800,800,800,800,900,800,0,0,42.105262756347656,0,0,0,0,0,0,0,0,0,0,0,0,0,0,0,0,0,0,0,0,0,0,0,0,0,0,0,23.076923370361328,0,0,295.9129638671875,56034.276123046875,0,67221336064,8589930496,67069218816,4225810432
199,1724133965062,999,900,1200,1200,1100,800,800,4521,875,880,800,800,1000,873,800,878,800,898,860,872,882,800,886,800,896,860,800,800,800,800,900,800,0,0,47.619049072265625,0,0,0,0,0,4.761904716491699,0,0,0,0,0,0,0,0,0,0,0,0,0,0,0,0,0,0,0,0,0,57.894737243652344,0,0,304.85333251953125,56041.34307861328,0,67221336064,8589930496,66937225216,4380475392
200,1724133965262,999,900,1200,1200,1100,800,800,4521,875,880,800,800,1000,873,800,878,800,898,860,872,882,800,886,800,896,860,800,800,800,800,900,800,0,0,0,0,0,0,0,0,0,0,0,0,0,0,0,0,0,0,0,0,0,0,0,0,0,0,0,0,0,0,90.47618865966797,0,0,313.45574951171875,56047.946533203125,0,67221336064,8589930496,66953740288,4368941056
200,1724133965462,999,900,1200,1200,1100,800,800,4521,875,880,800,800,1000,873,800,878,800,898,860,872,882,800,886,800,896,860,800,800,800,800,900,800,0,0,0,0,0,0,0,0,0,0,0,0,0,0,0,0,0,0,0,0,0,0,0,0,0,0,0,0,0,0,50,0,0,320.158935546875,56052.910888671875,0,67221336064,8589930496,67011543040,4304977920
200,1724133965662,999,900,1200,1200,1100,800,800,4521,875,880,800,800,1000,873,800,878,800,898,860,872,882,800,886,800,896,860,800,800,800,800,900,800,0,0,0,0,0,0,0,0,0,0,0,0,0,0,0,0,0,0,0,0,0,0,0,0,0,0,0,0,0,0,66.66667175292969,0,0,327.453369140625,56058.34014892578,0,67221336064,8589930496,67061088256,4294754304
200,1724133965862,999,900,1200,1200,1100,800,800,4521,875,880,800,800,1000,873,800,878,800,898,860,872,882,800,886,800,896,860,800,800,800,800,900,800,0,0,26.3157901763916,0,5,0,0,0,0,0,0,0,0,0,0,0,0,0,0,0,0,0,0,0,0,0,0,0,0,0,57.894737243652344,0,0,336.07763671875,56065.066162109375,0,67221336064,8589930496,67000139776,4376543232
200,1724133966062,999,900,1200,1200,1100,800,800,4521,875,880,800,800,1000,873,800,878,800,898,860,872,882,800,886,800,896,860,800,800,800,800,900,800,0,0,15.000000953674316,0,0,0,0,0,0,0,0,0,0,0,0,0,0,0,0,0,0,0,0,0,0,0,0,0,0,0,0,57.894737243652344,0,343.2384033203125,56070.391845703125,0,67221336064,8589930496,67007463424,4371300352
200,1724133966262,999,900,1200,1200,1100,800,800,4521,875,880,800,800,1000,873,800,878,800,898,860,872,882,800,886,800,896,860,800,800,800,800,900,800,0,0,0,0,0,0,0,0,0,0,0,0,0,0,0,0,0,0,0,0,0,0,0,0,0,0,0,0,0,0,5,76.19047546386719,0,351.58514404296875,56076.79846191406,0,67221336064,8589930496,67023978496,4351377408
200,1724133966462,999,900,1200,1200,1100,800,800,4521,875,880,800,800,1000,873,800,878,800,898,860,872,882,800,886,800,896,860,800,800,800,800,900,800,0,0,19.047618865966797,0,0,0,0,0,0,0,0,0,0,0,0,0,0,0,0,0,0,0,0,0,0,0,0,0,0,0,42.85714340209961,0,0,357.77154541015625,56081.231201171875,0,67221336064,8589930496,67034791936,4341940224
199,1724133966662,999,900,1200,1200,1100,800,800,4521,875,880,800,800,1000,873,800,878,800,898,860,872,882,800,886,800,896,860,800,800,800,800,900,800,0,0,50,0,0,0,0,0,0,0,0,0,0,0,0,0,0,0,0,0,0,0,0,0,0,0,0,0,0,0,52.6315803527832,0,0,365.121826171875,56086.78448486328,0,67221336064,8589930496,67007229952,4369989632
200,1724133966862,999,900,1200,1200,1100,800,800,4521,875,880,800,800,1000,873,800,878,800,898,860,872,882,800,886,800,896,860,800,800,800,800,900,800,0,0,89.47368621826172,0,0,0,0,0,0,0,0,0,0,0,0,0,0,0,0,0,0,0,0,0,0,0,0,0,0,0,31.57894515991211,0,0,374.4072265625,56094.249755859375,0,67221336064,8589930496,66852814848,4523606016
200,1724133967062,999,900,1200,1200,1100,800,800,4521,875,880,800,800,1000,873,800,878,800,898,860,872,882,800,886,800,896,860,800,800,800,800,900,800,0,0,0,0,0,0,0,0,0,0,0,0,0,0,0,0,0,0,0,0,0,0,0,0,0,0,0,0,0,0,68.42105102539063,0,0,380.07037353515625,56098.046447753906,0,67221336064,8589930496,66894102528,4482711552
200,1724133967262,999,900,1200,1200,1100,800,800,4521,875,880,800,800,1000,873,800,878,800,898,860,872,882,800,886,800,896,860,800,800,800,800,900,800,0,0,0,0,0,0,0,0,0,0,0,0,0,0,0,0,0,0,0,0,0,0,0,0,0,0,0,0,0,0,95.23809814453125,0,0,388.8834228515625,56104.82208251953,0,67221336064,8589930496,66902147072,4480614400
200,1724133967462,999,900,1200,1200,1100,800,800,4521,875,880,800,800,1000,873,800,878,800,898,860,872,882,800,886,800,896,860,800,800,800,800,900,800,0,0,0,0,0,0,0,0,0,0,0,0,0,0,0,0,0,0,0,0,0,0,0,0,0,0,0,0,0,0,57.894737243652344,0,0,395.84576416015625,56110.044372558594,0,67221336064,8589930496,66951692288,4426874880
200,1724133967663,999,900,1200,1200,1100,800,800,4521,875,880,800,800,1000,873,800,878,800,898,860,872,882,800,886,800,896,860,800,800,800,800,900,800,0,0,0,0,0,0,0,0,0,0,0,0,0,0,0,0,0,0,0,0,0,0,0,0,0,0,0,0,0,0,57.894737243652344,0,0,402.80914306640625,56115.26580810547,0,67221336064,8589930496,67009495040,4372873216
200,1724133967863,999,900,1200,1200,1100,800,800,4521,875,880,800,800,1000,873,800,878,800,898,860,872,882,800,886,800,896,860,800,800,800,800,900,800,0,0,0,0,0,0,0,0,0,0,0,0,0,0,0,0,0,0,0,0,0,0,0,0,0,0,0,0,0,0,60.000003814697266,0,0,409.82275390625,56120.53399658203,0,67221336064,8589930496,67059040256,4319133696
200,1724133968063,999,900,1200,1200,1100,800,800,4521,875,880,800,800,1000,873,800,878,800,898,860,872,882,800,886,800,896,860,800,800,800,800,900,800,0,0,40,0,0,0,0,0,0,0,0,0,0,0,0,0,0,0,0,0,0,0,0,0,0,0,0,0,0,0,77.77777862548828,0,0,418.25146484375,56127.154052734375,0,67221336064,8589930496,66998284288,4380999680
200,1724133968263,999,900,1200,1200,1100,800,800,4521,875,880,800,800,1000,873,800,878,800,898,860,872,882,800,886,800,896,860,800,800,800,800,900,800,0,0,0,0,0,0,0,0,0,0,0,0,0,0,0,0,0,0,0,0,0,0,0,0,0,0,0,0,0,0,60.000003814697266,0,0,425.32470703125,56132.45886230469,0,67221336064,8589930496,67049607168,4329095168
200,1724133968463,999,900,1200,1200,1100,800,800,4521,875,880,800,800,1000,873,800,878,800,898,860,872,882,800,886,800,896,860,800,800,800,800,900,800,0,0,5,0,0,0,0,0,0,0,0,0,0,0,0,0,0,0,0,0,0,0,0,0,0,0,0,0,0,0,63.15789031982422,0,0,433.02716064453125,56138.30059814453,0,67221336064,8589930496,67083399168,4301570048
200,1724133968663,999,900,1200,1200,1100,800,800,4521,875,880,800,800,1000,873,800,878,800,898,860,872,882,800,886,800,896,860,800,800,800,800,900,800,0,0,47.619049072265625,0,0,0,0,0,0,0,0,0,0,0,0,0,0,0,0,0,0,0,0,0,0,0,0,0,0,0,38.88888931274414,0,0,441.364501953125,56144.86267089844,0,67221336064,8589930496,67025850368,4352688128
200,1724133968863,999,900,1200,1200,1100,800,800,4521,875,880,800,800,1000,873,800,878,800,898,860,872,882,800,886,800,896,860,800,800,800,800,900,800,0,0,10.526315689086914,0,0,0,0,0,0,0,0,0,0,0,0,0,0,0,0,0,0,0,0,0,0,0,0,0,0,0,85,0,0,450.3560791015625,56151.81872558594,0,67221336064,8589930496,67012128768,4366319616
200,1724133969063,999,900,1200,1200,1100,800,800,4521,875,880,800,800,1000,873,800,878,800,898,860,872,882,800,886,800,896,860,800,800,800,800,900,800,0,0,0,0,0,0,0,0,0,0,0,0,0,0,0,0,0,0,0,0,0,0,0,0,0,0,0,0,0,0,63.15789031982422,0,0,457.93011474609375,56157.523864746094,0,67221336064,8589930496,67053416448,4326211584
200,1724133969263,999,900,1200,1200,1100,800,800,4521,875,880,800,800,1000,873,800,878,800,898,860,872,882,800,886,800,896,860,800,800,800,800,900,800,0,0,50,0,0,0,0,0,0,0,0,0,0,0,0,0,0,0,0,0,0,0,0,0,0,0,0,0,0,0,38.88888931274414,0,0,465.866943359375,56163.681091308594,0,67221336064,8589930496,67033120768,4352163840
199,1724133969463,999,900,1200,1200,1100,800,800,4521,875,880,800,800,1000,873,800,878,800,898,860,872,882,800,886,800,896,860,800,800,800,800,900,800,5,0,15.000000953674316,0,0,0,0,0,0,0,0,0,0,0,0,0,0,0,0,0,0,0,0,0,0,0,0,0,0,0,45,15.789472579956055,0,473.47247314453125,56169.51287841797,0,67221336064,8589930496,67021533184,4355309568
200,1724133969663,999,900,1200,1200,1100,800,800,4521,875,880,800,800,1000,873,800,878,800,898,860,872,882,800,886,800,896,860,800,800,800,800,900,800,5,0,15.000000953674316,0,0,0,0,0,0,0,0,0,0,0,0,0,0,0,0,0,0,0,0,0,0,0,0,0,0,0,45,15.789472579956055,0,480.37579345703125,56174.65100097656,0,67221336064,8589930496,67026243584,4356620288
200,1724133969863,999,900,1200,1200,1100,800,800,4521,875,880,800,800,1000,873,800,878,800,898,860,872,882,800,886,800,896,860,800,800,800,800,900,800,0,0,10.526315689086914,0,15.000000953674316,0,0,0,0,0,0,0,0,0,0,0,0,0,0,0,0,0,0,0,0,0,0,0,0,0,0,40,0,486.62750244140625,56179.143615722656,0,67221336064,8589930496,67034902528,4340105216
200,1724133970063,999,900,1200,1200,1100,800,800,4521,875,880,800,800,1000,873,800,878,800,898,860,872,882,800,886,800,896,860,800,800,800,800,900,800,0,0,40,0,9.523809432983398,0,0,0,0,0,0,0,0,0,0,0,0,0,0,0,0,0,0,0,0,0,0,0,0,0,10.526315689086914,27.77777862548828,0,492.71307373046875,56183.45471191406,0,67221336064,8589930496,67033370624,4350066688
200,1724133970263,999,900,1200,1200,1100,800,800,4521,875,880,800,800,1000,873,800,878,800,898,860,872,882,800,886,800,896,860,800,800,800,800,900,800,0,0,57.894737243652344,0,0,0,0,0,0,0,0,0,0,0,0,0,0,0,0,0,0,0,0,0,0,0,0,0,0,0,14.285715103149414,9.090909004211426,0,499.20050048828125,56188.17510986328,0,67221336064,8589930496,67021279232,4368678912
199,1724133970463,999,900,1200,1200,1100,800,800,4521,875,880,800,800,1000,873,800,878,800,898,860,872,882,800,886,800,896,860,800,800,800,800,900,800,0,0,40,0,0,0,0,0,0,0,0,0,0,0,0,0,0,0,0,0,0,0,0,0,0,0,0,0,0,0,31.57894515991211,0,0,504.83905029296875,56192.05236816406,0,67221336064,8589930496,67009466368,4378640384
199,1724133970664,999,900,1200,1200,1100,800,800,4521,875,880,800,800,1000,873,800,878,800,898,860,872,882,800,886,800,896,860,800,800,800,800,900,800,0,0,10.526315689086914,0,0,0,0,0,0,0,0,0,0,0,0,0,0,0,0,0,0,0,0,0,0,0,0,0,0,0,52.38095474243164,0,0,510.8857421875,56196.353271484375,0,67221336064,8589930496,67026481152,4360552448
199,1724133970864,999,900,1200,1200,1100,800,800,4521,875,880,800,800,1000,873,800,878,800,898,860,872,882,800,886,800,896,860,800,800,800,800,900,800,0,0,28.571430206298828,0,0,0,0,0,0,0,0,0,0,0,0,0,0,0,0,0,0,0,0,0,0,0,0,0,0,0,42.105262756347656,0,0,517.1752319335938,56200.892822265625,0,67221336064,8589930496,67016093696,4374183936
199,1724133971064,999,900,1200,1200,1100,800,800,4521,875,880,800,800,1000,873,800,878,800,898,860,872,882,800,886,800,896,860,800,800,800,800,900,800,0,0,63.15789031982422,0,0,0,0,0,0,0,0,0,0,0,0,0,0,0,0,0,0,0,0,0,0,0,0,0,0,0,50,0,0,525.8336181640625,56207.68426513672,0,67221336064,8589930496,67044741120,4344561664
199,1724133971264,999,900,1200,1200,1100,800,800,4521,875,880,800,800,1000,873,800,878,800,898,860,872,882,800,886,800,896,860,800,800,800,800,900,800,0,0,47.619049072265625,0,0,0,0,0,0,0,0,0,0,0,0,0,0,0,0,0,0,0,0,0,0,0,0,0,0,0,47.619049072265625,0,0,534.0342407226563,56214.09387207031,0,67221336064,8589930496,67006640128,4376543232
199,1724133971464,999,900,1200,1200,1100,800,800,4521,875,880,800,800,1000,873,800,878,800,898,860,872,882,800,886,800,896,860,800,800,800,800,900,800,0,0,15.000000953674316,0,0,0,0,0,0,0,0,0,0,0,0,0,0,0,0,0,0,0,0,0,0,0,0,0,0,0,55,0,0,541.6316528320313,56219.943603515625,0,67221336064,8589930496,67027312640,4361863168
199,1724133971664,999,900,1200,1200,1100,800,800,4521,875,880,800,800,1000,873,800,878,800,898,860,872,882,800,886,800,896,860,800,800,800,800,900,800,0,0,21.052631378173828,0,0,0,0,0,0,0,0,0,0,0,0,0,0,0,0,0,0,0,0,0,0,0,0,0,0,0,57.894737243652344,0,0,549.3300170898438,56225.88653564453,0,67221336064,8589930496,67015127040,4368941056
199,1724133971864,999,900,1200,1200,1100,800,800,4521,875,880,800,800,1000,873,800,878,800,898,860,872,882,800,886,800,896,860,800,800,800,800,900,800,0,0,25,0,0,0,0,0,0,0,0,0,0,0,0,0,0,0,0,0,0,0,0,0,0,0,0,0,0,0,57.894737243652344,0,0,557.115234375,56231.91027832031,0,67221336064,8589930496,67014606848,4371038208
199,1724133972064,999,900,1200,1200,1100,800,800,4521,875,880,800,800,1000,873,800,878,800,898,860,872,882,800,886,800,896,860,800,800,800,800,900,800,0,0,10,0,0,0,0,0,0,0,0,0,0,0,0,0,0,0,0,0,0,0,0,0,0,0,0,0,0,0,66.66667175292969,0,0,564.8865966796875,56237.86505126953,0,67221336064,8589930496,67014725632,4367106048
199,1724133972264,999,900,1200,1200,1100,800,800,4521,875,880,800,800,1000,873,800,878,800,898,860,872,882,800,886,800,896,860,800,800,800,800,900,800,0,0,0,0,0,0,0,0,0,0,0,0,0,0,0,0,0,0,0,0,0,0,0,0,0,0,0,0,0,0,57.894737243652344,0,0,571.7955322265625,56242.98571777344,0,67221336064,8589930496,67064270848,4320444416
199,1724133972464,999,900,1200,1200,1100,800,800,4521,875,880,800,800,1000,873,800,878,800,898,860,872,882,800,886,800,896,860,800,800,800,800,900,800,0,0,80,0,0,0,0,0,0,0,0,0,0,0,0,0,0,0,0,0,0,0,0,0,0,0,0,0,0,0,33.333335876464844,0,0,579.9188842773438,56249.376037597656,0,67221336064,8589930496,67017826304,4356358144
199,1724133972664,999,900,1200,1200,1100,800,800,4521,875,880,800,800,1000,873,800,878,800,898,860,872,882,800,886,800,896,860,800,800,800,800,900,800,0,0,40,0,0,0,0,0,0,0,0,0,0,0,0,0,0,0,0,0,0,0,0,0,0,0,0,0,0,0,52.6315803527832,0,0,588.1176147460938,56255.80584716797,0,67221336064,8589930496,66997989376,4377853952
200,1724133972864,999,900,1200,1200,1100,800,800,4521,875,880,800,800,1000,873,800,878,800,898,860,872,882,800,886,800,896,860,800,800,800,800,900,800,0,0,0,0,0,0,0,0,0,0,0,0,0,0,0,0,0,0,0,0,0,0,0,0,0,0,0,0,0,0,52.6315803527832,0,0,594.9041137695313,56260.85302734375,0,67221336064,8589930496,67046760448,4328833024
200,1724133973064,999,900,1200,1200,1100,800,800,4521,875,880,800,800,1000,873,800,878,800,898,860,872,882,800,886,800,896,860,800,800,800,800,900,800,0,0,20,0,0,0,0,0,0,0,0,0,0,0,0,0,0,0,0,0,0,0,0,0,0,0,0,0,0,0,55,0,0,602.488525390625,56266.65545654297,0,67221336064,8589930496,67097985024,4294754304
200,1724133973264,999,900,1200,1200,1100,800,800,4521,875,880,800,800,1000,873,800,878,800,898,860,872,882,800,886,800,896,860,800,800,800,800,900,800,0,0,75,0,55,0,0,0,0,0,0,0,0,0,0,0,0,0,0,0,0,0,0,0,0,0,0,0,0,0,0,0,0,611.8701171875,56274.14599609375,0,67221336064,8589930496,66942124032,4400398336
200,1724133973464,999,900,1200,1200,1100,800,800,4521,875,880,800,800,1000,873,800,878,800,898,860,872,882,800,886,800,896,860,800,800,800,800,900,800,0,0,0,0,20,0,0,0,0,0,0,0,0,0,0,0,0,0,0,0,0,0,0,0,0,0,0,0,0,0,38.095237731933594,0,0,618.0419921875,56278.576721191406,0,67221336064,8589930496,66998849536,4347445248
200,1724133973664,999,900,1200,1200,1100,800,800,4521,875,880,800,800,1000,873,800,878,800,898,860,872,882,800,886,800,896,860,800,800,800,800,900,800,4.761904716491699,0,0,0,0,0,0,0,0,0,0,0,0,0,0,0,0,0,0,0,0,0,0,0,0,0,0,0,0,0,57.894737243652344,0,0,624.9586791992188,56283.75115966797,0,67221336064,8589930496,67048640512,4294754304
200,1724133973865,999,900,1200,1200,1100,800,800,4521,875,880,800,800,1000,873,800,878,800,898,860,872,882,800,886,800,896,860,800,800,800,800,900,800,0,0,20,0,0,0,0,0,0,0,0,0,0,0,0,0,0,0,0,0,0,0,0,0,0,0,0,0,0,0,52.6315803527832,0,0,632.524169921875,56289.560607910156,0,67221336064,8589930496,66903232512,4363960320
200,1724133974065,999,900,1200,1200,1100,800,800,4521,875,880,800,800,1000,873,800,878,800,898,860,872,882,800,886,800,896,860,800,800,800,800,900,800,0,0,0,0,0,0,0,0,0,0,0,0,0,0,0,0,0,0,0,0,0,0,0,0,0,0,0,0,0,0,60.000003814697266,0,0,639.71533203125,56295.01397705078,0,67221336064,8589930496,66952204288,4310482944
200,1724133974265,999,900,1200,1200,1100,800,800,4521,875,880,800,800,1000,873,800,878,800,898,860,872,882,800,886,800,896,860,800,800,800,800,900,800,0,0,0,0,0,0,0,0,0,0,0,0,0,0,0,0,0,0,0,0,0,0,0,0,0,0,0,0,0,0,57.894737243652344,0,0,646.5341186523438,56300.097595214844,0,67221336064,8589930496,67009015808,4294754304
199,1724133974465,999,900,1200,1200,1100,800,800,4521,875,880,800,800,1000,873,800,878,800,898,860,872,882,800,886,800,896,860,800,800,800,800,900,800,0,0,0,0,0,0,0,0,0,0,0,0,0,0,0,0,0,0,0,0,0,0,0,0,0,0,0,0,0,0,30.000001907348633,0,0,648.7376098632813,56300.609924316406,0,67221336064,8589930496,67017273344,4294754304
199,1724133974665,999,900,1200,1200,1100,800,800,4521,875,880,800,800,1000,873,800,878,800,898,860,872,882,800,886,800,896,860,800,800,800,800,900,800,0,0,0,0,36.842105865478516,0,0,0,0,0,0,0,0,0,0,0,0,0,0,0,0,0,0,0,0,0,0,0,0,0,0,0,0,650.6985473632813,56300.88983154297,0,67221336064,8589930496,67033788416,4294754304
199,1724133974865,999,900,1200,1200,1100,800,800,4521,875,880,800,800,1000,873,800,878,800,898,860,872,882,800,886,800,896,860,800,800,800,800,900,800,0,0,0,4.761904716491699,0,0,0,0,0,0,0,0,0,0,0,0,0,0,0,0,0,0,0,0,0,0,0,0,0,0,36.842105865478516,0,0,652.74853515625,56301.2412109375,0,67221336064,8589930496,67050303488,4294754304
200,1724133975065,999,900,1200,1200,1100,800,800,4521,875,880,800,800,1000,873,800,878,800,898,860,872,882,800,886,800,896,860,800,800,800,800,900,800,0,0,0,4.761904716491699,0,0,0,0,0,0,0,0,0,0,0,0,0,0,0,0,0,0,0,0,0,0,0,0,0,0,36.842105865478516,0,0,654.8214721679688,56301.612854003906,0,67221336064,8589930496,67069120512,4294754304
200,1724133975265,999,900,1200,1200,1100,800,800,4521,875,880,800,800,1000,873,800,878,800,898,860,872,882,800,886,800,896,860,800,800,800,800,900,800,0,0,35.897438049316406,0,0,0,0,0,0,0,0,0,0,0,0,0,0,0,0,0,0,0,0,0,0,0,0,0,0,0,15.789472579956055,0,0,659.1069946289063,56304.15057373047,0,67221336064,8589930496,66927083520,4381261824
200,1724133975466,999,900,1200,1200,1100,800,800,4521,875,880,800,800,1000,873,800,878,800,898,860,872,882,800,886,800,896,860,800,800,800,800,900,800,0,0,0,0,0,0,0,0,0,0,0,0,0,0,0,0,0,0,0,0,0,0,0,0,0,0,0,0,0,0,42.105262756347656,0,0,662.135986328125,56305.43865966797,0,67221336064,8589930496,66972499968,4339318784
200,1724133975666,999,900,1200,1200,1100,800,800,4521,875,880,800,800,1000,873,800,878,800,898,860,872,882,800,886,800,896,860,800,800,800,800,900,800,0,0,0,0,0,0,0,0,0,0,0,0,0,0,0,0,0,0,0,0,0,0,0,0,0,0,0,0,0,0,45,0,0,665.2289428710938,56306.792724609375,0,67221336064,8589930496,67013287936,4297113600
200,1724133975866,999,900,1200,1200,1100,800,800,4521,875,880,800,800,1000,873,800,878,800,898,860,872,882,800,886,800,896,860,800,800,800,800,900,800,0,0,0,0,0,0,0,0,0,0,0,0,0,0,0,0,0,0,0,0,0,0,0,0,0,0,0,0,0,0,45,0,0,668.2025756835938,56308.00274658203,0,67221336064,8589930496,67055321088,4294754304
200,1724133976066,999,900,1200,1200,1100,800,800,4521,875,880,800,800,1000,873,800,878,800,898,860,872,882,800,886,800,896,860,800,800,800,800,900,800,0,0,35,0,0,0,0,0,0,0,0,0,0,0,0,0,0,0,0,0,0,0,0,0,0,0,0,0,0,0,33.333335876464844,0,0,672.551513671875,56310.60778808594,0,67221336064,8589930496,66925645824,4388601856
200,1724133976266,999,900,1200,1200,1100,800,800,4521,875,880,800,800,1000,873,800,878,800,898,860,872,882,800,886,800,896,860,800,800,800,800,900,800,0,0,0,0,0,0,0,0,0,0,0,0,0,0,0,0,0,0,0,0,0,0,0,0,0,0,0,0,0,0,38.88888931274414,0,0,678.2872924804688,56314.58093261719,0,67221336064,8589930496,66953654272,4355571712
200,1724133976466,999,900,1200,1200,1100,800,800,4521,875,880,800,800,1000,873,800,878,800,898,860,872,882,800,886,800,896,860,800,800,800,800,900,800,0,0,0,0,0,0,0,0,0,0,0,0,0,0,0,0,0,0,0,0,0,0,0,0,0,0,0,0,0,0,42.85714340209961,0,0,683.2987670898438,56317.868225097656,0,67221336064,8589930496,67002200064,4309958656
200,1724133976666,999,900,1200,1200,1100,800,800,4521,875,880,800,800,1000,873,800,878,800,898,860,872,882,800,886,800,896,860,800,800,800,800,900,800,0,0,0,0,4.761904716491699,0,0,0,0,0,0,0,0,0,0,0,0,0,0,0,0,0,0,0,0,0,0,0,0,0,36.842105865478516,0,0,686.739990234375,56319.567932128906,0,67221336064,8589930496,67043733504,4294754304
200,1724133976866,999,900,1200,1200,1100,800,800,4521,875,880,800,800,1000,873,800,878,800,898,860,872,882,800,886,800,896,860,800,800,800,800,900,800,0,0,0,0,0,0,0,0,0,0,0,0,0,0,0,0,0,0,0,0,0,0,0,0,0,0,0,0,0,0,42.105262756347656,0,0,689.6795043945313,56320.767517089844,0,67221336064,8589930496,67085004800,4294754304
200,1724133977066,999,900,1200,1200,1100,800,800,4521,875,880,800,800,1000,873,800,878,800,898,860,872,882,800,886,800,896,860,800,800,800,800,900,800,0,0,52.38095474243164,0,0,0,0,0,0,0,0,0,0,0,0,0,0,0,0,0,0,0,0,0,0,0,0,0,0,0,15.000000953674316,0,0,695.33740234375,56324.66766357422,0,67221336064,8589930496,66953019392,4367368192
200,1724133977267,999,900,1200,1200,1100,800,800,4521,875,880,800,800,1000,873,800,878,800,898,860,872,882,800,886,800,896,860,800,800,800,800,900,800,0,0,38.88888931274414,0,0,0,0,0,0,0,0,0,0,0,0,0,0,0,0,0,0,0,0,0,0,0,0,0,0,0,0,0,0,699.5054931640625,56327.09387207031,0,67221336064,8589930496,66994307072,4323065856
200,1724133977467,999,900,1200,1200,1100,800,800,4521,875,880,800,800,1000,873,800,878,800,898,860,872,882,800,886,800,896,860,800,800,800,800,900,800,0,0,33.333335876464844,0,0,0,0,0,0,0,0,0,0,0,0,0,0,0,0,0,0,0,0,0,0,0,0,0,0,0,0,0,0,704.1691284179688,56330.014892578125,0,67221336064,8589930496,67043835904,4294754304
200,1724133977667,999,900,1200,1200,1100,800,800,4521,875,880,800,800,1000,873,800,878,800,898,860,872,882,800,886,800,896,860,800,800,800,800,900,800,0,0,45,0,0,0,0,0,0,0,0,0,0,0,0,0,0,0,0,0,0,0,0,0,0,0,0,0,0,0,0,0,0,707.2753295898438,56331.370666503906,0,67221336064,8589930496,67085123584,4294754304
200,1724133977867,999,900,1200,1200,1100,800,800,4521,875,880,800,800,1000,873,800,878,800,898,860,872,882,800,886,800,896,860,800,800,800,800,900,800,0,0,35,0,0,0,0,0,0,0,0,0,0,0,0,0,0,0,0,0,0,0,0,0,0,0,0,0,0,0,26.3157901763916,0,0,712.3645629882813,56334.69952392578,0,67221336064,8589930496,66923102208,4454662144
199,1724133978067,999,900,1200,1200,1100,800,800,4521,875,880,800,800,1000,873,800,878,800,898,860,872,882,800,886,800,896,860,800,800,800,800,900,800,0,0,0,0,0,0,0,0,0,0,0,0,0,0,0,0,0,0,0,0,0,0,0,0,0,0,0,0,0,0,36.842105865478516,0,0,715.3126220703125,56335.90692138672,0,67221336064,8589930496,66974834688,4407476224
200,1724133978267,999,900,1200,1200,1100,800,800,4521,875,880,800,800,1000,873,800,878,800,898,860,872,882,800,886,800,896,860,800,800,800,800,900,800,0,0,0,0,0,0,0,0,0,0,0,0,0,0,0,0,0,0,0,0,0,0,0,0,0,0,0,0,0,0,36.842105865478516,0,0,720.281494140625,56339.134704589844,0,67221336064,8589930496,67027709952,4352950272
200,1724133978467,999,900,1200,1200,1100,800,800,4521,875,880,800,800,1000,873,800,878,800,898,860,872,882,800,886,800,896,860,800,800,800,800,900,800,0,0,0,0,0,0,0,0,0,0,0,0,0,0,0,0,0,0,0,0,0,0,0,0,0,0,0,0,0,0,4.761904716491699,33.333335876464844,0,724.9055786132813,56342.010803222656,0,67221336064,8589930496,67084931072,4294754304
200,1724133978667,999,900,1200,1200,1100,800,800,4521,875,880,800,800,1000,873,800,878,800,898,860,872,882,800,886,800,896,860,800,800,800,800,900,800,0,0,25,0,0,0,0,0,0,0,0,0,0,0,0,0,0,0,0,0,0,0,0,0,0,0,0,0,0,0,0,33.333335876464844,0,730.70703125,56346.043701171875,0,67221336064,8589930496,66955051008,4368154624
200,1724133978868,999,900,1200,1200,1100,800,800,4521,875,880,800,800,1000,873,800,878,800,898,860,872,882,800,886,800,896,860,800,800,800,800,900,800,0,0,0,0,0,0,0,0,0,0,0,0,0,0,0,0,0,0,0,0,0,0,0,0,0,0,0,0,0,0,0,45,0,734.2962646484375,56347.88562011719,0,67221336064,8589930496,67021070336,4304191488
200,1724133979068,999,900,1200,1200,1100,800,800,4521,875,880,800,800,1000,873,800,878,800,898,860,872,882,800,886,800,896,860,800,800,800,800,900,800,0,0,5,0,0,0,0,0,0,0,0,0,0,0,0,0,0,0,0,0,0,0,0,0,0,0,0,0,0,0,0,42.105262756347656,0,738.3095703125,56350.14599609375,0,67221336064,8589930496,67060027392,4320706560
199,1724133979268,999,900,1200,1200,1100,800,800,4521,875,880,800,800,1000,873,800,878,800,898,860,872,882,800,886,800,896,860,800,800,800,800,900,800,0,0,25,0,0,0,0,0,0,0,0,0,0,0,0,0,0,0,0,0,0,0,0,0,0,0,0,0,0,0,0,27.77777862548828,0,743.6959838867188,56353.764221191406,0,67221336064,8589930496,66938257408,4443652096
199,1724133979468,999,900,1200,1200,1100,800,800,4521,875,880,800,800,1000,873,800,878,800,898,860,872,882,800,886,800,896,860,800,800,800,800,900,800,0,0,0,0,0,0,0,0,0,0,0,0,0,0,0,0,0,0,0,0,0,0,0,0,0,0,0,0,0,0,0,23.52941131591797,0,745.664306640625,56354.05383300781,0,67221336064,8589930496,66954772480,4429234176
199,1724133979668,999,900,1200,1200,1100,800,800,4521,875,880,800,800,1000,873,800,878,800,898,860,872,882,800,886,800,896,860,800,800,800,800,900,800,0,0,0,0,0,0,0,0,0,0,0,0,0,0,0,0,0,0,0,0,0,0,0,0,0,0,0,0,0,0,0,36.842105865478516,0,747.6238403320313,56354.33154296875,0,67221336064,8589930496,66971287552,4414554112
199,1724133979868,999,900,1200,1200,1100,800,800,4521,875,880,800,800,1000,873,800,878,800,898,860,872,882,800,886,800,896,860,800,800,800,800,900,800,0,0,0,0,0,0,0,0,0,0,0,0,0,0,0,0,0,0,0,0,0,0,0,0,0,0,0,0,0,0,0,27.77777862548828,0,749.579345703125,56354.60461425781,0,67221336064,8589930496,66980577280,4399874048
199,1724133980069,999,900,1200,1200,1100,800,800,4521,875,880,800,800,1000,873,800,878,800,898,860,872,882,800,886,800,896,860,800,800,800,800,900,800,0,0,0,0,0,0,0,0,0,0,0,0,0,0,0,0,0,0,0,0,0,0,0,0,0,0,0,0,0,0,0,31.57894515991211,0,751.5427856445313,56354.88781738281,0,67221336064,8589930496,66997092352,4385456128
199,1724133980269,999,900,1200,1200,1100,800,800,4521,875,880,800,800,1000,873,800,878,800,898,860,872,882,800,886,800,896,860,800,800,800,800,900,800,0,0,0,0,0,0,0,0,0,0,0,0,0,0,0,0,0,0,0,0,0,0,0,0,0,0,0,0,0,0,0,36.842105865478516,0,753.5006103515625,56355.154724121094,0,67221336064,8589930496,67013214208,4370776064
199,1724133980469,999,900,1200,1200,1100,800,800,4521,875,880,800,800,1000,873,800,878,800,898,860,872,882,800,886,800,896,860,800,800,800,800,900,800,0,0,0,0,4.761904716491699,0,0,0,0,0,0,0,0,0,0,0,0,0,0,0,0,0,0,0,0,0,0,0,0,0,0,26.3157901763916,0,755.445068359375,56355.421447753906,0,67221336064,8589930496,67029729280,4356096000
199,1724133980669,999,900,1200,1200,1100,800,800,4521,875,880,800,800,1000,873,800,878,800,898,860,872,882,800,886,800,896,860,800,800,800,800,900,800,0,0,35,0,4.761904716491699,0,0,0,0,0,0,0,0,0,0,0,0,0,0,0,0,0,0,0,0,0,0,0,0,0,0,0,0,757.39599609375,56355.69323730469,0,67221336064,8589930496,67044892672,4341415936
199,1724133980869,999,900,1200,1200,1100,800,800,4521,875,880,800,800,1000,873,800,878,800,898,860,872,882,800,886,800,896,860,800,800,800,800,900,800,0,0,29.411766052246094,0,0,0,0,0,0,0,0,0,0,0,0,0,0,0,0,0,0,0,0,0,0,0,0,0,0,0,0,0,0,759.3486328125,56355.964111328125,0,67221336064,8589930496,67059949568,4326735872
199,1724133981069,999,900,1200,1200,1100,800,800,4521,875,880,800,800,1000,873,800,878,800,898,860,872,882,800,886,800,896,860,800,800,800,800,900,800,0,0,23.52941131591797,0,0,0,0,0,0,0,0,0,0,0,0,0,0,0,0,0,0,0,0,0,0,0,0,0,0,0,0,0,0,761.314453125,56356.23974609375,0,67221336064,8589930496,67075264512,4312055808
199,1724133981269,999,900,1200,1200,1100,800,800,4521,875,880,800,800,1000,873,800,878,800,898,860,872,882,800,886,800,896,860,800,800,800,800,900,800,0,0,23.52941131591797,0,0,0,0,0,0,0,0,0,0,0,0,0,0,0,0,0,0,0,0,0,0,0,0,0,0,0,0,0,0,764.791015625,56358.02606201172,0,67221336064,8589930496,66956742656,4401184768
199,1724133981470,999,900,1200,1200,1100,800,800,4521,875,880,800,800,1000,873,800,878,800,898,860,872,882,800,886,800,896,860,800,800,800,800,900,800,0,0,36.11111068725586,0,0,0,0,0,0,0,0,0,0,0,0,0,0,0,0,0,0,0,0,0,0,0,0,0,0,0,0,2.5641026496887207,0,766.7634887695313,56358.307067871094,0,67221336064,8589930496,66981429248,4385980416
199,1724133981670,999,900,1200,1200,1100,800,800,4521,875,880,800,800,1000,873,800,878,800,898,860,872,882,800,886,800,896,860,800,800,800,800,900,800,0,0,23.52941131591797,0,0,0,0,0,0,0,0,0,0,0,0,0,0,0,0,0,0,0,0,0,0,0,0,0,0,0,0,0,0,768.7103881835938,56358.57141113281,0,67221336064,8589930496,66997944320,4369989632
199,1724133981870,999,900,1200,1200,1100,800,800,4521,875,880,800,800,1000,873,800,878,800,898,860,872,882,800,886,800,896,860,800,800,800,800,900,800,0,0,22.22222328186035,0,0,0,0,0,0,0,0,0,0,0,0,0,0,0,0,0,0,0,0,0,0,0,0,0,0,0,0,0,0,770.6581420898438,56358.84326171875,0,67221336064,8589930496,67014459392,4353736704
199,1724133982070,999,900,1200,1200,1100,800,800,4521,875,880,800,800,1000,873,800,878,800,898,860,872,882,800,886,800,896,860,800,800,800,800,900,800,0,0,26.3157901763916,0,0,0,0,0,0,0,0,0,0,0,0,0,0,0,0,0,0,0,0,0,0,0,0,0,0,0,0,10,0,772.6324462890625,56359.126220703125,0,67221336064,8589930496,67030974464,4335124480
200,1724133982270,999,900,1200,1200,1100,800,800,4521,875,880,800,800,1000,873,800,878,800,898,860,872,882,800,886,800,896,860,800,800,800,800,900,800,0,0,26.3157901763916,0,0,0,0,0,0,0,0,0,0,0,0,0,0,0,0,0,0,0,0,0,0,0,0,0,0,0,0,10,0,778.1190795898438,56362.68359375,0,67221336064,8589930496,67038986240,4321492992
200,1724133982470,999,900,1200,1200,1100,800,800,4521,875,880,800,800,1000,873,800,878,800,898,860,872,882,800,886,800,896,860,800,800,800,800,900,800,0,0,87.17948913574219,0,0,0,0,0,0,0,0,0,0,0,0,0,0,0,0,0,0,0,0,0,0,0,0,0,0,0,0,0,0,787.8202514648438,56370.169860839844,0,67221336064,8589930496,67038642176,4321492992
200,1724133982670,999,900,1200,1200,1100,800,800,4521,875,880,800,800,1000,873,800,878,800,898,860,872,882,800,886,800,896,860,800,800,800,800,900,800,0,0,100,0,0,0,0,0,0,0,0,0,0,0,0,0,0,0,0,0,0,0,0,0,0,0,0,0,0,0,0,0,0,796.6815185546875,56376.971923828125,0,67221336064,8589930496,67038642176,4321492992
199,1724133982870,999,900,1200,1200,1100,800,800,4521,875,880,800,800,1000,873,800,878,800,898,860,872,882,800,886,800,896,860,800,800,800,800,900,800,0,5,100,0,0,0,0,0,0,0,0,0,0,0,0,0,0,0,0,0,0,0,0,0,0,0,0,0,0,0,0,0,0,805.5696411132813,56383.768493652344,0,67221336064,8589930496,67038539776,4321492992
200,1724133983070,999,900,1200,1200,1100,800,800,4521,875,880,800,800,1000,873,800,878,800,898,860,872,882,800,886,800,896,860,800,800,800,800,900,800,0,0,0,0,0,0,0,0,0,0,0,0,0,0,0,0,0,0,0,0,0,0,0,0,0,0,0,0,0,0,100,0,0,813.8079833984375,56390.06823730469,0,67221336064,8589930496,67038539776,4321492992
200,1724133983270,999,900,1200,1200,1100,800,800,4521,875,880,800,800,1000,873,800,878,800,898,860,872,882,800,886,800,896,860,800,800,800,800,900,800,0,0,0,0,0,0,0,0,0,0,0,0,0,0,0,0,0,0,0,0,0,0,0,0,0,0,0,0,0,0,100,0,0,821.9985961914063,56396.29315185547,0,67221336064,8589930496,67038539776,4321492992
200,1724133983470,999,900,1200,1200,1100,800,800,4521,875,880,800,800,1000,873,800,878,800,898,860,872,882,800,886,800,896,860,800,800,800,800,900,800,0,0,0,0,0,0,0,0,0,0,0,0,0,0,0,0,0,0,0,0,0,0,0,0,0,0,0,0,0,0,100,0,0,830.7269287109375,56402.966369628906,0,67221336064,8589930496,67038539776,4321492992
200,1724133983671,999,900,1200,1200,1100,800,800,4521,875,880,800,800,1000,873,800,878,800,898,860,872,882,800,886,800,896,860,800,800,800,800,900,800,0,0,0,0,0,0,0,0,0,0,0,0,0,0,0,0,0,0,0,0,0,0,0,0,0,0,0,0,0,0,100,0,0,839.6547241210938,56409.80798339844,0,67221336064,8589930496,67038539776,4321492992
200,1724133983871,999,900,1200,1200,1100,800,800,4521,875,880,800,800,1000,873,800,878,800,898,860,872,882,800,886,800,896,860,800,800,800,800,900,800,0,0,0,0,0,0,0,0,0,0,0,0,0,0,0,0,0,0,0,0,0,0,0,0,0,0,0,0,0,0,100,0,0,847.7313232421875,56416.044189453125,0,67221336064,8589930496,67038539776,4321492992
200,1724133984071,999,900,1200,1200,1100,800,800,4521,875,880,800,800,1000,873,800,878,800,898,860,872,882,800,886,800,896,860,800,800,800,800,900,800,0,0,0,0,0,0,0,0,0,0,0,0,0,0,0,0,0,0,0,0,0,0,0,0,0,0,0,0,0,0,100,0,0,855.38916015625,56421.92810058594,0,67221336064,8589930496,67038289920,4321492992
200,1724133984271,999,900,1200,1200,1100,800,800,4521,875,880,800,800,1000,873,800,878,800,898,860,872,882,800,886,800,896,860,800,800,800,800,900,800,0,0,0,0,0,0,0,0,0,0,0,0,0,0,0,0,0,0,0,0,0,0,0,0,0,0,0,0,0,0,100,0,0,864.443603515625,56428.90350341797,0,67221336064,8589930496,67038289920,4321492992
200,1724133984471,999,900,1200,1200,1100,800,800,4521,875,880,800,800,1000,873,800,878,800,898,860,872,882,800,886,800,896,860,800,800,800,800,900,800,0,0,0,0,0,0,0,0,0,0,0,0,0,0,0,0,0,0,0,0,0,0,0,0,0,0,0,0,0,0,90.47618865966797,0,0,873.2152709960938,56435.70849609375,0,67221336064,8589930496,67039268864,4317822976
200,1724133984671,999,900,1200,1200,1100,800,800,4521,875,880,800,800,1000,873,800,878,800,898,860,872,882,800,886,800,896,860,800,800,800,800,900,800,0,0,0,0,0,0,0,0,0,0,0,0,0,0,0,0,0,0,0,0,0,0,0,0,0,0,0,0,0,0,84.21052551269531,0,0,881.2057495117188,56441.76501464844,0,67221336064,8589930496,67045462016,4315201536
199,1724133984871,999,900,1200,1200,1100,800,800,4521,875,880,800,800,1000,873,800,878,800,898,860,872,882,800,886,800,896,860,800,800,800,800,900,800,0,0,0,0,0,0,0,0,0,0,0,0,0,0,0,0,0,0,0,0,0,0,0,0,0,0,0,0,0,0,63.15789031982422,0,0,887.4312744140625,56446.1064453125,0,67221336064,8589930496,67053719552,4308910080
199,1724133985072,999,900,1200,1200,1100,800,800,4521,875,880,800,800,1000,873,800,878,800,898,860,872,882,800,886,800,896,860,800,800,800,800,900,800,0,0,0,0,0,0,0,0,0,0,0,0,0,0,0,0,0,0,0,0,0,0,0,0,0,0,0,0,0,0,9.523809432983398,12.5,0,889.39208984375,56446.388671875,0,67221336064,8589930496,67061977088,4297375744
199,1724133985272,999,900,1200,1200,1100,800,800,4521,875,880,800,800,1000,873,800,878,800,898,860,872,882,800,886,800,896,860,800,800,800,800,900,800,0,0,0,0,0,0,0,0,0,0,0,0,0,0,0,0,0,0,0,0,0,0,0,0,0,0,0,0,0,0,0,31.57894515991211,0,891.3583374023438,56446.670654296875,0,67221336064,8589930496,67078205440,4294754304
200,1724133985472,999,900,1200,1200,1100,800,800,4521,875,880,800,800,1000,873,800,878,800,898,860,872,882,800,886,800,896,860,800,800,800,800,900,800,0,0,0,0,0,0,0,0,0,0,0,0,0,0,0,0,0,0,0,0,0,0,0,0,0,0,0,0,0,0,0,31.57894515991211,0,895.7816162109375,56449.375915527344,0,67221336064,8589930496,66912591872,4461740032
200,1724133985672,999,900,1200,1200,1100,800,800,4521,875,880,800,800,1000,873,800,878,800,898,860,872,882,800,886,800,896,860,800,800,800,800,900,800,2.5,0,0,0,10,0,0,0,0,0,0,0,0,0,0,0,0,0,0,0,0,0,0,0,0,0,0,0,0,0,5.128205299377441,60.000003814697266,0,903.6427612304688,56455.28582763672,0,67221336064,8589930496,66912591872,4460167168
199,1724133985872,999,900,1200,1200,1100,800,800,4521,875,880,800,800,1000,873,800,878,800,898,860,872,882,800,886,800,896,860,800,800,800,800,900,800,0,0,0,4.761904716491699,0,0,0,0,0,0,0,0,0,0,0,0,0,0,0,0,0,0,0,0,0,0,0,0,0,0,0,52.6315803527832,0,908.7843627929688,56458.61553955078,0,67221336064,8589930496,66920837120,4452040704
199,1724133986072,999,900,1200,1200,1100,800,800,4521,875,880,800,800,1000,873,800,878,800,898,860,872,882,800,886,800,896,860,800,800,800,800,900,800,0,0,0,0,0,0,0,0,0,0,0,0,0,0,0,0,0,0,0,0,0,0,0,0,0,0,0,0,0,0,0,26.3157901763916,0,910.7362670898438,56458.88928222656,0,67221336064,8589930496,66936360960,4440244224
199,1724133986272,999,900,1200,1200,1100,800,800,4521,875,880,800,800,1000,873,800,878,800,898,860,872,882,800,886,800,896,860,800,800,800,800,900,800,0,0,0,0,0,0,0,0,0,0,0,0,0,0,0,0,0,0,0,0,0,0,0,0,0,0,0,0,0,0,0,22.22222328186035,0,912.6836547851563,56459.153869628906,0,67221336064,8589930496,66944864256,4428447744
199,1724133986473,999,900,1200,1200,1100,800,800,4521,875,880,800,800,1000,873,800,878,800,898,860,872,882,800,886,800,896,860,800,800,800,800,900,800,0,0,0,0,0,0,0,0,0,0,0,0,0,0,0,0,0,0,0,0,0,0,0,0,0,0,0,0,0,0,0,17.647058486938477,0,914.62548828125,56459.406677246094,0,67221336064,8589930496,66961379328,4416389120
199,1724133986673,999,900,1200,1200,1100,800,800,4521,875,880,800,800,1000,873,800,878,800,898,860,872,882,800,886,800,896,860,800,800,800,800,900,800,0,0,0,0,0,0,0,0,0,0,0,0,0,0,0,0,0,0,0,0,0,0,0,0,0,0,0,0,0,0,0,17.647058486938477,0,916.5701904296875,56459.66943359375,0,67221336064,8589930496,66969636864,4404330496
199,1724133986873,999,900,1200,1200,1100,800,800,4521,875,880,800,800,1000,873,800,878,800,898,860,872,882,800,886,800,896,860,800,800,800,800,900,800,0,0,0,0,0,0,0,0,0,0,0,0,0,0,0,0,0,0,0,0,0,0,0,0,0,0,0,0,0,0,0,22.22222328186035,0,918.4978637695313,56459.91711425781,0,67221336064,8589930496,66977894400,4392271872
199,1724133987073,999,900,1200,1200,1100,800,800,4521,875,880,800,800,1000,873,800,878,800,898,860,872,882,800,886,800,896,860,800,800,800,800,900,800,0,0,0,0,4.761904716491699,0,0,0,0,0,0,0,0,0,0,0,0,0,0,0,0,0,0,0,0,0,0,0,0,0,0,22.22222328186035,0,920.4495239257813,56460.188049316406,0,67221336064,8589930496,66995646464,4380475392
199,1724133987273,999,900,1200,1200,1100,800,800,4521,875,880,800,800,1000,873,800,878,800,898,860,872,882,800,886,800,896,860,800,800,800,800,900,800,0,0,0,0,0,0,0,0,0,0,0,0,0,0,0,0,0,0,0,0,0,0,0,0,0,0,0,0,0,0,0,18.75,0,922.4044799804688,56460.453186035156,0,67221336064,8589930496,67003703296,4368678912
199,1724133987473,999,900,1200,1200,1100,800,800,4521,875,880,800,800,1000,873,800,878,800,898,860,872,882,800,886,800,896,860,800,800,800,800,900,800,0,0,0,0,0,0,0,0,0,0,0,0,0,0,0,0,0,0,0,0,0,0,0,0,0,0,0,0,0,0,15.789472579956055,5.263157844543457,0,924.349365234375,56460.71533203125,0,67221336064,8589930496,67019960320,4356620288
200,1724133987673,999,900,1200,1200,1100,800,800,4521,875,880,800,800,1000,873,800,878,800,898,860,872,882,800,886,800,896,860,800,800,800,800,900,800,0,0,0,0,0,0,0,0,0,0,0,0,0,0,0,0,0,0,0,0,0,0,0,0,0,0,0,0,0,0,15.789472579956055,5.263157844543457,0,929.4429321289063,56463.992736816406,0,67221336064,8589930496,67029250048,4351639552
200,1724133987873,999,900,1200,1200,1100,800,800,4521,875,880,800,800,1000,873,800,878,800,898,860,872,882,800,886,800,896,860,800,800,800,800,900,800,0,0,0,0,0,0,0,0,0,0,0,0,0,0,0,0,0,0,0,0,0,0,0,0,0,0,0,0,0,0,85,0,0,937.6763916015625,56470.29864501953,0,67221336064,8589930496,67029250048,4350853120
200,1724133988073,999,900,1200,1200,1100,800,800,4521,875,880,800,800,1000,873,800,878,800,898,860,872,882,800,886,800,896,860,800,800,800,800,900,800,0,0,0,0,0,0,0,0,0,0,0,0,0,0,0,0,0,0,0,0,0,0,0,0,0,0,0,0,4.761904716491699,0,90,0,0,945.771484375,56476.472229003906,0,67221336064,8589930496,67030253568,4347969536
200,1724133988274,999,900,1200,1200,1100,800,800,4521,875,880,800,800,1000,873,800,878,800,898,860,872,882,800,886,800,896,860,800,800,800,800,900,800,0,0,0,0,0,0,0,0,0,0,0,0,0,0,0,0,0,0,0,0,0,0,0,0,0,0,0,0,0,0,26.3157901763916,0,0,948.797119140625,56477.782775878906,0,67221336064,8589930496,67046768640,4334338048
199,1724133988474,999,900,1200,1200,1100,800,800,4521,875,880,800,800,1000,873,800,878,800,898,860,872,882,800,886,800,896,860,800,800,800,800,900,800,0,0,0,0,0,0,0,0,0,0,0,0,0,0,0,0,0,0,0,0,0,0,0,0,0,0,0,0,0,0,0,22.22222328186035,0,950.7445678710938,56478.05261230469,0,67221336064,8589930496,67054850048,4321230848
199,1724133988674,999,900,1200,1200,1100,800,800,4521,875,880,800,800,1000,873,800,878,800,898,860,872,882,800,886,800,896,860,800,800,800,800,900,800,0,0,0,0,0,0,0,0,0,0,0,0,0,0,0,0,0,0,0,0,0,0,0,0,0,0,0,0,0,0,0,22.22222328186035,0,952.6962280273438,56478.321838378906,0,67221336064,8589930496,67071365120,4307861504
200,1724133988874,999,900,1200,1200,1100,800,800,4521,875,880,800,800,1000,873,800,878,800,898,860,872,882,800,886,800,896,860,800,800,800,800,900,800,0,0,0,0,0,0,0,0,0,0,0,0,0,0,0,0,0,0,0,0,0,0,0,0,0,0,0,0,0,0,0,22.22222328186035,0,954.6561889648438,56478.59991455078,0,67221336064,8589930496,67075751936,4304191488
199,1724133989074,999,900,1200,1200,1100,800,800,4521,875,880,800,800,1000,873,800,878,800,898,860,872,882,800,886,800,896,860,800,800,800,800,900,800,2.5,0,0,0,0,0,2.5,0,0,0,0,0,0,5,0,0,0,0,0,0,0,0,0,0,0,0,0,0,0,0,2.5641026496887207,16.666667938232422,0,957.59765625,56479.83935546875,0,67221336064,8589930496,66984439808,4377853952
199,1724133989274,999,900,1200,1200,1100,800,800,4521,875,880,800,800,1000,873,800,878,800,898,860,872,882,800,886,800,896,860,800,800,800,800,900,800,0,0,0,0,0,0,0,0,0,0,0,0,0,0,0,0,0,0,0,0,0,0,0,0,0,0,0,0,0,0,0,22.22222328186035,0,959.5440063476563,56480.10388183594,0,67221336064,8589930496,67000954880,4364746752
199,1724133989475,999,900,1200,1200,1100,800,800,4521,875,880,800,800,1000,873,800,878,800,898,860,872,882,800,886,800,896,860,800,800,800,800,900,800,0,0,0,0,0,0,0,0,0,0,0,0,0,0,0,0,0,0,0,0,0,0,0,0,0,0,0,0,0,0,0,26.3157901763916,0,961.4883422851563,56480.359313964844,0,67221336064,8589930496,67008618496,4351639552
199,1724133989675,999,900,1200,1200,1100,800,800,4521,875,880,800,800,1000,873,800,878,800,898,860,872,882,800,886,800,896,860,800,800,800,800,900,800,0,0,0,0,4.761904716491699,0,0,0,0,0,0,0,0,0,0,0,0,0,0,0,0,0,0,0,0,0,0,0,0,0,0,22.22222328186035,0,963.4269409179688,56480.62188720703,0,67221336064,8589930496,67025379328,4338794496
199,1724133989875,999,900,1200,1200,1100,800,800,4521,875,880,800,800,1000,873,800,878,800,898,860,872,882,800,886,800,896,860,800,800,800,800,900,800,4.761904716491699,0,0,0,0,0,0,0,0,0,0,0,0,0,0,0,0,0,0,0,0,0,0,0,0,0,0,0,0,0,0,17.647058486938477,0,965.3709106445313,56480.885009765625,0,67221336064,8589930496,67033632768,4325687296
199,1724133990075,999,900,1200,1200,1100,800,800,4521,875,880,800,800,1000,873,800,878,800,898,860,872,882,800,886,800,896,860,800,800,800,800,900,800,0,0,0,0,0,0,22.22222328186035,0,0,0,0,0,0,0,0,0,0,0,0,0,0,0,0,0,0,0,0,0,0,0,0,0,0,967.3134155273438,56481.14874267578,0,67221336064,8589930496,67049332736,4312580096
199,1724133990275,999,900,1200,1200,1100,800,800,4521,875,880,800,800,1000,873,800,878,800,898,860,872,882,800,886,800,896,860,800,800,800,800,900,800,0,0,0,0,0,0,17.647058486938477,0,0,0,0,0,0,0,0,0,0,0,0,0,0,0,0,0,0,0,0,0,0,0,0,0,0,969.2618408203125,56481.41583251953,0,67221336064,8589930496,67072475136,4299735040
199,1724133990475,999,900,1200,1200,1100,800,800,4521,875,880,800,800,1000,873,800,878,800,898,860,872,882,800,886,800,896,860,800,800,800,800,900,800,4.761904716491699,0,0,0,0,0,0,0,0,0,0,0,0,0,0,0,0,0,0,0,0,0,0,0,0,0,0,0,0,0,0,16.666667938232422,0,971.2055053710938,56481.68005371094,0,67221336064,8589930496,67080667136,4294754304
199,1724133990675,999,900,1200,1200,1100,800,800,4521,875,880,800,800,1000,873,800,878,800,898,860,872,882,800,886,800,896,860,800,800,800,800,900,800,0,0,25,0,0,0,0,0,0,0,0,0,0,0,0,0,0,0,0,0,0,0,0,0,0,0,0,0,0,0,0,21.052631378173828,0,975.1099853515625,56483.869079589844,0,67221336064,8589930496,66957520896,4425302016
199,1724133990875,999,900,1200,1200,1100,800,800,4521,875,880,800,800,1000,873,800,878,800,898,860,872,882,800,886,800,896,860,800,800,800,800,900,800,0,0,0,0,0,0,0,0,0,0,0,0,0,0,0,0,0,0,0,0,0,0,0,0,0,0,0,0,0,0,0,22.22222328186035,0,977.0399780273438,56484.127014160156,0,67221336064,8589930496,66965778432,4412456960
199,1724133991076,999,900,1200,1200,1100,800,800,4521,875,880,800,800,1000,873,800,878,800,898,860,872,882,800,886,800,896,860,800,800,800,800,900,800,0,0,0,0,0,0,0,0,0,0,0,0,0,0,0,0,0,0,0,0,0,0,0,0,0,0,0,0,0,0,0,30.000001907348633,0,978.9759521484375,56484.38464355469,0,67221336064,8589930496,66982051840,4399611904
199,1724133991276,999,900,1200,1200,1100,800,800,4521,875,880,800,800,1000,873,800,878,800,898,860,872,882,800,886,800,896,860,800,800,800,800,900,800,0,0,0,0,0,0,15.789472579956055,0,0,0,0,0,0,0,0,0,0,0,0,0,0,0,0,0,0,0,0,0,0,0,0,5.263157844543457,0,980.9195556640625,56484.64074707031,0,67221336064,8589930496,66990125056,4387291136
199,1724133991476,999,900,1200,1200,1100,800,800,4521,875,880,800,800,1000,873,800,878,800,898,860,872,882,800,886,800,896,860,800,800,800,800,900,800,0,0,0,0,0,0,17.647058486938477,0,0,0,0,0,0,0,0,0,0,0,0,0,0,0,0,0,0,0,0,0,0,0,0,0,0,982.8507080078125,56484.89044189453,0,67221336064,8589930496,66998382592,4374708224
199,1724133991676,999,900,1200,1200,1100,800,800,4521,875,880,800,800,1000,873,800,878,800,898,860,872,882,800,886,800,896,860,800,800,800,800,900,800,0,0,0,0,4.761904716491699,0,21.052631378173828,0,0,0,0,0,0,0,0,0,0,0,0,0,0,0,0,0,0,0,0,0,0,0,0,5,0,984.7930908203125,56485.15411376953,0,67221336064,8589930496,67014897664,4361601024
199,1724133991876,999,900,1200,1200,1100,800,800,4521,875,880,800,800,1000,873,800,878,800,898,860,872,882,800,886,800,896,860,800,800,800,800,900,800,0,0,0,0,0,0,0,0,0,0,0,0,0,0,0,0,0,0,0,0,0,0,0,0,0,0,0,0,0,0,0,22.22222328186035,0,986.718017578125,56485.40106201172,0,67221336064,8589930496,67031412736,4348755968
199,1724133992076,999,900,1200,1200,1100,800,800,4521,875,880,800,800,1000,873,800,878,800,898,860,872,882,800,886,800,896,860,800,800,800,800,900,800,0,0,0,0,0,0,16.666667938232422,0,0,0,0,0,0,0,0,0,0,0,0,0,0,0,0,0,0,0,0,0,0,0,0,5,0,988.6661376953125,56485.66552734375,0,67221336064,8589930496,67039670272,4336435200
199,1724133992276,999,900,1200,1200,1100,800,800,4521,875,880,800,800,1000,873,800,878,800,898,860,872,882,800,886,800,896,860,800,800,800,800,900,800,0,0,0,0,0,0,22.22222328186035,0,0,0,0,0,0,0,0,0,0,0,0,0,0,0,0,0,0,0,0,0,0,0,0,0,0,990.6043090820313,56485.915283203125,0,67221336064,8589930496,67047927808,4324114432
199,1724133992477,999,900,1200,1200,1100,800,800,4521,875,880,800,800,1000,873,800,878,800,898,860,872,882,800,886,800,896,860,800,800,800,800,900,800,0,0,0,0,0,0,22.22222328186035,0,0,0,0,0,0,0,0,0,0,0,0,0,0,0,0,0,0,0,0,0,0,0,0,0,0,992.5315551757813,56486.16473388672,0,67221336064,8589930496,67064442880,4311531520
200,1724133992677,999,900,1200,1200,1100,800,800,4521,875,880,800,800,1000,873,800,878,800,898,860,872,882,800,886,800,896,860,800,800,800,800,900,800,0,0,0,0,0,0,22.22222328186035,0,0,0,0,0,0,0,0,0,0,0,0,0,0,0,0,0,0,0,0,0,0,0,0,0,0,996.887451171875,56488.71520996094,0,67221336064,8589930496,67064442880,4305764352
200,1724133992877,999,900,1200,1200,1100,800,800,4521,875,880,800,800,1000,873,800,878,800,898,860,872,882,800,886,800,896,860,800,800,800,800,900,800,0,0,0,0,0,0,17.5,0,0,0,0,0,0,0,0,0,0,0,0,0,0,0,0,0,0,0,0,0,0,0,56.09756088256836,0,0,1004.3465576171875,56494.275329589844,0,67221336064,8589930496,67072102400,4300783616
200,1724133993077,999,900,1200,1200,1100,800,800,4521,875,880,800,800,1000,873,800,878,800,898,860,872,882,800,886,800,896,860,800,800,800,800,900,800,0,0,0,0,0,0,0,0,0,0,0,0,0,0,0,0,0,0,0,0,0,0,0,0,0,0,0,0,0,0,94.73684692382813,0,0,1012.5203857421875,56500.402770996094,0,67221336064,8589930496,67072094208,4298686464
200,1724133993277,999,900,1200,1200,1100,800,800,4521,875,880,800,800,1000,873,800,878,800,898,860,872,882,800,886,800,896,860,800,800,800,800,900,800,0,0,0,0,0,0,0,0,0,0,0,0,0,0,0,0,0,0,0,0,0,0,0,0,0,0,0,0,0,0,95,0,0,1021.5912475585938,56507.40832519531,0,67221336064,8589930496,67072094208,4298424320
200,1724133993477,999,900,1200,1200,1100,800,800,4521,875,880,800,800,1000,873,800,878,800,898,860,872,882,800,886,800,896,860,800,800,800,800,900,800,0,0,15.000000953674316,0,0,0,0,0,0,0,0,0,0,0,0,0,0,0,0,0,0,0,0,0,0,0,0,0,0,0,40,0,0,1026.603515625,56510.619201660156,0,67221336064,8589930496,67015331840,4361863168
200,1724133993677,999,900,1200,1200,1100,800,800,4521,875,880,800,800,1000,873,800,878,800,898,860,872,882,800,886,800,896,860,800,800,800,800,900,800,0,0,10,0,0,0,0,0,0,0,0,0,0,0,0,0,0,0,0,0,0,0,0,0,0,0,0,0,0,0,0,17.647058486938477,0,1029.560302734375,56511.87890625,0,67221336064,8589930496,66977140736,4400398336
199,1724133993878,999,900,1200,1200,1100,800,800,4521,875,880,800,800,1000,873,800,878,800,898,860,872,882,800,886,800,896,860,800,800,800,800,900,800,0,0,0,0,0,0,0,0,0,0,0,0,0,0,0,0,0,0,0,0,0,0,0,0,0,0,0,0,0,0,0,18.75,0,1031.5352172851563,56512.16223144531,0,67221336064,8589930496,66985398272,4388864000
199,1724133994078,999,900,1200,1200,1100,800,800,4521,875,880,800,800,1000,873,800,878,800,898,860,872,882,800,886,800,896,860,800,800,800,800,900,800,0,0,0,0,0,0,0,0,0,0,0,0,0,0,0,0,0,0,0,0,0,0,0,0,0,0,0,0,0,0,0,27.77777862548828,0,1033.4935913085938,56512.435791015625,0,67221336064,8589930496,67001741312,4377591808
199,1724133994278,999,900,1200,1200,1100,800,800,4521,875,880,800,800,1000,873,800,878,800,898,860,872,882,800,886,800,896,860,800,800,800,800,900,800,0,0,0,0,4.761904716491699,0,0,0,0,0,0,0,0,0,0,0,0,0,0,0,0,0,0,0,0,0,0,0,0,0,0,22.22222328186035,0,1035.45361328125,56512.71270751953,0,67221336064,8589930496,67009998848,4366057472
199,1724133994478,999,900,1200,1200,1100,800,800,4521,875,880,800,800,1000,873,800,878,800,898,860,872,882,800,886,800,896,860,800,800,800,800,900,800,4.761904716491699,0,0,0,0,0,0,0,0,0,0,0,0,0,0,0,0,0,0,0,0,0,0,0,0,0,0,0,0,0,0,23.52941131591797,0,1037.398193359375,56512.97424316406,0,67221336064,8589930496,67018502144,4354785280
200,1724133994678,999,900,1200,1200,1100,800,800,4521,875,880,800,800,1000,873,800,878,800,898,860,872,882,800,886,800,896,860,800,800,800,800,900,800,4.761904716491699,0,0,0,0,0,0,0,0,0,0,0,0,0,0,0,0,0,0,0,0,0,0,0,0,0,0,0,0,0,0,23.52941131591797,0,1043.7839965820313,56517.43280029297,0,67221336064,8589930496,67030593536,4351377408
199,1724133994878,999,900,1200,1200,1100,800,800,4521,875,880,800,800,1000,873,800,878,800,898,860,872,882,800,886,800,896,860,800,800,800,800,900,800,0,0,0,0,0,0,0,0,0,0,0,0,0,0,0,0,0,0,0,0,0,0,0,0,0,0,0,0,0,0,0,66.66667175292969,0,1048.7449340820313,56520.61541748047,0,67221336064,8589930496,67038818304,4339056640
200,1724133995078,999,900,1200,1200,1100,800,800,4521,875,880,800,800,1000,873,800,878,800,898,860,872,882,800,886,800,896,860,800,800,800,800,900,800,0,0,0,0,0,0,0,0,0,0,0,0,0,0,0,0,0,0,0,0,0,0,0,0,0,0,0,0,0,0,0,66.66667175292969,0,1056.61669921875,56526.52282714844,0,67221336064,8589930496,67038818304,4337745920
200,1724133995278,999,900,1200,1200,1100,800,800,4521,875,880,800,800,1000,873,800,878,800,898,860,872,882,800,886,800,896,860,800,800,800,800,900,800,0,0,0,0,0,0,0,0,0,0,0,0,0,0,0,0,0,0,0,0,0,0,0,0,0,0,0,0,0,0,0,60.52631759643555,0,1059.5606079101563,56527.763732910156,0,67221336064,8589930496,67055333376,4324376576
199,1724133995479,999,900,1200,1200,1100,800,800,4521,875,880,800,800,1000,873,800,878,800,898,860,872,882,800,886,800,896,860,800,800,800,800,900,800,0,0,0,0,0,0,0,0,0,0,0,0,0,0,0,0,0,0,0,0,0,0,0,0,0,0,0,0,0,0,0,22.22222328186035,0,1061.5189208984375,56528.033752441406,0,67221336064,8589930496,67071848448,4311007232
199,1724133995679,999,900,1200,1200,1100,800,800,4521,875,880,800,800,1000,873,800,878,800,898,860,872,882,800,886,800,896,860,800,800,800,800,900,800,0,0,0,0,0,0,0,0,0,0,0,0,0,0,0,0,0,0,0,0,0,0,0,0,0,0,0,0,0,0,0,22.22222328186035,0,1063.4519653320313,56528.28741455078,0,67221336064,8589930496,67080105984,4298948608
199,1724133995879,999,900,1200,1200,1100,800,800,4521,875,880,800,800,1000,873,800,878,800,898,860,872,882,800,886,800,896,860,800,800,800,800,900,800,0,0,20,0,0,0,0,0,0,0,0,0,0,0,0,0,0,0,0,0,0,0,0,0,0,0,0,0,0,0,0,16.666667938232422,0,1066.991455078125,56530.11993408203,0,67221336064,8589930496,66994434048,4391485440
199,1724133996079,999,900,1200,1200,1100,800,800,4521,875,880,800,800,1000,873,800,878,800,898,860,872,882,800,886,800,896,860,800,800,800,800,900,800,0,0,0,4.761904716491699,0,0,0,0,0,0,0,0,0,0,0,0,0,0,0,0,0,0,0,0,0,0,0,0,0,0,22.22222328186035,0,0,1068.9467163085938,56530.39630126953,0,67221336064,8589930496,67006455808,4379426816
199,1724133996279,999,900,1200,1200,1100,800,800,4521,875,880,800,800,1000,873,800,878,800,898,860,872,882,800,886,800,896,860,800,800,800,800,900,800,0,0,0,0,0,0,0,0,0,0,0,0,0,0,0,0,0,0,0,0,0,0,0,0,0,0,0,0,0,0,17.647058486938477,0,0,1070.87890625,56530.65222167969,0,67221336064,8589930496,67014713344,4367368192
199,1724133996479,999,900,1200,1200,1100,800,800,4521,875,880,800,800,1000,873,800,878,800,898,860,872,882,800,886,800,896,860,800,800,800,800,900,800,0,0,0,0,0,0,0,0,0,0,0,0,0,0,0,0,0,0,0,0,0,0,0,0,0,0,0,0,0,0,25,0,0,1072.8154907226563,56530.90838623047,0,67221336064,8589930496,67031228416,4355571712
199,1724133996679,999,900,1200,1200,1100,800,800,4521,875,880,800,800,1000,873,800,878,800,898,860,872,882,800,886,800,896,860,800,800,800,800,900,800,0,0,0,0,0,0,0,0,0,0,0,0,0,0,0,0,0,0,0,0,0,0,0,0,0,0,0,0,0,0,12.5,0,0,1074.7483520507813,56531.162353515625,0,67221336064,8589930496,67039485952,4343513088
199,1724133996880,999,900,1200,1200,1100,800,800,4521,875,880,800,800,1000,873,800,878,800,898,860,872,882,800,886,800,896,860,800,800,800,800,900,800,0,0,0,0,0,0,0,0,0,0,0,0,0,0,0,0,0,0,0,0,0,0,0,0,0,0,0,0,0,0,26.3157901763916,0,0,1076.6917114257813,56531.416259765625,0,67221336064,8589930496,67056246784,4331454464
199,1724133997080,999,900,1200,1200,1100,800,800,4521,875,880,800,800,1000,873,800,878,800,898,860,872,882,800,886,800,896,860,800,800,800,800,900,800,0,0,0,0,0,0,0,0,0,0,0,0,0,0,0,0,0,0,0,0,0,0,0,0,0,0,0,0,0,0,11.764705657958984,0,0,1078.623291015625,56531.675231933594,0,67221336064,8589930496,67064463360,4319395840
200,1724133997280,999,900,1200,1200,1100,800,800,4521,875,880,800,800,1000,873,800,878,800,898,860,872,882,800,886,800,896,860,800,800,800,800,900,800,0,0,0,0,0,0,0,0,0,0,0,0,0,0,0,0,0,0,0,0,0,0,0,0,0,0,0,0,0,0,11.764705657958984,0,0,1082.4689331054688,56533.76135253906,0,67221336064,8589930496,67072720896,4311269376
200,1724133997480,999,900,1200,1200,1100,800,800,4521,875,880,800,800,1000,873,800,878,800,898,860,872,882,800,886,800,896,860,800,800,800,800,900,800,0,0,10,0,0,0,0,0,0,0,0,0,0,0,0,0,0,0,0,0,0,0,0,0,0,0,0,0,0,0,40.5405387878418,0,0,1088.052978515625,56537.584899902344,0,67221336064,8589930496,66968616960,4414029824
200,1724133997680,999,900,1200,1200,1100,800,800,4521,875,880,800,800,1000,873,800,878,800,898,860,872,882,800,886,800,896,860,800,800,800,800,900,800,0,0,10,0,0,0,0,0,0,0,0,0,0,0,0,0,0,0,0,0,0,0,0,0,0,0,0,0,0,0,40.5405387878418,0,0,1092.4779052734375,56540.152893066406,0,67221336064,8589930496,66976874496,4406427648
200,1724133997880,999,900,1200,1200,1100,800,800,4521,875,880,800,800,1000,873,800,878,800,898,860,872,882,800,886,800,896,860,800,800,800,800,900,800,0,0,0,2.4390242099761963,0,0,0,0,0,0,0,0,0,0,0,0,0,0,0,0,0,0,0,0,0,0,0,0,0,0,0,79.4871826171875,0,1101.0532836914063,56546.790954589844,0,67221336064,8589930496,66976874496,4405903360
199,1724133998081,999,900,1200,1200,1100,800,800,4521,875,880,800,800,1000,873,800,878,800,898,860,872,882,800,886,800,896,860,800,800,800,800,900,800,0,0,0,0,0,0,0,0,0,0,0,0,0,0,0,0,0,0,0,0,0,0,0,0,0,0,0,0,0,0,0,61.904762268066406,0,1107.0548706054688,56550.957092285156,0,67221336064,8589930496,66985132032,4396466176
199,1724133998281,999,900,1200,1200,1100,800,800,4521,875,880,800,800,1000,873,800,878,800,898,860,872,882,800,886,800,896,860,800,800,800,800,900,800,0,0,0,0,0,0,0,0,0,0,0,0,0,0,0,0,0,0,0,0,0,0,0,0,0,0,0,0,0,0,0,29.411766052246094,0,1109.0302734375,56551.24011230469,0,67221336064,8589930496,67001647104,4382048256
199,1724133998481,999,900,1200,1200,1100,800,800,4521,875,880,800,800,1000,873,800,878,800,898,860,872,882,800,886,800,896,860,800,800,800,800,900,800,0,0,0,0,0,0,0,0,0,0,0,0,0,0,0,0,0,0,0,0,0,0,0,0,0,0,0,0,0,0,0,18.75,0,1110.9739379882813,56551.50451660156,0,67221336064,8589930496,67009904640,4367368192
199,1724133998681,999,900,1200,1200,1100,800,800,4521,875,880,800,800,1000,873,800,878,800,898,860,872,882,800,886,800,896,860,800,800,800,800,900,800,0,0,0,0,0,0,0,0,0,0,0,0,0,0,0,0,0,0,0,0,0,0,0,0,0,0,0,0,0,0,0,27.77777862548828,0,1112.91748046875,56551.77160644531,0,67221336064,8589930496,67026419712,4352585728
199,1724133998881,999,900,1200,1200,1100,800,800,4521,875,880,800,800,1000,873,800,878,800,898,860,872,882,800,886,800,896,860,800,800,800,800,900,800,0,0,0,0,0,0,0,0,0,0,0,0,0,0,0,0,0,0,0,0,0,0,0,0,0,0,0,0,0,0,0,23.52941131591797,0,1114.8618774414063,56552.035095214844,0,67221336064,8589930496,67042934784,4338008064
199,1724133999081,999,900,1200,1200,1100,800,800,4521,875,880,800,800,1000,873,800,878,800,898,860,872,882,800,886,800,896,860,800,800,800,800,900,800,0,0,0,0,0,0,0,0,0,0,0,0,0,0,0,0,0,0,0,0,0,0,0,0,0,0,0,0,0,0,10.526315689086914,15.000000953674316,0,1116.8179931640625,56552.310302734375,0,67221336064,8589930496,67059449856,4323328000
199,1724133999281,999,900,1200,1200,1100,800,800,4521,875,880,800,800,1000,873,800,878,800,898,860,872,882,800,886,800,896,860,800,800,800,800,900,800,0,0,0,0,0,0,0,0,0,0,0,0,0,0,0,0,0,0,0,0,0,0,0,0,0,0,0,0,0,0,0,27.77777862548828,0,1118.7647705078125,56552.576171875,0,67221336064,8589930496,67075706880,4308910080
199,1724133999481,999,900,1200,1200,1100,800,800,4521,875,880,800,800,1000,873,800,878,800,898,860,872,882,800,886,800,896,860,800,800,800,800,900,800,0,0,15.789472579956055,0,0,0,0,0,0,0,0,0,0,0,0,0,0,0,0,0,0,0,0,0,0,0,0,0,0,0,0,21.052631378173828,0,1121.9717407226563,56554.08624267578,0,67221336064,8589930496,67023568896,4362649600
199,1724133999681,999,900,1200,1200,1100,800,800,4521,875,880,800,800,1000,873,800,878,800,898,860,872,882,800,886,800,896,860,800,800,800,800,900,800,0,0,20,0,4.761904716491699,0,0,0,0,0,0,0,0,0,0,0,0,0,0,0,0,0,0,0,0,0,0,0,0,0,0,17.647058486938477,0,1125.4293823242188,56555.84552001953,0,67221336064,8589930496,66948206592,4439719936
199,1724133999881,999,900,1200,1200,1100,800,800,4521,875,880,800,800,1000,873,800,878,800,898,860,872,882,800,886,800,896,860,800,800,800,800,900,800,0,0,0,0,5,0,0,0,0,0,0,0,0,0,0,0,0,0,0,0,0,0,0,0,0,0,0,0,0,0,0,26.3157901763916,0,1127.3889770507813,56556.12438964844,0,67221336064,8589930496,66959245312,4425564160
199,1724134000082,999,900,1200,1200,1100,800,800,4521,875,880,800,800,1000,873,800,878,800,898,860,872,882,800,886,800,896,860,800,800,800,800,900,800,0,0,23.809524536132813,0,0,0,0,0,0,0,0,0,0,0,0,0,0,0,0,0,0,0,0,0,0,0,0,0,0,0,0,0,0,1129.343505859375,56556.39764404297,0,67221336064,8589930496,66983538688,4411146240
199,1724134000282,999,900,1200,1200,1100,800,800,4521,875,880,800,800,1000,873,800,878,800,898,860,872,882,800,886,800,896,860,800,800,800,800,900,800,0,0,26.3157901763916,0,0,0,0,0,0,0,0,0,0,0,0,0,0,0,0,0,0,0,0,0,0,0,0,0,0,0,0,0,0,1131.29052734375,56556.65606689453,0,67221336064,8589930496,66991796224,4398039040
199,1724134000482,999,900,1200,1200,1100,800,800,4521,875,880,800,800,1000,873,800,878,800,898,860,872,882,800,886,800,896,860,800,800,800,800,900,800,0,0,17.647058486938477,0,0,0,0,0,0,0,0,0,0,0,0,0,0,0,0,0,0,0,0,0,0,0,0,0,0,0,0,0,0,1133.2293701171875,56556.91632080078,0,67221336064,8589930496,67008311296,4385456128
199,1724134000682,999,900,1200,1200,1100,800,800,4521,875,880,800,800,1000,873,800,878,800,898,860,872,882,800,886,800,896,860,800,800,800,800,900,800,0,0,22.22222328186035,0,0,0,0,0,0,0,0,0,0,0,0,0,0,0,0,0,0,0,0,0,0,0,0,0,0,0,0,0,0,1135.174072265625,56557.17889404297,0,67221336064,8589930496,67024826368,4372611072
199,1724134000882,999,900,1200,1200,1100,800,800,4521,875,880,800,800,1000,873,800,878,800,898,860,872,882,800,886,800,896,860,800,800,800,800,900,800,0,0,26.3157901763916,0,0,0,0,0,0,0,0,0,0,0,0,0,0,0,0,0,0,0,0,0,0,0,0,0,0,0,0,5,0,1137.1248779296875,56557.4501953125,0,67221336064,8589930496,67032797184,4359766016
199,1724134001082,999,900,1200,1200,1100,800,800,4521,875,880,800,800,1000,873,800,878,800,898,860,872,882,800,886,800,896,860,800,800,800,800,900,800,0,0,26.3157901763916,0,0,0,0,0,0,0,0,0,0,0,0,0,0,0,0,0,0,0,0,0,0,0,0,0,0,0,0,5,0,1139.0714111328125,56557.71716308594,0,67221336064,8589930496,67041042432,4347183104
199,1724134001282,999,900,1200,1200,1100,800,800,4521,875,880,800,800,1000,873,800,878,800,898,860,872,882,800,886,800,896,860,800,800,800,800,900,800,0,0,0,0,0,0,0,0,0,0,0,0,0,0,0,0,0,0,0,0,0,0,0,0,0,0,0,0,0,0,0,17.647058486938477,0,1141.0121459960938,56557.977478027344,0,67221336064,8589930496,67057545216,4334338048
199,1724134001482,999,900,1200,1200,1100,800,800,4521,875,880,800,800,1000,873,800,878,800,898,860,872,882,800,886,800,896,860,800,800,800,800,900,800,0,0,0,0,0,0,0,0,0,0,0,0,0,0,0,0,0,0,0,0,0,0,0,0,0,0,0,0,0,0,0,22.22222328186035,0,1142.9513549804688,56558.236755371094,0,67221336064,8589930496,67074048000,4321492992
199,1724134001682,999,900,1200,1200,1100,800,800,4521,875,880,800,800,1000,873,800,878,800,898,860,872,882,800,886,800,896,860,800,800,800,800,900,800,0,0,18.18181800842285,0,0,0,0,0,0,0,0,0,0,0,0,0,0,0,0,0,0,0,0,0,0,0,0,0,0,0,5,16.666667938232422,0,1146.3912963867188,56559.97790527344,0,67221336064,8589930496,66998947840,4383883264
199,1724134001882,999,900,1200,1200,1100,800,800,4521,875,880,800,800,1000,873,800,878,800,898,860,872,882,800,886,800,896,860,800,800,800,800,900,800,0,0,0,0,0,0,0,0,0,0,0,0,0,0,0,0,0,0,0,0,0,0,0,0,0,0,0,0,0,0,0,22.22222328186035,0,1148.33740234375,56560.24578857422,0,67221336064,8589930496,67015708672,4371038208
199,1724134002083,999,900,1200,1200,1100,800,800,4521,875,880,800,800,1000,873,800,878,800,898,860,872,882,800,886,800,896,860,800,800,800,800,900,800,0,0,12.5,0,0,0,0,0,0,0,0,0,0,0,0,0,0,0,0,0,0,0,0,0,0,0,0,0,0,0,0,0,0,1150.3012084960938,56560.51495361328,0,67221336064,8589930496,67026604032,4358193152
199,1724134002283,999,900,1200,1200,1100,800,800,4521,875,880,800,800,1000,873,800,878,800,898,860,872,882,800,886,800,896,860,800,800,800,800,900,800,0,0,0,0,0,0,0,0,0,0,0,0,0,0,0,0,0,0,0,0,0,0,0,0,0,0,0,0,0,0,0,21.052631378173828,0,1152.2532958984375,56560.79138183594,0,67221336064,8589930496,67038461952,4345348096
199,1724134002483,999,900,1200,1200,1100,800,800,4521,875,880,800,800,1000,873,800,878,800,898,860,872,882,800,886,800,896,860,800,800,800,800,900,800,0,0,0,0,0,0,0,0,0,0,0,0,0,0,0,0,0,0,0,0,0,0,0,0,0,0,0,0,0,0,0,22.22222328186035,0,1154.1978759765625,56561.054626464844,0,67221336064,8589930496,67054428160,4332765184
199,1724134002683,999,900,1200,1200,1100,800,800,4521,875,880,800,800,1000,873,800,878,800,898,860,872,882,800,886,800,896,860,800,800,800,800,900,800,0,0,0,0,0,0,0,0,0,0,0,0,4.761904716491699,0,0,0,0,0,0,0,0,0,0,0,0,0,0,0,0,0,0,22.22222328186035,0,1156.1381225585938,56561.310485839844,0,67221336064,8589930496,67062931456,4320444416
200,1724134002883,999,900,1200,1200,1100,800,800,4521,875,880,800,800,1000,873,800,878,800,898,860,872,882,800,886,800,896,860,800,800,800,800,900,800,0,0,0,0,0,0,0,0,0,0,0,0,4.761904716491699,0,0,0,0,0,0,0,0,0,0,0,0,0,0,0,0,0,0,22.22222328186035,0,1159.3326416015625,56562.811462402344,0,67221336064,8589930496,66984988672,4389097472
200,1724134003083,999,900,1200,1200,1100,800,800,4521,875,880,800,800,1000,873,800,878,800,898,860,872,882,800,886,800,896,860,800,800,800,800,900,800,0,0,12.195121765136719,0,0,0,0,0,0,0,0,0,0,0,0,0,0,0,0,0,0,0,0,0,0,0,0,0,0,0,0,32.432430267333984,0,1162.39404296875,56564.07177734375,0,67221336064,8589930496,66992971776,4378349568
200,1724134003283,999,900,1200,1200,1100,800,800,4521,875,880,800,800,1000,873,800,878,800,898,860,872,882,800,886,800,896,860,800,800,800,800,900,800,0,0,0,0,0,0,0,0,0,0,0,0,4.761904716491699,0,0,0,0,0,0,0,0,0,0,0,0,0,0,0,0,0,0,95,0,1170.9605102539063,56570.66229248047,0,67221336064,8589930496,66993205248,4378349568
200,1724134003483,999,900,1200,1200,1100,800,800,4521,875,880,800,800,1000,873,800,878,800,898,860,872,882,800,886,800,896,860,800,800,800,800,900,800,0,0,0,0,0,0,0,0,0,0,0,0,0,0,0,0,0,0,0,0,0,0,0,0,0,0,0,0,0,0,0,90,0,1179.6113891601563,56577.28399658203,0,67221336064,8589930496,66993205248,4377300992
199,1724134003684,999,900,1200,1200,1100,800,800,4521,875,880,800,800,1000,873,800,878,800,898,860,872,882,800,886,800,896,860,800,800,800,800,900,800,0,0,15.000000953674316,0,0,0,0,0,0,0,0,0,0,0,0,0,0,0,0,0,0,0,0,0,0,0,0,0,0,0,0,26.3157901763916,0,1182.9796752929688,56578.92687988281,0,67221336064,8589930496,67017719808,4360785920
199,1724134003884,999,900,1200,1200,1100,800,800,4521,875,880,800,800,1000,873,800,878,800,898,860,872,882,800,886,800,896,860,800,800,800,800,900,800,0,0,38.88888931274414,0,0,0,0,0,0,0,0,0,0,0,0,0,0,0,0,0,0,0,0,0,0,0,0,0,0,0,0,0,0,1184.9390258789063,56579.20623779297,0,67221336064,8589930496,67034234880,4344270848
199,1724134004084,999,900,1200,1200,1100,800,800,4521,875,880,800,800,1000,873,800,878,800,898,860,872,882,800,886,800,896,860,800,800,800,800,900,800,0,0,22.22222328186035,0,0,0,0,0,0,0,0,0,0,0,0,0,0,0,0,0,0,0,0,0,0,0,0,0,0,0,0,10.526315689086914,0,1186.9105224609375,56579.48760986328,0,67221336064,8589930496,67042492416,4328280064
199,1724134004284,999,900,1200,1200,1100,800,800,4521,875,880,800,800,1000,873,800,878,800,898,860,872,882,800,886,800,896,860,800,800,800,800,900,800,0,0,38.88888931274414,0,0,0,0,0,0,0,0,0,0,0,0,0,0,0,0,0,0,0,0,0,0,0,0,0,0,0,0,0,0,1188.8681030273438,56579.76513671875,0,67221336064,8589930496,67059007488,4311764992
199,1724134004484,999,900,1200,1200,1100,800,800,4521,875,880,800,800,1000,873,800,878,800,898,860,872,882,800,886,800,896,860,800,800,800,800,900,800,0,0,40,0,0,0,0,0,0,0,0,0,0,0,0,0,0,0,0,0,0,0,0,0,0,0,0,0,0,0,0,0,0,1190.8113403320313,56580.02606201172,0,67221336064,8589930496,67075522560,4295512064
199,1724134004684,999,900,1200,1200,1100,800,800,4521,875,880,800,800,1000,873,800,878,800,898,860,872,882,800,886,800,896,860,800,800,800,800,900,800,0,0,38.095237731933594,0,0,0,0,0,0,0,0,0,0,0,0,0,0,0,0,0,0,0,0,0,0,0,0,0,0,0,0,16.666667938232422,0,1195.4152221679688,56582.91809082031,0,67221336064,8589930496,66955907072,4402212864
199,1724134004884,999,900,1200,1200,1100,800,800,4521,875,880,800,800,1000,873,800,878,800,898,860,872,882,800,886,800,896,860,800,800,800,800,900,800,0,0,0,0,0,0,0,0,0,0,0,0,0,0,0,0,0,0,0,0,0,0,0,0,0,0,0,0,0,0,0,23.52941131591797,0,1197.3638305664063,56583.184631347656,0,67221336064,8589930496,66972422144,4385435648
199,1724134005085,999,900,1200,1200,1100,800,800,4521,875,880,800,800,1000,873,800,878,800,898,860,872,882,800,886,800,896,860,800,800,800,800,900,800,0,0,10.526315689086914,0,0,0,0,0,0,0,0,0,0,0,0,0,0,0,0,0,0,0,0,0,0,0,0,0,0,0,0,20,0,1199.3156127929688,56583.45654296875,0,67221336064,8589930496,66996936704,4368658432
199,1724134005285,999,900,1200,1200,1100,800,800,4521,875,880,800,800,1000,873,800,878,800,898,860,872,882,800,886,800,896,860,800,800,800,800,900,800,0,0,21.052631378173828,0,0,0,0,0,0,0,0,0,0,0,0,0,0,0,0,0,0,0,0,0,0,0,0,0,0,0,0,10.526315689086914,0,1201.268310546875,56583.72735595703,0,67221336064,8589930496,67005689856,4352929792
199,1724134005485,999,900,1200,1200,1100,800,800,4521,875,880,800,800,1000,873,800,878,800,898,860,872,882,800,886,800,896,860,800,800,800,800,900,800,0,0,23.52941131591797,0,0,0,0,0,0,0,0,0,0,0,0,0,0,0,0,0,0,0,0,0,0,0,0,0,0,0,0,0,0,1203.2218627929688,56583.99157714844,0,67221336064,8589930496,67022204928,4336676864
199,1724134005685,999,900,1200,1200,1100,800,800,4521,875,880,800,800,1000,873,800,878,800,898,860,872,882,800,886,800,896,860,800,800,800,800,900,800,0,0,23.52941131591797,0,0,0,0,0,0,0,0,0,0,0,0,0,0,0,0,0,0,0,0,0,0,0,0,0,0,0,0,0,0,1205.1575317382813,56584.24658203125,0,67221336064,8589930496,67038720000,4320686080
199,1724134005885,999,900,1200,1200,1100,800,800,4521,875,880,800,800,1000,873,800,878,800,898,860,872,882,800,886,800,896,860,800,800,800,800,900,800,0,0,22.22222328186035,0,0,0,0,0,0,0,0,0,0,0,0,0,0,0,0,0,0,0,0,0,0,0,0,0,0,0,0,5.263157844543457,0,1207.110595703125,56584.51806640625,0,67221336064,8589930496,67063492608,4304695296
199,1724134006085,999,900,1200,1200,1100,800,800,4521,875,880,800,800,1000,873,800,878,800,898,860,872,882,800,886,800,896,860,800,800,800,800,900,800,0,0,21.052631378173828,0,0,0,0,0,0,0,0,0,0,0,0,0,0,0,0,0,0,0,0,0,0,0,0,0,0,0,0,9.523809432983398,0,1209.05859375,56584.784240722656,0,67221336064,8589930496,67071721472,4294733824
199,1724134006285,999,900,1200,1200,1100,800,800,4521,875,880,800,800,1000,873,800,878,800,898,860,872,882,800,886,800,896,860,800,800,800,800,900,800,0,0,42.105262756347656,0,0,0,0,0,0,0,0,0,0,0,0,0,0,0,0,0,0,0,0,0,0,0,0,0,0,0,0,15.789472579956055,0,1213.6144409179688,56587.626892089844,0,67221336064,8589930496,66953228288,4375183360
199,1724134006485,999,900,1200,1200,1100,800,800,4521,875,880,800,800,1000,873,800,878,800,898,860,872,882,800,886,800,896,860,800,800,800,800,900,800,0,0,0,0,0,0,0,0,0,0,0,0,0,0,0,0,0,0,0,0,0,0,0,0,0,0,0,0,0,0,0,31.57894515991211,0,1215.5665893554688,56587.898498535156,0,67221336064,8589930496,66969743360,4361289728
199,1724134006686,999,900,1200,1200,1100,800,800,4521,875,880,800,800,1000,873,800,878,800,898,860,872,882,800,886,800,896,860,800,800,800,800,900,800,0,0,26.3157901763916,0,0,0,0,0,0,0,0,0,0,0,0,0,0,0,0,0,0,0,0,0,0,0,0,0,0,0,0,0,0,1217.5171508789063,56588.169372558594,0,67221336064,8589930496,66986000384,4347658240
199,1724134006886,999,900,1200,1200,1100,800,800,4521,875,880,800,800,1000,873,800,878,800,898,860,872,882,800,886,800,896,860,800,800,800,800,900,800,0,0,23.52941131591797,0,0,0,0,0,0,0,0,0,0,0,0,0,0,0,0,0,0,0,0,0,0,0,0,0,0,0,0,0,0,1219.4729614257813,56588.430725097656,0,67221336064,8589930496,66994257920,4334288896
199,1724134007086,999,900,1200,1200,1100,800,800,4521,875,880,800,800,1000,873,800,878,800,898,860,872,882,800,886,800,896,860,800,800,800,800,900,800,15.000000953674316,0,5,5,0,0,0,0,0,0,0,0,0,0,0,0,0,0,0,0,0,0,0,0,0,0,0,0,0,0,0,5.555555820465088,0,1221.4157104492188,56588.70446777344,0,67221336064,8589930496,67010744320,4323016704
199,1724134007286,999,900,1200,1200,1100,800,800,4521,875,880,800,800,1000,873,800,878,800,898,860,872,882,800,886,800,896,860,800,800,800,800,900,800,31.57894515991211,0,0,0,0,0,0,0,0,0,0,0,0,0,0,0,0,0,0,0,0,0,0,0,0,0,0,0,0,0,0,0,0,1223.3782348632813,56588.977111816406,0,67221336064,8589930496,67022336000,4311220224
199,1724134007486,999,900,1200,1200,1100,800,800,4521,875,880,800,800,1000,873,800,878,800,898,860,872,882,800,886,800,896,860,800,800,800,800,900,800,15.000000953674316,0,0,0,0,0,0,0,0,0,0,0,0,0,0,0,0,0,0,0,0,0,0,0,0,0,0,0,0,0,0,23.809524536132813,0,1225.32177734375,56589.240173339844,0,67221336064,8589930496,67034472448,4299948032
200,1724134007686,999,900,1200,1200,1100,800,800,4521,875,880,800,800,1000,873,800,878,800,898,860,872,882,800,886,800,896,860,800,800,800,800,900,800,15.000000953674316,0,0,0,0,0,0,0,0,0,0,0,0,0,0,0,0,0,0,0,0,0,0,0,0,0,0,0,0,0,0,23.809524536132813,0,1230.2174682617188,56592.3408203125,0,67221336064,8589930496,67059245056,4294705152
199,1724134007886,999,900,1200,1200,1100,800,800,4521,875,880,800,800,1000,873,800,878,800,898,860,872,882,800,886,800,896,860,800,800,800,800,900,800,0,0,0,0,0,0,0,0,0,0,0,0,0,0,0,0,0,0,0,0,0,0,0,0,0,0,0,0,0,0,0,72.5,0,1238.313232421875,56598.53991699219,0,67221336064,8589930496,67081953280,4294705152
199,1724134008086,999,900,1200,1200,1100,800,800,4521,875,880,800,800,1000,873,800,878,800,898,860,872,882,800,886,800,896,860,800,800,800,800,900,800,5,0,15.000000953674316,15.000000953674316,0,0,0,0,0,0,0,0,0,0,0,0,0,0,0,0,0,0,0,0,0,0,0,0,0,0,52.6315803527832,0,0,1245.61962890625,56603.991638183594,0,67221336064,8589930496,66990747648,4373655552
199,1724134008286,999,900,1200,1200,1100,800,800,4521,875,880,800,800,1000,873,800,878,800,898,860,872,882,800,886,800,896,860,800,800,800,800,900,800,0,0,0,0,0,0,0,0,0,0,0,0,0,0,0,0,0,0,0,0,0,0,0,0,0,0,0,0,0,0,68.42105102539063,0,0,1252.9818115234375,56609.49560546875,0,67221336064,8589930496,67024023552,4338528256
199,1724134008486,999,900,1200,1200,1100,800,800,4521,875,880,800,800,1000,873,800,878,800,898,860,872,882,800,886,800,896,860,800,800,800,800,900,800,0,0,0,0,0,0,0,0,0,0,0,0,0,0,0,0,0,0,0,0,0,0,0,0,0,0,0,0,0,0,76.19047546386719,0,0,1260.3731689453125,56615.119201660156,0,67221336064,8589930496,67048538112,4309430272
200,1724134008686,999,900,1200,1200,1100,800,800,4521,875,880,800,800,1000,873,800,878,800,898,860,872,882,800,886,800,896,860,800,800,800,800,900,800,0,0,0,0,0,0,0,0,0,0,0,0,0,0,0,0,0,0,0,0,0,0,0,0,0,0,0,0,0,0,100,0,0,1269.7063598632813,56622.68103027344,0,67221336064,8589930496,67048525824,4309430272
200,1724134008886,999,900,1200,1200,1100,800,800,4521,875,880,800,800,1000,873,800,878,800,898,860,872,882,800,886,800,896,860,800,800,800,800,900,800,0,0,0,25,0,0,0,0,0,0,0,0,0,0,0,0,0,0,0,0,0,0,0,0,0,0,0,0,0,0,41.17647171020508,0,0,1276.3012084960938,56627.550048828125,0,67221336064,8589930496,66994307072,4371648512
199,1724134009087,999,900,1200,1200,1100,800,800,4521,875,880,800,800,1000,873,800,878,800,898,860,872,882,800,886,800,896,860,800,800,800,800,900,800,0,0,0,23.809524536132813,0,0,0,0,0,0,0,0,0,0,0,0,0,0,0,0,4.761904716491699,0,0,0,0,0,0,0,0,0,31.57894515991211,0,0,1280.6924438476563,56630.21807861328,0,67221336064,8589930496,66970976256,4392591360
199,1724134009287,999,900,1200,1200,1100,800,800,4521,875,880,800,800,1000,873,800,878,800,898,860,872,882,800,886,800,896,860,800,800,800,800,900,800,0,0,0,0,0,0,0,0,0,0,0,0,0,0,0,0,0,0,0,0,0,0,0,0,0,0,0,0,0,0,38.88888931274414,0,0,1283.1808471679688,56631.00030517578,0,67221336064,8589930496,67028779008,4333084672
200,1724134009487,999,900,1200,1200,1100,800,800,4521,875,880,800,800,1000,873,800,878,800,898,860,872,882,800,886,800,896,860,800,800,800,800,900,800,0,0,0,0,0,0,0,0,0,0,0,0,0,0,0,0,0,0,0,0,0,0,0,0,0,0,0,0,0,0,38.88888931274414,0,0,1286.6317749023438,56632.740295410156,0,67221336064,8589930496,67025940480,4345593856
199,1724134009687,999,900,1200,1200,1100,800,800,4521,875,880,800,800,1000,873,800,878,800,898,860,872,882,800,886,800,896,860,800,800,800,800,900,800,0,0,0,30.000001907348633,0,0,0,0,0,0,0,0,0,0,0,0,0,0,0,0,0,0,0,0,0,0,0,0,0,0,36.842105865478516,0,0,1292.11328125,56636.485900878906,0,67221336064,8589930496,66975019008,4393373696
199,1724134009887,999,900,1200,1200,1100,800,800,4521,875,880,800,800,1000,873,800,878,800,898,860,872,882,800,886,800,896,860,800,800,800,800,900,800,0,0,0,0,0,0,0,0,0,0,0,0,0,0,0,0,0,0,0,0,0,0,0,0,0,0,0,0,0,0,36.842105865478516,0,0,1294.6339721679688,56637.302001953125,0,67221336064,8589930496,67033067520,4331245568
200,1724134010087,999,900,1200,1200,1100,800,800,4521,875,880,800,800,1000,873,800,878,800,898,860,872,882,800,886,800,896,860,800,800,800,800,900,800,0,0,4.761904716491699,0,0,0,0,0,0,0,0,0,0,0,0,0,0,0,0,0,0,0,0,0,0,0,0,0,0,0,73.68421173095703,0,0,1301.2869873046875,56642.127380371094,0,67221336064,8589930496,67065839616,4296904704
199,1724134010287,999,900,1200,1200,1100,800,800,4521,875,880,800,800,1000,873,800,878,800,898,860,872,882,800,886,800,896,860,800,800,800,800,900,800,0,0,0,25,0,0,0,0,0,0,0,0,0,0,0,0,0,0,0,0,0,0,0,0,0,0,0,0,0,0,68.42105102539063,0,0,1309.9479370117188,56648.87664794922,0,67221336064,8589930496,67003334656,4367712256
199,1724134010487,999,900,1200,1200,1100,800,800,4521,875,880,800,800,1000,873,800,878,800,898,860,872,882,800,886,800,896,860,800,800,800,800,900,800,0,0,0,25,0,0,0,0,0,0,0,0,0,0,0,0,0,0,0,0,0,0,0,0,0,0,0,0,0,0,42.105262756347656,0,0,1316.70703125,56653.87225341797,0,67221336064,8589930496,66951290880,4409507840
200,1724134010687,999,900,1200,1200,1100,800,800,4521,875,880,800,800,1000,873,800,878,800,898,860,872,882,800,886,800,896,860,800,800,800,800,900,800,0,0,0,0,0,0,0,0,0,0,0,0,0,0,0,0,0,0,0,0,0,0,0,0,0,0,0,0,0,0,47.36842346191406,0,0,1321.7872924804688,56657.213806152344,0,67221336064,8589930496,67017351168,4344496128
200,1724134010887,999,900,1200,1200,1100,800,800,4521,875,880,800,800,1000,873,800,878,800,898,860,872,882,800,886,800,896,860,800,800,800,800,900,800,0,0,0,0,0,0,0,0,0,0,0,0,0,0,0,0,0,0,0,0,0,0,0,0,0,0,0,0,0,0,66.66667175292969,0,0,1328.21044921875,56661.80126953125,0,67221336064,8589930496,67066638336,4301504512
200,1724134011087,999,900,1200,1200,1100,800,800,4521,875,880,800,800,1000,873,800,878,800,898,860,872,882,800,886,800,896,860,800,800,800,800,900,800,0,0,0,28.571430206298828,0,0,0,0,0,0,0,0,0,0,0,0,0,0,0,0,0,0,0,0,0,0,0,0,0,0,52.6315803527832,0,0,1336.1092529296875,56667.857421875,0,67221336064,8589930496,67007651840,4360187904
200,1724134011287,999,900,1200,1200,1100,800,800,4521,875,880,800,800,1000,873,800,878,800,898,860,872,882,800,886,800,896,860,800,800,800,800,900,800,0,0,0,0,0,0,0,0,0,0,0,0,0,0,0,0,0,0,0,0,0,0,0,0,0,0,0,0,0,0,71.42857360839844,0,0,1343.6903076171875,56673.572509765625,0,67221336064,8589930496,67032424448,4331089920
200,1724134011487,999,900,1200,1200,1100,800,800,4521,875,880,800,800,1000,873,800,878,800,898,860,872,882,800,886,800,896,860,800,800,800,800,900,800,0,0,0,31.57894515991211,0,0,0,0,0,0,0,0,0,0,0,0,0,0,0,0,0,0,0,0,0,0,0,0,0,0,42.105262756347656,0,0,1351.0931396484375,56679.19909667969,0,67221336064,8589930496,66955218944,4417376256
200,1724134011687,999,900,1200,1200,1100,800,800,4521,875,880,800,800,1000,873,800,878,800,898,860,872,882,800,886,800,896,860,800,800,800,800,900,800,0,0,0,0,0,0,0,0,0,0,0,0,0,0,4.761904716491699,0,0,0,0,0,0,0,0,0,0,0,0,0,0,0,76.19047546386719,0,0,1358.386962890625,56684.56311035156,0,67221336064,8589930496,66978107392,4388802560
200,1724134011887,999,900,1200,1200,1100,800,800,4521,875,880,800,800,1000,873,800,878,800,898,860,872,882,800,886,800,896,860,800,800,800,800,900,800,0,0,0,0,0,0,0,0,0,0,0,0,0,0,0,0,0,0,0,0,0,0,0,0,0,0,0,0,0,0,47.36842346191406,0,0,1365.1077880859375,56689.531005859375,0,67221336064,8589930496,67052404736,4321693696
200,1724134012087,999,900,1200,1200,1100,800,800,4521,875,880,800,800,1000,873,800,878,800,898,860,872,882,800,886,800,896,860,800,800,800,800,900,800,0,0,0,40,0,0,0,0,0,0,0,0,0,0,0,0,0,0,0,0,0,0,0,0,0,0,0,0,0,0,36.842105865478516,0,0,1372.7841186523438,56695.431701660156,0,67221336064,8589930496,66987470848,4390756352
200,1724134012288,999,900,1200,1200,1100,800,800,4521,875,880,800,800,1000,873,800,878,800,898,860,872,882,800,886,800,896,860,800,800,800,800,900,800,0,0,0,30.000001907348633,0,0,0,0,0,0,0,0,0,0,0,0,0,0,0,0,0,0,0,0,0,0,0,0,0,0,47.36842346191406,0,0,1380.1710205078125,56701.05242919922,0,67221336064,8589930496,66935173120,4438532096
200,1724134012488,999,900,1200,1200,1100,800,800,4521,875,880,800,800,1000,873,800,878,800,898,860,872,882,800,886,800,896,860,800,800,800,800,900,800,0,0,0,0,0,0,0,0,0,0,0,0,0,0,0,0,0,0,0,0,0,0,0,0,0,0,0,0,0,0,36.842105865478516,0,0,1383.7298583984375,56702.880310058594,0,67221336064,8589930496,67001233408,4365656064
199,1724134012688,999,900,1200,1200,1100,800,800,4521,875,880,800,800,1000,873,800,878,800,898,860,872,882,800,886,800,896,860,800,800,800,800,900,800,0,0,0,0,0,0,0,0,0,0,0,0,0,0,0,0,0,0,0,0,0,0,0,0,0,0,0,0,0,0,45,0,0,1387.1415405273438,56704.53985595703,0,67221336064,8589930496,67050778624,4318994432
200,1724134012888,999,900,1200,1200,1100,800,800,4521,875,880,800,800,1000,873,800,878,800,898,860,872,882,800,886,800,896,860,800,800,800,800,900,800,0,0,0,25,0,0,0,0,0,0,0,0,0,0,0,0,0,0,0,0,0,0,0,0,0,0,0,0,0,0,44.4444465637207,0,0,1393.2374877929688,56708.84881591797,0,67221336064,8589930496,67073298432,4294737920
200,1724134013088,999,900,1200,1200,1100,800,800,4521,875,880,800,800,1000,873,800,878,800,898,860,872,882,800,886,800,896,860,800,800,800,800,900,800,0,0,0,40,0,0,0,0,0,0,0,0,0,0,0,0,0,0,0,0,0,0,0,0,0,0,0,0,0,0,45,0,0,1400.8590087890625,56714.67071533203,0,67221336064,8589930496,67005382656,4360998912
200,1724134013288,999,900,1200,1200,1100,800,800,4521,875,880,800,800,1000,873,800,878,800,898,860,872,882,800,886,800,896,860,800,800,800,800,900,800,0,0,0,15.000000953674316,0,0,0,0,0,0,0,0,0,0,0,0,0,0,0,0,0,0,0,0,0,0,0,0,0,0,55,0,0,1407.2230224609375,56719.242919921875,0,67221336064,8589930496,67020443648,4348645376
200,1724134013488,999,900,1200,1200,1100,800,800,4521,875,880,800,800,1000,873,800,878,800,898,860,872,882,800,886,800,896,860,800,800,800,800,900,800,0,0,0,15.000000953674316,0,0,0,0,0,0,0,0,0,0,0,0,0,0,0,0,0,0,0,0,0,0,0,0,0,0,44.4444465637207,0,0,1414.4647216796875,56724.72198486328,0,67221336064,8589930496,67039023104,4326879232
200,1724134013688,999,900,1200,1200,1100,800,800,4521,875,880,800,800,1000,873,800,878,800,898,860,872,882,800,886,800,896,860,800,800,800,800,900,800,0,0,0,38.095237731933594,0,0,0,0,0,0,0,0,0,0,0,0,0,0,0,0,0,0,0,0,0,0,0,0,0,0,66.66667175292969,0,0,1423.3171997070313,56731.67321777344,0,67221336064,8589930496,66984280064,4382531584
200,1724134013888,999,900,1200,1200,1100,800,800,4521,875,880,800,800,1000,873,800,878,800,898,860,872,882,800,886,800,896,860,800,800,800,800,900,800,0,0,0,0,0,0,0,0,0,0,0,0,0,0,0,0,0,0,0,0,0,0,0,0,0,0,0,0,0,0,77.77777862548828,0,0,1431.559814453125,56737.94110107422,0,67221336064,8589930496,67009052672,4358152192
200,1724134014088,999,900,1200,1200,1100,800,800,4521,875,880,800,800,1000,873,800,878,800,898,860,872,882,800,886,800,896,860,800,800,800,800,900,800,0,0,0,0,0,0,0,0,0,0,0,0,0,0,0,0,0,0,0,0,0,0,0,0,0,0,0,0,0,0,42.105262756347656,0,0,1437.7200927734375,56742.345703125,0,67221336064,8589930496,67074363392,4294713344
200,1724134014288,999,900,1200,1200,1100,800,800,4521,875,880,800,800,1000,873,800,878,800,898,860,872,882,800,886,800,896,860,800,800,800,800,900,800,0,0,0,42.105262756347656,0,0,0,0,0,0,0,0,0,0,0,0,0,0,0,0,0,0,0,0,0,0,0,0,0,0,45,0,0,1444.7274780273438,56747.563537597656,0,67221336064,8589930496,67029893120,4342632448
200,1724134014488,999,900,1200,1200,1100,800,800,4521,875,880,800,800,1000,873,800,878,800,898,860,872,882,800,886,800,896,860,800,800,800,800,900,800,0,0,0,30.000001907348633,0,0,0,0,0,0,0,0,0,0,0,0,0,0,0,0,0,0,0,0,0,0,0,0,0,0,36.842105865478516,20,0,1452.5567626953125,56753.51544189453,0,67221336064,8589930496,66999222272,4365901824
200,1724134014688,999,900,1200,1200,1100,800,800,4521,875,880,800,800,1000,873,800,878,800,898,860,872,882,800,886,800,896,860,800,800,800,800,900,800,0,0,0,15.000000953674316,0,0,0,0,0,0,0,0,0,0,0,0,0,0,0,0,0,0,0,0,0,0,0,0,0,0,0,59.09090805053711,0,1459.9765625,56759.169982910156,0,67221336064,8589930496,67013386240,4346826752
199,1724134014888,999,900,1200,1200,1100,800,800,4521,875,880,800,800,1000,873,800,878,800,898,860,872,882,800,886,800,896,860,800,800,800,800,900,800,0,0,0,95.23809814453125,0,0,0,0,0,0,0,0,0,0,0,0,0,0,0,0,0,0,0,0,0,0,0,0,0,0,15.789472579956055,22.22222328186035,0,1470.0299682617188,56767.27966308594,0,67221336064,8589930496,67075792896,4294803456
200,1724134015089,999,900,1200,1200,1100,800,800,4521,875,880,800,800,1000,873,800,878,800,898,860,872,882,800,886,800,896,860,800,800,800,800,900,800,0,0,0,100,0,0,0,0,0,0,0,0,0,0,0,0,0,0,0,0,0,0,0,0,0,0,0,0,0,0,80,0,0,1481.241455078125,56776.553955078125,0,67221336064,8589930496,66923290624,4466397184
200,1724134015289,999,900,1200,1200,1100,800,800,4521,875,880,800,800,1000,873,800,878,800,898,860,872,882,800,886,800,896,860,800,800,800,800,900,800,0,0,0,0,0,0,0,0,0,0,0,0,0,0,0,0,0,0,0,0,0,0,0,0,0,0,0,0,0,0,95.23809814453125,0,0,1489.0580444335938,56782.625427246094,0,67221336064,8589930496,66922397696,4464300032
200,1724134015489,999,900,1200,1200,1100,800,800,4521,875,880,800,800,1000,873,800,878,800,898,860,872,882,800,886,800,896,860,800,800,800,800,900,800,0,0,0,0,0,0,0,0,0,0,0,0,0,0,0,0,0,0,0,0,0,0,0,0,0,0,0,0,0,0,85,0,0,1496.2550659179688,56788.102111816406,0,67221336064,8589930496,66937589760,4449619968
200,1724134015689,999,900,1200,1200,1100,800,800,4521,875,880,800,800,1000,873,800,878,800,898,860,872,882,800,886,800,896,860,800,800,800,800,900,800,0,0,0,0,0,0,0,0,0,0,0,0,0,0,0,0,0,0,0,0,0,0,0,0,0,0,0,0,0,0,47.36842346191406,25,0,1503.4209594726563,56793.52624511719,0,67221336064,8589930496,66969587712,4413444096
200,1724134015889,999,900,1200,1200,1100,800,800,4521,875,880,800,800,1000,873,800,878,800,898,860,872,882,800,886,800,896,860,800,800,800,800,900,800,0,0,0,0,0,0,0,0,0,0,0,0,0,0,0,0,0,0,0,0,0,0,0,0,0,0,0,0,0,0,0,72.22222137451172,0,1510.6344604492188,56799.00146484375,0,67221336064,8589930496,67009843200,4377268224
200,1724134016089,999,900,1200,1200,1100,800,800,4521,875,880,800,800,1000,873,800,878,800,898,860,872,882,800,886,800,896,860,800,800,800,800,900,800,0,0,0,0,0,0,0,0,0,0,0,0,0,0,0,0,0,0,0,0,0,0,0,0,0,0,0,0,0,0,0,70,0,1518.1746826171875,56804.796325683594,0,67221336064,8589930496,67042295808,4341092352
200,1724134016289,999,900,1200,1200,1100,800,800,4521,875,880,800,800,1000,873,800,878,800,898,860,872,882,800,886,800,896,860,800,800,800,800,900,800,0,0,0,40,0,0,0,0,0,0,0,0,0,0,0,0,0,0,0,0,0,0,0,0,0,0,0,0,0,0,0,50,0,1526.2470092773438,56811.110290527344,0,67221336064,8589930496,66945597440,4440375296
200,1724134016489,999,900,1200,1200,1100,800,800,4521,875,880,800,800,1000,873,800,878,800,898,860,872,882,800,886,800,896,860,800,800,800,800,900,800,0,0,0,20,0,0,0,0,0,0,0,0,0,0,0,0,0,0,0,0,0,0,0,0,0,0,0,0,0,0,0,44.4444465637207,0,1532.4880981445313,56815.55145263672,0,67221336064,8589930496,66911903744,4469465088
200,1724134016689,999,900,1200,1200,1100,800,800,4521,875,880,800,800,1000,873,800,878,800,898,860,872,882,800,886,800,896,860,800,800,800,800,900,800,0,0,0,0,0,0,0,0,0,0,0,0,0,0,0,0,0,0,0,0,0,0,0,0,0,0,0,0,0,0,0,68.42105102539063,0,1539.9061279296875,56821.097412109375,0,67221336064,8589930496,66936676352,4444561408
200,1724134016889,999,900,1200,1200,1100,800,800,4521,875,880,800,800,1000,873,800,878,800,898,860,872,882,800,886,800,896,860,800,800,800,800,900,800,0,0,0,0,0,0,0,0,0,0,0,0,0,0,0,0,0,0,0,0,0,0,0,0,0,0,0,0,0,0,0,70,0,1547.5123291015625,56826.82354736328,0,67221336064,8589930496,66961448960,4421230592
200,1724134017089,999,900,1200,1200,1100,800,800,4521,875,880,800,800,1000,873,800,878,800,898,860,872,882,800,886,800,896,860,800,800,800,800,900,800,0,0,0,0,0,0,0,0,0,0,0,0,0,0,0,0,0,0,0,0,0,0,0,0,0,0,0,0,0,0,0,50,0,1554.172607421875,56831.73358154297,0,67221336064,8589930496,67011239936,4366442496
200,1724134017289,999,900,1200,1200,1100,800,800,4521,875,880,800,800,1000,873,800,878,800,898,860,872,882,800,886,800,896,860,800,800,800,800,900,800,0,0,0,0,0,0,0,0,0,0,0,0,0,0,0,0,0,0,0,0,0,0,0,0,0,0,0,0,0,0,0,50,0,1560.9688110351563,56836.77600097656,0,67221336064,8589930496,67077033984,4308963328
200,1724134017489,999,900,1200,1200,1100,800,800,4521,875,880,800,800,1000,873,800,878,800,898,860,872,882,800,886,800,896,860,800,800,800,800,900,800,0,0,0,35,0,0,0,0,0,0,0,0,0,0,0,0,0,0,0,0,0,0,0,0,0,0,0,0,0,0,0,47.619049072265625,0,1569.099365234375,56843.112548828125,0,67221336064,8589930496,67014897664,4361019392
199,1724134017690,999,900,1200,1200,1100,800,800,4521,875,880,800,800,1000,873,800,878,800,898,860,872,882,800,886,800,896,860,800,800,800,800,900,800,0,0,0,0,0,0,0,0,0,0,0,0,0,0,0,0,0,0,0,0,0,0,0,0,0,0,0,0,0,0,28.571430206298828,20,0,1575.972412109375,56848.22821044922,0,67221336064,8589930496,67064401920,4309962752
199,1724134017890,999,900,1200,1200,1100,800,800,4521,875,880,800,800,1000,873,800,878,800,898,860,872,882,800,886,800,896,860,800,800,800,800,900,800,0,0,0,100,0,0,0,0,0,0,0,0,0,0,0,0,0,0,0,0,0,0,0,0,0,0,0,0,0,0,57.894737243652344,0,0,1585.9220581054688,56856.20770263672,0,67221336064,8589930496,67061968896,4300931072
200,1724134018090,999,900,1200,1200,1100,800,800,4521,875,880,800,800,1000,873,800,878,800,898,860,872,882,800,886,800,896,860,800,800,800,800,900,800,0,0,0,100,0,0,0,0,0,0,0,0,0,0,0,0,0,0,0,0,0,0,0,0,0,0,0,0,0,0,57.894737243652344,0,0,1595.4016723632813,56863.79669189453,0,67221336064,8589930496,66899021824,4461969408
200,1724134018290,999,900,1200,1200,1100,800,800,4521,875,880,800,800,1000,873,800,878,800,898,860,872,882,800,886,800,896,860,800,800,800,800,900,800,0,0,0,0,0,0,0,0,0,0,0,0,0,0,0,0,0,0,0,0,0,0,0,0,0,0,0,0,0,0,61.11111068725586,0,0,1602.7222900390625,56869.362060546875,0,67221336064,8589930496,66955743232,4411637760
200,1724134018490,999,900,1200,1200,1100,800,800,4521,875,880,800,800,1000,873,800,878,800,898,860,872,882,800,886,800,896,860,800,800,800,800,900,800,0,0,5,0,0,0,0,0,0,0,0,0,0,0,0,0,0,0,0,0,0,0,0,0,0,0,0,0,0,0,52.6315803527832,0,0,1609.704833984375,56874.585388183594,0,67221336064,8589930496,67001155584,4361306112
200,1724134018690,999,900,1200,1200,1100,800,800,4521,875,880,800,800,1000,873,800,878,800,898,860,872,882,800,886,800,896,860,800,800,800,800,900,800,0,0,0,0,0,0,0,0,0,0,0,0,0,0,0,0,0,0,0,0,0,0,0,0,0,0,0,0,0,0,71.42857360839844,0,0,1616.7418823242188,56879.86407470703,0,67221336064,8589930496,67042443264,4324605952
200,1724134018890,999,900,1200,1200,1100,800,800,4521,875,880,800,800,1000,873,800,878,800,898,860,872,882,800,886,800,896,860,800,800,800,800,900,800,0,0,0,0,0,0,0,0,0,0,0,0,0,0,0,0,0,0,0,0,0,0,0,0,0,0,0,0,0,0,77.77777862548828,0,0,1624.2265625,56885.59143066406,0,67221336064,8589930496,67067215872,4294721536
200,1724134019090,999,900,1200,1200,1100,800,800,4521,875,880,800,800,1000,873,800,878,800,898,860,872,882,800,886,800,896,860,800,800,800,800,900,800,0,0,45,0,0,0,0,0,0,0,0,0,0,0,0,0,0,0,0,0,0,0,0,0,0,0,0,0,0,0,55,0,0,1632.855224609375,56892.44989013672,0,67221336064,8589930496,67017891840,4352630784
199,1724134019290,999,900,1200,1200,1100,800,800,4521,875,880,800,800,1000,873,800,878,800,898,860,872,882,800,886,800,896,860,800,800,800,800,900,800,0,0,30.000001907348633,0,0,0,0,0,0,0,0,0,0,0,0,0,0,0,0,0,0,0,0,0,0,0,0,0,0,0,61.11111068725586,0,0,1640.7955322265625,56898.62969970703,0,67221336064,8589930496,67028971520,4342976512
199,1724134019490,999,900,1200,1200,1100,800,800,4521,875,880,800,800,1000,873,800,878,800,898,860,872,882,800,886,800,896,860,800,800,800,800,900,800,9.523809432983398,0,89.47368621826172,0,0,0,0,0,0,0,0,0,0,0,0,0,0,0,0,0,0,0,0,0,0,0,0,0,0,0,45,0,0,1649.677490234375,56905.683532714844,0,67221336064,8589930496,66870927360,4500815872
199,1724134019690,999,900,1200,1200,1100,800,800,4521,875,880,800,800,1000,873,800,878,800,898,860,872,882,800,886,800,896,860,800,800,800,800,900,800,0,0,42.105262756347656,0,19.047618865966797,0,0,0,0,0,0,0,0,0,0,0,0,0,0,0,0,0,0,0,0,0,0,0,0,0,0,0,0,1655.8005981445313,56910.060974121094,0,67221336064,8589930496,66920714240,4451532800
199,1724134019890,999,900,1200,1200,1100,800,800,4521,875,880,800,800,1000,873,800,878,800,898,860,872,882,800,886,800,896,860,800,800,800,800,900,800,0,0,63.15789031982422,0,0,0,0,0,0,0,0,0,0,0,0,0,0,0,0,0,0,0,0,0,0,0,0,0,0,0,0,0,0,1662.6865844726563,56915.208984375,0,67221336064,8589930496,66972495872,4402511872
199,1724134020091,999,900,1200,1200,1100,800,800,4521,875,880,800,800,1000,873,800,878,800,898,860,872,882,800,886,800,896,860,800,800,800,800,900,800,0,0,45,0,0,0,0,0,0,0,0,0,0,0,0,0,0,0,0,0,0,0,0,0,0,0,0,0,0,0,0,0,0,1669.66796875,56920.44104003906,0,67221336064,8589930496,67036950528,4347199488
200,1724134020291,999,900,1200,1200,1100,800,800,4521,875,880,800,800,1000,873,800,878,800,898,860,872,882,800,886,800,896,860,800,800,800,800,900,800,0,0,27.77777862548828,0,15.000000953674316,0,0,0,0,0,0,0,0,0,0,0,0,0,0,0,0,0,0,0,0,0,0,0,0,0,20,0,0,1675.4140014648438,56924.41375732422,0,67221336064,8589930496,66888683520,4450783232
200,1724134020491,999,900,1200,1200,1100,800,800,4521,875,880,800,800,1000,873,800,878,800,898,860,872,882,800,886,800,896,860,800,800,800,800,900,800,0,0,42.105262756347656,0,0,0,0,0,0,0,0,0,0,0,0,0,0,0,0,0,0,0,0,0,0,0,0,0,0,0,0,0,0,1680.2202758789063,56927.47937011719,0,67221336064,8589930496,66946387968,4391800832
199,1724134020691,999,900,1200,1200,1100,800,800,4521,875,880,800,800,1000,873,800,878,800,898,860,872,882,800,886,800,896,860,800,800,800,800,900,800,0,0,50,0,0,0,0,0,0,0,0,0,0,0,0,0,0,0,0,0,0,0,0,0,0,0,0,0,0,0,0,0,0,1685.7257690429688,56931.247009277344,0,67221336064,8589930496,67004436480,4328624128
200,1724134020891,999,900,1200,1200,1100,800,800,4521,875,880,800,800,1000,873,800,878,800,898,860,872,882,800,886,800,896,860,800,800,800,800,900,800,0,0,50,0,0,0,0,0,0,0,0,0,0,0,0,0,0,0,0,0,0,0,0,0,0,0,0,0,0,0,0,0,0,1690.4369506835938,56934.20733642578,0,67221336064,8589930496,66930692096,4345348096
200,1724134021091,999,900,1200,1200,1100,800,800,4521,875,880,800,800,1000,873,800,878,800,898,860,872,882,800,886,800,896,860,800,800,800,800,900,800,0,0,33.333335876464844,0,7.692307949066162,0,0,0,0,0,0,0,0,0,0,0,0,0,0,0,0,0,0,0,0,0,0,0,0,0,17.073171615600586,0,0,1695.3615112304688,56937.372619628906,0,67221336064,8589930496,66938728448,4325335040
199,1724134021291,999,900,1200,1200,1100,800,800,4521,875,880,800,800,1000,873,800,878,800,898,860,872,882,800,886,800,896,860,800,800,800,800,900,800,0,0,40,0,4.761904716491699,0,0,0,0,0,0,0,0,0,0,0,0,0,0,0,0,0,0,0,0,0,0,0,0,0,0,0,0,1699.1964721679688,56939.46923828125,0,67221336064,8589930496,67004747776,4294926336
200,1724134021491,999,900,1200,1200,1100,800,800,4521,875,880,800,800,1000,873,800,878,800,898,860,872,882,800,886,800,896,860,800,800,800,800,900,800,0,0,40,0,4.761904716491699,0,0,0,0,0,0,0,0,0,0,0,0,0,0,0,0,0,0,0,0,0,0,0,0,0,0,0,0,1703.2817993164063,56941.80535888672,0,67221336064,8589930496,66980528128,4345483264
200,1724134021691,999,900,1200,1200,1100,800,800,4521,875,880,800,800,1000,873,800,878,800,898,860,872,882,800,886,800,896,860,800,800,800,800,900,800,0,0,18.421052932739258,0,23.076923370361328,0,0,0,0,0,0,0,0,0,0,0,0,0,0,0,0,0,0,0,0,0,0,0,0,0,17.948719024658203,0,0,1708.0419921875,56944.808837890625,0,67221336064,8589930496,66916618240,4408942592
200,1724134021891,999,900,1200,1200,1100,800,800,4521,875,880,800,800,1000,873,800,878,800,898,860,872,882,800,886,800,896,860,800,800,800,800,900,800,0,0,36.842105865478516,0,0,0,0,0,0,0,0,0,0,0,0,0,0,0,0,0,0,0,0,0,0,0,0,0,0,0,0,0,0,1711.3797607421875,56946.40997314453,0,67221336064,8589930496,66974420992,4351795200
200,1724134022091,999,900,1200,1200,1100,800,800,4521,875,880,800,800,1000,873,800,878,800,898,860,872,882,800,886,800,896,860,800,800,800,800,900,800,0,0,45,0,0,0,0,0,0,0,0,0,0,0,0,0,0,0,0,0,0,0,0,0,0,0,0,0,0,0,0,0,0,1714.7860717773438,56948.07440185547,0,67221336064,8589930496,67031449600,4294909952
200,1724134022291,999,900,1200,1200,1100,800,800,4521,875,880,800,800,1000,873,800,878,800,898,860,872,882,800,886,800,896,860,800,800,800,800,900,800,0,0,31.57894515991211,0,0,0,0,0,0,0,0,0,0,0,0,0,0,0,0,0,0,0,0,0,0,0,0,0,0,0,40,0,0,1720.7861328125,56952.303771972656,0,67221336064,8589930496,66892648448,4429889536
200,1724134022492,999,900,1200,1200,1100,800,800,4521,875,880,800,800,1000,873,800,878,800,898,860,872,882,800,886,800,896,860,800,800,800,800,900,800,0,0,0,42.85714340209961,0,0,0,0,0,0,0,0,0,0,0,0,0,0,0,0,0,0,0,0,0,0,0,0,0,0,0,0,0,1724.9805908203125,56954.75646972656,0,67221336064,8589930496,66958675968,4358848512
200,1724134022692,999,900,1200,1200,1100,800,800,4521,875,880,800,800,1000,873,800,878,800,898,860,872,882,800,886,800,896,860,800,800,800,800,900,800,0,0,0,42.105262756347656,0,0,0,0,0,0,0,0,0,0,0,0,0,0,0,0,0,0,0,0,0,0,0,0,0,0,0,0,0,1728.6105346679688,56956.64294433594,0,67221336064,8589930496,67024719872,4295933952
200,1724134022892,999,900,1200,1200,1100,800,800,4521,875,880,800,800,1000,873,800,878,800,898,860,872,882,800,886,800,896,860,800,800,800,800,900,800,0,0,0,27.77777862548828,0,0,0,0,0,0,0,0,0,0,0,0,0,0,0,0,0,0,0,0,0,0,0,0,0,0,35,0,0,1734.0488891601563,56960.30773925781,0,67221336064,8589930496,66879451136,4474888192
200,1724134023092,999,900,1200,1200,1100,800,800,4521,875,880,800,800,1000,873,800,878,800,898,860,872,882,800,886,800,896,860,800,800,800,800,900,800,0,0,0,52.38095474243164,0,0,0,0,0,0,0,0,0,0,0,0,0,0,0,0,0,0,0,0,0,0,0,0,0,0,0,0,0,1738.2861328125,56962.80310058594,0,67221336064,8589930496,66944630784,4405420032
199,1724134023292,999,900,1200,1200,1100,800,800,4521,875,880,800,800,1000,873,800,878,800,898,860,872,882,800,886,800,896,860,800,800,800,800,900,800,0,0,0,36.842105865478516,0,0,0,0,0,0,0,0,0,0,0,0,0,0,0,0,0,0,0,0,0,0,0,0,0,0,0,0,0,1741.7466430664063,56964.52380371094,0,67221336064,8589930496,67018948608,4330971136
200,1724134023492,999,900,1200,1200,1100,800,800,4521,875,880,800,800,1000,873,800,878,800,898,860,872,882,800,886,800,896,860,800,800,800,800,900,800,0,0,0,33.333335876464844,0,0,0,0,0,0,0,0,0,0,0,0,0,0,0,0,0,0,0,0,0,0,0,0,0,0,33.333335876464844,0,0,1746.635498046875,56967.664306640625,0,67221336064,8589930496,66881114112,4431519744
199,1724134023692,999,900,1200,1200,1100,800,800,4521,875,880,800,800,1000,873,800,878,800,898,860,872,882,800,886,800,896,860,800,800,800,800,900,800,0,0,0,45,0,0,0,0,0,0,0,0,0,0,0,0,0,0,0,0,0,0,0,0,0,0,0,0,0,0,0,0,0,1749.5228881835938,56968.82165527344,0,67221336064,8589930496,66955579392,4356808704
199,1724134023892,999,900,1200,1200,1100,800,800,4521,875,880,800,800,1000,873,800,878,800,898,860,872,882,800,886,800,896,860,800,800,800,800,900,800,0,0,0,33.333335876464844,0,0,0,0,0,0,0,0,0,0,0,0,0,0,0,0,0,0,0,0,0,0,0,0,0,0,0,0,0,1752.0604858398438,56969.636291503906,0,67221336064,8589930496,67020402688,4294942720
200,1724134024092,999,900,1200,1200,1100,800,800,4521,875,880,800,800,1000,873,800,878,800,898,860,872,882,800,886,800,896,860,800,800,800,800,900,800,0,0,0,33.333335876464844,0,0,0,0,0,0,0,0,0,0,0,0,0,0,0,0,0,0,0,0,0,0,0,0,0,0,0,0,0,1757.0523071289063,56972.87683105469,0,67221336064,8589930496,66881982464,4462055424
199,1724134024292,999,900,1200,1200,1100,800,800,4521,875,880,800,800,1000,873,800,878,800,898,860,872,882,800,886,800,896,860,800,800,800,800,900,800,0,0,0,38.46154022216797,0,0,0,0,0,0,0,0,0,0,0,0,0,0,0,0,0,0,0,0,0,0,0,0,0,0,17.948719024658203,0,0,1759.3502807617188,56973.46447753906,0,67221336064,8589930496,66913959936,4430286848
199,1724134024492,999,900,1200,1200,1100,800,800,4521,875,880,800,800,1000,873,800,878,800,898,860,872,882,800,886,800,896,860,800,800,800,800,900,800,0,0,0,38.46154022216797,0,0,0,0,0,0,0,0,0,0,0,0,0,0,0,0,0,0,0,0,0,0,0,0,0,0,17.948719024658203,0,0,1763.114501953125,56975.47784423828,0,67221336064,8589930496,66972008448,4378382336
199,1724134024692,999,900,1200,1200,1100,800,800,4521,875,880,800,800,1000,873,800,878,800,898,860,872,882,800,886,800,896,860,800,800,800,800,900,800,0,0,26.3157901763916,15.000000953674316,0,0,0,0,0,0,0,0,0,0,0,0,0,0,0,0,0,0,0,0,0,0,0,0,0,0,0,0,0,1768.2661743164063,56978.87615966797,0,67221336064,8589930496,67039711232,4317827072
199,1724134024892,999,900,1200,1200,1100,800,800,4521,875,880,800,800,1000,873,800,878,800,898,860,872,882,800,886,800,896,860,800,800,800,800,900,800,0,0,0,40,0,0,0,0,0,0,0,0,0,0,0,0,0,0,0,0,0,0,0,0,0,0,0,0,0,0,28.571430206298828,0,0,1774.8165283203125,56983.63006591797,0,67221336064,8589930496,66886721536,4418801664
199,1724134025093,999,900,1200,1200,1100,800,800,4521,875,880,800,800,1000,873,800,878,800,898,860,872,882,800,886,800,896,860,800,800,800,800,900,800,0,0,0,55,0,0,0,0,0,0,0,0,0,0,0,0,0,0,0,0,0,0,0,0,0,0,0,0,0,0,0,0,0,1782.3336791992188,56989.355529785156,0,67221336064,8589930496,66944360448,4361867264
199,1724134025293,999,900,1200,1200,1100,800,800,4521,875,880,800,800,1000,873,800,878,800,898,860,872,882,800,886,800,896,860,800,800,800,800,900,800,0,0,0,36.842105865478516,0,0,0,0,0,0,0,0,0,0,0,0,0,0,0,0,0,0,0,0,0,0,0,0,0,0,0,0,0,1788.8615112304688,56994.12109375,0,67221336064,8589930496,67002163200,4311011328
199,1724134025493,999,900,1200,1200,1100,800,800,4521,875,880,800,800,1000,873,800,878,800,898,860,872,882,800,886,800,896,860,800,800,800,800,900,800,0,0,0,52.6315803527832,0,0,0,0,0,0,0,0,0,0,0,0,0,0,0,0,0,0,0,0,0,0,0,0,0,0,0,0,0,1795.2377319335938,56998.69805908203,0,67221336064,8589930496,67059544064,4294758400
199,1724134025693,999,900,1200,1200,1100,800,800,4521,875,880,800,800,1000,873,800,878,800,898,860,872,882,800,886,800,896,860,800,800,800,800,900,800,0,0,0,36.842105865478516,0,0,0,0,0,0,0,0,0,0,0,0,0,0,0,0,0,0,0,0,0,0,0,0,0,0,25,0,0,1801.5127563476563,57003.19348144531,0,67221336064,8589930496,66905980928,4366848000
199,1724134025893,999,900,1200,1200,1100,800,800,4521,875,880,800,800,1000,873,800,878,800,898,860,872,882,800,886,800,896,860,800,800,800,800,900,800,0,0,0,36.842105865478516,0,0,0,0,0,0,0,0,0,0,0,0,0,0,0,0,0,0,0,0,0,0,0,0,0,0,25,0,0,1804.1629638671875,57004.102111816406,0,67221336064,8589930496,66947514368,4320710656
199,1724134026093,999,900,1200,1200,1100,800,800,4521,875,880,800,800,1000,873,800,878,800,898,860,872,882,800,886,800,896,860,800,800,800,800,900,800,0,0,0,44.4444465637207,0,0,0,0,0,0,0,0,0,0,0,0,0,0,0,0,0,0,0,0,0,0,0,0,0,0,0,0,0,1806.733154296875,57004.92810058594,0,67221336064,8589930496,66995585024,4294758400
199,1724134026293,999,900,1200,1200,1100,800,800,4521,875,880,800,800,1000,873,800,878,800,898,860,872,882,800,886,800,896,860,800,800,800,800,900,800,0,0,0,36.842105865478516,0,0,0,0,0,0,0,0,0,0,0,0,0,0,0,0,0,0,0,0,0,0,0,0,0,0,0,0,0,1809.3013916015625,57005.753662109375,0,67221336064,8589930496,67036610560,4294758400
200,1724134026493,999,900,1200,1200,1100,800,800,4521,875,880,800,800,1000,873,800,878,800,898,860,872,882,800,886,800,896,860,800,800,800,800,900,800,0,0,0,36.842105865478516,0,0,0,0,0,0,0,0,0,0,0,0,0,0,0,0,0,0,0,0,0,0,0,0,0,0,0,0,0,1816.7396240234375,57011.390869140625,0,67221336064,8589930496,66899316736,4420878336
200,1724134026693,999,900,1200,1200,1100,800,800,4521,875,880,800,800,1000,873,800,878,800,898,860,872,882,800,886,800,896,860,800,800,800,800,900,800,0,0,0,45.945945739746094,0,0,0,0,0,0,0,0,0,0,0,0,0,0,0,0,0,0,0,0,0,0,0,0,0,0,17.5,0,0,1823.17041015625,57016.021484375,0,67221336064,8589930496,66948861952,4371070976
199,1724134026893,999,900,1200,1200,1100,800,800,4521,875,880,800,800,1000,873,800,878,800,898,860,872,882,800,886,800,896,860,800,800,800,800,900,800,0,0,0,36.842105865478516,0,0,0,0,0,0,0,0,0,0,0,0,0,0,0,0,0,0,0,0,0,0,0,0,0,0,0,0,0,1826.3658447265625,57017.494140625,0,67221336064,8589930496,66973880320,4352196608
199,1724134027093,999,900,1200,1200,1100,800,800,4521,875,880,800,800,1000,873,800,878,800,898,860,872,882,800,886,800,896,860,800,800,800,800,900,800,0,0,5,38.88888931274414,0,0,0,0,0,0,0,0,0,0,0,0,0,0,0,0,0,0,0,0,0,0,0,0,0,0,0,0,0,1828.3292236328125,57017.77410888672,0,67221336064,8589930496,66990002176,4336205824
199,1724134027293,999,900,1200,1200,1100,800,800,4521,875,880,800,800,1000,873,800,878,800,898,860,872,882,800,886,800,896,860,800,800,800,800,900,800,0,0,5,38.88888931274414,0,0,0,0,0,0,0,0,0,0,0,0,0,0,0,0,0,0,0,0,0,0,0,0,0,0,0,0,0,1830.2857666015625,57018.04724121094,0,67221336064,8589930496,67006517248,4324147200
199,1724134027493,999,900,1200,1200,1100,800,800,4521,875,880,800,800,1000,873,800,878,800,898,860,872,882,800,886,800,896,860,800,800,800,800,900,800,0,0,0,36.842105865478516,0,0,0,0,0,0,0,0,0,0,0,0,0,0,0,0,0,0,0,0,0,0,0,0,0,0,0,0,0,1832.2323608398438,57018.31433105469,0,67221336064,8589930496,67022680064,4310777856
199,1724134027694,999,900,1200,1200,1100,800,800,4521,875,880,800,800,1000,873,800,878,800,898,860,872,882,800,886,800,896,860,800,800,800,800,900,800,0,0,0,31.25,0,0,0,0,0,0,0,0,0,0,0,0,0,0,0,0,0,0,0,0,0,0,0,0,0,0,0,0,0,1834.1905517578125,57018.59094238281,0,67221336064,8589930496,67039178752,4297146368
199,1724134027894,999,900,1200,1200,1100,800,800,4521,875,880,800,800,1000,873,800,878,800,898,860,872,882,800,886,800,896,860,800,800,800,800,900,800,0,0,0,36.842105865478516,0,0,0,0,0,0,0,0,0,0,0,0,0,0,0,0,0,0,0,0,0,0,0,0,0,0,0,0,0,1836.1470947265625,57018.865295410156,0,67221336064,8589930496,67047419904,4294787072
199,1724134028094,999,900,1200,1200,1100,800,800,4521,875,880,800,800,1000,873,800,878,800,898,860,872,882,800,886,800,896,860,800,800,800,800,900,800,0,0,0,36.842105865478516,0,0,0,0,0,0,0,0,0,0,0,0,0,0,0,0,0,0,0,0,0,0,0,0,0,0,0,0,0,1842.2984619140625,57023.211181640625,0,67221336064,8589930496,66885206016,4411486208
200,1724134028294,999,900,1200,1200,1100,800,800,4521,875,880,800,800,1000,873,800,878,800,898,860,872,882,800,886,800,896,860,800,800,800,800,900,800,0,0,0,56.41025924682617,0,0,0,0,0,0,0,0,0,0,0,0,0,0,0,0,0,0,0,0,0,0,0,0,0,0,20.512821197509766,0,0,1846.8975830078125,57025.98956298828,0,67221336064,8589930496,66893463552,4403097600
200,1724134028494,999,900,1200,1200,1100,800,800,4521,875,880,800,800,1000,873,800,878,800,898,860,872,882,800,886,800,896,860,800,800,800,800,900,800,0,0,0,100,0,0,0,0,0,0,0,0,0,0,0,0,0,0,0,0,0,0,0,0,0,0,0,0,0,0,0,0,0,1855.2457275390625,57032.365783691406,0,67221336064,8589930496,66893709312,4402573312
200,1724134028694,999,900,1200,1200,1100,800,800,4521,875,880,800,800,1000,873,800,878,800,898,860,872,882,800,886,800,896,860,800,800,800,800,900,800,0,0,0,70,0,0,0,0,0,0,0,0,0,0,0,0,0,0,0,0,0,0,0,0,0,0,0,0,0,0,0,0,0,1863.1100463867188,57038.37341308594,0,67221336064,8589930496,66926739456,4370591744
199,1724134028894,999,900,1200,1200,1100,800,800,4521,875,880,800,800,1000,873,800,878,800,898,860,872,882,800,886,800,896,860,800,800,800,800,900,800,0,0,0,36.842105865478516,0,0,0,0,0,0,0,0,0,0,0,0,0,0,0,0,0,0,0,0,0,0,0,0,0,0,0,0,0,1866.1553955078125,57039.70489501953,0,67221336064,8589930496,66934996992,4359057408
199,1724134029094,999,900,1200,1200,1100,800,800,4521,875,880,800,800,1000,873,800,878,800,898,860,872,882,800,886,800,896,860,800,800,800,800,900,800,0,0,0,27.77777862548828,0,0,0,0,4.761904716491699,0,0,0,0,0,0,0,0,0,0,0,0,0,0,0,0,0,0,0,0,0,0,0,0,1868.1114501953125,57039.97521972656,0,67221336064,8589930496,66942951424,4347260928
199,1724134029294,999,900,1200,1200,1100,800,800,4521,875,880,800,800,1000,873,800,878,800,898,860,872,882,800,886,800,896,860,800,800,800,800,900,800,0,0,0,27.77777862548828,0,0,0,0,4.761904716491699,0,0,0,0,0,0,0,0,0,0,0,0,0,0,0,0,0,0,0,0,0,0,0,0,1870.0591430664063,57040.24334716797,0,67221336064,8589930496,66959466496,4333629440
199,1724134029494,999,900,1200,1200,1100,800,800,4521,875,880,800,800,1000,873,800,878,800,898,860,872,882,800,886,800,896,860,800,800,800,800,900,800,0,0,0,31.57894515991211,0,0,0,0,0,0,0,0,0,0,0,0,0,0,0,0,0,0,0,0,0,0,0,0,0,0,0,0,0,1871.9992065429688,57040.50207519531,0,67221336064,8589930496,66975981568,4321308672
199,1724134029694,999,900,1200,1200,1100,800,800,4521,875,880,800,800,1000,873,800,878,800,898,860,872,882,800,886,800,896,860,800,800,800,800,900,800,0,0,0,27.77777862548828,0,0,0,0,0,0,0,0,0,0,0,0,0,0,0,0,0,0,0,0,0,0,0,0,0,0,0,0,0,1873.9441528320313,57040.764892578125,0,67221336064,8589930496,66984239104,4306890752
199,1724134029894,999,900,1200,1200,1100,800,800,4521,875,880,800,800,1000,873,800,878,800,898,860,872,882,800,886,800,896,860,800,800,800,800,900,800,0,0,0,27.77777862548828,0,0,0,0,0,0,0,0,0,0,0,0,0,0,0,0,0,0,0,0,0,0,0,0,0,0,0,0,0,1875.8960571289063,57041.037353515625,0,67221336064,8589930496,67000070144,4294832128
199,1724134030094,999,900,1200,1200,1100,800,800,4521,875,880,800,800,1000,873,800,878,800,898,860,872,882,800,886,800,896,860,800,800,800,800,900,800,0,0,0,26.3157901763916,0,0,0,0,0,0,0,0,0,0,0,0,0,0,0,0,0,0,0,0,0,0,0,0,0,0,0,11.764705657958984,0,1877.8834838867188,57041.33660888672,0,67221336064,8589930496,67013558272,4294832128
199,1724134030295,999,900,1200,1200,1100,800,800,4521,875,880,800,800,1000,873,800,878,800,898,860,872,882,800,886,800,896,860,800,800,800,800,900,800,0,0,5,30.000001907348633,0,0,0,0,0,0,0,0,0,0,0,0,0,0,0,0,0,0,0,0,0,0,0,0,0,0,0,0,0,1879.8267822265625,57041.59143066406,0,67221336064,8589930496,67029946368,4294832128
199,1724134030495,999,900,1200,1200,1100,800,800,4521,875,880,800,800,1000,873,800,878,800,898,860,872,882,800,886,800,896,860,800,800,800,800,900,800,0,0,5,30.000001907348633,0,0,0,0,0,0,0,0,0,0,0,0,0,0,0,0,0,0,0,0,0,0,0,0,0,0,0,0,0,1881.7601318359375,57041.85070800781,0,67221336064,8589930496,67038171136,4294832128
199,1724134030695,999,900,1200,1200,1100,800,800,4521,875,880,800,800,1000,873,800,878,800,898,860,872,882,800,886,800,896,860,800,800,800,800,900,800,4.761904716491699,0,0,27.77777862548828,0,0,0,0,0,0,0,0,0,0,0,0,0,0,0,0,0,0,0,0,0,0,0,0,0,0,0,0,0,1883.70458984375,57042.115783691406,0,67221336064,8589930496,67054653440,4294832128
200,1724134030894,999,900,1200,1200,1100,800,800,4521,875,880,800,800,1000,873,800,878,800,898,860,872,882,800,886,800,896,860,800,800,800,800,900,800,4.761904716491699,0,0,27.77777862548828,0,0,0,0,0,0,0,0,0,0,0,0,0,0,0,0,0,0,0,0,0,0,0,0,0,0,0,0,0,1888.2040405273438,57044.89685058594,0,67221336064,8589930496,66860040192,4451627008
199,1724134031095,999,900,1200,1200,1100,800,800,4521,875,880,800,800,1000,873,800,878,800,898,860,872,882,800,886,800,896,860,800,800,800,800,900,800,0,0,0,26.3157901763916,0,0,0,0,0,0,0,0,0,0,0,0,0,0,0,0,0,0,0,0,0,0,0,0,0,0,19.51219367980957,0,0,1890.4254760742188,57045.42687988281,0,67221336064,8589930496,66875908096,4439044096
199,1724134031295,999,900,1200,1200,1100,800,800,4521,875,880,800,800,1000,873,800,878,800,898,860,872,882,800,886,800,896,860,800,800,800,800,900,800,0,0,0,27.77777862548828,0,0,0,0,0,0,0,0,0,0,0,0,0,0,0,0,0,0,0,0,0,0,0,0,0,0,0,0,0,1892.3677978515625,57045.69256591797,0,67221336064,8589930496,66884411392,4427247616
199,1724134031495,999,900,1200,1200,1100,800,800,4521,875,880,800,800,1000,873,800,878,800,898,860,872,882,800,886,800,896,860,800,800,800,800,900,800,0,0,0,26.3157901763916,0,0,0,0,0,0,0,0,0,0,0,0,0,0,0,0,0,0,0,0,0,0,0,0,0,0,0,0,0,1894.3040161132813,57045.94842529297,0,67221336064,8589930496,66892668928,4416499712
199,1724134031695,999,900,1200,1200,1100,800,800,4521,875,880,800,800,1000,873,800,878,800,898,860,872,882,800,886,800,896,860,800,800,800,800,900,800,0,0,0,26.3157901763916,0,0,0,0,0,0,0,0,0,0,0,0,0,0,0,0,0,0,0,0,0,0,0,0,0,0,0,0,0,1896.2260131835938,57046.18884277344,0,67221336064,8589930496,66900926464,4406538240
199,1724134031895,999,900,1200,1200,1100,800,800,4521,875,880,800,800,1000,873,800,878,800,898,860,872,882,800,886,800,896,860,800,800,800,800,900,800,0,0,0,25,0,0,0,0,0,0,0,0,0,0,0,4.878048419952393,0,0,0,0,0,0,0,0,0,0,0,0,0,0,0,0,0,1898.1632690429688,57046.44567871094,0,67221336064,8589930496,66917437440,4395003904
200,1724134032095,999,900,1200,1200,1100,800,800,4521,875,880,800,800,1000,873,800,878,800,898,860,872,882,800,886,800,896,860,800,800,800,800,900,800,0,0,0,25,0,0,0,0,0,0,0,0,0,0,0,4.878048419952393,0,0,0,0,0,0,0,0,0,0,0,0,0,0,0,0,0,1904.3114013671875,57050.72595214844,0,67221336064,8589930496,66925494272,4387401728
199,1724134032295,999,900,1200,1200,1100,800,800,4521,875,880,800,800,1000,873,800,878,800,898,860,872,882,800,886,800,896,860,800,800,800,800,900,800,0,0,2.4390242099761963,68.42105102539063,0,0,0,0,0,0,0,0,0,0,0,0,0,0,0,0,0,0,0,0,0,0,0,0,0,0,0,0,0,1909.8045043945313,57054.392333984375,0,67221336064,8589930496,66933751808,4380848128
199,1724134032495,999,900,1200,1200,1100,800,800,4521,875,880,800,800,1000,873,800,878,800,898,860,872,882,800,886,800,896,860,800,800,800,800,900,800,5.555555820465088,0,15.789472579956055,4.545454502105713,0,0,0,0,0,0,0,0,0,0,0,0,0,0,0,0,0,0,0,0,0,0,0,0,0,0,0,0,0,1911.7698974609375,57054.669982910156,0,67221336064,8589930496,66949750784,4369575936
199,1724134032695,999,900,1200,1200,1100,800,800,4521,875,880,800,800,1000,873,800,878,800,898,860,872,882,800,886,800,896,860,800,800,800,800,900,800,31.57894515991211,0,0,0,0,0,0,0,0,0,0,0,0,0,0,0,0,0,0,0,0,0,0,0,0,0,0,0,0,0,0,0,0,1913.7160034179688,57054.932678222656,0,67221336064,8589930496,66962137088,4358303744
200,1724134032895,999,900,1200,1200,1100,800,800,4521,875,880,800,800,1000,873,800,878,800,898,860,872,882,800,886,800,896,860,800,800,800,800,900,800,31.57894515991211,0,0,0,0,0,0,0,0,0,0,0,0,0,0,0,0,0,0,0,0,0,0,0,0,0,0,0,0,0,0,0,0,1921.4331665039063,57060.673400878906,0,67221336064,8589930496,66970136576,4353060864
200,1724134033095,999,900,1200,1200,1100,800,800,4521,875,880,800,800,1000,873,800,878,800,898,860,872,882,800,886,800,896,860,800,800,800,800,900,800,0,0,0,0,0,0,0,0,0,0,0,0,0,0,0,0,0,0,0,0,0,0,0,0,0,0,0,0,0,0,92.10526275634766,0,0,1930.2715454101563,57067.48083496094,0,67221336064,8589930496,66969960448,4351488000
199,1724134033296,999,900,1200,1200,1100,800,800,4521,875,880,800,800,1000,873,800,878,800,898,860,872,882,800,886,800,896,860,800,800,800,800,900,800,0,0,11.111111640930176,0,0,0,0,0,0,0,0,0,0,0,0,0,0,0,0,0,0,0,0,0,0,0,0,0,0,0,20,0,0,1932.6475219726563,57068.12854003906,0,67221336064,8589930496,66982084608,4341526528
200,1724134033496,999,900,1200,1200,1100,800,800,4521,875,880,800,800,1000,873,800,878,800,898,860,872,882,800,886,800,896,860,800,800,800,800,900,800,0,0,11.111111640930176,0,0,0,0,0,0,0,0,0,0,0,0,0,0,0,0,0,0,0,0,0,0,0,0,0,0,0,20,0,0,1940.4176025390625,57073.94299316406,0,67221336064,8589930496,66982084608,4338642944
199,1724134033696,999,900,1200,1200,1100,800,800,4521,875,880,800,800,1000,873,800,878,800,898,860,872,882,800,886,800,896,860,800,800,800,800,900,800,0,0,0,0,0,0,0,0,0,0,0,0,0,0,0,0,0,0,0,0,0,0,0,0,0,0,0,0,0,0,64.10256958007813,0,0,1943.8721313476563,57075.68194580078,0,67221336064,8589930496,66998599680,4327370752
200,1724134033896,999,900,1200,1200,1100,800,800,4521,875,880,800,800,1000,873,800,878,800,898,860,872,882,800,886,800,896,860,800,800,800,800,900,800,0,0,0,0,0,0,0,0,0,0,0,0,0,0,0,0,0,0,0,0,0,0,0,0,0,0,0,0,0,0,64.10256958007813,0,0,1950.1040649414063,57080.184509277344,0,67221336064,8589930496,66998341632,4325535744
199,1724134034096,999,900,1200,1200,1100,800,800,4521,875,880,800,800,1000,873,800,878,800,898,860,872,882,800,886,800,896,860,800,800,800,800,900,800,0,0,0,0,0,0,0,0,0,0,0,0,0,0,0,0,0,0,0,0,0,0,0,0,0,0,0,0,0,0,76.92308044433594,0,0,1955.415283203125,57083.77734375,0,67221336064,8589930496,67006443520,4318195712
199,1724134034296,999,900,1200,1200,1100,800,800,4521,875,880,800,800,1000,873,800,878,800,898,860,872,882,800,886,800,896,860,800,800,800,800,900,800,0,0,9.523809432983398,0,0,0,0,0,0,0,0,4.761904716491699,0,0,0,0,0,0,0,0,0,0,0,0,0,0,0,0,0,0,21.052631378173828,0,0,1957.3822021484375,57084.06335449219,0,67221336064,8589930496,67019042816,4306661376
199,1724134034496,999,900,1200,1200,1100,800,800,4521,875,880,800,800,1000,873,800,878,800,898,860,872,882,800,886,800,896,860,800,800,800,800,900,800,0,0,0,0,0,0,0,0,0,0,0,0,0,0,0,0,0,0,0,0,0,0,0,0,0,0,0,0,0,0,23.52941131591797,0,0,1959.314453125,57084.314392089844,0,67221336064,8589930496,67027288064,4294864896
199,1724134034696,999,900,1200,1200,1100,800,800,4521,875,880,800,800,1000,873,800,878,800,898,860,872,882,800,886,800,896,860,800,800,800,800,900,800,0,0,0,0,0,0,0,0,0,0,0,0,0,0,0,0,0,0,0,0,0,0,0,0,0,0,0,0,0,0,30.000001907348633,0,0,1961.2445678710938,57084.56463623047,0,67221336064,8589930496,67043790848,4294864896
199,1724134034896,999,900,1200,1200,1100,800,800,4521,875,880,800,800,1000,873,800,878,800,898,860,872,882,800,886,800,896,860,800,800,800,800,900,800,0,0,0,0,0,0,0,0,0,0,0,0,0,0,0,0,0,0,0,0,0,0,0,0,0,0,0,0,0,0,22.22222328186035,0,0,1963.1730346679688,57084.81561279297,0,67221336064,8589930496,67052036096,4294864896
200,1724134035096,999,900,1200,1200,1100,800,800,4521,875,880,800,800,1000,873,800,878,800,898,860,872,882,800,886,800,896,860,800,800,800,800,900,800,0,0,0,0,0,0,0,0,0,0,0,0,0,0,0,0,0,0,0,0,0,0,0,0,0,0,0,0,0,0,22.22222328186035,0,0,1968.3453369140625,57088.265625,0,67221336064,8589930496,66853609472,4468580352
199,1724134035297,999,900,1200,1200,1100,800,800,4521,875,880,800,800,1000,873,800,878,800,898,860,872,882,800,886,800,896,860,800,800,800,800,900,800,0,0,20,0,7.317072868347168,0,0,0,0,0,0,0,0,0,0,0,0,0,0,0,0,0,0,0,0,0,0,0,0,0,16.216215133666992,0,0,1970.3051147460938,57088.53826904297,0,67221336064,8589930496,66871930880,4455997440
200,1724134035497,999,900,1200,1200,1100,800,800,4521,875,880,800,800,1000,873,800,878,800,898,860,872,882,800,886,800,896,860,800,800,800,800,900,800,0,0,20,0,7.317072868347168,0,0,0,0,0,0,0,0,0,0,0,0,0,0,0,0,0,0,0,0,0,0,0,0,0,16.216215133666992,0,0,1975.537353515625,57091.94274902344,0,67221336064,8589930496,66880434176,4444463104
200,1724134035697,999,900,1200,1200,1100,800,800,4521,875,880,800,800,1000,873,800,878,800,898,860,872,882,800,886,800,896,860,800,800,800,800,900,800,0,0,0,0,0,0,0,0,0,0,0,0,0,0,0,0,0,0,0,0,0,0,0,0,0,0,0,0,0,0,82.5,0,0,1984.6124877929688,57098.946350097656,0,67221336064,8589930496,66880434176,4444463104
199,1724134035897,999,900,1200,1200,1100,800,800,4521,875,880,800,800,1000,873,800,878,800,898,860,872,882,800,886,800,896,860,800,800,800,800,900,800,0,0,0,0,0,0,0,0,0,0,0,0,0,0,0,0,0,0,0,0,0,0,0,0,0,0,0,0,0,0,47.36842346191406,0,0,1988.4776611328125,57101.023010253906,0,67221336064,8589930496,66888691712,4435288064
199,1724134036097,999,900,1200,1200,1100,800,800,4521,875,880,800,800,1000,873,800,878,800,898,860,872,882,800,886,800,896,860,800,800,800,800,900,800,0,0,0,0,0,0,0,0,0,0,0,0,0,0,0,0,0,0,0,0,0,0,0,0,0,0,0,0,0,0,36.842105865478516,0,0,1990.4818115234375,57101.30438232422,0,67221336064,8589930496,66905206784,4425326592
200,1724134036297,999,900,1200,1200,1100,800,800,4521,875,880,800,800,1000,873,800,878,800,898,860,872,882,800,886,800,896,860,800,800,800,800,900,800,0,0,0,0,0,0,0,0,0,0,0,0,0,0,0,0,0,0,0,0,0,0,0,0,0,0,0,0,0,0,36.842105865478516,0,0,1995.7457885742188,57104.74005126953,0,67221336064,8589930496,66913464320,4416937984
200,1724134036497,999,900,1200,1200,1100,800,800,4521,875,880,800,800,1000,873,800,878,800,898,860,872,882,800,886,800,896,860,800,800,800,800,900,800,0,0,0,0,0,0,0,0,0,0,0,0,0,0,0,0,0,0,0,0,0,0,0,0,0,0,0,0,0,0,67.5,0,0,2001.2442016601563,57108.46563720703,0,67221336064,8589930496,66921721856,4404617216
200,1724134036698,999,900,1200,1200,1100,800,800,4521,875,880,800,800,1000,873,800,878,800,898,860,872,882,800,886,800,896,860,800,800,800,800,900,800,0,0,0,0,0,0,0,0,0,0,0,0,0,0,0,0,0,0,0,0,0,0,0,0,0,0,0,0,0,0,84.21052551269531,0,0,2008.950439453125,57114.24444580078,0,67221336064,8589930496,66921721856,4401995776
199,1724134036898,999,900,1200,1200,1100,800,800,4521,875,880,800,800,1000,873,800,878,800,898,860,872,882,800,886,800,896,860,800,800,800,800,900,800,0,0,0,0,0,0,0,0,0,0,0,0,0,0,0,0,0,0,0,0,0,0,0,0,0,0,0,0,0,0,26.3157901763916,0,0,2010.9168701171875,57114.515686035156,0,67221336064,8589930496,66938236928,4390985728
199,1724134037098,999,900,1200,1200,1100,800,800,4521,875,880,800,800,1000,873,800,878,800,898,860,872,882,800,886,800,896,860,800,800,800,800,900,800,0,0,0,0,0,0,0,0,0,0,0,0,0,0,0,0,0,0,0,0,0,0,0,0,0,0,0,0,0,0,23.52941131591797,0,0,2012.8569946289063,57114.77716064453,0,67221336064,8589930496,66946490368,4379713536
199,1724134037298,999,900,1200,1200,1100,800,800,4521,875,880,800,800,1000,873,800,878,800,898,860,872,882,800,886,800,896,860,800,800,800,800,900,800,0,0,0,0,0,0,0,0,0,0,0,0,0,0,0,0,0,0,0,0,0,0,0,0,0,0,0,0,0,0,23.52941131591797,0,0,2014.8014526367188,57115.03582763672,0,67221336064,8589930496,66954747904,4368179200
199,1724134037498,999,900,1200,1200,1100,800,800,4521,875,880,800,800,1000,873,800,878,800,898,860,872,882,800,886,800,896,860,800,800,800,800,900,800,0,0,9.523809432983398,0,0,0,0,0,0,0,0,0,0,0,0,0,0,0,0,0,0,0,0,0,0,0,0,0,0,0,22.22222328186035,0,0,2016.7337646484375,57115.28936767578,0,67221336064,8589930496,66972037120,4356644864
199,1724134037698,999,900,1200,1200,1100,800,800,4521,875,880,800,800,1000,873,800,878,800,898,860,872,882,800,886,800,896,860,800,800,800,800,900,800,0,0,9.523809432983398,0,0,0,0,0,0,0,0,0,0,0,0,0,0,0,0,0,0,0,0,0,0,0,0,0,0,0,22.22222328186035,0,0,2018.6749877929688,57115.5478515625,0,67221336064,8589930496,66987520000,4345110528
199,1724134037898,999,900,1200,1200,1100,800,800,4521,875,880,800,800,1000,873,800,878,800,898,860,872,882,800,886,800,896,860,800,800,800,800,900,800,0,0,20,0,0,0,0,0,0,0,0,0,0,0,0,0,0,0,0,0,0,0,0,0,0,0,0,0,0,0,7.142857551574707,0,0,2020.60107421875,57115.79357910156,0,67221336064,8589930496,66995777536,4334886912
199,1724134038098,999,900,1200,1200,1100,800,800,4521,875,880,800,800,1000,873,800,878,800,898,860,872,882,800,886,800,896,860,800,800,800,800,900,800,0,0,0,0,0,0,0,0,0,0,0,0,0,0,0,0,0,0,0,0,0,0,0,0,0,0,0,0,0,0,23.52941131591797,0,0,2022.5593872070313,57116.064208984375,0,67221336064,8589930496,67005681664,4324925440
199,1724134038299,999,900,1200,1200,1100,800,800,4521,875,880,800,800,1000,873,800,878,800,898,860,872,882,800,886,800,896,860,800,800,800,800,900,800,0,0,0,0,0,0,0,0,0,0,0,0,0,0,0,0,0,0,0,0,0,0,0,0,0,0,0,0,0,0,26.3157901763916,0,0,2024.4813232421875,57116.30731201172,0,67221336064,8589930496,67013939200,4314963968
199,1724134038499,999,900,1200,1200,1100,800,800,4521,875,880,800,800,1000,873,800,878,800,898,860,872,882,800,886,800,896,860,800,800,800,800,900,800,0,0,0,0,0,0,0,0,0,0,0,0,0,0,0,0,0,0,0,0,0,0,0,0,0,0,0,0,0,0,35,0,0,2026.4368286132813,57116.57067871094,0,67221336064,8589930496,67030454272,4303691776
200,1724134038699,999,900,1200,1200,1100,800,800,4521,875,880,800,800,1000,873,800,878,800,898,860,872,882,800,886,800,896,860,800,800,800,800,900,800,0,0,0,0,0,0,0,0,0,0,0,0,0,0,0,0,0,0,0,0,0,0,0,0,0,0,0,0,0,0,35,0,0,2030.3510131835938,57118.696350097656,0,67221336064,8589930496,67033292800,4295565312
200,1724134038899,999,900,1200,1200,1100,800,800,4521,875,880,800,800,1000,873,800,878,800,898,860,872,882,800,886,800,896,860,800,800,800,800,900,800,0,0,0,0,0,0,0,0,0,0,0,0,0,0,0,0,0,0,0,0,0,0,0,0,0,0,0,0,0,0,71.79487609863281,0,0,2038.2623291015625,57124.66955566406,0,67221336064,8589930496,67037421568,4294778880
199,1724134039099,999,900,1200,1200,1100,800,800,4521,875,880,800,800,1000,873,800,878,800,898,860,872,882,800,886,800,896,860,800,800,800,800,900,800,0,0,0,0,0,0,0,0,0,0,0,0,0,0,0,0,0,0,0,0,0,0,0,0,0,0,0,0,0,0,21.052631378173828,0,0,2040.2151489257813,57124.94158935547,0,67221336064,8589930496,67053944832,4294778880
200,1724134039299,999,900,1200,1200,1100,800,800,4521,875,880,800,800,1000,873,800,878,800,898,860,872,882,800,886,800,896,860,800,800,800,800,900,800,0,0,0,0,0,0,0,0,0,0,0,0,0,0,0,0,0,0,0,0,0,0,0,0,0,0,0,0,0,0,21.052631378173828,0,0,2044.345458984375,57127.36834716797,0,67221336064,8589930496,66916544512,4413693952
199,1724134039499,999,900,1200,1200,1100,800,800,4521,875,880,800,800,1000,873,800,878,800,898,860,872,882,800,886,800,896,860,800,800,800,800,900,800,0,0,17.5,0,0,0,0,0,0,0,0,0,0,0,0,0,0,0,0,0,0,0,0,0,0,0,0,0,0,0,11.428571701049805,0,0,2047.747314453125,57129.06750488281,0,67221336064,8589930496,66865201152,4447846400
199,1724134039699,999,900,1200,1200,1100,800,800,4521,875,880,800,800,1000,873,800,878,800,898,860,872,882,800,886,800,896,860,800,800,800,800,900,800,0,0,10,0,5,0,0,0,0,0,0,0,0,0,0,0,0,0,0,0,0,0,0,0,0,0,0,0,0,0,10.526315689086914,0,0,2049.6849365234375,57129.326721191406,0,67221336064,8589930496,66881703936,4435787776
199,1724134039899,999,900,1200,1200,1100,800,800,4521,875,880,800,800,1000,873,800,878,800,898,860,872,882,800,886,800,896,860,800,800,800,800,900,800,0,0,0,0,0,0,0,0,0,0,0,0,0,0,0,0,0,0,0,0,0,0,0,0,0,0,0,0,0,0,22.22222328186035,0,0,2051.6243286132813,57129.583557128906,0,67221336064,8589930496,66898219008,4423729152
199,1724134040100,999,900,1200,1200,1100,800,800,4521,875,880,800,800,1000,873,800,878,800,898,860,872,882,800,886,800,896,860,800,800,800,800,900,800,0,0,0,0,0,0,0,0,0,0,0,0,0,0,0,0,0,0,0,0,0,0,0,0,0,0,0,0,0,0,26.3157901763916,0,0,2053.572021484375,57129.850036621094,0,67221336064,8589930496,66906218496,4411146240
199,1724134040300,999,900,1200,1200,1100,800,800,4521,875,880,800,800,1000,873,800,878,800,898,860,872,882,800,886,800,896,860,800,800,800,800,900,800,0,0,0,0,0,0,0,0,0,0,0,0,0,0,0,0,0,0,0,0,0,0,0,0,0,0,0,0,0,0,17.647058486938477,0,0,2055.5133666992188,57130.10272216797,0,67221336064,8589930496,66914476032,4399087616
199,1724134040500,999,900,1200,1200,1100,800,800,4521,875,880,800,800,1000,873,800,878,800,898,860,872,882,800,886,800,896,860,800,800,800,800,900,800,0,0,0,0,0,0,0,0,0,0,0,0,0,0,0,0,0,0,0,0,0,0,0,0,0,0,0,0,0,0,22.22222328186035,0,0,2057.4312133789063,57130.35168457031,0,67221336064,8589930496,66930991104,4386766848
199,1724134040700,999,900,1200,1200,1100,800,800,4521,875,880,800,800,1000,873,800,878,800,898,860,872,882,800,886,800,896,860,800,800,800,800,900,800,0,0,0,0,0,0,0,0,0,0,0,0,0,0,0,0,0,0,0,0,0,0,0,0,0,0,0,0,0,0,23.52941131591797,0,0,2059.360595703125,57130.599548339844,0,67221336064,8589930496,66939248640,4374708224
199,1724134040900,999,900,1200,1200,1100,800,800,4521,875,880,800,800,1000,873,800,878,800,898,860,872,882,800,886,800,896,860,800,800,800,800,900,800,0,0,0,0,0,0,0,0,0,0,0,0,0,0,0,0,0,0,0,0,0,0,0,0,0,0,0,0,0,0,26.3157901763916,0,0,2061.3058471679688,57130.85607910156,0,67221336064,8589930496,66955763712,4362387456
199,1724134041100,999,900,1200,1200,1100,800,800,4521,875,880,800,800,1000,873,800,878,800,898,860,872,882,800,886,800,896,860,800,800,800,800,900,800,0,0,0,0,0,0,0,0,0,0,0,0,0,0,0,0,0,0,0,0,0,0,0,0,0,0,0,0,0,0,21.052631378173828,0,0,2063.242919921875,57131.11163330078,0,67221336064,8589930496,66964021248,4351377408
199,1724134041300,999,900,1200,1200,1100,800,800,4521,875,880,800,800,1000,873,800,878,800,898,860,872,882,800,886,800,896,860,800,800,800,800,900,800,0,0,4.761904716491699,0,0,0,0,0,0,0,0,0,0,0,0,0,0,0,0,0,0,0,0,0,0,0,0,0,0,0,12.5,0,0,2065.1619873046875,57131.35266113281,0,67221336064,8589930496,66972278784,4340891648
199,1724134041500,999,900,1200,1200,1100,800,800,4521,875,880,800,800,1000,873,800,878,800,898,860,872,882,800,886,800,896,860,800,800,800,800,900,800,0,0,0,0,0,0,0,0,0,0,0,0,0,0,0,0,0,0,0,0,0,0,0,0,0,0,0,0,0,0,16.666667938232422,0,0,2067.0892944335938,57131.59893798828,0,67221336064,8589930496,66988793856,4330405888
199,1724134041701,999,900,1200,1200,1100,800,800,4521,875,880,800,800,1000,873,800,878,800,898,860,872,882,800,886,800,896,860,800,800,800,800,900,800,0,0,0,0,0,0,0,0,0,0,0,0,0,0,0,0,0,0,0,0,0,0,0,0,0,0,0,0,0,0,16.666667938232422,0,0,2069.01708984375,57131.847229003906,0,67221336064,8589930496,66997051392,4319920128
199,1724134041901,999,900,1200,1200,1100,800,800,4521,875,880,800,800,1000,873,800,878,800,898,860,872,882,800,886,800,896,860,800,800,800,800,900,800,0,0,0,0,0,0,0,0,0,0,0,0,0,0,0,0,0,0,0,0,0,0,0,0,0,0,0,0,0,0,16.666667938232422,0,0,2070.9393920898438,57132.09069824219,0,67221336064,8589930496,67005304832,4309434368
199,1724134042101,999,900,1200,1200,1100,800,800,4521,875,880,800,800,1000,873,800,878,800,898,860,872,882,800,886,800,896,860,800,800,800,800,900,800,0,0,2.5641026496887207,0,0,0,0,0,0,0,0,0,0,0,0,0,0,0,0,0,0,0,0,0,0,0,0,0,0,0,11.428571701049805,0,0,2072.8958740234375,57132.366455078125,0,67221336064,8589930496,67017433088,4298948608
199,1724134042301,999,900,1200,1200,1100,800,800,4521,875,880,800,800,1000,873,800,878,800,898,860,872,882,800,886,800,896,860,800,800,800,800,900,800,0,0,0,0,0,0,0,0,0,0,0,0,0,0,0,0,0,0,0,0,0,0,0,0,0,0,0,0,0,0,11.764705657958984,0,0,2074.8273315429688,57132.61767578125,0,67221336064,8589930496,67025690624,4294754304
199,1724134042501,999,900,1200,1200,1100,800,800,4521,875,880,800,800,1000,873,800,878,800,898,860,872,882,800,886,800,896,860,800,800,800,800,900,800,0,0,0,0,0,0,0,0,0,0,0,0,0,0,0,0,0,0,0,0,0,0,0,0,0,0,0,0,0,0,6.25,0,0,2076.7601318359375,57132.858459472656,0,67221336064,8589930496,67042205696,4294754304
199,1724134042701,999,900,1200,1200,1100,800,800,4521,875,880,800,800,1000,873,800,878,800,898,860,872,882,800,886,800,896,860,800,800,800,800,900,800,0,0,0,0,0,0,0,0,0,0,0,0,0,0,0,0,0,0,0,0,0,0,0,0,0,0,0,0,0,0,22.22222328186035,0,0,2078.6943969726563,57133.11016845703,0,67221336064,8589930496,67050463232,4294754304
200,1724134042901,999,900,1200,1200,1100,800,800,4521,875,880,800,800,1000,873,800,878,800,898,860,872,882,800,886,800,896,860,800,800,800,800,900,800,0,0,0,0,0,0,0,0,0,0,0,0,0,0,0,0,0,0,0,0,0,0,0,0,0,0,0,0,0,0,22.22222328186035,0,0,2083.80126953125,57136.50616455078,0,67221336064,8589930496,66858532864,4481118208
200,1724134043101,999,900,1200,1200,1100,800,800,4521,875,880,800,800,1000,873,800,878,800,898,860,872,882,800,886,800,896,860,800,800,800,800,900,800,0,0,20,0,0,0,0,0,0,0,0,0,0,0,0,0,0,0,0,0,0,0,0,0,0,0,0,0,0,0,21.052631378173828,0,0,2086.2417602539063,57137.245544433594,0,67221336064,8589930496,66870820864,4470595584
199,1724134043301,999,900,1200,1200,1100,800,800,4521,875,880,800,800,1000,873,800,878,800,898,860,872,882,800,886,800,896,860,800,800,800,800,900,800,0,0,0,0,0,0,0,0,0,0,0,0,0,0,0,0,0,0,0,0,0,0,0,0,0,0,0,0,0,0,21.052631378173828,0,0,2088.1714477539063,57137.494873046875,0,67221336064,8589930496,66879324160,4460109824
200,1724134043501,999,900,1200,1200,1100,800,800,4521,875,880,800,800,1000,873,800,878,800,898,860,872,882,800,886,800,896,860,800,800,800,800,900,800,0,0,0,0,0,0,0,0,0,0,0,0,0,0,0,0,0,0,0,0,0,0,0,0,0,0,0,0,0,0,21.052631378173828,0,0,2094.970947265625,57142.3974609375,0,67221336064,8589930496,66879324160,4458274816
200,1724134043702,999,900,1200,1200,1100,800,800,4521,875,880,800,800,1000,873,800,878,800,898,860,872,882,800,886,800,896,860,800,800,800,800,900,800,0,0,0,0,0,0,0,0,0,0,0,0,0,0,0,0,0,0,0,0,0,0,0,0,0,0,0,0,0,0,92.5,0,0,2103.07958984375,57148.56982421875,0,67221336064,8589930496,66879324160,4457488384
200,1724134043902,999,900,1200,1200,1100,800,800,4521,875,880,800,800,1000,873,800,878,800,898,860,872,882,800,886,800,896,860,800,800,800,800,900,800,0,0,0,0,0,0,0,0,0,0,0,0,0,0,0,0,0,0,0,0,0,0,0,0,0,0,0,0,0,0,55,0,0,2108.332275390625,57152.03063964844,0,67221336064,8589930496,66887581696,4449624064
199,1724134044102,999,900,1200,1200,1100,800,800,4521,875,880,800,800,1000,873,800,878,800,898,860,872,882,800,886,800,896,860,800,800,800,800,900,800,0,0,0,0,0,0,0,0,0,0,0,0,0,0,0,0,0,0,0,0,0,0,0,0,0,0,0,0,0,0,22.22222328186035,0,0,2110.263671875,57152.28643798828,0,67221336064,8589930496,66904076288,4439400448
199,1724134044302,999,900,1200,1200,1100,800,800,4521,875,880,800,800,1000,873,800,878,800,898,860,872,882,800,886,800,896,860,800,800,800,800,900,800,0,0,26.3157901763916,0,0,0,0,0,0,0,0,0,0,0,0,0,0,0,0,0,0,0,0,0,0,0,0,0,0,0,0,0,0,2112.1900024414063,57152.534729003906,0,67221336064,8589930496,66920378368,4429176832
199,1724134044502,999,900,1200,1200,1100,800,800,4521,875,880,800,800,1000,873,800,878,800,898,860,872,882,800,886,800,896,860,800,800,800,800,900,800,0,0,26.3157901763916,0,0,0,0,0,0,0,0,0,0,0,0,0,0,0,0,0,0,0,0,0,0,0,0,0,0,0,0,0,0,2114.1224365234375,57152.788146972656,0,67221336064,8589930496,66928635904,4417904640
199,1724134044702,999,900,1200,1200,1100,800,800,4521,875,880,800,800,1000,873,800,878,800,898,860,872,882,800,886,800,896,860,800,800,800,800,900,800,0,0,21.052631378173828,0,4.761904716491699,0,0,0,0,0,0,0,0,0,0,0,0,0,0,0,0,0,0,0,0,0,0,0,0,0,0,0,0,2116.0510864257813,57153.038024902344,0,67221336064,8589930496,66936893440,4407681024
199,1724134044903,999,900,1200,1200,1100,800,800,4521,875,880,800,800,1000,873,800,878,800,898,860,872,882,800,886,800,896,860,800,800,800,800,900,800,0,0,11.111111640930176,0,0,0,0,0,0,0,0,0,4.545454502105713,0,0,0,0,0,0,0,0,0,0,0,0,0,0,0,0,0,16.666667938232422,0,0,2118.0203857421875,57153.323669433594,0,67221336064,8589930496,66957824000,4394049536
199,1724134045103,999,900,1200,1200,1100,800,800,4521,875,880,800,800,1000,873,800,878,800,898,860,872,882,800,886,800,896,860,800,800,800,800,900,800,0,0,31.57894515991211,0,0,0,0,0,0,0,0,0,0,0,0,0,0,0,0,0,0,0,0,0,0,0,0,0,0,0,0,0,0,2119.9739990234375,57153.595275878906,0,67221336064,8589930496,66974326784,4380418048
199,1724134045303,999,900,1200,1200,1100,800,800,4521,875,880,800,800,1000,873,800,878,800,898,860,872,882,800,886,800,896,860,800,800,800,800,900,800,0,0,27.77777862548828,0,0,0,0,0,0,0,0,0,0,0,0,0,0,0,0,0,0,0,0,0,0,0,0,0,0,0,0,0,0,2121.9322509765625,57153.862854003906,0,67221336064,8589930496,66990841856,4366524416
199,1724134045503,999,900,1200,1200,1100,800,800,4521,875,880,800,800,1000,873,800,878,800,898,860,872,882,800,886,800,896,860,800,800,800,800,900,800,0,0,33.333335876464844,0,0,0,0,0,0,0,0,0,0,0,0,0,0,0,0,0,0,0,0,0,0,0,0,0,0,0,0,0,0,2123.870849609375,57154.13348388672,0,67221336064,8589930496,66998841344,4352892928
199,1724134045703,999,900,1200,1200,1100,800,800,4521,875,880,800,800,1000,873,800,878,800,898,860,872,882,800,886,800,896,860,800,800,800,800,900,800,9.523809432983398,0,31.57894515991211,0,0,0,0,0,0,0,0,0,0,0,0,0,0,0,0,0,0,0,0,0,0,0,0,0,0,0,0,0,0,2125.8302612304688,57154.40344238281,0,67221336064,8589930496,67015344128,4338999296
199,1724134045903,999,900,1200,1200,1100,800,800,4521,875,880,800,800,1000,873,800,878,800,898,860,872,882,800,886,800,896,860,800,800,800,800,900,800,0,0,29.411766052246094,0,5,0,0,0,0,0,0,0,0,0,0,0,0,0,0,0,0,0,0,0,0,0,0,0,0,0,0,0,0,2127.7808837890625,57154.67395019531,0,67221336064,8589930496,67031846912,4325367808
199,1724134046103,999,900,1200,1200,1100,800,800,4521,875,880,800,800,1000,873,800,878,800,898,860,872,882,800,886,800,896,860,800,800,800,800,900,800,0,0,16.666667938232422,0,0,0,4.761904716491699,0,0,0,0,0,0,0,0,0,0,0,0,0,0,0,0,0,0,0,0,0,0,0,0,0,0,2129.7090454101563,57154.92254638672,0,67221336064,8589930496,67040092160,4314882048
199,1724134046303,999,900,1200,1200,1100,800,800,4521,875,880,800,800,1000,873,800,878,800,898,860,872,882,800,886,800,896,860,800,800,800,800,900,800,0,0,16.666667938232422,0,0,0,4.761904716491699,0,0,0,0,0,0,0,0,0,0,0,0,0,0,0,0,0,0,0,0,0,0,0,0,0,0,2132.2625732421875,57155.79620361328,0,67221336064,8589930496,67005796352,4343259136
199,1724134046503,999,900,1200,1200,1100,800,800,4521,875,880,800,800,1000,873,800,878,800,898,860,872,882,800,886,800,896,860,800,800,800,800,900,800,0,0,22.5,0,0,0,0,0,0,0,0,0,0,0,0,0,0,0,0,0,0,0,0,0,0,0,0,0,0,0,13.88888931274414,0,0,2137.0239868164063,57158.836364746094,0,67221336064,8589930496,66849931264,4483342336
199,1724134046704,999,900,1200,1200,1100,800,800,4521,875,880,800,800,1000,873,800,878,800,898,860,872,882,800,886,800,896,860,800,800,800,800,900,800,0,0,26.3157901763916,0,0,0,0,0,0,0,0,0,0,0,0,0,0,0,0,0,0,0,0,0,0,0,0,0,0,0,0,0,0,2138.9844970703125,57159.108459472656,0,67221336064,8589930496,66866434048,4469448704
199,1724134046904,999,900,1200,1200,1100,800,800,4521,875,880,800,800,1000,873,800,878,800,898,860,872,882,800,886,800,896,860,800,800,800,800,900,800,0,0,15.789472579956055,0,0,0,0,0,0,0,0,0,0,0,0,0,0,0,0,0,0,0,0,0,0,0,0,0,0,0,15.000000953674316,0,0,2140.92578125,57159.379333496094,0,67221336064,8589930496,66882433024,4455817216
199,1724134047104,999,900,1200,1200,1100,800,800,4521,875,880,800,800,1000,873,800,878,800,898,860,872,882,800,886,800,896,860,800,800,800,800,900,800,0,0,5.263157844543457,0,0,0,0,0,0,0,0,0,0,0,0,0,0,0,0,0,0,0,0,0,0,0,0,0,0,0,16.666667938232422,0,0,2142.8920288085938,57159.66522216797,0,67221336064,8589930496,66905571328,4441661440
199,1724134047304,999,900,1200,1200,1100,800,800,4521,875,880,800,800,1000,873,800,878,800,898,860,872,882,800,886,800,896,860,800,800,800,800,900,800,0,0,23.52941131591797,0,0,0,0,0,0,0,0,0,0,0,0,0,0,0,0,0,0,0,0,0,0,0,0,0,0,0,0,0,0,2144.843505859375,57159.93640136719,0,67221336064,8589930496,66913828864,4426981376
199,1724134047504,999,900,1200,1200,1100,800,800,4521,875,880,800,800,1000,873,800,878,800,898,860,872,882,800,886,800,896,860,800,800,800,800,900,800,0,0,10,0,0,0,0,0,0,0,0,0,0,0,0,0,0,0,0,0,0,0,0,0,0,0,0,0,0,0,11.764705657958984,0,0,2146.7881469726563,57160.2021484375,0,67221336064,8589930496,66925957120,4413349888
199,1724134047704,999,900,1200,1200,1100,800,800,4521,875,880,800,800,1000,873,800,878,800,898,860,872,882,800,886,800,896,860,800,800,800,800,900,800,0,0,26.3157901763916,0,0,0,0,0,0,0,0,0,0,0,0,0,0,0,0,0,0,0,0,0,0,0,0,0,0,0,0,0,0,2148.7446899414063,57160.46514892578,0,67221336064,8589930496,66934214656,4399980544
199,1724134047904,999,900,1200,1200,1100,800,800,4521,875,880,800,800,1000,873,800,878,800,898,860,872,882,800,886,800,896,860,800,800,800,800,900,800,0,0,23.52941131591797,0,0,0,0,0,0,0,0,0,0,0,0,0,0,0,0,0,0,0,0,0,0,0,0,0,0,0,0,0,0,2150.6852416992188,57160.72644042969,0,67221336064,8589930496,66950729728,4386349056
199,1724134048104,999,900,1200,1200,1100,800,800,4521,875,880,800,800,1000,873,800,878,800,898,860,872,882,800,886,800,896,860,800,800,800,800,900,800,0,0,30.000001907348633,0,0,0,0,0,0,0,0,0,0,0,0,0,0,0,0,0,0,0,0,0,0,0,0,0,0,0,4.761904716491699,0,0,2152.6312866210938,57160.997009277344,0,67221336064,8589930496,66967244800,4371931136
199,1724134048304,999,900,1200,1200,1100,800,800,4521,875,880,800,800,1000,873,800,878,800,898,860,872,882,800,886,800,896,860,800,800,800,800,900,800,0,0,5.555555820465088,0,15.000000953674316,0,0,0,0,0,0,0,0,0,0,0,0,0,0,0,0,0,0,0,0,0,0,0,0,0,5,0,0,2154.5822143554688,57161.266052246094,0,67221336064,8589930496,66985308160,4357513216
199,1724134048504,999,900,1200,1200,1100,800,800,4521,875,880,800,800,1000,873,800,878,800,898,860,872,882,800,886,800,896,860,800,800,800,800,900,800,0,0,0,0,22.22222328186035,0,0,0,0,0,0,0,0,0,0,0,0,0,0,0,0,0,0,0,0,0,0,0,0,0,5,0,0,2156.5252075195313,57161.53057861328,0,67221336064,8589930496,67001823232,4344143872
199,1724134048705,999,900,1200,1200,1100,800,800,4521,875,880,800,800,1000,873,800,878,800,898,860,872,882,800,886,800,896,860,800,800,800,800,900,800,0,0,0,0,30.000001907348633,0,0,0,0,0,0,0,0,0,0,0,0,0,0,0,0,0,0,0,0,0,0,0,0,0,0,0,0,2158.4683837890625,57161.79431152344,0,67221336064,8589930496,67009822720,4330512384
199,1724134048905,999,900,1200,1200,1100,800,800,4521,875,880,800,800,1000,873,800,878,800,898,860,872,882,800,886,800,896,860,800,800,800,800,900,800,0,0,0,0,27.77777862548828,0,0,0,0,0,0,0,0,0,0,0,0,0,0,0,0,0,0,0,0,0,0,0,0,0,0,0,0,2160.413330078125,57162.05792236328,0,67221336064,8589930496,67025293312,4317143040
199,1724134049105,999,900,1200,1200,1100,800,800,4521,875,880,800,800,1000,873,800,878,800,898,860,872,882,800,886,800,896,860,800,800,800,800,900,800,0,0,0,0,17.647058486938477,0,0,0,0,0,0,0,0,0,0,0,0,0,0,0,0,0,0,0,0,0,0,0,0,0,0,0,0,2162.3658447265625,57162.31896972656,0,67221336064,8589930496,67040997376,4303249408
200,1724134049305,999,900,1200,1200,1100,800,800,4521,875,880,800,800,1000,873,800,878,800,898,860,872,882,800,886,800,896,860,800,800,800,800,900,800,0,0,0,0,17.647058486938477,0,0,0,0,0,0,0,0,0,0,0,0,0,0,0,0,0,0,0,0,0,0,0,0,0,0,0,0,2164.9446411132813,57163.221130371094,0,67221336064,8589930496,66998661120,4334858240
199,1724134049505,999,900,1200,1200,1100,800,800,4521,875,880,800,800,1000,873,800,878,800,898,860,872,882,800,886,800,896,860,800,800,800,800,900,800,0,0,12.195121765136719,0,15.384615898132324,0,0,0,0,0,0,0,0,0,0,0,0,0,0,0,0,0,0,0,0,0,0,0,0,0,11.428571701049805,0,0,2170.0116577148438,57166.57043457031,0,67221336064,8589930496,66848317440,4466450432
199,1724134049705,999,900,1200,1200,1100,800,800,4521,875,880,800,800,1000,873,800,878,800,898,860,872,882,800,886,800,896,860,800,800,800,800,900,800,0,0,5.263157844543457,0,15.000000953674316,0,0,0,0,0,0,0,0,0,0,0,0,0,0,0,0,0,0,0,0,0,0,0,0,0,10.526315689086914,0,0,2171.9619750976563,57166.84899902344,0,67221336064,8589930496,66866626560,4452294656
199,1724134049905,999,900,1200,1200,1100,800,800,4521,875,880,800,800,1000,873,800,878,800,898,860,872,882,800,886,800,896,860,800,800,800,800,900,800,0,0,0,0,0,0,0,0,0,0,0,0,0,0,0,0,0,0,0,0,0,0,0,0,0,0,0,0,0,0,26.3157901763916,0,0,2173.9219970703125,57167.120666503906,0,67221336064,8589930496,66882105344,4437876736
199,1724134050105,999,900,1200,1200,1100,800,800,4521,875,880,800,800,1000,873,800,878,800,898,860,872,882,800,886,800,896,860,800,800,800,800,900,800,0,0,22.22222328186035,0,0,0,0,0,0,0,0,0,0,0,0,0,0,0,0,0,0,0,0,0,0,0,0,0,0,0,0,0,0,2175.8771362304688,57167.39434814453,0,67221336064,8589930496,66898620416,4423196672
199,1724134050305,999,900,1200,1200,1100,800,800,4521,875,880,800,800,1000,873,800,878,800,898,860,872,882,800,886,800,896,860,800,800,800,800,900,800,0,0,4.761904716491699,0,0,0,0,0,0,0,0,0,0,0,0,0,0,0,0,0,0,0,0,0,0,0,0,0,0,0,27.77777862548828,0,0,2177.8369750976563,57167.67547607422,0,67221336064,8589930496,66914619392,4408778752
199,1724134050505,999,900,1200,1200,1100,800,800,4521,875,880,800,800,1000,873,800,878,800,898,860,872,882,800,886,800,896,860,800,800,800,800,900,800,0,0,0,0,0,0,0,0,0,0,0,0,0,0,0,0,0,0,0,0,0,0,0,0,0,0,0,0,0,0,22.22222328186035,0,0,2179.7860717773438,57167.94415283203,0,67221336064,8589930496,66921844736,4394885120
199,1724134050706,999,900,1200,1200,1100,800,800,4521,875,880,800,800,1000,873,800,878,800,898,860,872,882,800,886,800,896,860,800,800,800,800,900,800,0,0,0,0,0,0,0,0,0,0,5,0,0,0,0,0,0,0,0,0,0,0,0,0,0,0,0,0,0,0,11.764705657958984,0,0,2181.7164306640625,57168.19317626953,0,67221336064,8589930496,66938359808,4383875072
199,1724134050906,999,900,1200,1200,1100,800,800,4521,875,880,800,800,1000,873,800,878,800,898,860,872,882,800,886,800,896,860,800,800,800,800,900,800,0,5,0,0,0,0,0,0,0,0,0,0,0,0,0,0,0,0,0,0,0,0,0,0,0,0,5,0,0,0,23.52941131591797,0,0,2183.7155151367188,57168.50695800781,0,67221336064,8589930496,66945904640,4367360000
199,1724134051106,999,900,1200,1200,1100,800,800,4521,875,880,800,800,1000,873,800,878,800,898,860,872,882,800,886,800,896,860,800,800,800,800,900,800,0,0,21.052631378173828,0,0,0,0,0,0,0,0,0,0,0,0,0,0,0,0,0,0,0,0,0,0,0,0,0,0,0,4.761904716491699,0,0,2185.6920166015625,57168.804260253906,0,67221336064,8589930496,66969939968,4352417792
199,1724134051306,999,900,1200,1200,1100,800,800,4521,875,880,800,800,1000,873,800,878,800,898,860,872,882,800,886,800,896,860,800,800,800,800,900,800,0,0,0,0,0,0,0,0,0,0,0,0,0,0,0,0,0,0,0,0,0,0,0,0,0,0,0,0,0,0,23.52941131591797,0,0,2187.6668701171875,57169.088317871094,0,67221336064,8589930496,66986455040,4336951296
199,1724134051506,999,900,1200,1200,1100,800,800,4521,875,880,800,800,1000,873,800,878,800,898,860,872,882,800,886,800,896,860,800,800,800,800,900,800,0,0,5.555555820465088,0,0,0,0,0,0,0,0,0,0,0,0,0,0,0,0,0,0,0,0,0,0,0,0,0,0,0,15.789472579956055,0,0,2189.6068725585938,57169.35900878906,0,67221336064,8589930496,66994454528,4321484800
199,1724134051706,999,900,1200,1200,1100,800,800,4521,875,880,800,800,1000,873,800,878,800,898,860,872,882,800,886,800,896,860,800,800,800,800,900,800,0,0,0,0,0,0,0,0,0,0,0,0,0,0,0,0,0,0,0,0,0,0,0,0,0,0,0,0,0,0,27.77777862548828,0,0,2191.5660400390625,57169.62677001953,0,67221336064,8589930496,67002957824,4305756160
199,1724134051906,999,900,1200,1200,1100,800,800,4521,875,880,800,800,1000,873,800,878,800,898,860,872,882,800,886,800,896,860,800,800,800,800,900,800,0,0,4.761904716491699,0,0,0,0,0,0,0,0,0,0,0,0,0,0,0,0,0,0,0,0,0,0,0,0,0,0,0,35,0,0,2193.5059204101563,57169.891174316406,0,67221336064,8589930496,67019472896,4294746112
199,1724134052106,999,900,1200,1200,1100,800,800,4521,875,880,800,800,1000,873,800,878,800,898,860,872,882,800,886,800,896,860,800,800,800,800,900,800,0,0,5,0,0,0,0,0,0,0,0,0,0,0,0,0,0,0,0,0,0,0,0,0,0,0,0,0,0,0,17.647058486938477,0,0,2195.4636840820313,57170.166748046875,0,67221336064,8589930496,67035983872,4294746112
200,1724134052306,999,900,1200,1200,1100,800,800,4521,875,880,800,800,1000,873,800,878,800,898,860,872,882,800,886,800,896,860,800,800,800,800,900,800,0,0,5,0,0,0,0,0,0,0,0,0,0,0,0,0,0,0,0,0,0,0,0,0,0,0,0,0,0,0,17.647058486938477,0,0,2202.5040283203125,57175.46826171875,0,67221336064,8589930496,66873163776,4451811328
200,1724134052506,999,900,1200,1200,1100,800,800,4521,875,880,800,800,1000,873,800,878,800,898,860,872,882,800,886,800,896,860,800,800,800,800,900,800,0,0,20,0,10.810811042785645,0,0,0,0,0,0,0,0,0,0,0,0,0,0,0,0,0,0,0,0,0,0,0,0,0,10.526315689086914,0,0,2206.1746826171875,57177.44854736328,0,67221336064,8589930496,66906193920,4419305472
200,1724134052707,999,900,1200,1200,1100,800,800,4521,875,880,800,800,1000,873,800,878,800,898,860,872,882,800,886,800,896,860,800,800,800,800,900,800,0,0,0,0,17.647058486938477,0,0,0,0,0,0,0,0,0,0,0,0,0,0,0,0,0,0,0,0,0,0,0,0,0,0,0,0,2210.7777099609375,57180.34796142578,0,67221336064,8589930496,66955984896,4372381696
200,1724134052907,999,900,1200,1200,1100,800,800,4521,875,880,800,800,1000,873,800,878,800,898,860,872,882,800,886,800,896,860,800,800,800,800,900,800,0,0,0,0,21.052631378173828,0,0,0,0,0,0,0,0,0,0,0,0,0,0,0,0,0,0,0,0,0,0,0,0,0,0,0,0,2214.706298828125,57182.581970214844,0,67221336064,8589930496,66989015040,4341710848
199,1724134053107,999,900,1200,1200,1100,800,800,4521,875,880,800,800,1000,873,800,878,800,898,860,872,882,800,886,800,896,860,800,800,800,800,900,800,0,0,0,4.761904716491699,21.052631378173828,0,0,0,0,0,0,0,0,0,0,0,0,0,0,0,0,0,0,0,0,0,0,0,0,0,0,0,0,2216.6688842773438,57182.85290527344,0,67221336064,8589930496,66997272576,4330176512
200,1724134053307,999,900,1200,1200,1100,800,800,4521,875,880,800,800,1000,873,800,878,800,898,860,872,882,800,886,800,896,860,800,800,800,800,900,800,0,0,0,4.761904716491699,21.052631378173828,0,0,0,0,0,0,0,0,0,0,0,0,0,0,0,0,0,0,0,0,0,0,0,0,0,0,0,0,2220.3211059570313,57184.8193359375,0,67221336064,8589930496,67038560256,4294787072
200,1724134053507,999,900,1200,1200,1100,800,800,4521,875,880,800,800,1000,873,800,878,800,898,860,872,882,800,886,800,896,860,800,800,800,800,900,800,0,0,12.820513725280762,0,16.216215133666992,0,0,0,0,0,0,0,0,0,0,0,0,0,0,0,0,0,0,0,0,0,0,0,0,0,10.810811042785645,0,0,2224.9866333007813,57187.773986816406,0,67221336064,8589930496,66953404416,4380954624
199,1724134053707,999,900,1200,1200,1100,800,800,4521,875,880,800,800,1000,873,800,878,800,898,860,872,882,800,886,800,896,860,800,800,800,800,900,800,0,0,15.000000953674316,0,4.761904716491699,0,0,0,0,0,0,0,0,0,0,0,0,0,0,0,0,0,0,0,0,0,0,0,0,0,15.789472579956055,0,0,2230.5045776367188,57191.567138671875,0,67221336064,8589930496,66890887168,4429692928
200,1724134053907,999,900,1200,1200,1100,800,800,4521,875,880,800,800,1000,873,800,878,800,898,860,872,882,800,886,800,896,860,800,800,800,800,900,800,0,0,0,0,0,0,0,0,0,0,0,0,0,0,0,0,0,0,0,0,0,0,0,0,0,0,0,0,0,0,47.36842346191406,0,0,2236.2691650390625,57195.5400390625,0,67221336064,8589930496,66922893312,4400857088
200,1724134054107,999,900,1200,1200,1100,800,800,4521,875,880,800,800,1000,873,800,878,800,898,860,872,882,800,886,800,896,860,800,800,800,800,900,800,0,0,0,0,0,0,0,0,0,0,0,0,0,0,0,0,0,0,0,0,0,0,0,0,0,0,0,0,0,0,80,0,0,2244.0369262695313,57201.43768310547,0,67221336064,8589930496,66947903488,4373069824
200,1724134054307,999,900,1200,1200,1100,800,800,4521,875,880,800,800,1000,873,800,878,800,898,860,872,882,800,886,800,896,860,800,800,800,800,900,800,0,0,0,0,0,0,0,0,0,0,0,0,0,0,0,0,0,0,0,0,0,0,0,0,0,0,0,0,0,0,47.36842346191406,0,0,2249.1271362304688,57204.741943359375,0,67221336064,8589930496,66980933632,4338728960
200,1724134054508,999,900,1200,1200,1100,800,800,4521,875,880,800,800,1000,873,800,878,800,898,860,872,882,800,886,800,896,860,800,800,800,800,900,800,0,0,0,0,0,0,0,0,0,0,0,0,0,0,0,0,0,0,0,0,0,0,0,0,0,0,0,0,0,0,5,95.23809814453125,0,2258.15625,57211.69396972656,0,67221336064,8589930496,66980933632,4338466816
200,1724134054708,999,900,1200,1200,1100,800,800,4521,875,880,800,800,1000,873,800,878,800,898,860,872,882,800,886,800,896,860,800,800,800,800,900,800,0,0,0,0,0,0,0,0,0,0,0,0,0,0,0,0,0,0,0,0,0,0,0,0,0,0,0,0,0,0,0,78.94737243652344,0,2265.7603759765625,57217.326904296875,0,67221336064,8589930496,66989191168,4329291776
199,1724134054908,999,900,1200,1200,1100,800,800,4521,875,880,800,800,1000,873,800,878,800,898,860,872,882,800,886,800,896,860,800,800,800,800,900,800,0,0,0,0,0,0,0,0,0,0,0,0,0,0,0,0,0,0,0,0,0,0,0,0,0,0,0,0,0,0,0,40,0,2267.7736206054688,57217.63586425781,0,67221336064,8589930496,67013963776,4307271680
199,1724134055108,999,900,1200,1200,1100,800,800,4521,875,880,800,800,1000,873,800,878,800,898,860,872,882,800,886,800,896,860,800,800,800,800,900,800,0,0,0,0,0,0,0,0,0,0,0,0,0,0,0,0,0,0,0,0,0,0,0,0,0,0,0,0,0,0,0,35.29411697387695,0,2269.7623291015625,57217.93420410156,0,67221336064,8589930496,67038724096,4294950912
200,1724134055308,999,900,1200,1200,1100,800,800,4521,875,880,800,800,1000,873,800,878,800,898,860,872,882,800,886,800,896,860,800,800,800,800,900,800,0,0,0,0,0,0,0,0,0,0,0,0,0,0,0,0,0,0,0,0,0,0,0,0,0,0,0,0,0,0,0,35.29411697387695,0,2273.796142578125,57220.241943359375,0,67221336064,8589930496,66921046016,4415983616
199,1724134055508,999,900,1200,1200,1100,800,800,4521,875,880,800,800,1000,873,800,878,800,898,860,872,882,800,886,800,896,860,800,800,800,800,900,800,0,0,20,0,0,0,0,0,0,0,0,0,0,0,0,0,0,0,0,0,0,0,0,0,0,0,0,0,0,0,0,27.77777862548828,0,2277.5814819335938,57222.30242919922,0,67221336064,8589930496,66876661760,4457246720
199,1724134055708,999,900,1200,1200,1100,800,800,4521,875,880,800,800,1000,873,800,878,800,898,860,872,882,800,886,800,896,860,800,800,800,800,900,800,0,0,0,0,0,0,0,0,0,0,0,0,0,0,0,0,0,0,0,0,0,0,0,0,0,0,0,0,0,0,0,38.88888931274414,0,2279.5784301757813,57222.61016845703,0,67221336064,8589930496,66901680128,4436275200
199,1724134055908,999,900,1200,1200,1100,800,800,4521,875,880,800,800,1000,873,800,878,800,898,860,872,882,800,886,800,896,860,800,800,800,800,900,800,0,0,5,0,0,0,0,0,0,0,0,0,0,0,0,0,0,0,0,0,0,0,0,0,0,0,0,0,0,0,0,31.25,0,2281.5665283203125,57222.90887451172,0,67221336064,8589930496,66918195200,4416090112
199,1724134056108,999,900,1200,1200,1100,800,800,4521,875,880,800,800,1000,873,800,878,800,898,860,872,882,800,886,800,896,860,800,800,800,800,900,800,0,0,0,0,0,0,0,0,0,0,0,0,0,0,0,0,0,0,0,0,0,0,0,0,0,0,0,0,0,0,0,33.333335876464844,0,2283.54248046875,57223.194396972656,0,67221336064,8589930496,66942980096,4395642880
199,1724134056309,999,900,1200,1200,1100,800,800,4521,875,880,800,800,1000,873,800,878,800,898,860,872,882,800,886,800,896,860,800,800,800,800,900,800,0,0,0,0,0,0,0,0,0,0,0,0,0,0,0,0,0,0,0,0,0,0,0,0,0,0,0,0,0,0,0,33.333335876464844,0,2285.5159301757813,57223.479248046875,0,67221336064,8589930496,66961301504,4375719936
199,1724134056509,999,900,1200,1200,1100,800,800,4521,875,880,800,800,1000,873,800,878,800,898,860,872,882,800,886,800,896,860,800,800,800,800,900,800,0,0,14.285715103149414,0,0,0,0,0,0,0,0,0,0,0,0,0,0,0,0,0,0,0,0,0,0,0,0,0,0,0,0,27.77777862548828,0,2287.4903564453125,57223.76580810547,0,67221336064,8589930496,66984009728,4356059136
199,1724134056709,999,900,1200,1200,1100,800,800,4521,875,880,800,800,1000,873,800,878,800,898,860,872,882,800,886,800,896,860,800,800,800,800,900,800,0,0,0,0,0,0,0,0,0,0,0,0,0,0,0,0,0,0,0,0,0,0,0,0,0,0,0,0,0,0,0,35.29411697387695,0,2289.4666748046875,57224.054138183594,0,67221336064,8589930496,67000524800,4335611904
199,1724134056909,999,900,1200,1200,1100,800,800,4521,875,880,800,800,1000,873,800,878,800,898,860,872,882,800,886,800,896,860,800,800,800,800,900,800,0,0,0,0,0,0,0,0,0,0,0,0,0,0,0,0,0,0,0,0,0,0,0,0,0,0,0,0,0,0,0,36.842105865478516,0,2291.4286499023438,57224.32824707031,0,67221336064,8589930496,67016777728,4317523968
199,1724134057109,999,900,1200,1200,1100,800,800,4521,875,880,800,800,1000,873,800,878,800,898,860,872,882,800,886,800,896,860,800,800,800,800,900,800,0,0,0,0,0,0,0,0,0,0,0,0,0,0,0,0,0,0,0,0,0,0,0,0,0,0,0,0,0,0,0,27.77777862548828,0,2293.4057006835938,57224.60711669922,0,67221336064,8589930496,67033280512,4305727488
199,1724134057309,999,900,1200,1200,1100,800,800,4521,875,880,800,800,1000,873,800,878,800,898,860,872,882,800,886,800,896,860,800,800,800,800,900,800,0,0,0,0,0,0,0,0,0,0,0,0,0,0,0,0,0,0,0,0,0,0,0,0,0,0,0,0,0,0,0,36.842105865478516,0,2295.40380859375,57224.91064453125,0,67221336064,8589930496,67049783296,4294717440
200,1724134057509,999,900,1200,1200,1100,800,800,4521,875,880,800,800,1000,873,800,878,800,898,860,872,882,800,886,800,896,860,800,800,800,800,900,800,0,0,0,0,0,0,0,0,0,0,0,0,0,0,0,0,0,0,0,0,0,0,0,0,0,0,0,0,0,0,0,36.842105865478516,0,2301.9614868164063,57229.7060546875,0,67221336064,8589930496,66866065408,4459180032
199,1724134057709,999,900,1200,1200,1100,800,800,4521,875,880,800,800,1000,873,800,878,800,898,860,872,882,800,886,800,896,860,800,800,800,800,900,800,0,0,7.692307949066162,0,20.512821197509766,0,0,0,0,0,0,0,0,0,0,0,0,0,0,0,0,0,0,0,0,0,0,0,0,0,0,33.333335876464844,0,2307.5960083007813,57233.503479003906,0,67221336064,8589930496,66890838016,4439519232
200,1724134057909,999,900,1200,1200,1100,800,800,4521,875,880,800,800,1000,873,800,878,800,898,860,872,882,800,886,800,896,860,800,800,800,800,900,800,0,0,0,0,0,0,0,0,0,0,0,0,0,0,0,0,0,0,0,0,0,0,0,0,0,0,0,0,0,0,0,57.894737243652344,0,2314.928466796875,57239.024963378906,0,67221336064,8589930496,66932125696,4392595456
200,1724134058109,999,900,1200,1200,1100,800,800,4521,875,880,800,800,1000,873,800,878,800,898,860,872,882,800,886,800,896,860,800,800,800,800,900,800,0,0,10,0,0,0,0,0,0,0,0,0,0,0,0,0,0,0,0,0,0,0,0,0,0,0,0,0,0,0,0,47.36842346191406,0,2319.361083984375,57241.69415283203,0,67221336064,8589930496,66989268992,4341215232
200,1724134058309,999,900,1200,1200,1100,800,800,4521,875,880,800,800,1000,873,800,878,800,898,860,872,882,800,886,800,896,860,800,800,800,800,900,800,4.761904716491699,0,0,0,0,0,0,0,0,0,0,0,0,0,0,0,0,0,0,0,0,0,0,0,0,0,0,0,0,0,0,52.6315803527832,0,2324.2263793945313,57244.754821777344,0,67221336064,8589930496,67022041088,4307136512
199,1724134058509,999,900,1200,1200,1100,800,800,4521,875,880,800,800,1000,873,800,878,800,898,860,872,882,800,886,800,896,860,800,800,800,800,900,800,0,0,0,0,0,0,0,0,0,0,0,0,0,0,0,0,0,0,0,0,0,0,0,0,0,0,0,0,0,0,0,60.000003814697266,0,2329.4844970703125,57248.18701171875,0,67221336064,8589930496,67030192128,4300845056
199,1724134058710,999,900,1200,1200,1100,800,800,4521,875,880,800,800,1000,873,800,878,800,898,860,872,882,800,886,800,896,860,800,800,800,800,900,800,0,0,0,0,0,0,0,0,0,0,0,0,0,0,0,0,0,0,0,0,0,0,0,0,0,0,0,0,0,0,0,36.842105865478516,0,2331.5411987304688,57248.53942871094,0,67221336064,8589930496,67046707200,4294815744
199,1724134058910,999,900,1200,1200,1100,800,800,4521,875,880,800,800,1000,873,800,878,800,898,860,872,882,800,886,800,896,860,800,800,800,800,900,800,0,0,40,0,0,0,0,0,0,0,0,0,0,0,0,0,0,0,0,0,0,0,0,0,0,0,0,0,0,0,0,25,0,2336.3588256835938,57251.628967285156,0,67221336064,8589930496,66855002112,4478070784
199,1724134059110,999,900,1200,1200,1100,800,800,4521,875,880,800,800,1000,873,800,878,800,898,860,872,882,800,886,800,896,860,800,800,800,800,900,800,0,0,0,0,0,0,0,0,0,0,0,0,0,0,0,0,0,0,0,0,0,0,0,0,0,0,0,0,0,0,0,35.29411697387695,0,2338.3400268554688,57251.92370605469,0,67221336064,8589930496,66871517184,4462080000
199,1724134059310,999,900,1200,1200,1100,800,800,4521,875,880,800,800,1000,873,800,878,800,898,860,872,882,800,886,800,896,860,800,800,800,800,900,800,0,0,25,0,0,0,0,0,0,0,0,0,0,0,0,0,0,0,0,0,0,0,0,0,0,0,0,0,0,0,0,15.000000953674316,0,2340.3018188476563,57252.20129394531,0,67221336064,8589930496,66896031744,4446351360
199,1724134059510,999,900,1200,1200,1100,800,800,4521,875,880,800,800,1000,873,800,878,800,898,860,872,882,800,886,800,896,860,800,800,800,800,900,800,0,0,29.411766052246094,0,0,0,0,0,0,0,0,0,0,0,0,0,0,0,0,0,0,0,0,0,0,0,0,0,0,0,0,0,0,2342.2543334960938,57252.4716796875,0,67221336064,8589930496,66912546816,4430360576
199,1724134059710,999,900,1200,1200,1100,800,800,4521,875,880,800,800,1000,873,800,878,800,898,860,872,882,800,886,800,896,860,800,800,800,800,900,800,0,0,29.411766052246094,0,0,0,0,0,0,0,0,0,0,0,0,0,0,0,0,0,0,0,0,0,0,0,0,0,0,0,0,0,0,2344.21240234375,57252.74920654297,0,67221336064,8589930496,66929061888,4414369792
199,1724134059910,999,900,1200,1200,1100,800,800,4521,875,880,800,800,1000,873,800,878,800,898,860,872,882,800,886,800,896,860,800,800,800,800,900,800,0,0,9.523809432983398,0,0,0,0,0,0,0,0,0,0,0,0,0,0,0,0,0,0,0,0,0,0,0,0,0,0,0,0,26.3157901763916,0,2346.1796875,57253.02746582031,0,67221336064,8589930496,66937319424,4401786880
199,1724134060110,999,900,1200,1200,1100,800,800,4521,875,880,800,800,1000,873,800,878,800,898,860,872,882,800,886,800,896,860,800,800,800,800,900,800,0,0,0,0,0,0,0,0,0,0,0,0,0,0,0,0,0,0,0,0,0,0,0,0,0,0,0,0,0,0,0,27.77777862548828,0,2348.1295166015625,57253.29211425781,0,67221336064,8589930496,66945576960,4392087552
199,1724134060310,999,900,1200,1200,1100,800,800,4521,875,880,800,800,1000,873,800,878,800,898,860,872,882,800,886,800,896,860,800,800,800,800,900,800,0,0,0,0,0,0,0,0,0,0,0,0,0,0,0,0,0,0,0,0,0,0,0,0,0,0,0,0,0,0,0,27.77777862548828,0,2350.474609375,57253.923828125,0,67221336064,8589930496,66953142272,4381077504
200,1724134060510,999,900,1200,1200,1100,800,800,4521,875,880,800,800,1000,873,800,878,800,898,860,872,882,800,886,800,896,860,800,800,800,800,900,800,0,0,0,0,0,0,0,0,0,0,0,0,0,0,0,0,0,0,0,0,0,0,0,0,0,0,0,0,0,0,0,45.945945739746094,0,2356.6068115234375,57258.27355957031,0,67221336064,8589930496,67002429440,4332580864
200,1724134060710,999,900,1200,1200,1100,800,800,4521,875,880,800,800,1000,873,800,878,800,898,860,872,882,800,886,800,896,860,800,800,800,800,900,800,0,0,0,0,0,0,0,0,0,0,0,0,0,0,0,0,0,0,0,0,0,0,0,0,0,0,0,0,0,0,0,90,0,2364.9804077148438,57264.67010498047,0,67221336064,8589930496,67010428928,4325240832
200,1724134060910,999,900,1200,1200,1100,800,800,4521,875,880,800,800,1000,873,800,878,800,898,860,872,882,800,886,800,896,860,800,800,800,800,900,800,0,0,0,0,0,0,0,0,0,0,0,0,0,0,0,0,0,0,0,0,0,0,0,0,0,0,0,0,0,0,0,68.42105102539063,0,2372.7678833007813,57270.590881347656,0,67221336064,8589930496,67043201024,4294832128
200,1724134061110,999,900,1200,1200,1100,800,800,4521,875,880,800,800,1000,873,800,878,800,898,860,872,882,800,886,800,896,860,800,800,800,800,900,800,0,0,47.36842346191406,0,33.333335876464844,0,0,0,0,0,0,0,0,0,0,0,0,0,0,0,0,0,0,0,0,0,0,0,0,0,0,10,0,2380.5676879882813,57276.602783203125,0,67221336064,8589930496,66918232064,4419133440
200,1724134061310,999,900,1200,1200,1100,800,800,4521,875,880,800,800,1000,873,800,878,800,898,860,872,882,800,886,800,896,860,800,800,800,800,900,800,0,0,20,0,55,0,0,0,0,0,0,0,0,0,0,0,0,0,0,0,0,0,0,0,0,0,0,0,0,0,10,0,0,2388.0404052734375,57282.183166503906,0,67221336064,8589930496,66869923840,4457078784
200,1724134061511,999,900,1200,1200,1100,800,800,4521,875,880,800,800,1000,873,800,878,800,898,860,872,882,800,886,800,896,860,800,800,800,800,900,800,0,0,0,0,0,0,0,0,0,0,0,0,0,0,0,0,0,0,0,0,0,0,0,0,0,0,0,0,0,0,85,0,0,2396.3934936523438,57288.566650390625,0,67221336064,8589930496,66886180864,4444495872
200,1724134061711,999,900,1200,1200,1100,800,800,4521,875,880,800,800,1000,873,800,878,800,898,860,872,882,800,886,800,896,860,800,800,800,800,900,800,0,0,0,0,0,0,0,0,0,0,0,0,0,0,0,0,0,0,0,0,0,0,0,0,0,0,0,0,0,0,55,0,0,2403.6543579101563,57293.93731689453,0,67221336064,8589930496,66919211008,4410941440
200,1724134061911,999,900,1200,1200,1100,800,800,4521,875,880,800,800,1000,873,800,878,800,898,860,872,882,800,886,800,896,860,800,800,800,800,900,800,0,0,0,0,0,0,0,0,0,0,0,0,0,0,0,0,0,0,0,0,0,0,0,0,0,0,0,0,0,0,45,0,0,2408.0643920898438,57296.56951904297,0,67221336064,8589930496,66977013760,4355366912
200,1724134062111,999,900,1200,1200,1100,800,800,4521,875,880,800,800,1000,873,800,878,800,898,860,872,882,800,886,800,896,860,800,800,800,800,900,800,0,0,0,0,0,0,0,0,0,0,0,0,0,0,0,0,0,0,0,0,0,0,0,0,0,0,0,0,0,0,44.4444465637207,0,0,2412.6731567382813,57299.42980957031,0,67221336064,8589930496,67049766912,4296122368
200,1724134062311,999,900,1200,1200,1100,800,800,4521,875,880,800,800,1000,873,800,878,800,898,860,872,882,800,886,800,896,860,800,800,800,800,900,800,0,0,35,0,0,0,0,0,0,0,0,0,0,0,0,0,0,0,0,0,0,0,0,0,0,0,0,0,0,0,45,0,0,2420.7399291992188,57305.66052246094,0,67221336064,8589930496,66968989696,4368351232
200,1724134062511,999,900,1200,1200,1100,800,800,4521,875,880,800,800,1000,873,800,878,800,898,860,872,882,800,886,800,896,860,800,800,800,800,900,800,0,0,0,0,0,0,0,0,0,0,0,0,0,0,0,0,0,0,0,0,0,0,0,0,0,0,0,0,0,0,50,0,0,2426.9762573242188,57310.098693847656,0,67221336064,8589930496,67009916928,4323000320
200,1724134062711,999,900,1200,1200,1100,800,800,4521,875,880,800,800,1000,873,800,878,800,898,860,872,882,800,886,800,896,860,800,800,800,800,900,800,0,0,15.000000953674316,0,0,0,0,0,0,0,0,0,0,0,0,0,0,0,0,0,0,0,0,0,0,0,0,0,0,0,47.619049072265625,4.761904716491699,0,2433.3848876953125,57314.690856933594,0,67221336064,8589930496,66885537792,4306485248
200,1724134062911,999,900,1200,1200,1100,800,800,4521,875,880,800,800,1000,873,800,878,800,898,860,872,882,800,886,800,896,860,800,800,800,800,900,800,0,0,4.761904716491699,0,0,0,0,0,0,0,0,0,0,0,0,0,0,0,0,0,0,0,0,0,0,0,0,0,0,0,0,52.94117736816406,0,2439.7366333007813,57319.22589111328,0,67221336064,8589930496,66896633856,4294950912
200,1724134063111,999,900,1200,1200,1100,800,800,4521,875,880,800,800,1000,873,800,878,800,898,860,872,882,800,886,800,896,860,800,800,800,800,900,800,0,0,0,0,0,0,0,0,0,0,0,0,0,0,0,0,0,0,0,0,0,0,0,0,0,0,0,0,0,0,0,42.105262756347656,0,2444.0866088867188,57321.8056640625,0,67221336064,8589930496,66962763776,4294950912
199,1724134063311,999,900,1200,1200,1100,800,800,4521,875,880,800,800,1000,873,800,878,800,898,860,872,882,800,886,800,896,860,800,800,800,800,900,800,0,0,0,0,0,0,0,0,0,0,0,0,0,0,0,0,0,0,0,0,0,0,0,0,0,0,0,0,0,0,68.42105102539063,9.523809432983398,0,2451.5575561523438,57327.350341796875,0,67221336064,8589930496,66987536384,4294950912
199,1724134063511,999,900,1200,1200,1100,800,800,4521,875,880,800,800,1000,873,800,878,800,898,860,872,882,800,886,800,896,860,800,800,800,800,900,800,0,0,0,0,0,0,0,0,0,0,0,0,0,0,0,0,0,0,0,0,0,0,0,0,0,0,0,0,0,0,40,4.761904716491699,0,2456.2701416015625,57330.29461669922,0,67221336064,8589930496,67038629888,4294950912
199,1724134063711,999,900,1200,1200,1100,800,800,4521,875,880,800,800,1000,873,800,878,800,898,860,872,882,800,886,800,896,860,800,800,800,800,900,800,4.761904716491699,0,47.619049072265625,0,0,0,0,0,0,0,0,0,0,0,0,0,0,0,0,0,0,0,0,0,0,0,0,0,0,0,50,0,0,2463.0345458984375,57335.292724609375,0,67221336064,8589930496,66924576768,4406140928
199,1724134063911,999,900,1200,1200,1100,800,800,4521,875,880,800,800,1000,873,800,878,800,898,860,872,882,800,886,800,896,860,800,800,800,800,900,800,0,0,5.263157844543457,0,0,0,0,0,0,0,0,0,0,0,0,0,0,0,0,0,0,0,0,0,0,0,0,0,0,0,0,76.19047546386719,0,2471.4013671875,57341.915100097656,0,67221336064,8589930496,66913198080,4415594496
200,1724134064112,999,900,1200,1200,1100,800,800,4521,875,880,800,800,1000,873,800,878,800,898,860,872,882,800,886,800,896,860,800,800,800,800,900,800,0,0,0,0,0,0,0,0,0,0,0,0,0,0,0,0,0,0,0,0,0,0,0,0,0,0,0,0,0,0,0,55,0,2477.2479858398438,57346.027099609375,0,67221336064,8589930496,66946461696,4380991488
199,1724134064312,999,900,1200,1200,1100,800,800,4521,875,880,800,800,1000,873,800,878,800,898,860,872,882,800,886,800,896,860,800,800,800,800,900,800,0,0,0,0,0,0,0,0,0,0,0,0,0,0,0,0,0,0,0,0,0,0,0,0,0,0,0,0,0,0,0,38.88888931274414,0,2481.016845703125,57348.07727050781,0,67221336064,8589930496,66991517696,4339572736
199,1724134064512,999,900,1200,1200,1100,800,800,4521,875,880,800,800,1000,873,800,878,800,898,860,872,882,800,886,800,896,860,800,800,800,800,900,800,0,0,0,0,0,0,0,0,0,0,0,0,0,0,0,0,0,0,0,0,0,0,0,0,0,0,0,0,0,0,0,38.88888931274414,0,2484.9090576171875,57350.254943847656,0,67221336064,8589930496,67028996096,4301561856
200,1724134064712,999,900,1200,1200,1100,800,800,4521,875,880,800,800,1000,873,800,878,800,898,860,872,882,800,886,800,896,860,800,800,800,800,900,800,0,0,50,0,0,0,0,0,0,0,0,0,0,0,0,0,0,0,0,0,0,0,0,0,0,0,0,0,0,0,0,12.5,0,2489.4706420898438,57353.084899902344,0,67221336064,8589930496,66914582528,4419743744
200,1724134064912,999,900,1200,1200,1100,800,800,4521,875,880,800,800,1000,873,800,878,800,898,860,872,882,800,886,800,896,860,800,800,800,800,900,800,0,0,0,0,0,0,0,0,0,0,0,0,0,0,0,0,0,0,0,0,0,0,0,0,0,0,0,0,0,0,0,33.333335876464844,0,2492.12744140625,57354.03955078125,0,67221336064,8589930496,66960773120,4373577728
199,1724134065112,999,900,1200,1200,1100,800,800,4521,875,880,800,800,1000,873,800,878,800,898,860,872,882,800,886,800,896,860,800,800,800,800,900,800,0,0,0,0,0,0,0,0,0,0,0,0,0,0,0,0,0,0,0,0,0,0,0,0,0,0,0,0,0,0,0,38.88888931274414,0,2494.3480834960938,57354.56231689453,0,67221336064,8589930496,67009818624,4326391808
200,1724134065312,999,900,1200,1200,1100,800,800,4521,875,880,800,800,1000,873,800,878,800,898,860,872,882,800,886,800,896,860,800,800,800,800,900,800,0,0,0,0,0,0,0,0,0,0,0,0,0,0,0,0,0,0,0,0,0,0,0,0,0,0,0,0,0,0,0,38.88888931274414,0,2497.6531372070313,57356.15869140625,0,67221336064,8589930496,67012399104,4334469120
200,1724134065512,999,900,1200,1200,1100,800,800,4521,875,880,800,800,1000,873,800,878,800,898,860,872,882,800,886,800,896,860,800,800,800,800,900,800,0,0,22.5,0,0,0,0,0,0,0,0,0,0,0,0,0,0,0,0,0,0,0,0,0,0,0,0,0,0,0,0,36.842105865478516,0,2502.4840698242188,57359.25964355469,0,67221336064,8589930496,66967154688,4370059264
199,1724134065712,999,900,1200,1200,1100,800,800,4521,875,880,800,800,1000,873,800,878,800,898,860,872,882,800,886,800,896,860,800,800,800,800,900,800,0,0,5.555555820465088,0,0,0,0,0,0,0,0,0,0,0,0,0,0,0,0,0,0,0,0,0,0,0,0,0,0,0,0,26.3157901763916,0,2504.8294677734375,57359.901611328125,0,67221336064,8589930496,67020054528,4319465472
200,1724134065912,999,900,1200,1200,1100,800,800,4521,875,880,800,800,1000,873,800,878,800,898,860,872,882,800,886,800,896,860,800,800,800,800,900,800,0,0,5.555555820465088,0,0,0,0,0,0,0,0,0,0,0,0,0,0,0,0,0,0,0,0,0,0,0,0,0,0,0,0,26.3157901763916,0,2510.3134765625,57363.615661621094,0,67221336064,8589930496,66994466816,4332900352
200,1724134066112,999,900,1200,1200,1100,800,800,4521,875,880,800,800,1000,873,800,878,800,898,860,872,882,800,886,800,896,860,800,800,800,800,900,800,0,0,67.5,0,34.21052551269531,0,0,0,0,0,0,0,0,0,0,0,0,0,0,0,0,0,0,0,0,0,0,0,0,0,0,2.5641026496887207,0,2520.1286010742188,57371.505432128906,0,67221336064,8589930496,67049222144,4294889472
200,1724134066312,999,900,1200,1200,1100,800,800,4521,875,880,800,800,1000,873,800,878,800,898,860,872,882,800,886,800,896,860,800,800,800,800,900,800,0,0,60.000003814697266,0,0,0,0,0,0,0,0,0,0,0,0,0,0,0,0,0,0,0,0,0,0,0,0,0,0,0,27.77777862548828,0,0,2528.054443359375,57377.61151123047,0,67221336064,8589930496,66958692352,4396412928
200,1724134066512,999,900,1200,1200,1100,800,800,4521,875,880,800,800,1000,873,800,878,800,898,860,872,882,800,886,800,896,860,800,800,800,800,900,800,0,0,0,0,0,0,0,0,0,0,0,0,0,0,0,0,0,0,0,0,0,0,0,0,0,0,0,0,0,0,38.095237731933594,0,0,2534.336669921875,57382.16180419922,0,67221336064,8589930496,67021778944,4327206912
199,1724134066712,999,900,1200,1200,1100,800,800,4521,875,880,800,800,1000,873,800,878,800,898,860,872,882,800,886,800,896,860,800,800,800,800,900,800,0,0,50,0,0,0,0,0,0,0,0,0,0,0,0,0,0,0,0,0,0,0,0,0,0,0,0,0,0,0,23.52941131591797,0,0,2541.4595336914063,57387.519470214844,0,67221336064,8589930496,66875973632,4467662848
200,1724134066912,999,900,1200,1200,1100,800,800,4521,875,880,800,800,1000,873,800,878,800,898,860,872,882,800,886,800,896,860,800,800,800,800,900,800,0,0,0,0,0,0,0,0,0,0,0,0,0,0,0,0,0,0,0,0,0,0,0,0,0,0,0,0,0,0,44.4444465637207,0,0,2544.7709350585938,57389.103515625,0,67221336064,8589930496,66933776384,4411564032
200,1724134067113,999,900,1200,1200,1100,800,800,4521,875,880,800,800,1000,873,800,878,800,898,860,872,882,800,886,800,896,860,800,800,800,800,900,800,0,0,0,0,0,0,0,0,0,0,0,0,0,0,0,0,0,0,0,0,0,0,0,0,0,0,0,0,0,0,90.47618865966797,0,0,2552.20458984375,57394.794494628906,0,67221336064,8589930496,66942033920,4402651136
200,1724134067313,999,900,1200,1200,1100,800,800,4521,875,880,800,800,1000,873,800,878,800,898,860,872,882,800,886,800,896,860,800,800,800,800,900,800,0,0,0,0,0,0,0,0,0,0,0,0,0,0,0,0,0,0,0,0,0,0,0,0,0,0,0,0,0,0,95,0,0,2559.5653686523438,57400.420837402344,0,67221336064,8589930496,66950127616,4397408256
200,1724134067513,999,900,1200,1200,1100,800,800,4521,875,880,800,800,1000,873,800,878,800,898,860,872,882,800,886,800,896,860,800,800,800,800,900,800,0,0,0,0,0,0,0,0,0,0,0,0,0,0,0,0,0,0,0,0,0,0,0,0,0,0,0,0,0,0,94.44444274902344,0,0,2566.8164672851563,57405.937255859375,0,67221336064,8589930496,66958897152,4385873920
200,1724134067713,999,900,1200,1200,1100,800,800,4521,875,880,800,800,1000,873,800,878,800,898,860,872,882,800,886,800,896,860,800,800,800,800,900,800,0,0,0,0,0,0,0,0,0,0,0,0,0,0,0,0,0,0,0,0,0,0,0,0,0,0,0,0,0,0,86.36363983154297,0,0,2574.0562744140625,57411.445068359375,0,67221336064,8589930496,66975412224,4374077440
200,1724134067913,999,900,1200,1200,1100,800,800,4521,875,880,800,800,1000,873,800,878,800,898,860,872,882,800,886,800,896,860,800,800,800,800,900,800,0,0,0,0,0,0,0,0,0,0,0,0,0,0,0,0,0,0,0,0,0,0,0,0,0,0,0,0,0,0,78.94737243652344,0,0,2581.6812744140625,57417.2490234375,0,67221336064,8589930496,66991927296,4353892352
200,1724134068113,999,900,1200,1200,1100,800,800,4521,875,880,800,800,1000,873,800,878,800,898,860,872,882,800,886,800,896,860,800,800,800,800,900,800,0,0,0,0,0,0,0,0,0,0,0,0,0,0,0,0,0,0,0,0,0,0,0,0,0,0,0,0,0,0,50,0,0,2588.037841796875,57421.83044433594,0,67221336064,8589930496,67048923136,4296482816
200,1724134068313,999,900,1200,1200,1100,800,800,4521,875,880,800,800,1000,873,800,878,800,898,860,872,882,800,886,800,896,860,800,800,800,800,900,800,0,0,35,0,0,0,0,0,0,0,0,0,0,0,0,0,0,0,0,0,0,0,0,0,0,0,0,0,0,0,36.842105865478516,0,0,2595.607177734375,57427.594970703125,0,67221336064,8589930496,66957193216,4385570816
199,1724134068513,999,900,1200,1200,1100,800,800,4521,875,880,800,800,1000,873,800,878,800,898,860,872,882,800,886,800,896,860,800,800,800,800,900,800,0,0,0,0,0,0,0,0,0,0,0,0,0,0,0,0,0,0,0,0,0,0,0,0,0,0,0,0,0,0,42.105262756347656,0,0,2600.3474731445313,57430.59362792969,0,67221336064,8589930496,67023253504,4324491264
200,1724134068713,999,900,1200,1200,1100,800,800,4521,875,880,800,800,1000,873,800,878,800,898,860,872,882,800,886,800,896,860,800,800,800,800,900,800,0,0,40,0,9.523809432983398,0,0,0,0,0,0,0,0,0,0,0,0,0,0,0,0,0,0,0,0,0,0,0,0,0,21.052631378173828,0,0,2605.2140502929688,57433.705627441406,0,67221336064,8589930496,66972057600,4365811712
200,1724134068913,999,900,1200,1200,1100,800,800,4521,875,880,800,800,1000,873,800,878,800,898,860,872,882,800,886,800,896,860,800,800,800,800,900,800,0,0,47.619049072265625,0,0,0,0,0,0,0,0,0,0,0,0,0,0,0,0,0,0,0,0,0,0,0,0,0,0,0,21.052631378173828,0,0,2611.5872802734375,57438.30712890625,0,67221336064,8589930496,66969231360,4367618048
199,1724134069114,999,900,1200,1200,1100,800,800,4521,875,880,800,800,1000,873,800,878,800,898,860,872,882,800,886,800,896,860,800,800,800,800,900,800,0,0,52.6315803527832,0,0,0,0,0,0,0,0,0,0,0,0,0,0,0,0,0,0,0,0,0,0,0,0,0,0,0,0,0,0,2617.069580078125,57441.99304199219,0,67221336064,8589930496,67027034112,4314140672
200,1724134069314,999,900,1200,1200,1100,800,800,4521,875,880,800,800,1000,873,800,878,800,898,860,872,882,800,886,800,896,860,800,800,800,800,900,800,0,0,45,0,0,0,0,0,0,0,0,0,0,0,0,0,0,0,0,0,0,0,0,0,0,0,0,0,0,0,57.142860412597656,0,0,2623.732666015625,57446.83386230469,0,67221336064,8589930496,66929049600,4428455936
199,1724134069514,999,900,1200,1200,1100,800,800,4521,875,880,800,800,1000,873,800,878,800,898,860,872,882,800,886,800,896,860,800,800,800,800,900,800,0,0,42.105262756347656,0,0,0,0,0,0,0,0,0,0,0,0,0,0,0,0,0,0,0,0,0,0,0,0,0,0,0,10,0,0,2628.3250732421875,57449.662109375,0,67221336064,8589930496,66919710720,4433698816
200,1724134069714,999,900,1200,1200,1100,800,800,4521,875,880,800,800,1000,873,800,878,800,898,860,872,882,800,886,800,896,860,800,800,800,800,900,800,0,0,45,0,0,0,0,0,0,0,0,0,0,0,0,0,0,0,0,0,0,0,0,0,0,0,0,0,0,0,0,0,0,2633.0176391601563,57452.58984375,0,67221336064,8589930496,66977513472,4377075712
200,1724134069914,999,900,1200,1200,1100,800,800,4521,875,880,800,800,1000,873,800,878,800,898,860,872,882,800,886,800,896,860,800,800,800,800,900,800,0,0,42.105262756347656,0,0,0,0,0,0,0,0,0,0,0,0,0,0,0,0,0,0,0,0,0,0,0,0,0,0,0,0,0,0,2637.512939453125,57455.32635498047,0,67221336064,8589930496,67035316224,4322811904
199,1724134070114,999,900,1200,1200,1100,800,800,4521,875,880,800,800,1000,873,800,878,800,898,860,872,882,800,886,800,896,860,800,800,800,800,900,800,0,0,42.105262756347656,0,0,0,0,0,0,0,0,0,0,0,0,0,0,0,0,0,0,0,0,0,0,0,0,0,0,0,60.000003814697266,0,0,2644.4038696289063,57460.37414550781,0,67221336064,8589930496,66979643392,4369088512
200,1724134070314,999,900,1200,1200,1100,800,800,4521,875,880,800,800,1000,873,800,878,800,898,860,872,882,800,886,800,896,860,800,800,800,800,900,800,0,0,55,0,0,0,0,0,0,0,0,0,0,0,0,0,0,0,0,0,0,0,0,0,0,0,0,0,0,0,55,0,0,2653.1394653320313,57467.22833251953,0,67221336064,8589930496,67027972096,4316135424
200,1724134070514,999,900,1200,1200,1100,800,800,4521,875,880,800,800,1000,873,800,878,800,898,860,872,882,800,886,800,896,860,800,800,800,800,900,800,0,0,55,0,23.809524536132813,0,0,0,0,0,0,0,0,0,0,0,0,0,0,0,0,0,0,0,0,0,0,0,0,0,35,0,0,2660.6011962890625,57472.903076171875,0,67221336064,8589930496,66916945920,4426932224
200,1724134070714,999,900,1200,1200,1100,800,800,4521,875,880,800,800,1000,873,800,878,800,898,860,872,882,800,886,800,896,860,800,800,800,800,900,800,0,0,15.000000953674316,0,0,0,0,0,0,0,0,0,0,0,0,0,0,0,0,0,0,0,0,0,0,0,0,0,0,0,60.000003814697266,0,0,2668.4525756835938,57478.995361328125,0,67221336064,8589930496,66882428928,4462903296
200,1724134070914,999,900,1200,1200,1100,800,800,4521,875,880,800,800,1000,873,800,878,800,898,860,872,882,800,886,800,896,860,800,800,800,800,900,800,0,0,0,0,0,0,0,0,0,0,0,0,0,0,0,0,0,0,0,0,0,0,0,0,0,0,0,0,0,0,52.6315803527832,0,0,2675.5972290039063,57484.400329589844,0,67221336064,8589930496,66923962368,4422795264
200,1724134071114,999,900,1200,1200,1100,800,800,4521,875,880,800,800,1000,873,800,878,800,898,860,872,882,800,886,800,896,860,800,800,800,800,900,800,0,0,0,0,0,0,0,0,0,0,0,0,0,0,0,0,0,0,0,0,0,0,0,0,0,0,0,0,0,0,63.15789031982422,0,0,2682.620361328125,57489.683349609375,0,67221336064,8589930496,66964750336,4381638656
200,1724134071314,999,900,1200,1200,1100,800,800,4521,875,880,800,800,1000,873,800,878,800,898,860,872,882,800,886,800,896,860,800,800,800,800,900,800,0,0,0,0,0,0,0,0,0,0,0,0,0,0,0,0,0,0,0,0,0,0,0,0,0,0,0,0,0,0,72.7272720336914,0,0,2689.8272094726563,57495.143615722656,0,67221336064,8589930496,66997661696,4348608512
200,1724134071515,999,900,1200,1200,1100,800,800,4521,875,880,800,800,1000,873,800,878,800,898,860,872,882,800,886,800,896,860,800,800,800,800,900,800,0,0,0,0,0,0,0,0,0,0,0,0,0,0,0,0,0,0,0,0,0,0,0,0,0,0,0,0,0,0,68.42105102539063,0,0,2696.7772827148438,57500.35272216797,0,67221336064,8589930496,67030691840,4314005504
200,1724134071715,999,900,1200,1200,1100,800,800,4521,875,880,800,800,1000,873,800,878,800,898,860,872,882,800,886,800,896,860,800,800,800,800,900,800,0,0,10,0,0,0,0,0,0,0,0,0,0,0,0,0,0,0,0,0,0,0,0,0,0,0,0,0,0,0,75,0,0,2704.294677734375,57506.122985839844,0,67221336064,8589930496,67026296832,4329664512
200,1724134071915,999,900,1200,1200,1100,800,800,4521,875,880,800,800,1000,873,800,878,800,898,860,872,882,800,886,800,896,860,800,800,800,800,900,800,0,0,20,0,0,0,0,0,0,0,0,0,0,0,0,0,0,0,0,0,0,0,0,0,0,0,0,0,0,0,55.55555725097656,0,0,2711.743896484375,57511.81286621094,0,67221336064,8589930496,66993000448,4358844416
200,1724134072115,999,900,1200,1200,1100,800,800,4521,875,880,800,800,1000,873,800,878,800,898,860,872,882,800,886,800,896,860,800,800,800,800,900,800,0,0,0,0,0,0,0,0,0,0,0,0,0,0,0,0,0,0,0,0,0,0,0,0,0,0,0,0,0,0,47.36842346191406,0,0,2718.7423706054688,57517.03845214844,0,67221336064,8589930496,67042435072,4316090368
200,1724134072315,999,900,1200,1200,1100,800,800,4521,875,880,800,800,1000,873,800,878,800,898,860,872,882,800,886,800,896,860,800,800,800,800,900,800,0,0,26.3157901763916,0,0,0,0,0,0,0,0,0,0,0,0,0,0,0,0,0,0,0,0,0,0,0,0,0,0,0,36.842105865478516,0,0,2724.3099365234375,57520.839904785156,0,67221336064,8589930496,66968289280,4389855232
200,1724134072515,999,900,1200,1200,1100,800,800,4521,875,880,800,800,1000,873,800,878,800,898,860,872,882,800,886,800,896,860,800,800,800,800,900,800,0,0,4.761904716491699,0,0,0,0,0,0,0,0,0,0,0,0,0,0,0,0,0,0,0,0,0,0,0,0,0,0,0,40,0,0,2727.1195068359375,57521.920959472656,0,67221336064,8589930496,67034595328,4323790848
199,1724134072715,999,900,1200,1200,1100,800,800,4521,875,880,800,800,1000,873,800,878,800,898,860,872,882,800,886,800,896,860,800,800,800,800,900,800,0,0,27.77777862548828,0,0,0,0,0,0,0,0,0,0,0,0,0,0,0,0,0,0,0,0,0,0,0,0,0,0,0,26.3157901763916,0,0,2730.9629516601563,57524.01184082031,0,67221336064,8589930496,67006205952,4347805696
200,1724134072915,999,900,1200,1200,1100,800,800,4521,875,880,800,800,1000,873,800,878,800,898,860,872,882,800,886,800,896,860,800,800,800,800,900,800,0,0,31.57894515991211,0,0,0,0,0,0,0,0,0,0,0,0,0,0,0,0,0,0,0,0,0,0,0,0,0,0,0,25,0,0,2735.8502197265625,57527.168518066406,0,67221336064,8589930496,66948186112,4391366656
200,1724134073115,999,900,1200,1200,1100,800,800,4521,875,880,800,800,1000,873,800,878,800,898,860,872,882,800,886,800,896,860,800,800,800,800,900,800,0,0,44.4444465637207,0,0,0,0,0,0,0,0,0,0,0,0,0,0,0,0,0,0,0,0,0,0,0,0,0,0,0,0,0,0,2738.6212768554688,57528.21569824219,0,67221336064,8589930496,67005984768,4331073536
200,1724134073316,999,900,1200,1200,1100,800,800,4521,875,880,800,800,1000,873,800,878,800,898,860,872,882,800,886,800,896,860,800,800,800,800,900,800,0,0,35,0,0,0,0,0,0,0,0,0,0,0,0,0,0,0,0,0,0,0,0,0,0,0,0,0,0,0,25,0,0,2742.8508911132813,57530.69934082031,0,67221336064,8589930496,66999406592,4352675840
200,1724134073516,999,900,1200,1200,1100,800,800,4521,875,880,800,800,1000,873,800,878,800,898,860,872,882,800,886,800,896,860,800,800,800,800,900,800,0,0,23.809524536132813,0,0,0,0,0,0,0,0,0,0,0,0,0,0,0,0,0,0,0,0,0,0,0,0,0,0,0,42.105262756347656,0,0,2749.0433349609375,57535.134521484375,0,67221336064,8589930496,66951872512,4400001024
199,1724134073716,999,900,1200,1200,1100,800,800,4521,875,880,800,800,1000,873,800,878,800,898,860,872,882,800,886,800,896,860,800,800,800,800,900,800,0,0,0,0,0,0,0,0,0,0,0,0,0,0,0,0,0,0,0,0,0,0,0,0,0,0,0,0,0,0,33.333335876464844,0,0,2751.5540161132813,57535.92395019531,0,67221336064,8589930496,67009921024,4338397184
200,1724134073916,999,900,1200,1200,1100,800,800,4521,875,880,800,800,1000,873,800,878,800,898,860,872,882,800,886,800,896,860,800,800,800,800,900,800,0,0,0,0,0,0,0,0,0,0,0,0,0,0,0,0,0,0,0,0,0,0,0,0,0,0,0,0,0,0,33.333335876464844,0,0,2754.0638427734375,57536.71942138672,0,67221336064,8589930496,67028258816,4321468416
200,1724134074116,999,900,1200,1200,1100,800,800,4521,875,880,800,800,1000,873,800,878,800,898,860,872,882,800,886,800,896,860,800,800,800,800,900,800,0,0,51.351348876953125,0,0,0,0,0,0,0,0,0,0,0,0,0,0,0,0,0,0,0,0,0,0,0,0,0,0,0,32.5,0,0,2762.3950805664063,57543.17510986328,0,67221336064,8589930496,67020423168,4319715328
200,1724134074316,999,900,1200,1200,1100,800,800,4521,875,880,800,800,1000,873,800,878,800,898,860,872,882,800,886,800,896,860,800,800,800,800,900,800,0,0,0,0,20,0,0,0,0,0,0,0,0,0,0,0,0,0,0,0,0,0,0,0,0,0,0,0,0,0,78.94737243652344,0,0,2770.5975952148438,57549.555114746094,0,67221336064,8589930496,66862305280,4461219840
200,1724134074516,999,900,1200,1200,1100,800,800,4521,875,880,800,800,1000,873,800,878,800,898,860,872,882,800,886,800,896,860,800,800,800,800,900,800,0,0,0,0,0,0,0,0,0,0,0,0,0,0,0,0,0,0,0,0,0,0,0,0,0,0,0,0,0,0,42.105262756347656,0,0,2776.4893798828125,57553.6875,0,67221336064,8589930496,66920353792,4407480320
200,1724134074716,999,900,1200,1200,1100,800,800,4521,875,880,800,800,1000,873,800,878,800,898,860,872,882,800,886,800,896,860,800,800,800,800,900,800,0,0,0,0,0,0,0,0,0,0,0,0,0,0,0,0,0,0,0,0,0,0,0,0,0,0,0,0,0,0,42.105262756347656,0,0,2781.5865478515625,57557.0341796875,0,67221336064,8589930496,66978156544,4346925056
199,1724134074916,999,900,1200,1200,1100,800,800,4521,875,880,800,800,1000,873,800,878,800,898,860,872,882,800,886,800,896,860,800,800,800,800,900,800,0,0,0,0,0,0,0,0,0,0,0,0,0,0,0,0,0,0,0,0,0,0,0,0,0,0,0,0,0,0,65,0,0,2788.1333618164063,57561.726501464844,0,67221336064,8589930496,67054280704,4294758400
200,1724134075116,999,900,1200,1200,1100,800,800,4521,875,880,800,800,1000,873,800,878,800,898,860,872,882,800,886,800,896,860,800,800,800,800,900,800,0,0,38.095237731933594,0,0,0,0,0,0,0,0,0,0,0,0,0,0,0,0,0,0,0,0,0,0,0,0,0,0,0,35,0,0,2795.446044921875,57567.283203125,0,67221336064,8589930496,66888417280,4454141952
200,1724134075316,999,900,1200,1200,1100,800,800,4521,875,880,800,800,1000,873,800,878,800,898,860,872,882,800,886,800,896,860,800,800,800,800,900,800,0,0,0,0,0,0,0,0,0,0,0,0,0,0,0,0,0,0,0,0,0,0,0,0,0,0,0,0,0,0,42.105262756347656,0,0,2802.1459350585938,57572.194091796875,0,67221336064,8589930496,66946146304,4399353856
199,1724134075517,999,900,1200,1200,1100,800,800,4521,875,880,800,800,1000,873,800,878,800,898,860,872,882,800,886,800,896,860,800,800,800,800,900,800,0,0,10,0,0,0,0,0,0,0,0,0,0,0,0,0,0,0,0,0,0,0,0,0,0,0,0,0,0,0,31.57894515991211,0,0,2807.23779296875,57575.52130126953,0,67221336064,8589930496,67003707392,4340895744
199,1724134075717,999,900,1200,1200,1100,800,800,4521,875,880,800,800,1000,873,800,878,800,898,860,872,882,800,886,800,896,860,800,800,800,800,900,800,0,0,10,0,0,0,0,0,0,0,0,0,0,0,0,0,0,0,0,0,0,0,0,0,0,0,0,0,0,0,31.57894515991211,0,0,2810.4715576171875,57577.0166015625,0,67221336064,8589930496,67049639936,4304699392
200,1724134075917,999,900,1200,1200,1100,800,800,4521,875,880,800,800,1000,873,800,878,800,898,860,872,882,800,886,800,896,860,800,800,800,800,900,800,0,0,17.948719024658203,0,2.5,0,0,0,0,0,0,0,0,0,0,0,0,0,0,0,0,0,0,0,0,0,0,0,0,0,39.02438735961914,0,0,2816.8578491210938,57581.618408203125,0,67221336064,8589930496,66913333248,4437790720
200,1724134076117,999,900,1200,1200,1100,800,800,4521,875,880,800,800,1000,873,800,878,800,898,860,872,882,800,886,800,896,860,800,800,800,800,900,800,0,0,47.36842346191406,0,0,0,0,0,0,0,0,0,0,0,0,0,0,0,0,0,0,0,0,0,0,0,0,0,0,0,0,0,0,2821.9619750976563,57584.965087890625,0,67221336064,8589930496,66979377152,4378021888
200,1724134076317,999,900,1200,1200,1100,800,800,4521,875,880,800,800,1000,873,800,878,800,898,860,872,882,800,886,800,896,860,800,800,800,800,900,800,0,0,52.38095474243164,0,0,0,0,0,0,0,0,0,0,0,0,0,0,0,0,0,0,0,0,0,0,0,0,0,0,0,0,0,0,2828.8086547851563,57589.997497558594,0,67221336064,8589930496,67020664832,4338438144
200,1724134076517,999,900,1200,1200,1100,800,800,4521,875,880,800,800,1000,873,800,878,800,898,860,872,882,800,886,800,896,860,800,800,800,800,900,800,0,0,55,0,0,0,0,0,0,0,0,0,0,0,0,0,0,0,0,0,0,0,0,0,0,0,0,0,0,0,15.789472579956055,0,0,2835.8612060546875,57595.24737548828,0,67221336064,8589930496,66967752704,4379627520
200,1724134076717,999,900,1200,1200,1100,800,800,4521,875,880,800,800,1000,873,800,878,800,898,860,872,882,800,886,800,896,860,800,800,800,800,900,800,0,0,31.57894515991211,0,10,0,0,0,0,0,0,0,0,0,0,0,0,0,0,0,0,0,0,0,0,0,0,0,0,0,19.047618865966797,0,0,2840.948974609375,57598.57971191406,0,67221336064,8589930496,66906648576,4433702912
200,1724134076917,999,900,1200,1200,1100,800,800,4521,875,880,800,800,1000,873,800,878,800,898,860,872,882,800,886,800,896,860,800,800,800,800,900,800,0,0,0,0,35.29411697387695,0,0,0,0,0,0,0,0,0,0,0,0,0,0,0,0,0,0,0,0,0,0,0,0,0,0,0,0,2844.3613891601563,57600.25537109375,0,67221336064,8589930496,66972954624,4372099072
200,1724134077117,999,900,1200,1200,1100,800,800,4521,875,880,800,800,1000,873,800,878,800,898,860,872,882,800,886,800,896,860,800,800,800,800,900,800,0,0,0,0,5,0,0,0,0,0,0,0,0,0,0,0,0,0,0,0,0,0,0,0,0,0,0,0,0,0,47.36842346191406,0,0,2849.095947265625,57603.21862792969,0,67221336064,8589930496,67022499840,4326748160
200,1724134077317,999,900,1200,1200,1100,800,800,4521,875,880,800,800,1000,873,800,878,800,898,860,872,882,800,886,800,896,860,800,800,800,800,900,800,0,0,30.000001907348633,0,0,0,0,0,0,0,0,0,0,0,0,0,0,0,0,0,0,0,0,0,0,0,0,0,0,0,55,0,0,2856.6712036132813,57608.96569824219,0,67221336064,8589930496,66910244864,4433293312
200,1724134077517,999,900,1200,1200,1100,800,800,4521,875,880,800,800,1000,873,800,878,800,898,860,872,882,800,886,800,896,860,800,800,800,800,900,800,0,0,10.526315689086914,0,0,0,0,0,0,0,0,0,0,0,0,0,0,0,0,0,0,0,0,0,0,0,0,0,0,0,44.4444465637207,0,0,2863.901123046875,57614.42755126953,0,67221336064,8589930496,66908749824,4416450560
200,1724134077717,999,900,1200,1200,1100,800,800,4521,875,880,800,800,1000,873,800,878,800,898,860,872,882,800,886,800,896,860,800,800,800,800,900,800,0,0,0,0,0,0,0,0,0,0,0,0,0,0,0,0,0,0,0,0,0,0,0,0,0,0,0,0,0,0,47.36842346191406,0,0,2870.648681640625,57619.39538574219,0,67221336064,8589930496,66958540800,4367167488
200,1724134077918,999,900,1200,1200,1100,800,800,4521,875,880,800,800,1000,873,800,878,800,898,860,872,882,800,886,800,896,860,800,800,800,800,900,800,0,0,0,0,0,0,0,0,0,0,0,0,0,0,0,0,0,0,0,0,0,0,0,0,0,0,0,0,0,0,60.000003814697266,0,0,2877.7744140625,57624.705627441406,0,67221336064,8589930496,66999828480,4330205184
200,1724134078118,999,900,1200,1200,1100,800,800,4521,875,880,800,800,1000,873,800,878,800,898,860,872,882,800,886,800,896,860,800,800,800,800,900,800,4.761904716491699,0,4.761904716491699,0,0,0,0,0,0,0,0,0,0,0,0,0,0,0,0,0,0,0,0,0,0,0,0,0,0,0,38.88888931274414,0,0,2880.5416259765625,57625.743225097656,0,67221336064,8589930496,67048439808,4311609344
200,1724134078318,999,900,1200,1200,1100,800,800,4521,875,880,800,800,1000,873,800,878,800,898,860,872,882,800,886,800,896,860,800,800,800,800,900,800,0,0,35,0,0,0,0,0,0,0,0,0,0,0,0,0,0,0,0,0,0,0,0,0,0,0,0,0,0,0,30.000001907348633,0,0,2885.706298828125,57629.16125488281,0,67221336064,8589930496,66902884352,4428189696
200,1724134078518,999,900,1200,1200,1100,800,800,4521,875,880,800,800,1000,873,800,878,800,898,860,872,882,800,886,800,896,860,800,800,800,800,900,800,0,0,0,0,0,0,0,0,0,0,0,0,0,0,0,0,0,0,0,0,0,0,0,0,0,0,0,0,0,0,45,0,0,2891.7879028320313,57633.48162841797,0,67221336064,8589930496,66952675328,4377595904
200,1724134078718,999,900,1200,1200,1100,800,800,4521,875,880,800,800,1000,873,800,878,800,898,860,872,882,800,886,800,896,860,800,800,800,800,900,800,0,0,0,0,0,0,0,0,0,0,0,0,0,0,0,0,0,0,0,0,0,0,0,0,0,0,0,0,0,0,45,0,0,2898.1456909179688,57638.08807373047,0,67221336064,8589930496,67010478080,4323332096
200,1724134078918,999,900,1200,1200,1100,800,800,4521,875,880,800,800,1000,873,800,878,800,898,860,872,882,800,886,800,896,860,800,800,800,800,900,800,0,0,5,0,0,0,0,0,0,0,0,0,0,0,0,0,0,0,0,0,0,0,0,0,0,0,0,0,0,0,36.842105865478516,0,0,2902.7639770507813,57640.95568847656,0,67221336064,8589930496,67033956352,4318883840
200,1724134079118,999,900,1200,1200,1100,800,800,4521,875,880,800,800,1000,873,800,878,800,898,860,872,882,800,886,800,896,860,800,800,800,800,900,800,0,0,63.15789031982422,0,9.523809432983398,0,0,0,0,0,0,0,0,0,0,0,0,0,0,0,0,0,0,0,0,0,0,0,0,0,10,0,0,2910.241455078125,57646.658630371094,0,67221336064,8589930496,66920161280,4430749696
200,1724134079318,999,900,1200,1200,1100,800,800,4521,875,880,800,800,1000,873,800,878,800,898,860,872,882,800,886,800,896,860,800,800,800,800,900,800,0,0,45,0,0,0,0,0,0,0,0,0,0,0,0,0,0,0,0,0,0,0,0,0,0,0,0,0,0,0,0,0,0,2916.9615478515625,57651.64025878906,0,67221336064,8589930496,66969952256,4377534464
200,1724134079518,999,900,1200,1200,1100,800,800,4521,875,880,800,800,1000,873,800,878,800,898,860,872,882,800,886,800,896,860,800,800,800,800,900,800,0,0,42.105262756347656,0,0,0,0,0,0,0,0,0,0,0,0,0,0,0,0,0,0,0,0,0,0,0,0,0,0,0,0,0,0,2922.7837524414063,57655.71795654297,0,67221336064,8589930496,67027746816,4325105664
200,1724134079719,999,900,1200,1200,1100,800,800,4521,875,880,800,800,1000,873,800,878,800,898,860,872,882,800,886,800,896,860,800,800,800,800,900,800,0,0,31.57894515991211,0,0,0,0,0,0,0,0,0,0,0,0,0,0,0,0,0,0,0,0,0,0,0,0,0,0,0,31.57894515991211,0,0,2929.0635986328125,57660.21649169922,0,67221336064,8589930496,66960138240,4357836800
200,1724134079919,999,900,1200,1200,1100,800,800,4521,875,880,800,800,1000,873,800,878,800,898,860,872,882,800,886,800,896,860,800,800,800,800,900,800,0,0,14.285715103149414,0,0,0,0,0,0,0,0,0,0,0,0,0,0,0,0,0,0,0,0,0,0,0,0,0,0,0,50,0,0,2935.0635986328125,57664.453125,0,67221336064,8589930496,66946232320,4369264640
200,1724134080119,999,900,1200,1200,1100,800,800,4521,875,880,800,800,1000,873,800,878,800,898,860,872,882,800,886,800,896,860,800,800,800,800,900,800,0,0,0,0,0,0,0,0,0,0,0,0,0,0,0,0,0,0,0,0,0,0,0,0,0,0,0,0,0,0,45,0,0,2940.4947509765625,57668.12139892578,0,67221336064,8589930496,67004522496,4316835840
200,1724134080319,999,900,1200,1200,1100,800,800,4521,875,880,800,800,1000,873,800,878,800,898,860,872,882,800,886,800,896,860,800,800,800,800,900,800,0,0,0,0,0,0,0,0,0,0,0,0,0,0,0,0,0,0,0,0,0,0,0,0,0,0,0,0,0,0,63.15789031982422,0,0,2947.7159423828125,57673.518615722656,0,67221336064,8589930496,67037552640,4294815744
200,1724134080519,999,900,1200,1200,1100,800,800,4521,875,880,800,800,1000,873,800,878,800,898,860,872,882,800,886,800,896,860,800,800,800,800,900,800,0,0,22.22222328186035,0,0,0,0,0,0,0,0,0,0,0,0,0,0,0,0,0,0,0,0,0,0,0,0,0,0,0,50,0,0,2954.0126953125,57678.04962158203,0,67221336064,8589930496,66911150080,4429684736
200,1724134080719,999,900,1200,1200,1100,800,800,4521,875,880,800,800,1000,873,800,878,800,898,860,872,882,800,886,800,896,860,800,800,800,800,900,800,0,0,47.36842346191406,0,0,0,0,0,0,0,0,0,0,0,0,0,0,0,0,0,0,0,0,0,0,0,0,0,0,0,0,0,0,2961.0752563476563,57683.35388183594,0,67221336064,8589930496,66960695296,4381974528
200,1724134080919,999,900,1200,1200,1100,800,800,4521,875,880,800,800,1000,873,800,878,800,898,860,872,882,800,886,800,896,860,800,800,800,800,900,800,0,0,47.619049072265625,0,0,0,0,0,0,0,0,0,0,0,0,0,0,0,0,0,0,0,0,0,0,0,0,0,0,0,20,0,0,2967.95947265625,57688.40203857422,0,67221336064,8589930496,66993467392,4351041536
200,1724134081119,999,900,1200,1200,1100,800,800,4521,875,880,800,800,1000,873,800,878,800,898,860,872,882,800,886,800,896,860,800,800,800,800,900,800,0,0,0,0,0,0,0,0,0,0,0,0,0,0,0,0,0,0,0,0,0,0,0,0,0,0,0,0,0,0,84.21052551269531,0,0,2976.1024780273438,57694.57897949219,0,67221336064,8589930496,67010306048,4336623616
200,1724134081319,999,900,1200,1200,1100,800,800,4521,875,880,800,800,1000,873,800,878,800,898,860,872,882,800,886,800,896,860,800,800,800,800,900,800,0,0,0,0,0,0,0,0,0,0,0,0,0,0,0,0,0,0,0,0,0,0,0,0,0,0,0,0,0,0,100,0,0,2985.1522216796875,57701.582275390625,0,67221336064,8589930496,67010306048,4336623616
200,1724134081519,999,900,1200,1200,1100,800,800,4521,875,880,800,800,1000,873,800,878,800,898,860,872,882,800,886,800,896,860,800,800,800,800,900,800,0,0,0,0,0,0,0,0,0,0,0,0,0,0,0,0,0,0,0,0,0,0,0,0,0,0,0,0,0,0,95.23809814453125,0,0,2994.1226806640625,57708.59924316406,0,67221336064,8589930496,67010306048,4336361472
199,1724134081720,999,900,1200,1200,1100,800,800,4521,875,880,800,800,1000,873,800,878,800,898,860,872,882,800,886,800,896,860,800,800,800,800,900,800,0,0,0,0,0,0,0,0,0,0,0,0,0,0,0,0,0,0,0,0,0,0,0,0,0,0,0,0,0,0,52.6315803527832,0,0,2998.7725219726563,57711.42645263672,0,67221336064,8589930496,67018563584,4326924288
199,1724134081920,999,900,1200,1200,1100,800,800,4521,875,880,800,800,1000,873,800,878,800,898,860,872,882,800,886,800,896,860,800,800,800,800,900,800,0,0,0,0,0,0,0,0,0,0,0,0,0,0,0,0,0,0,0,0,0,0,0,0,0,0,0,0,0,0,36.842105865478516,0,0,3000.75830078125,57711.71667480469,0,67221336064,8589930496,67027853312,4315127808
200,1724134082120,999,900,1200,1200,1100,800,800,4521,875,880,800,800,1000,873,800,878,800,898,860,872,882,800,886,800,896,860,800,800,800,800,900,800,0,0,0,0,0,0,0,0,0,0,0,0,0,0,0,0,0,0,0,0,0,0,0,0,0,0,0,0,0,0,100,0,0,3009.7568359375,57718.65167236328,0,67221336064,8589930496,67027603456,4315127808
200,1724134082320,999,900,1200,1200,1100,800,800,4521,875,880,800,800,1000,873,800,878,800,898,860,872,882,800,886,800,896,860,800,800,800,800,900,800,0,0,0,0,0,0,0,0,0,0,0,0,0,0,0,0,0,0,0,0,0,0,0,0,0,0,0,0,0,0,100,0,0,3018.87548828125,57725.69934082031,0,67221336064,8589930496,67027603456,4315127808
199,1724134082520,999,900,1200,1200,1100,800,800,4521,875,880,800,800,1000,873,800,878,800,898,860,872,882,800,886,800,896,860,800,800,800,800,900,800,0,0,0,0,0,0,0,0,0,0,0,0,0,0,0,0,0,0,0,0,0,0,0,0,0,0,0,0,0,0,57.894737243652344,0,0,3024.9129638671875,57729.868103027344,0,67221336064,8589930496,67043975168,4303855616
199,1724134082721,999,900,1200,1200,1100,800,800,4521,875,880,800,800,1000,873,800,878,800,898,860,872,882,800,886,800,896,860,800,800,800,800,900,800,0,0,23.52941131591797,0,0,0,0,0,0,0,0,0,0,0,0,0,0,0,0,0,0,0,0,0,0,0,0,0,0,0,0,0,0,3026.87548828125,57730.15026855469,0,67221336064,8589930496,67060490240,4294942720
199,1724134082921,999,900,1200,1200,1100,800,800,4521,875,880,800,800,1000,873,800,878,800,898,860,872,882,800,886,800,896,860,800,800,800,800,900,800,0,0,26.3157901763916,0,0,0,0,0,0,0,0,0,0,0,0,0,0,0,0,0,0,0,0,0,0,0,0,0,0,0,27.272727966308594,0,0,3031.08544921875,57732.64758300781,0,67221336064,8589930496,66933174272,4409868288
200,1724134083121,999,900,1200,1200,1100,800,800,4521,875,880,800,800,1000,873,800,878,800,898,860,872,882,800,886,800,896,860,800,800,800,800,900,800,0,0,26.3157901763916,0,0,0,0,0,0,0,0,0,0,0,0,0,0,0,0,0,0,0,0,0,0,0,0,0,0,0,27.272727966308594,0,0,3036.958251953125,57736.67333984375,0,67221336064,8589930496,66941440000,4405936128
200,1724134083321,999,900,1200,1200,1100,800,800,4521,875,880,800,800,1000,873,800,878,800,898,860,872,882,800,886,800,896,860,800,800,800,800,900,800,0,0,2.5,0,0,0,0,0,0,0,0,0,0,0,0,0,0,0,0,0,0,0,0,0,0,0,0,0,0,0,85,0,0,3045.6340942382813,57743.32940673828,0,67221336064,8589930496,66941440000,4405936128
199,1724134083521,999,900,1200,1200,1100,800,800,4521,875,880,800,800,1000,873,800,878,800,898,860,872,882,800,886,800,896,860,800,800,800,800,900,800,0,0,0,0,0,0,0,0,0,0,0,0,0,0,0,0,0,0,0,0,0,0,0,0,0,0,0,0,0,0,57.894737243652344,0,0,3050.8048706054688,57746.692443847656,0,67221336064,8589930496,66949087232,4398596096
200,1724134083721,999,900,1200,1200,1100,800,800,4521,875,880,800,800,1000,873,800,878,800,898,860,872,882,800,886,800,896,860,800,800,800,800,900,800,0,0,0,0,0,0,0,0,0,0,0,0,0,0,0,0,0,0,0,0,0,0,0,0,0,0,0,0,0,0,57.894737243652344,0,0,3054.8359375,57748.93896484375,0,67221336064,8589930496,66957344768,4391518208
200,1724134083921,999,900,1200,1200,1100,800,800,4521,875,880,800,800,1000,873,800,878,800,898,860,872,882,800,886,800,896,860,800,800,800,800,900,800,0,0,0,0,0,0,0,0,0,0,0,0,0,0,0,0,0,0,0,0,0,0,0,0,0,0,0,0,0,0,64.86486053466797,0,0,3062.5555419921875,57754.77600097656,0,67221336064,8589930496,66982117376,4371070976
200,1724134084121,999,900,1200,1200,1100,800,800,4521,875,880,800,800,1000,873,800,878,800,898,860,872,882,800,886,800,896,860,800,800,800,800,900,800,0,0,0,0,0,0,0,0,0,0,0,0,0,0,0,0,0,0,0,0,0,0,0,0,0,0,0,0,0,0,50,0,0,3067.300048828125,57757.69616699219,0,67221336064,8589930496,66998382592,4350361600
199,1724134084321,999,900,1200,1200,1100,800,800,4521,875,880,800,800,1000,873,800,878,800,898,860,872,882,800,886,800,896,860,800,800,800,800,900,800,0,0,0,0,0,0,0,0,0,0,0,0,0,0,0,0,0,0,0,0,0,0,0,0,0,0,0,0,0,0,44.4444465637207,0,0,3070.6668090820313,57759.332946777344,0,67221336064,8589930496,67056185344,4297408512
200,1724134084522,999,900,1200,1200,1100,800,800,4521,875,880,800,800,1000,873,800,878,800,898,860,872,882,800,886,800,896,860,800,800,800,800,900,800,0,0,60.000003814697266,0,15.000000953674316,0,0,0,0,0,0,0,0,0,0,0,0,0,0,0,0,0,0,0,0,0,0,0,0,0,25,0,0,3079.19970703125,57765.91845703125,0,67221336064,8589930496,66915332096,4429619200
200,1724134084722,999,900,1200,1200,1100,800,800,4521,875,880,800,800,1000,873,800,878,800,898,860,872,882,800,886,800,896,860,800,800,800,800,900,800,0,0,57.894737243652344,0,0,0,0,0,0,0,0,0,0,0,0,0,0,0,0,0,0,0,0,0,0,0,0,0,0,0,0,0,0,3084.90673828125,57769.76452636719,0,67221336064,8589930496,66956603392,4396064768
199,1724134084922,999,900,1200,1200,1100,800,800,4521,875,880,800,800,1000,873,800,878,800,898,860,872,882,800,886,800,896,860,800,800,800,800,900,800,0,0,36.842105865478516,0,0,0,0,0,0,0,0,0,0,0,0,0,0,0,0,0,0,0,0,0,0,0,0,0,0,0,0,0,0,3088.9779663085938,57772.05090332031,0,67221336064,8589930496,66998136832,4349665280
199,1724134085122,999,900,1200,1200,1100,800,800,4521,875,880,800,800,1000,873,800,878,800,898,860,872,882,800,886,800,896,860,800,800,800,800,900,800,0,0,52.6315803527832,0,4.761904716491699,0,0,0,0,0,0,0,0,0,0,0,0,0,0,0,0,0,0,0,0,0,0,0,0,0,0,0,0,3093.613037109375,57774.88116455078,0,67221336064,8589930496,67031166976,4320829440
200,1724134085322,999,900,1200,1200,1100,800,800,4521,875,880,800,800,1000,873,800,878,800,898,860,872,882,800,886,800,896,860,800,800,800,800,900,800,0,0,52.6315803527832,0,4.761904716491699,0,0,0,0,0,0,0,0,0,0,0,0,0,0,0,0,0,0,0,0,0,0,0,0,0,0,0,0,3100.5047607421875,57779.91094970703,0,67221336064,8589930496,67055939584,4294877184
200,1724134085522,999,900,1200,1200,1100,800,800,4521,875,880,800,800,1000,873,800,878,800,898,860,872,882,800,886,800,896,860,800,800,800,800,900,800,0,0,45,0,0,0,5,0,0,0,0,0,0,0,0,0,0,0,0,0,0,0,0,0,0,0,0,0,0,0,17.948719024658203,0,0,3105.9780883789063,57783.620361328125,0,67221336064,8589930496,66983243776,4371173376
200,1724134085722,999,900,1200,1200,1100,800,800,4521,875,880,800,800,1000,873,800,878,800,898,860,872,882,800,886,800,896,860,800,800,800,800,900,800,0,0,11.111111640930176,0,0,0,0,0,0,0,0,0,0,0,0,0,0,0,0,0,0,0,0,0,0,0,0,0,0,0,20,0,0,3108.8349609375,57784.78991699219,0,67221336064,8589930496,66991243264,4358066176
199,1724134085923,999,900,1200,1200,1100,800,800,4521,875,880,800,800,1000,873,800,878,800,898,860,872,882,800,886,800,896,860,800,800,800,800,900,800,0,0,27.77777862548828,0,0,0,0,0,0,0,0,0,0,0,0,0,0,0,0,0,0,0,0,0,0,0,0,0,0,0,0,0,0,3110.7991943359375,57785.06677246094,0,67221336064,8589930496,67007758336,4344434688
199,1724134086123,999,900,1200,1200,1100,800,800,4521,875,880,800,800,1000,873,800,878,800,898,860,872,882,800,886,800,896,860,800,800,800,800,900,800,0,0,27.77777862548828,0,0,0,0,0,0,0,0,0,0,0,0,0,0,0,0,0,0,0,0,0,0,0,0,0,0,0,0,0,0,3112.765625,57785.34930419922,0,67221336064,8589930496,67022069760,4330541056
199,1724134086323,999,900,1200,1200,1100,800,800,4521,875,880,800,800,1000,873,800,878,800,898,860,872,882,800,886,800,896,860,800,800,800,800,900,800,0,0,5.263157844543457,0,0,0,0,0,0,0,0,0,0,0,0,0,0,0,0,0,0,0,0,0,0,0,0,0,0,0,16.666667938232422,0,0,3114.7225952148438,57785.62634277344,0,67221336064,8589930496,67038584832,4317696000
199,1724134086523,999,900,1200,1200,1100,800,800,4521,875,880,800,800,1000,873,800,878,800,898,860,872,882,800,886,800,896,860,800,800,800,800,900,800,0,0,0,0,0,0,0,0,0,0,0,0,0,4.761904716491699,0,0,0,0,0,0,0,0,0,0,0,0,0,0,0,0,27.77777862548828,0,0,3116.6814575195313,57785.90264892578,0,67221336064,8589930496,67047542784,4304064512
200,1724134086723,999,900,1200,1200,1100,800,800,4521,875,880,800,800,1000,873,800,878,800,898,860,872,882,800,886,800,896,860,800,800,800,800,900,800,0,0,0,0,0,0,0,0,0,0,0,0,0,4.761904716491699,0,0,0,0,0,0,0,0,0,0,0,0,0,0,0,0,27.77777862548828,0,0,3119.2640991210938,57786.79833984375,0,67221336064,8589930496,67016859648,4337803264
200,1724134086923,999,900,1200,1200,1100,800,800,4521,875,880,800,800,1000,873,800,878,800,898,860,872,882,800,886,800,896,860,800,800,800,800,900,800,0,0,10,0,0,0,0,0,0,0,0,0,0,0,0,0,0,0,0,0,0,0,0,0,0,0,0,0,0,0,22.22222328186035,0,0,3122.2205810546875,57788.065979003906,0,67221336064,8589930496,66983067648,4364890112
200,1724134087123,999,900,1200,1200,1100,800,800,4521,875,880,800,800,1000,873,800,878,800,898,860,872,882,800,886,800,896,860,800,800,800,800,900,800,0,0,0,0,0,0,0,0,0,0,0,0,0,0,0,0,0,0,0,0,0,0,0,0,0,0,0,0,0,0,60.000003814697266,0,0,3126.334228515625,57790.470153808594,0,67221336064,8589930496,66999750656,4347588608
200,1724134087323,999,900,1200,1200,1100,800,800,4521,875,880,800,800,1000,873,800,878,800,898,860,872,882,800,886,800,896,860,800,800,800,800,900,800,0,0,0,0,0,0,0,0,0,0,0,0,0,0,0,0,0,0,0,0,0,0,0,0,0,0,0,0,0,0,78.94737243652344,0,0,3133.4710693359375,57795.866149902344,0,67221336064,8589930496,67014332416,4332384256
199,1724134087524,999,900,1200,1200,1100,800,800,4521,875,880,800,800,1000,873,800,878,800,898,860,872,882,800,886,800,896,860,800,800,800,800,900,800,0,0,0,0,0,0,0,0,0,0,0,0,0,0,0,0,0,0,0,0,0,0,0,0,0,0,0,0,0,0,42.105262756347656,0,0,3137.6818237304688,57798.31561279297,0,67221336064,8589930496,67030847488,4315344896
199,1724134087724,999,900,1200,1200,1100,800,800,4521,875,880,800,800,1000,873,800,878,800,898,860,872,882,800,886,800,896,860,800,800,800,800,900,800,0,0,0,0,0,0,0,0,0,0,0,0,0,0,0,0,0,0,0,0,0,0,0,0,0,0,0,0,0,0,42.105262756347656,0,0,3139.6720581054688,57798.611572265625,0,67221336064,8589930496,67052044288,4295159808
199,1724134087924,999,900,1200,1200,1100,800,800,4521,875,880,800,800,1000,873,800,878,800,898,860,872,882,800,886,800,896,860,800,800,800,800,900,800,0,0,33.333335876464844,0,0,0,0,0,0,0,0,0,0,0,0,0,0,0,0,0,0,0,0,0,0,0,0,0,0,0,10.526315689086914,0,0,3143.3223876953125,57800.54571533203,0,67221336064,8589930496,66983403520,4360597504
199,1724134088124,999,900,1200,1200,1100,800,800,4521,875,880,800,800,1000,873,800,878,800,898,860,872,882,800,886,800,896,860,800,800,800,800,900,800,0,0,36.842105865478516,0,0,0,0,0,0,0,0,0,0,0,0,0,0,0,0,0,0,0,0,0,0,0,0,0,0,0,4.761904716491699,0,0,3145.3080444335938,57800.84045410156,0,67221336064,8589930496,67007963136,4343033856
200,1724134088324,999,900,1200,1200,1100,800,800,4521,875,880,800,800,1000,873,800,878,800,898,860,872,882,800,886,800,896,860,800,800,800,800,900,800,0,0,36.842105865478516,0,0,0,0,0,0,0,0,0,0,0,0,0,0,0,0,0,0,0,0,0,0,0,0,0,0,0,4.761904716491699,0,0,3149.6813354492188,57803.43200683594,0,67221336064,8589930496,67038785536,4306333696
199,1724134088524,999,900,1200,1200,1100,800,800,4521,875,880,800,800,1000,873,800,878,800,898,860,872,882,800,886,800,896,860,800,800,800,800,900,800,0,0,2.5641026496887207,0,0,0,0,0,0,0,0,0,0,0,0,0,0,0,0,0,0,0,0,0,0,0,0,0,0,0,64.10256958007813,0,0,3157.8164672851563,57809.57891845703,0,67221336064,8589930496,67055300608,4294799360
200,1724134088724,999,900,1200,1200,1100,800,800,4521,875,880,800,800,1000,873,800,878,800,898,860,872,882,800,886,800,896,860,800,800,800,800,900,800,0,0,35,0,0,0,0,0,0,0,0,0,0,0,0,0,0,0,0,0,0,0,0,0,0,0,0,0,0,0,36.842105865478516,0,0,3163.5408935546875,57813.499267578125,0,67221336064,8589930496,66983743488,4369612800
200,1724134088924,999,900,1200,1200,1100,800,800,4521,875,880,800,800,1000,873,800,878,800,898,860,872,882,800,886,800,896,860,800,800,800,800,900,800,0,0,50,0,0,0,0,0,0,0,0,0,0,0,0,0,0,0,0,0,0,0,0,0,0,0,0,0,0,0,47.36842346191406,0,0,3170.4219360351563,57818.55139160156,0,67221336064,8589930496,67023011840,4321378304
200,1724134089124,999,900,1200,1200,1100,800,800,4521,875,880,800,800,1000,873,800,878,800,898,860,872,882,800,886,800,896,860,800,800,800,800,900,800,0,0,15.000000953674316,50,0,4.761904716491699,0,0,0,0,0,0,0,0,0,0,0,0,0,0,0,0,0,0,0,0,0,0,0,0,31.57894515991211,0,0,3178.3082885742188,57824.635803222656,0,67221336064,8589930496,66875695104,4422213632
199,1724134089325,999,900,1200,1200,1100,800,800,4521,875,880,800,800,1000,873,800,878,800,898,860,872,882,800,886,800,896,860,800,800,800,800,900,800,0,0,0,0,0,0,0,0,0,0,0,0,0,0,0,0,0,0,0,0,0,0,0,0,0,0,0,0,0,0,44.4444465637207,0,0,3182.6127319335938,57827.214294433594,0,67221336064,8589930496,66917486592,4379746304
199,1724134089525,999,900,1200,1200,1100,800,800,4521,875,880,800,800,1000,873,800,878,800,898,860,872,882,800,886,800,896,860,800,800,800,800,900,800,0,0,0,0,0,0,0,0,0,0,0,0,0,0,0,0,0,0,0,0,0,0,0,0,0,0,0,0,0,0,35,0,0,3185.0951538085938,57827.97882080078,0,67221336064,8589930496,66933858304,4361658368
199,1724134089725,999,900,1200,1200,1100,800,800,4521,875,880,800,800,1000,873,800,878,800,898,860,872,882,800,886,800,896,860,800,800,800,800,900,800,0,0,0,0,0,0,0,0,0,0,0,0,0,0,0,0,0,0,0,0,0,0,0,0,0,0,0,0,0,0,42.105262756347656,0,0,3187.0746459960938,57828.26623535156,0,67221336064,8589930496,66950619136,4347764736
199,1724134089925,999,900,1200,1200,1100,800,800,4521,875,880,800,800,1000,873,800,878,800,898,860,872,882,800,886,800,896,860,800,800,800,800,900,800,0,0,5,0,0,0,0,0,0,0,0,0,0,0,0,0,0,0,0,0,0,0,0,0,0,0,0,0,0,0,33.333335876464844,5,0,3189.1287231445313,57828.61767578125,0,67221336064,8589930496,66968682496,4328103936
199,1724134090125,999,900,1200,1200,1100,800,800,4521,875,880,800,800,1000,873,800,878,800,898,860,872,882,800,886,800,896,860,800,800,800,800,900,800,0,0,5,0,0,0,0,0,0,0,0,0,0,0,0,0,0,0,0,0,0,0,0,0,0,0,0,0,0,0,33.333335876464844,5,0,3191.1311645507813,57828.91467285156,0,67221336064,8589930496,66976935936,4318142464
200,1724134090325,999,900,1200,1200,1100,800,800,4521,875,880,800,800,1000,873,800,878,800,898,860,872,882,800,886,800,896,860,800,800,800,800,900,800,2.4390242099761963,0,0,0,0,0,0,0,0,0,0,0,0,0,0,0,0,0,0,0,0,0,0,0,0,0,0,0,0,0,69.23077392578125,0,0,3199.5950927734375,57835.38488769531,0,67221336064,8589930496,66975715328,4317880320
199,1724134090525,999,900,1200,1200,1100,800,800,4521,875,880,800,800,1000,873,800,878,800,898,860,872,882,800,886,800,896,860,800,800,800,800,900,800,0,0,4.761904716491699,0,0,0,0,0,0,0,0,0,0,0,0,0,0,0,0,0,0,0,0,0,0,0,0,0,0,0,36.842105865478516,0,0,3202.192626953125,57836.259765625,0,67221336064,8589930496,66983817216,4307918848
200,1724134090725,999,900,1200,1200,1100,800,800,4521,875,880,800,800,1000,873,800,878,800,898,860,872,882,800,886,800,896,860,800,800,800,800,900,800,0,0,4.761904716491699,0,0,0,0,0,0,0,0,0,0,0,0,0,0,0,0,0,0,0,0,0,0,0,0,0,0,0,36.842105865478516,0,0,3206.9382934570313,57839.28350830078,0,67221336064,8589930496,67016589312,4294811648
199,1724134090925,999,900,1200,1200,1100,800,800,4521,875,880,800,800,1000,873,800,878,800,898,860,872,882,800,886,800,896,860,800,800,800,800,900,800,0,0,25,0,0,0,0,0,0,0,0,0,0,0,0,0,0,0,0,0,0,0,0,0,0,0,0,0,0,0,7.692307949066162,0,0,3212.1417846679688,57842.760314941406,0,67221336064,8589930496,67049619456,4294811648
200,1724134091125,999,900,1200,1200,1100,800,800,4521,875,880,800,800,1000,873,800,878,800,898,860,872,882,800,886,800,896,860,800,800,800,800,900,800,0,0,5,42.85714340209961,0,0,0,0,0,0,0,0,0,0,0,0,0,5,0,0,0,0,0,0,0,0,0,0,0,0,25,0,0,3218.8529052734375,57847.707580566406,0,67221336064,8589930496,66873069568,4448489472
199,1724134091326,999,900,1200,1200,1100,800,800,4521,875,880,800,800,1000,873,800,878,800,898,860,872,882,800,886,800,896,860,800,800,800,800,900,800,0,0,15.000000953674316,0,0,0,0,0,0,0,0,0,0,0,0,0,0,0,0,0,0,0,0,0,0,0,0,0,0,0,20,0,0,3222.729248046875,57849.854248046875,0,67221336064,8589930496,66897055744,4423323648
199,1724134091526,999,900,1200,1200,1100,800,800,4521,875,880,800,800,1000,873,800,878,800,898,860,872,882,800,886,800,896,860,800,800,800,800,900,800,0,0,0,0,0,0,0,0,0,0,0,0,0,0,0,0,0,0,0,0,0,0,0,0,0,0,0,0,0,0,23.52941131591797,0,0,3224.681396484375,57850.121643066406,0,67221336064,8589930496,66913570816,4411527168
199,1724134091726,999,900,1200,1200,1100,800,800,4521,875,880,800,800,1000,873,800,878,800,898,860,872,882,800,886,800,896,860,800,800,800,800,900,800,0,0,0,0,0,0,0,0,0,0,0,0,0,0,0,0,0,0,0,0,0,0,0,0,0,0,0,0,0,0,27.77777862548828,0,0,3226.6368408203125,57850.391540527344,0,67221336064,8589930496,66921828352,4397895680
199,1724134091926,999,900,1200,1200,1100,800,800,4521,875,880,800,800,1000,873,800,878,800,898,860,872,882,800,886,800,896,860,800,800,800,800,900,800,0,0,4.761904716491699,0,0,0,0,0,0,0,0,0,0,0,0,0,0,0,0,0,0,0,0,0,0,0,0,0,0,0,27.77777862548828,0,0,3228.5963745117188,57850.666076660156,0,67221336064,8589930496,66938343424,4386099200
199,1724134092126,999,900,1200,1200,1100,800,800,4521,875,880,800,800,1000,873,800,878,800,898,860,872,882,800,886,800,896,860,800,800,800,800,900,800,0,0,18.75,0,0,0,0,0,0,0,0,0,0,0,0,0,0,0,0,0,0,0,0,0,0,0,0,0,0,0,4.761904716491699,0,0,3230.5779418945313,57850.956787109375,0,67221336064,8589930496,66954600448,4372467712
199,1724134092326,999,900,1200,1200,1100,800,800,4521,875,880,800,800,1000,873,800,878,800,898,860,872,882,800,886,800,896,860,800,800,800,800,900,800,0,0,15.000000953674316,0,0,0,0,0,0,0,0,0,0,0,0,0,0,0,0,0,0,0,0,0,0,0,0,0,0,0,25,0,0,3232.542724609375,57851.232666015625,0,67221336064,8589930496,66956402688,4358836224
199,1724134092526,999,900,1200,1200,1100,800,800,4521,875,880,800,800,1000,873,800,878,800,898,860,872,882,800,886,800,896,860,800,800,800,800,900,800,0,0,31.57894515991211,0,0,0,0,0,0,0,0,0,0,0,0,0,0,0,0,0,0,0,0,0,0,0,0,0,0,0,0,0,0,3234.4921875,57851.49963378906,0,67221336064,8589930496,66972917760,4345204736
200,1724134092726,999,900,1200,1200,1100,800,800,4521,875,880,800,800,1000,873,800,878,800,898,860,872,882,800,886,800,896,860,800,800,800,800,900,800,0,0,31.57894515991211,0,0,0,0,0,0,0,0,0,0,0,0,0,0,0,0,0,0,0,0,0,0,0,0,0,0,0,0,0,0,3239.3475341796875,57854.56463623047,0,67221336064,8589930496,67005431808,4312698880
199,1724134092927,999,900,1200,1200,1100,800,800,4521,875,880,800,800,1000,873,800,878,800,898,860,872,882,800,886,800,896,860,800,800,800,800,900,800,0,0,5.128205299377441,0,0,0,0,0,0,0,0,0,0,0,0,0,0,0,0,0,0,0,0,0,0,0,0,0,0,0,59.4594612121582,0,0,3245.4173583984375,57858.77722167969,0,67221336064,8589930496,67013689344,4305620992
199,1724134093127,999,900,1200,1200,1100,800,800,4521,875,880,800,800,1000,873,800,878,800,898,860,872,882,800,886,800,896,860,800,800,800,800,900,800,4.761904716491699,0,4.761904716491699,0,0,0,0,0,0,0,0,0,0,0,0,0,0,0,0,0,0,0,0,0,0,0,0,0,0,0,26.3157901763916,0,0,3247.3806762695313,57859.05889892578,0,67221336064,8589930496,67021688832,4295659520
199,1724134093327,999,900,1200,1200,1100,800,800,4521,875,880,800,800,1000,873,800,878,800,898,860,872,882,800,886,800,896,860,800,800,800,800,900,800,0,0,0,0,0,0,0,0,0,0,4.761904716491699,0,0,0,0,0,0,0,0,0,0,0,0,0,0,0,0,0,0,0,35.29411697387695,0,0,3249.3414306640625,57859.338317871094,0,67221336064,8589930496,67038191616,4294873088
199,1724134093527,999,900,1200,1200,1100,800,800,4521,875,880,800,800,1000,873,800,878,800,898,860,872,882,800,886,800,896,860,800,800,800,800,900,800,0,0,27.77777862548828,0,0,0,0,0,0,0,0,0,0,0,0,0,0,0,0,0,0,0,0,0,0,0,0,0,0,0,0,0,0,3251.2908935546875,57859.60827636719,0,67221336064,8589930496,67054436352,4294873088
200,1724134093727,999,900,1200,1200,1100,800,800,4521,875,880,800,800,1000,873,800,878,800,898,860,872,882,800,886,800,896,860,800,800,800,800,900,800,0,0,27.77777862548828,0,0,0,0,0,0,0,0,0,0,0,0,0,0,0,0,0,0,0,0,0,0,0,0,0,0,0,0,0,0,3255.629638671875,57862.22766113281,0,67221336064,8589930496,66963087360,4375711744
200,1724134093927,999,900,1200,1200,1100,800,800,4521,875,880,800,800,1000,873,800,878,800,898,860,872,882,800,886,800,896,860,800,800,800,800,900,800,0,0,30.76923179626465,0,7.894736289978027,0,0,0,0,0,0,0,0,0,0,0,0,0,0,0,0,0,0,0,0,0,0,0,0,0,2.5,0,0,3258.35009765625,57863.26086425781,0,67221336064,8589930496,66941009920,4398743552
200,1724134094127,999,900,1200,1200,1100,800,800,4521,875,880,800,800,1000,873,800,878,800,898,860,872,882,800,886,800,896,860,800,800,800,800,900,800,0,0,30.76923179626465,0,7.894736289978027,0,0,0,0,0,0,0,0,0,0,0,0,0,0,0,0,0,0,0,0,0,0,0,0,0,2.5,0,0,3260.6882934570313,57863.91223144531,0,67221336064,8589930496,66965266432,4378820608
199,1724134094327,999,900,1200,1200,1100,800,800,4521,875,880,800,800,1000,873,800,878,800,898,860,872,882,800,886,800,896,860,800,800,800,800,900,800,0,0,2.702702760696411,0,7.692307949066162,0,0,0,0,0,0,0,0,0,0,0,0,0,0,0,0,0,0,0,0,0,0,0,0,0,8.108107566833496,0,0,3262.9515380859375,57864.481994628906,0,67221336064,8589930496,66980392960,4365189120
200,1724134094527,999,900,1200,1200,1100,800,800,4521,875,880,800,800,1000,873,800,878,800,898,860,872,882,800,886,800,896,860,800,800,800,800,900,800,0,0,2.702702760696411,0,7.692307949066162,0,0,0,0,0,0,0,0,0,0,0,0,0,0,0,0,0,0,0,0,0,0,0,0,0,8.108107566833496,0,0,3269.2139282226563,57869.035400390625,0,67221336064,8589930496,67029938176,4311973888
200,1724134094727,999,900,1200,1200,1100,800,800,4521,875,880,800,800,1000,873,800,878,800,898,860,872,882,800,886,800,896,860,800,800,800,800,900,800,0,0,21.052631378173828,0,0,0,0,0,0,0,0,0,0,0,0,0,0,0,0,0,0,0,0,0,0,0,0,0,0,0,22.5,0,0,3277.2330932617188,57875.30261230469,0,67221336064,8589930496,66880208896,4448628736
199,1724134094928,999,900,1200,1200,1100,800,800,4521,875,880,800,800,1000,873,800,878,800,898,860,872,882,800,886,800,896,860,800,800,800,800,900,800,0,0,26.3157901763916,0,0,0,0,0,0,0,0,0,0,0,0,0,0,0,0,0,0,0,0,0,0,0,0,0,0,0,0,0,0,3281.951171875,57878.30749511719,0,67221336064,8589930496,66913116160,4414287872
199,1724134095128,999,900,1200,1200,1100,800,800,4521,875,880,800,800,1000,873,800,878,800,898,860,872,882,800,886,800,896,860,800,800,800,800,900,800,0,0,17.647058486938477,0,0,0,0,0,0,0,0,0,0,0,0,0,0,0,0,0,0,0,0,0,0,0,0,0,0,0,5,0,0,3283.98193359375,57878.650817871094,0,67221336064,8589930496,66933743616,4394627072
199,1724134095328,999,900,1200,1200,1100,800,800,4521,875,880,800,800,1000,873,800,878,800,898,860,872,882,800,886,800,896,860,800,800,800,800,900,800,0,0,17.647058486938477,0,0,0,0,0,0,0,0,0,0,0,0,0,0,0,0,0,0,0,0,0,0,0,0,0,0,0,5,0,0,3285.9412231445313,57878.92370605469,0,67221336064,8589930496,66950258688,4379160576
200,1724134095528,999,900,1200,1200,1100,800,800,4521,875,880,800,800,1000,873,800,878,800,898,860,872,882,800,886,800,896,860,800,800,800,800,900,800,0,0,34.28571701049805,0,0,0,0,0,0,0,0,0,0,0,0,0,0,0,0,0,0,0,0,0,0,0,0,0,0,0,0,0,0,3289.3595581054688,57880.609313964844,0,67221336064,8589930496,66983288832,4347441152
200,1724134095728,999,900,1200,1200,1100,800,800,4521,875,880,800,800,1000,873,800,878,800,898,860,872,882,800,886,800,896,860,800,800,800,800,900,800,0,0,45,0,0,0,0,0,0,0,0,0,0,0,0,0,0,0,0,0,0,0,0,0,0,0,0,0,0,0,0,0,0,3292.1029052734375,57881.62060546875,0,67221336064,8589930496,67024576512,4307857408
200,1724134095928,999,900,1200,1200,1100,800,800,4521,875,880,800,800,1000,873,800,878,800,898,860,872,882,800,886,800,896,860,800,800,800,800,900,800,0,0,90,0,0,0,0,0,0,0,0,0,0,0,0,0,0,0,0,0,0,0,0,0,0,0,0,0,0,0,0,0,0,3300.1702880859375,57887.76672363281,0,67221336064,8589930496,67032834048,4295536640
200,1724134096128,999,900,1200,1200,1100,800,800,4521,875,880,800,800,1000,873,800,878,800,898,860,872,882,800,886,800,896,860,800,800,800,800,900,800,0,0,52.6315803527832,0,0,0,0,0,0,0,0,0,0,0,0,0,0,0,0,0,0,0,0,0,0,0,0,0,0,0,0,0,0,3306.833251953125,57892.627014160156,0,67221336064,8589930496,67057606656,4294750208
199,1724134096329,999,900,1200,1200,1100,800,800,4521,875,880,800,800,1000,873,800,878,800,898,860,872,882,800,886,800,896,860,800,800,800,800,900,800,0,0,35,0,0,0,0,0,0,0,0,0,0,0,0,0,0,0,0,0,0,0,0,0,0,0,0,0,0,0,42.85714340209961,0,0,3312.8154296875,57896.84881591797,0,67221336064,8589930496,66876448768,4459704320
200,1724134096529,999,900,1200,1200,1100,800,800,4521,875,880,800,800,1000,873,800,878,800,898,860,872,882,800,886,800,896,860,800,800,800,800,900,800,0,0,21.052631378173828,0,0,0,0,0,0,0,0,0,0,0,0,0,0,0,0,0,0,0,0,0,0,0,0,0,0,0,26.3157901763916,0,0,3315.3612060546875,57897.66619873047,0,67221336064,8589930496,66909466624,4434538496
200,1724134096729,999,900,1200,1200,1100,800,800,4521,875,880,800,800,1000,873,800,878,800,898,860,872,882,800,886,800,896,860,800,800,800,800,900,800,0,0,21.052631378173828,0,0,0,0,0,0,0,0,0,0,0,0,0,0,0,0,0,0,0,0,0,0,0,0,0,0,0,26.3157901763916,0,0,3318.5999145507813,57899.182189941406,0,67221336064,8589930496,66925981696,4417236992
200,1724134096929,999,900,1200,1200,1100,800,800,4521,875,880,800,800,1000,873,800,878,800,898,860,872,882,800,886,800,896,860,800,800,800,800,900,800,0,0,47.619049072265625,0,0,0,0,0,0,0,0,0,0,0,0,0,0,0,0,0,0,0,0,0,0,0,0,0,0,0,0,0,0,3323.299072265625,57902.14276123047,0,67221336064,8589930496,66950754304,4390498304
200,1724134097129,999,900,1200,1200,1100,800,800,4521,875,880,800,800,1000,873,800,878,800,898,860,872,882,800,886,800,896,860,800,800,800,800,900,800,0,0,50,0,0,0,0,0,0,0,0,0,0,0,0,0,0,0,0,0,0,0,0,0,0,0,0,0,0,0,0,0,0,3330.0533447265625,57907.12536621094,0,67221336064,8589930496,67008815104,4330205184
200,1724134097329,999,900,1200,1200,1100,800,800,4521,875,880,800,800,1000,873,800,878,800,898,860,872,882,800,886,800,896,860,800,800,800,800,900,800,0,0,68.42105102539063,0,0,0,0,0,0,0,0,0,0,0,0,0,0,0,0,0,0,0,0,0,0,0,0,0,0,0,0,0,0,3337.7228393554688,57912.91833496094,0,67221336064,8589930496,67041587200,4302680064
200,1724134097529,999,900,1200,1200,1100,800,800,4521,875,880,800,800,1000,873,800,878,800,898,860,872,882,800,886,800,896,860,800,800,800,800,900,800,0,0,55,0,0,0,0,0,0,0,0,0,0,0,0,0,0,0,0,0,0,0,0,0,0,0,0,0,0,0,50,0,0,3346.5825805664063,57919.876220703125,0,67221336064,8589930496,66865160192,4468416512
200,1724134097729,999,900,1200,1200,1100,800,800,4521,875,880,800,800,1000,873,800,878,800,898,860,872,882,800,886,800,896,860,800,800,800,800,900,800,0,0,45,0,0,0,0,0,0,0,0,0,0,0,0,0,0,0,0,0,0,0,0,0,0,0,0,0,0,0,0,0,0,3352.7568359375,57924.2705078125,0,67221336064,8589930496,66931466240,4406550528
200,1724134097929,999,900,1200,1200,1100,800,800,4521,875,880,800,800,1000,873,800,878,800,898,860,872,882,800,886,800,896,860,800,800,800,800,900,800,0,0,42.105262756347656,0,0,0,0,0,0,0,0,0,0,0,0,0,0,0,0,0,0,0,0,0,0,0,0,0,0,0,0,0,0,3358.1183471679688,57927.858947753906,0,67221336064,8589930496,66988740608,4345208832
200,1724134098129,999,900,1200,1200,1100,800,800,4521,875,880,800,800,1000,873,800,878,800,898,860,872,882,800,886,800,896,860,800,800,800,800,900,800,0,0,52.94117736816406,0,0,0,0,0,0,0,0,0,0,0,0,0,0,0,0,0,0,0,0,0,0,0,0,0,0,0,0,0,0,3364.5808715820313,57932.46008300781,0,67221336064,8589930496,67022262272,4308508672
200,1724134098330,999,900,1200,1200,1100,800,800,4521,875,880,800,800,1000,873,800,878,800,898,860,872,882,800,886,800,896,860,800,800,800,800,900,800,0,0,60.000003814697266,0,0,0,0,0,0,0,0,0,0,0,0,0,0,0,0,0,0,0,0,0,0,0,0,0,0,0,0,0,0,3371.6900634765625,57937.6357421875,0,67221336064,8589930496,67054424064,4294877184
200,1724134098530,999,900,1200,1200,1100,800,800,4521,875,880,800,800,1000,873,800,878,800,898,860,872,882,800,886,800,896,860,800,800,800,800,900,800,0,0,45,0,0,0,0,0,0,0,0,0,0,0,0,0,0,0,0,0,0,0,0,0,0,0,0,0,0,0,36.842105865478516,0,0,3378.6793823242188,57942.792724609375,0,67221336064,8589930496,66901135360,4359802880
200,1724134098730,999,900,1200,1200,1100,800,800,4521,875,880,800,800,1000,873,800,878,800,898,860,872,882,800,886,800,896,860,800,800,800,800,900,800,0,0,38.88888931274414,0,0,0,0,0,0,0,0,0,0,0,0,0,0,0,0,0,0,0,0,0,0,0,0,0,0,0,0,0,0,3381.8179321289063,57944.15985107422,0,67221336064,8589930496,66942423040,4314189824
200,1724134098930,999,900,1200,1200,1100,800,800,4521,875,880,800,800,1000,873,800,878,800,898,860,872,882,800,886,800,896,860,800,800,800,800,900,800,0,0,45,0,0,0,0,0,0,0,0,0,0,0,0,0,0,0,0,0,0,0,0,0,0,0,0,0,0,0,0,0,0,3385.4982299804688,57946.071838378906,0,67221336064,8589930496,66999730176,4294791168
200,1724134099130,999,900,1200,1200,1100,800,800,4521,875,880,800,800,1000,873,800,878,800,898,860,872,882,800,886,800,896,860,800,800,800,800,900,800,0,0,45,0,0,0,0,0,0,0,0,0,0,0,0,0,0,0,0,0,0,0,0,0,0,0,0,0,0,0,9.523809432983398,0,0,3391.5348510742188,57950.292907714844,0,67221336064,8589930496,66985172992,4309450752
200,1724134099330,999,900,1200,1200,1100,800,800,4521,875,880,800,800,1000,873,800,878,800,898,860,872,882,800,886,800,896,860,800,800,800,800,900,800,0,0,0,0,55,0,0,0,0,0,0,0,0,0,0,0,0,0,0,0,0,0,0,0,0,0,0,0,0,0,20,0,0,3397.9298095703125,57954.93212890625,0,67221336064,8589930496,66912161792,4348219392
200,1724134099530,999,900,1200,1200,1100,800,800,4521,875,880,800,800,1000,873,800,878,800,898,860,872,882,800,886,800,896,860,800,800,800,800,900,800,0,0,63.15789031982422,0,0,0,0,0,0,0,0,0,0,0,0,0,0,0,0,0,0,0,0,0,0,0,0,0,0,0,0,0,0,3404.9862060546875,57960.124084472656,0,67221336064,8589930496,66960920576,4302606336
200,1724134099730,999,900,1200,1200,1100,800,800,4521,875,880,800,800,1000,873,800,878,800,898,860,872,882,800,886,800,896,860,800,800,800,800,900,800,0,0,42.105262756347656,0,0,0,0,0,0,0,0,0,0,0,0,0,0,0,0,0,0,0,0,0,0,0,0,0,0,0,0,0,0,3409.2882080078125,57962.69104003906,0,67221336064,8589930496,67017539584,4294742016
200,1724134099930,999,900,1200,1200,1100,800,800,4521,875,880,800,800,1000,873,800,878,800,898,860,872,882,800,886,800,896,860,800,800,800,800,900,800,0,0,61.11111068725586,0,0,0,0,0,0,0,0,0,0,0,0,0,0,0,0,0,0,0,0,0,0,0,0,0,0,0,0,0,0,3414.93994140625,57966.48876953125,0,67221336064,8589930496,67050815488,4294742016
200,1724134100130,999,900,1200,1200,1100,800,800,4521,875,880,800,800,1000,873,800,878,800,898,860,872,882,800,886,800,896,860,800,800,800,800,900,800,0,0,50,0,0,0,0,0,0,0,0,0,0,0,0,0,0,0,0,0,0,0,0,0,0,0,0,0,0,0,26.3157901763916,0,0,3421.1763916015625,57970.8974609375,0,67221336064,8589930496,66917969920,4335259648
200,1724134100331,999,900,1200,1200,1100,800,800,4521,875,880,800,800,1000,873,800,878,800,898,860,872,882,800,886,800,896,860,800,800,800,800,900,800,0,0,47.36842346191406,0,0,0,0,0,0,0,0,0,0,0,0,0,0,0,0,0,0,0,0,0,0,0,0,0,0,0,0,0,0,3426.9741821289063,57974.92547607422,0,67221336064,8589930496,66966708224,4294889472
200,1724134100531,999,900,1200,1200,1100,800,800,4521,875,880,800,800,1000,873,800,878,800,898,860,872,882,800,886,800,896,860,800,800,800,800,900,800,0,0,44.4444465637207,0,0,0,0,0,0,0,0,0,0,0,0,0,0,0,0,0,0,0,0,0,0,0,0,0,0,0,0,0,0,3431.4478149414063,57977.64080810547,0,67221336064,8589930496,67008241664,4294889472
200,1724134100731,999,900,1200,1200,1100,800,800,4521,875,880,800,800,1000,873,800,878,800,898,860,872,882,800,886,800,896,860,800,800,800,800,900,800,0,0,55,0,0,0,0,0,0,0,0,0,0,0,0,0,0,0,0,0,0,0,0,0,0,0,0,0,0,0,0,0,0,3437.2672119140625,57981.627380371094,0,67221336064,8589930496,67049787392,4294889472
200,1724134100931,999,900,1200,1200,1100,800,800,4521,875,880,800,800,1000,873,800,878,800,898,860,872,882,800,886,800,896,860,800,800,800,800,900,800,0,0,63.15789031982422,0,0,0,0,0,0,0,0,0,0,0,0,0,0,0,0,0,0,0,0,0,0,0,0,0,0,0,40,0,0,3446.1162719726563,57988.48498535156,0,67221336064,8589930496,66871050240,4449583104
200,1724134101131,999,900,1200,1200,1100,800,800,4521,875,880,800,800,1000,873,800,878,800,898,860,872,882,800,886,800,896,860,800,800,800,800,900,800,0,0,15.000000953674316,0,42.85714340209961,0,0,0,0,0,0,0,0,0,0,0,0,0,0,0,0,0,0,0,0,0,0,0,0,0,0,0,0,3451.5755615234375,57992.213439941406,0,67221336064,8589930496,66912583680,4401610752
200,1724134101331,999,900,1200,1200,1100,800,800,4521,875,880,800,800,1000,873,800,878,800,898,860,872,882,800,886,800,896,860,800,800,800,800,900,800,0,0,0,0,0,0,0,0,0,0,0,0,0,0,0,0,0,0,0,0,0,0,0,0,0,0,0,0,0,0,50,0,0,3455.4861450195313,57994.36212158203,0,67221336064,8589930496,66969321472,4349706240
200,1724134101531,999,900,1200,1200,1100,800,800,4521,875,880,800,800,1000,873,800,878,800,898,860,872,882,800,886,800,896,860,800,800,800,800,900,800,0,0,0,0,0,0,0,0,0,0,0,0,0,0,0,0,0,0,0,0,0,0,0,0,0,0,0,0,0,0,50,0,0,3462.3722534179688,57999.46435546875,0,67221336064,8589930496,67027124224,4294918144
199,1724134101731,999,900,1200,1200,1100,800,800,4521,875,880,800,800,1000,873,800,878,800,898,860,872,882,800,886,800,896,860,800,800,800,800,900,800,0,0,42.85714340209961,0,0,0,0,0,0,0,0,0,0,0,0,0,0,0,0,0,0,0,0,0,0,0,0,0,0,0,33.333335876464844,0,0,3469.8232421875,58005.11853027344,0,67221336064,8589930496,66891894784,4447633408
200,1724134101931,999,900,1200,1200,1100,800,800,4521,875,880,800,800,1000,873,800,878,800,898,860,872,882,800,886,800,896,860,800,800,800,800,900,800,0,0,0,0,0,0,0,0,0,0,0,0,0,0,0,0,0,0,0,0,0,0,0,0,0,0,0,0,0,0,42.105262756347656,0,0,3476.3251953125,58009.841735839844,0,67221336064,8589930496,66957955072,4380262400
200,1724134102131,999,900,1200,1200,1100,800,800,4521,875,880,800,800,1000,873,800,878,800,898,860,872,882,800,886,800,896,860,800,800,800,800,900,800,0,0,65,0,0,0,0,0,0,0,0,0,0,0,0,0,0,0,0,0,0,0,0,0,0,0,0,0,0,0,0,0,0,3482.105712890625,58013.751403808594,0,67221336064,8589930496,66999242752,4340416512
200,1724134102331,999,900,1200,1200,1100,800,800,4521,875,880,800,800,1000,873,800,878,800,898,860,872,882,800,886,800,896,860,800,800,800,800,900,800,0,0,70,0,0,0,0,0,0,0,0,0,0,0,0,0,0,0,0,0,0,0,0,0,0,0,0,0,0,0,0,0,0,3489.9993896484375,58019.74279785156,0,67221336064,8589930496,67048124416,4294803456
199,1724134102532,999,900,1200,1200,1100,800,800,4521,875,880,800,800,1000,873,800,878,800,898,860,872,882,800,886,800,896,860,800,800,800,800,900,800,0,0,28.571430206298828,0,5.882352828979492,0,0,0,0,0,0,0,0,0,0,0,0,0,0,0,0,0,0,0,0,0,0,0,0,0,30.000001907348633,0,0,3495.7849731445313,58023.76171875,0,67221336064,8589930496,67005759488,4347998208
199,1724134102732,999,900,1200,1200,1100,800,800,4521,875,880,800,800,1000,873,800,878,800,898,860,872,882,800,886,800,896,860,800,800,800,800,900,800,0,0,52.6315803527832,0,0,0,0,0,0,0,0,0,0,0,0,0,0,0,0,0,0,0,0,0,0,0,0,0,0,0,90.47618865966797,0,0,3504.590576171875,58030.61584472656,0,67221336064,8589930496,67070271488,4294922240
200,1724134102932,999,900,1200,1200,1100,800,800,4521,875,880,800,800,1000,873,800,878,800,898,860,872,882,800,886,800,896,860,800,800,800,800,900,800,0,0,50,0,0,0,0,0,0,0,0,0,0,0,0,0,0,0,0,0,0,0,0,0,0,0,0,0,0,0,100,0,0,3514.2802124023438,58038.350158691406,0,67221336064,8589930496,66921848832,4462059520
199,1724134103132,999,900,1200,1200,1100,800,800,4521,875,880,800,800,1000,873,800,878,800,898,860,872,882,800,886,800,896,860,800,800,800,800,900,800,0,0,47.36842346191406,0,0,0,0,0,0,0,0,0,0,0,0,0,0,0,0,0,0,0,0,0,0,0,0,0,0,0,5,0,0,3521.2538452148438,58043.57696533203,0,67221336064,8589930496,66958344192,4428894208
200,1724134103332,999,900,1200,1200,1100,800,800,4521,875,880,800,800,1000,873,800,878,800,898,860,872,882,800,886,800,896,860,800,800,800,800,900,800,0,0,55.55555725097656,0,0,0,0,0,0,0,0,0,0,0,0,0,0,0,0,0,0,0,0,0,0,0,0,0,0,0,0,0,0,3526.5036010742188,58047.08953857422,0,67221336064,8589930496,66999631872,4388786176
200,1724134103532,999,900,1200,1200,1100,800,800,4521,875,880,800,800,1000,873,800,878,800,898,860,872,882,800,886,800,896,860,800,800,800,800,900,800,0,0,63.15789031982422,0,0,0,0,0,0,0,0,0,0,0,0,0,0,0,0,0,0,0,0,0,0,0,0,0,0,0,0,0,0,3533.6851196289063,58052.523986816406,0,67221336064,8589930496,67040919552,4344745984
200,1724134103732,999,900,1200,1200,1100,800,800,4521,875,880,800,800,1000,873,800,878,800,898,860,872,882,800,886,800,896,860,800,800,800,800,900,800,0,0,57.142860412597656,0,0,0,0,0,0,0,0,0,0,0,0,0,0,0,0,0,0,0,0,0,0,0,0,0,0,0,55,0,0,3542.1030883789063,58059.14385986328,0,67221336064,8589930496,66879696896,4496224256
200,1724134103932,999,900,1200,1200,1100,800,800,4521,875,880,800,800,1000,873,800,878,800,898,860,872,882,800,886,800,896,860,800,800,800,800,900,800,0,0,80,0,0,0,0,0,0,0,0,0,0,0,0,0,0,0,0,0,0,0,0,0,0,0,0,0,0,0,0,0,0,3549.9014282226563,58065.184997558594,0,67221336064,8589930496,66904469504,4471844864
200,1724134104132,999,900,1200,1200,1100,800,800,4521,875,880,800,800,1000,873,800,878,800,898,860,872,882,800,886,800,896,860,800,800,800,800,900,800,0,0,75,0,0,0,0,0,0,0,0,0,0,0,0,0,0,0,0,0,0,0,0,0,0,0,0,0,0,0,0,0,0,3557.1639404296875,58070.68634033203,0,67221336064,8589930496,66929238016,4445630464
200,1724134104332,999,900,1200,1200,1100,800,800,4521,875,880,800,800,1000,873,800,878,800,898,860,872,882,800,886,800,896,860,800,800,800,800,900,800,0,0,68.42105102539063,0,0,0,0,0,0,0,0,0,0,0,0,0,0,0,0,0,0,0,0,0,0,0,0,0,0,0,0,0,0,3564.3352661132813,58076.09796142578,0,67221336064,8589930496,66961756160,4409716736
200,1724134104532,999,900,1200,1200,1100,800,800,4521,875,880,800,800,1000,873,800,878,800,898,860,872,882,800,886,800,896,860,800,800,800,800,900,800,4.761904716491699,0,57.894737243652344,0,0,0,0,0,0,0,0,0,0,0,0,0,0,0,0,0,0,0,0,0,0,0,0,0,0,0,0,0,0,3571.2747802734375,58081.29675292969,0,67221336064,8589930496,67011301376,4360695808
200,1724134104732,999,900,1200,1200,1100,800,800,4521,875,880,800,800,1000,873,800,878,800,898,860,872,882,800,886,800,896,860,800,800,800,800,900,800,0,0,71.42857360839844,0,0,0,0,0,0,0,0,0,0,0,0,0,0,0,0,0,0,0,0,0,0,0,0,0,0,0,0,0,0,3578.4903564453125,58086.763916015625,0,67221336064,8589930496,67044331520,4326092800
200,1724134104932,999,900,1200,1200,1100,800,800,4521,875,880,800,800,1000,873,800,878,800,898,860,872,882,800,886,800,896,860,800,800,800,800,900,800,0,0,44.4444465637207,0,0,0,0,0,0,0,0,0,0,0,0,0,0,0,0,0,0,0,0,0,0,0,0,0,0,0,45,0,0,3586.6064453125,58093.054443359375,0,67221336064,8589930496,66899337216,4467843072
200,1724134105132,999,900,1200,1200,1100,800,800,4521,875,880,800,800,1000,873,800,878,800,898,860,872,882,800,886,800,896,860,800,800,800,800,900,800,0,0,47.36842346191406,0,0,0,0,0,0,0,0,0,0,0,0,0,0,0,0,0,0,0,0,0,0,0,0,0,0,0,0,0,0,3593.29638671875,58097.991455078125,0,67221336064,8589930496,66965000192,4403355648
200,1724134105332,999,900,1200,1200,1100,800,800,4521,875,880,800,800,1000,873,800,878,800,898,860,872,882,800,886,800,896,860,800,800,800,800,900,800,0,0,47.36842346191406,0,0,0,0,0,0,0,0,0,0,0,0,0,0,0,0,0,0,0,0,0,0,0,0,0,0,0,0,0,0,3599.69140625,58102.605529785156,0,67221336064,8589930496,67014545408,4353548288
200,1724134105533,999,900,1200,1200,1100,800,800,4521,875,880,800,800,1000,873,800,878,800,898,860,872,882,800,886,800,896,860,800,800,800,800,900,800,0,0,47.36842346191406,0,0,0,0,0,0,0,0,0,0,0,0,0,0,0,0,0,0,0,0,0,0,0,0,0,0,0,20,0,0,3606.3424682617188,58107.46044921875,0,67221336064,8589930496,67050569728,4317159424
200,1724134105733,999,900,1200,1200,1100,800,800,4521,875,880,800,800,1000,873,800,878,800,898,860,872,882,800,886,800,896,860,800,800,800,800,900,800,0,0,68.18181610107422,0,0,0,0,0,0,0,0,0,0,0,0,0,0,0,0,0,0,0,0,0,0,0,0,0,0,0,85,0,0,3615.2294311523438,58114.44500732422,0,67221336064,8589930496,66879152128,4481822720
199,1724134105933,999,900,1200,1200,1100,800,800,4521,875,880,800,800,1000,873,800,878,800,898,860,872,882,800,886,800,896,860,800,800,800,800,900,800,0,0,26.3157901763916,0,9.523809432983398,0,0,0,0,0,0,0,0,0,0,0,0,0,0,0,0,0,0,0,0,0,0,0,0,0,0,0,0,3619.2460327148438,58116.71856689453,0,67221336064,8589930496,66928697344,4431228928
199,1724134106133,999,900,1200,1200,1100,800,800,4521,875,880,800,800,1000,873,800,878,800,898,860,872,882,800,886,800,896,860,800,800,800,800,900,800,0,0,50,0,5.263157844543457,0,0,0,0,0,0,0,0,0,0,0,0,0,0,0,0,0,0,0,0,0,0,0,0,0,0,0,0,3622.187255859375,58117.94012451172,0,67221336064,8589930496,66969980928,4388237312
199,1724134106333,999,900,1200,1200,1100,800,800,4521,875,880,800,800,1000,873,800,878,800,898,860,872,882,800,886,800,896,860,800,800,800,800,900,800,0,0,50,0,5.263157844543457,0,0,0,0,0,0,0,0,0,0,0,0,0,0,0,0,0,0,0,0,0,0,0,0,0,0,0,0,3624.529541015625,58118.56854248047,0,67221336064,8589930496,67019526144,4339216384
200,1724134106533,999,900,1200,1200,1100,800,800,4521,875,880,800,800,1000,873,800,878,800,898,860,872,882,800,886,800,896,860,800,800,800,800,900,800,0,0,0,0,46.153846740722656,0,0,0,0,0,0,0,0,0,0,0,0,0,0,0,0,0,0,0,0,0,0,0,0,0,5,0,0,3627.40771484375,58119.725036621094,0,67221336064,8589930496,67068805120,4294914048
199,1724134106733,999,900,1200,1200,1100,800,800,4521,875,880,800,800,1000,873,800,878,800,898,860,872,882,800,886,800,896,860,800,800,800,800,900,800,0,0,0,35,0,0,0,0,0,0,0,0,0,0,0,0,0,0,0,0,0,0,0,0,0,0,0,0,0,0,100,0,0,3636.6279296875,58126.995849609375,0,67221336064,8589930496,67127754752,4294914048
199,1724134106933,999,900,1200,1200,1100,800,800,4521,875,880,800,800,1000,873,800,878,800,898,860,872,882,800,886,800,896,860,800,800,800,800,900,800,0,0,0,25,0,0,0,0,0,0,0,0,0,0,0,0,0,0,0,0,0,0,0,0,0,0,0,0,0,0,75,0,0,3644.6484375,58133.19793701172,0,67221336064,8589930496,66918014976,4461936640
199,1724134107133,999,900,1200,1200,1100,800,800,4521,875,880,800,800,1000,873,800,878,800,898,860,872,882,800,886,800,896,860,800,800,800,800,900,800,0,0,0,38.88888931274414,0,0,0,0,0,0,4.761904716491699,0,0,0,0,0,0,0,0,0,0,0,0,0,0,0,0,0,0,0,0,0,0,3647.05810546875,58133.884521484375,0,67221336064,8589930496,66984902656,4405575680
199,1724134107333,999,900,1200,1200,1100,800,800,4521,875,880,800,800,1000,873,800,878,800,898,860,872,882,800,886,800,896,860,800,800,800,800,900,800,0,0,23.52941131591797,5,0,0,0,0,0,0,0,0,0,0,0,0,0,0,0,0,0,0,0,0,0,5,0,0,0,0,0,0,0,3649.3344116210938,58134.451110839844,0,67221336064,8589930496,67036254208,4354719744
199,1724134107533,999,900,1200,1200,1100,800,800,4521,875,880,800,800,1000,873,800,878,800,898,860,872,882,800,886,800,896,860,800,800,800,800,900,800,0,0,21.052631378173828,0,0,0,0,0,0,0,0,0,0,0,0,0,0,0,0,0,0,0,0,0,0,0,0,0,0,0,35,0,0,3654.3656005859375,58137.7451171875,0,67221336064,8589930496,66882203648,4507095040
199,1724134107733,999,900,1200,1200,1100,800,800,4521,875,880,800,800,1000,873,800,878,800,898,860,872,882,800,886,800,896,860,800,800,800,800,900,800,0,0,0,45,0,0,0,0,0,0,0,0,0,0,0,0,0,0,0,0,0,0,0,0,0,0,0,0,0,0,0,0,0,3656.6359252929688,58138.30682373047,0,67221336064,8589930496,66931748864,4456501248
199,1724134107933,999,900,1200,1200,1100,800,800,4521,875,880,800,800,1000,873,800,878,800,898,860,872,882,800,886,800,896,860,800,800,800,800,900,800,0,0,10,31.57894515991211,0,0,0,0,0,0,0,0,0,0,0,0,0,0,0,0,0,0,0,0,0,0,0,0,0,0,0,0,0,3658.8644409179688,58138.830627441406,0,67221336064,8589930496,66993262592,4407218176
199,1724134108133,999,900,1200,1200,1100,800,800,4521,875,880,800,800,1000,873,800,878,800,898,860,872,882,800,886,800,896,860,800,800,800,800,900,800,0,0,35.29411697387695,0,0,0,0,0,0,0,0,0,0,0,0,0,0,0,0,0,0,0,0,0,0,0,0,0,0,0,0,0,0,3661.0773315429688,58139.33801269531,0,67221336064,8589930496,67044298752,4357935104
199,1724134108333,999,900,1200,1200,1100,800,800,4521,875,880,800,800,1000,873,800,878,800,898,860,872,882,800,886,800,896,860,800,800,800,800,900,800,0,0,35.29411697387695,0,0,0,0,0,0,0,0,0,0,0,0,0,0,0,0,0,0,0,0,0,0,0,0,0,0,0,0,0,0,3665.9794921875,58142.505798339844,0,67221336064,8589930496,66890407936,4499918848
199,1724134108534,999,900,1200,1200,1100,800,800,4521,875,880,800,800,1000,873,800,878,800,898,860,872,882,800,886,800,896,860,800,800,800,800,900,800,0,0,33.333335876464844,0,0,0,0,0,0,0,0,0,0,0,0,0,0,0,0,0,0,0,0,0,0,0,0,0,0,0,17.5,0,0,3668.1614990234375,58142.98571777344,0,67221336064,8589930496,66939953152,4451946496
199,1724134108734,999,900,1200,1200,1100,800,800,4521,875,880,800,800,1000,873,800,878,800,898,860,872,882,800,886,800,896,860,800,800,800,800,900,800,0,0,5.555555820465088,0,0,0,10.526315689086914,0,0,0,0,0,0,0,0,0,0,0,0,0,0,0,0,0,0,0,0,0,0,0,26.3157901763916,0,0,3670.3818359375,58143.503845214844,0,67221336064,8589930496,66979594240,4410003456
199,1724134108934,999,900,1200,1200,1100,800,800,4521,875,880,800,800,1000,873,800,878,800,898,860,872,882,800,886,800,896,860,800,800,800,800,900,800,0,0,0,0,0,0,0,0,0,0,0,0,0,0,0,0,0,0,0,0,0,0,0,0,0,0,0,0,0,0,45,0,0,3673.1270751953125,58144.54150390625,0,67221336064,8589930496,67029139456,4365176832
200,1724134109134,999,900,1200,1200,1100,800,800,4521,875,880,800,800,1000,873,800,878,800,898,860,872,882,800,886,800,896,860,800,800,800,800,900,800,0,0,10,0,0,0,0,0,0,0,0,0,0,0,0,0,0,0,0,0,0,0,0,0,0,0,0,0,0,0,40,0,0,3676.3441772460938,58146.04412841797,0,67221336064,8589930496,67011076096,4358053888
200,1724134109334,999,900,1200,1200,1100,800,800,4521,875,880,800,800,1000,873,800,878,800,898,860,872,882,800,886,800,896,860,800,800,800,800,900,800,0,0,25,0,0,0,0,0,0,0,0,0,0,0,0,0,0,0,0,0,0,0,0,0,0,0,0,0,0,0,36.842105865478516,0,0,3680.9223022460938,58148.891662597656,0,67221336064,8589930496,66905251840,4460113920
199,1724134109534,999,900,1200,1200,1100,800,800,4521,875,880,800,800,1000,873,800,878,800,898,860,872,882,800,886,800,896,860,800,800,800,800,900,800,0,0,0,0,0,0,0,0,0,0,0,0,0,0,0,0,0,0,0,0,0,0,0,0,0,0,0,0,0,0,42.105262756347656,0,0,3683.30322265625,58149.574462890625,0,67221336064,8589930496,66954797056,4412665856
199,1724134109734,999,900,1200,1200,1100,800,800,4521,875,880,800,800,1000,873,800,878,800,898,860,872,882,800,886,800,896,860,800,800,800,800,900,800,0,0,0,27.77777862548828,0,0,0,0,0,0,0,0,0,0,0,0,0,0,0,0,0,0,0,0,0,0,0,0,0,0,10.526315689086914,0,0,3685.6531982421875,58150.21325683594,0,67221336064,8589930496,67004084224,4358664192
199,1724134109934,999,900,1200,1200,1100,800,800,4521,875,880,800,800,1000,873,800,878,800,898,860,872,882,800,886,800,896,860,800,800,800,800,900,800,0,0,0,42.85714340209961,0,0,0,0,0,0,0,0,0,0,0,0,0,0,0,0,0,0,0,0,0,0,0,0,0,0,0,0,0,3688.0206298828125,58150.874572753906,0,67221336064,8589930496,67053629440,4307021824
199,1724134110134,999,900,1200,1200,1100,800,800,4521,875,880,800,800,1000,873,800,878,800,898,860,872,882,800,886,800,896,860,800,800,800,800,900,800,33.333335876464844,0,0,35,0,0,0,0,0,0,0,0,0,0,0,0,0,0,0,0,0,0,0,0,0,0,0,0,0,0,0,0,0,3693.0865478515625,58154.195068359375,0,67221336064,8589930496,66903941120,4426727424
199,1724134110334,999,900,1200,1200,1100,800,800,4521,875,880,800,800,1000,873,800,878,800,898,860,872,882,800,886,800,896,860,800,800,800,800,900,800,0,0,0,40,0,0,0,0,0,0,0,0,0,0,0,0,0,0,0,0,0,0,0,0,0,0,0,0,0,0,0,0,0,3695.4947509765625,58154.89923095703,0,67221336064,8589930496,66953486336,4380590080
200,1724134110534,999,900,1200,1200,1100,800,800,4521,875,880,800,800,1000,873,800,878,800,898,860,872,882,800,886,800,896,860,800,800,800,800,900,800,0,0,0,35.29411697387695,0,0,0,0,0,0,0,0,0,0,0,0,0,0,0,0,0,0,0,0,0,0,0,0,0,0,0,0,0,3697.5557861328125,58155.26739501953,0,67221336064,8589930496,66994774016,4334452736
199,1724134110734,999,900,1200,1200,1100,800,800,4521,875,880,800,800,1000,873,800,878,800,898,860,872,882,800,886,800,896,860,800,800,800,800,900,800,0,0,0,45,0,0,0,0,0,0,0,0,0,0,0,0,0,0,0,0,0,0,0,0,0,0,0,0,0,0,0,0,0,3699.6339111328125,58155.649475097656,0,67221336064,8589930496,67044319232,4294868992
200,1724134110934,999,900,1200,1200,1100,800,800,4521,875,880,800,800,1000,873,800,878,800,898,860,872,882,800,886,800,896,860,800,800,800,800,900,800,0,0,0,45,0,0,0,0,0,0,0,0,0,0,0,0,0,0,0,0,0,0,0,0,0,0,0,0,0,0,0,0,0,3705.0441284179688,58159.27734375,0,67221336064,8589930496,66994737152,4336586752
200,1724134111134,999,900,1200,1200,1100,800,800,4521,875,880,800,800,1000,873,800,878,800,898,860,872,882,800,886,800,896,860,800,800,800,800,900,800,2.4390242099761963,0,2.3809523582458496,29.268291473388672,10,0,0,0,0,0,0,0,0,0,0,0,0,0,0,0,0,0,0,0,0,0,0,0,0,0,46.34146499633789,0,0,3709.7725219726563,58162.25799560547,0,67221336064,8589930496,66910187520,4363890688
199,1724134111335,999,900,1200,1200,1100,800,800,4521,875,880,800,800,1000,873,800,878,800,898,860,872,882,800,886,800,896,860,800,800,800,800,900,800,0,0,0,0,0,0,0,0,0,0,0,0,0,0,0,0,0,0,0,0,0,0,0,0,0,0,0,0,0,0,42.105262756347656,0,0,3711.9132080078125,58162.70263671875,0,67221336064,8589930496,66959978496,4316180480
199,1724134111535,999,900,1200,1200,1100,800,800,4521,875,880,800,800,1000,873,800,878,800,898,860,872,882,800,886,800,896,860,800,800,800,800,900,800,0,0,0,11.111111640930176,0,0,0,0,0,0,0,0,0,0,0,0,0,0,0,0,0,0,0,0,0,0,0,0,0,0,16.666667938232422,0,0,3714.0083618164063,58163.103942871094,0,67221336064,8589930496,67009007616,4294946816
200,1724134111735,999,900,1200,1200,1100,800,800,4521,875,880,800,800,1000,873,800,878,800,898,860,872,882,800,886,800,896,860,800,800,800,800,900,800,0,0,0,0,0,0,0,0,0,0,0,0,0,0,0,0,0,0,0,0,0,0,0,0,0,0,0,0,0,0,44.4444465637207,0,0,3716.0839233398438,58163.48760986328,0,67221336064,8589930496,67058036736,4294946816
200,1724134111935,999,900,1200,1200,1100,800,800,4521,875,880,800,800,1000,873,800,878,800,898,860,872,882,800,886,800,896,860,800,800,800,800,900,800,0,0,35,0,0,0,0,0,0,0,0,0,0,0,0,0,0,0,0,0,0,0,0,0,0,0,0,0,0,0,33.333335876464844,0,0,3721.0602416992188,58166.731872558594,0,67221336064,8589930496,66902433792,4439506944
200,1724134112135,999,900,1200,1200,1100,800,800,4521,875,880,800,800,1000,873,800,878,800,898,860,872,882,800,886,800,896,860,800,800,800,800,900,800,0,0,0,0,0,0,0,0,0,0,0,0,0,0,0,0,0,0,0,0,0,0,0,0,0,0,0,0,0,0,47.36842346191406,0,0,3723.9011840820313,58167.86688232422,0,67221336064,8589930496,66968125440,4370231296
199,1724134112335,999,900,1200,1200,1100,800,800,4521,875,880,800,800,1000,873,800,878,800,898,860,872,882,800,886,800,896,860,800,800,800,800,900,800,0,0,0,0,0,0,0,0,0,0,0,0,0,0,0,0,0,0,0,0,0,0,0,0,0,0,0,0,0,0,33.333335876464844,0,0,3727.7279052734375,58169.968017578125,0,67221336064,8589930496,67037143040,4298403840
200,1724134112535,999,900,1200,1200,1100,800,800,4521,875,880,800,800,1000,873,800,878,800,898,860,872,882,800,886,800,896,860,800,800,800,800,900,800,0,0,40,0,0,0,0,0,0,0,0,0,0,0,0,0,0,0,0,0,0,0,0,0,0,0,0,0,0,0,26.3157901763916,0,0,3732.5919189453125,58173.10241699219,0,67221336064,8589930496,66892480512,4452315136
199,1724134112735,999,900,1200,1200,1100,800,800,4521,875,880,800,800,1000,873,800,878,800,898,860,872,882,800,886,800,896,860,800,800,800,800,900,800,0,0,0,0,0,0,0,0,0,0,0,0,0,0,0,0,0,0,0,0,0,0,0,0,0,0,0,0,0,0,38.88888931274414,0,0,3734.818115234375,58173.626403808594,0,67221336064,8589930496,66942271488,4404604928
199,1724134112935,999,900,1200,1200,1100,800,800,4521,875,880,800,800,1000,873,800,878,800,898,860,872,882,800,886,800,896,860,800,800,800,800,900,800,0,0,0,15.000000953674316,0,0,0,0,0,0,0,0,0,0,0,0,0,0,0,0,0,0,0,0,0,0,0,0,0,0,30.000001907348633,0,0,3737.775390625,58174.87292480469,0,67221336064,8589930496,66999816192,4342214656
199,1724134113135,999,900,1200,1200,1100,800,800,4521,875,880,800,800,1000,873,800,878,800,898,860,872,882,800,886,800,896,860,800,800,800,800,900,800,0,0,0,15.000000953674316,0,0,0,0,0,0,0,0,0,0,0,0,0,0,0,0,0,0,0,0,0,0,0,0,0,0,30.000001907348633,0,0,3740.0204467773438,58175.4189453125,0,67221336064,8589930496,67057713152,4294766592
199,1724134113335,999,900,1200,1200,1100,800,800,4521,875,880,800,800,1000,873,800,878,800,898,860,872,882,800,886,800,896,860,800,800,800,800,900,800,0,0,20,31.57894515991211,0,0,0,0,0,0,0,0,0,0,0,0,0,0,0,0,0,0,0,0,0,0,0,0,0,0,0,0,0,3745.720947265625,58179.38464355469,0,67221336064,8589930496,66903425024,4455108608
200,1724134113535,999,900,1200,1200,1100,800,800,4521,875,880,800,800,1000,873,800,878,800,898,860,872,882,800,886,800,896,860,800,800,800,800,900,800,0,0,20,31.57894515991211,0,0,0,0,0,0,0,0,0,0,0,0,0,0,0,0,0,0,0,0,0,0,0,0,0,0,0,0,0,3747.8944091796875,58179.86248779297,0,67221336064,8589930496,66943934464,4410281984
199,1724134113736,999,900,1200,1200,1100,800,800,4521,875,880,800,800,1000,873,800,878,800,898,860,872,882,800,886,800,896,860,800,800,800,800,900,800,0,0,0,12.5,0,0,0,0,0,0,0,0,0,0,0,0,0,0,0,0,0,0,0,0,0,0,0,0,0,0,27.02702522277832,0,0,3750.1435546875,58180.417419433594,0,67221336064,8589930496,66985222144,4363358208
199,1724134113936,999,900,1200,1200,1100,800,800,4521,875,880,800,800,1000,873,800,878,800,898,860,872,882,800,886,800,896,860,800,800,800,800,900,800,0,0,0,10,0,0,0,0,0,0,0,0,0,0,0,0,0,0,0,0,0,0,0,0,0,0,0,0,0,0,27.77777862548828,0,0,3752.341552734375,58180.918518066406,0,67221336064,8589930496,67035267072,4318531584
200,1724134114136,999,900,1200,1200,1100,800,800,4521,875,880,800,800,1000,873,800,878,800,898,860,872,882,800,886,800,896,860,800,800,800,800,900,800,0,0,0,10,0,0,0,0,0,0,0,0,0,0,0,0,0,0,0,0,0,0,0,0,0,0,0,0,0,0,27.77777862548828,0,0,3756.7581176757813,58183.61541748047,0,67221336064,8589930496,66883244032,4451721216
200,1724134114336,999,900,1200,1200,1100,800,800,4521,875,880,800,800,1000,873,800,878,800,898,860,872,882,800,886,800,896,860,800,800,800,800,900,800,0,0,7.692307949066162,25.641027450561523,0,0,0,0,0,0,0,0,0,0,0,0,0,0,0,0,0,0,0,0,0,0,0,0,0,0,30.000001907348633,0,0,3762.7407836914063,58187.870849609375,0,67221336064,8589930496,66905112576,4424413184
200,1724134114536,999,900,1200,1200,1100,800,800,4521,875,880,800,800,1000,873,800,878,800,898,860,872,882,800,886,800,896,860,800,800,800,800,900,800,0,0,0,0,0,0,0,0,0,0,0,0,0,0,0,0,0,0,0,0,0,0,0,0,0,0,0,0,0,0,90.47618865966797,0,0,3770.3309326171875,58193.726135253906,0,67221336064,8589930496,66921578496,4412616704
200,1724134114736,999,900,1200,1200,1100,800,800,4521,875,880,800,800,1000,873,800,878,800,898,860,872,882,800,886,800,896,860,800,800,800,800,900,800,0,0,0,0,0,0,0,0,0,0,0,0,0,0,0,0,0,0,0,0,0,0,0,0,0,0,0,0,0,0,89.47368621826172,0,0,3777.7471313476563,58199.407775878906,0,67221336064,8589930496,66930081792,4400558080
200,1724134114936,999,900,1200,1200,1100,800,800,4521,875,880,800,800,1000,873,800,878,800,898,860,872,882,800,886,800,896,860,800,800,800,800,900,800,0,0,0,0,0,0,0,0,0,0,0,0,0,0,0,0,0,0,0,0,0,0,0,0,0,0,0,0,0,0,90,0,0,3785.315185546875,58205.242736816406,0,67221336064,8589930496,66946596864,4388237312
200,1724134115136,999,900,1200,1200,1100,800,800,4521,875,880,800,800,1000,873,800,878,800,898,860,872,882,800,886,800,896,860,800,800,800,800,900,800,0,0,0,0,0,0,0,0,0,0,0,0,0,0,0,0,0,0,0,0,0,0,0,0,0,0,0,0,0,0,90.47618865966797,0,0,3792.7778930664063,58210.973388671875,0,67221336064,8589930496,66954440704,4375654400
200,1724134115336,999,900,1200,1200,1100,800,800,4521,875,880,800,800,1000,873,800,878,800,898,860,872,882,800,886,800,896,860,800,800,800,800,900,800,0,0,0,0,0,0,0,0,0,0,0,0,0,0,0,0,0,0,0,0,0,0,0,0,0,0,0,0,0,0,57.894737243652344,0,0,3799.2924194335938,58215.726501464844,0,67221336064,8589930496,67003985920,4327157760
200,1724134115536,999,900,1200,1200,1100,800,800,4521,875,880,800,800,1000,873,800,878,800,898,860,872,882,800,886,800,896,860,800,800,800,800,900,800,0,0,0,0,0,0,0,0,0,0,0,0,0,0,0,0,0,0,0,0,0,0,0,0,0,0,0,0,0,0,45,0,0,3803.1251220703125,58217.79571533203,0,67221336064,8589930496,67045273600,4294914048
200,1724134115736,999,900,1200,1200,1100,800,800,4521,875,880,800,800,1000,873,800,878,800,898,860,872,882,800,886,800,896,860,800,800,800,800,900,800,0,0,0,15.000000953674316,0,0,0,0,0,0,0,0,0,0,0,0,0,0,0,0,0,0,0,0,0,0,0,0,21.052631378173828,0,35,0,0,3808.724609375,58221.61486816406,0,67221336064,8589930496,66894360576,4454236160
200,1724134115937,999,900,1200,1200,1100,800,800,4521,875,880,800,800,1000,873,800,878,800,898,860,872,882,800,886,800,896,860,800,800,800,800,900,800,0,0,0,0,0,0,0,0,0,0,0,0,0,0,0,0,0,0,0,0,0,0,0,0,0,0,0,0,0,0,45,0,0,3812.1051635742188,58223.238037109375,0,67221336064,8589930496,66935648256,4408885248
199,1724134116137,999,900,1200,1200,1100,800,800,4521,875,880,800,800,1000,873,800,878,800,898,860,872,882,800,886,800,896,860,800,800,800,800,900,800,0,0,0,0,0,0,0,0,0,0,0,0,0,0,0,0,0,0,0,0,0,0,0,0,0,0,0,0,0,0,45,0,0,3815.1570434570313,58224.549560546875,0,67221336064,8589930496,66992099328,4358029312
199,1724134116337,999,900,1200,1200,1100,800,800,4521,875,880,800,800,1000,873,800,878,800,898,860,872,882,800,886,800,896,860,800,800,800,800,900,800,0,0,0,0,0,0,0,0,0,0,0,0,0,0,0,0,0,0,0,0,0,0,0,0,0,0,0,0,0,0,45,0,0,3818.3567504882813,58226.02197265625,0,67221336064,8589930496,67041644544,4301930496
199,1724134116537,999,900,1200,1200,1100,800,800,4521,875,880,800,800,1000,873,800,878,800,898,860,872,882,800,886,800,896,860,800,800,800,800,900,800,0,0,0,33.333335876464844,0,0,0,0,0,0,0,0,0,0,0,0,0,0,0,0,0,0,0,0,0,0,0,0,4.761904716491699,0,36.842105865478516,0,0,3823.3027954101563,58229.22607421875,0,67221336064,8589930496,66889105408,4446978048
199,1724134116737,999,900,1200,1200,1100,800,800,4521,875,880,800,800,1000,873,800,878,800,898,860,872,882,800,886,800,896,860,800,800,800,800,900,800,0,0,0,42.85714340209961,0,0,0,0,0,0,0,0,0,0,0,0,0,0,0,0,0,0,0,0,0,0,0,0,0,0,0,0,0,3825.8563842773438,58230.0673828125,0,67221336064,8589930496,66946908160,4388519936
199,1724134116937,999,900,1200,1200,1100,800,800,4521,875,880,800,800,1000,873,800,878,800,898,860,872,882,800,886,800,896,860,800,800,800,800,900,800,0,0,0,33.333335876464844,0,0,0,0,0,0,0,0,0,0,0,0,0,0,0,0,0,0,0,0,0,0,0,0,0,0,0,0,0,3828.221923828125,58230.72528076172,0,67221336064,8589930496,67004710912,4334780416
199,1724134117137,999,900,1200,1200,1100,800,800,4521,875,880,800,800,1000,873,800,878,800,898,860,872,882,800,886,800,896,860,800,800,800,800,900,800,0,0,0,45,0,0,0,0,0,0,0,0,0,0,0,0,0,0,0,0,0,0,0,0,0,0,0,0,0,0,0,0,0,3830.5820922851563,58231.37579345703,0,67221336064,8589930496,67053998080,4294934528
199,1724134117337,999,900,1200,1200,1100,800,800,4521,875,880,800,800,1000,873,800,878,800,898,860,872,882,800,886,800,896,860,800,800,800,800,900,800,0,0,0,45,0,0,0,0,0,0,0,0,0,0,0,0,0,0,0,0,0,0,0,0,0,0,0,0,0,0,0,0,0,3835.8300170898438,58234.8671875,0,67221336064,8589930496,66906841088,4447289344
199,1724134117537,999,900,1200,1200,1100,800,800,4521,875,880,800,800,1000,873,800,878,800,898,860,872,882,800,886,800,896,860,800,800,800,800,900,800,0,0,26.3157901763916,5,0,0,0,0,0,0,0,0,0,0,0,0,0,0,0,0,0,0,0,0,0,0,0,0,0,0,23.68421173095703,0,0,3840.4716186523438,58237.73596191406,0,67221336064,8589930496,66956640256,4396957696
200,1724134117737,999,900,1200,1200,1100,800,800,4521,875,880,800,800,1000,873,800,878,800,898,860,872,882,800,886,800,896,860,800,800,800,800,900,800,0,0,26.3157901763916,5,0,0,0,0,0,0,0,0,0,0,0,0,0,0,0,0,0,0,0,0,0,0,0,0,0,0,23.68421173095703,0,0,3844.1135864257813,58239.634826660156,0,67221336064,8589930496,67022946304,4331945984
199,1724134117937,999,900,1200,1200,1100,800,800,4521,875,880,800,800,1000,873,800,878,800,898,860,872,882,800,886,800,896,860,800,800,800,800,900,800,0,0,38.46154022216797,0,0,0,0,0,0,0,0,0,0,0,0,0,0,0,0,0,0,0,0,0,0,0,0,0,0,0,7.500000476837158,0,0,3846.6329345703125,58240.42028808594,0,67221336064,8589930496,67053465600,4310728704
199,1724134118137,999,900,1200,1200,1100,800,800,4521,875,880,800,800,1000,873,800,878,800,898,860,872,882,800,886,800,896,860,800,800,800,800,900,800,5,0,52.6315803527832,0,0,0,0,0,4.761904716491699,0,0,0,0,0,0,0,0,0,0,0,0,0,0,0,0,0,0,0,0,0,10,0,0,3851.6986083984375,58243.718200683594,0,67221336064,8589930496,66916274176,4440506368
200,1724134118337,999,900,1200,1200,1100,800,800,4521,875,880,800,800,1000,873,800,878,800,898,860,872,882,800,886,800,896,860,800,800,800,800,900,800,0,0,36.842105865478516,0,0,0,0,0,0,0,0,0,0,0,0,0,0,0,0,0,0,0,0,0,0,0,0,0,0,0,0,0,0,3854.421142578125,58244.69104003906,0,67221336064,8589930496,66966065152,4391223296
200,1724134118538,999,900,1200,1200,1100,800,800,4521,875,880,800,800,1000,873,800,878,800,898,860,872,882,800,886,800,896,860,800,800,800,800,900,800,0,0,0,0,0,0,0,0,0,0,0,0,0,0,0,0,0,0,0,0,0,0,0,0,0,0,0,0,0,0,47.36842346191406,0,0,3858.8478393554688,58247.355041503906,0,67221336064,8589930496,67015352320,4341415936
200,1724134118738,999,900,1200,1200,1100,800,800,4521,875,880,800,800,1000,873,800,878,800,898,860,872,882,800,886,800,896,860,800,800,800,800,900,800,0,0,0,0,0,0,0,0,0,0,0,0,0,0,0,0,0,0,0,0,0,0,0,0,0,0,0,0,0,0,47.619049072265625,0,0,3861.4542236328125,58248.213134765625,0,67221336064,8589930496,67064897536,4294754304
200,1724134118938,999,900,1200,1200,1100,800,800,4521,875,880,800,800,1000,873,800,878,800,898,860,872,882,800,886,800,896,860,800,800,800,800,900,800,0,0,38.095237731933594,0,0,0,0,0,0,0,0,0,0,0,0,0,0,0,0,0,0,0,0,0,0,0,0,0,0,0,45,0,0,3868.4957885742188,58253.440979003906,0,67221336064,8589930496,66905198592,4441477120
200,1724134119138,999,900,1200,1200,1100,800,800,4521,875,880,800,800,1000,873,800,878,800,898,860,872,882,800,886,800,896,860,800,800,800,800,900,800,0,0,0,0,0,0,0,0,0,0,0,0,0,0,0,0,0,0,0,0,0,0,0,0,0,0,0,0,0,0,38.88888931274414,0,0,3871.1596069335938,58254.36071777344,0,67221336064,8589930496,66963173376,4386689024
199,1724134119338,999,900,1200,1200,1100,800,800,4521,875,880,800,800,1000,873,800,878,800,898,860,872,882,800,886,800,896,860,800,800,800,800,900,800,0,0,0,0,0,0,0,0,0,0,0,0,0,0,0,0,0,0,0,0,0,0,0,0,0,0,0,0,0,0,38.88888931274414,0,0,3874.0721435546875,58255.53094482422,0,67221336064,8589930496,67020976128,4330065920
200,1724134119538,999,900,1200,1200,1100,800,800,4521,875,880,800,800,1000,873,800,878,800,898,860,872,882,800,886,800,896,860,800,800,800,800,900,800,0,0,5,0,0,0,0,0,0,0,0,0,0,0,0,0,0,0,0,0,0,0,0,0,0,0,0,0,0,0,42.105262756347656,0,0,3878.6599731445313,58258.35479736328,0,67221336064,8589930496,67037491200,4318990336
199,1724134119738,999,900,1200,1200,1100,800,800,4521,875,880,800,800,1000,873,800,878,800,898,860,872,882,800,886,800,896,860,800,800,800,800,900,800,0,0,30.000001907348633,0,30.000001907348633,0,0,0,0,0,0,0,0,0,0,0,0,0,0,0,0,0,0,0,0,0,0,0,0,0,13.636363983154297,0,0,3883.4946899414063,58261.43927001953,0,67221336064,8589930496,66899177472,4449800192
200,1724134119938,999,900,1200,1200,1100,800,800,4521,875,880,800,800,1000,873,800,878,800,898,860,872,882,800,886,800,896,860,800,800,800,800,900,800,0,0,30.000001907348633,0,30.000001907348633,0,0,0,0,0,0,0,0,0,0,0,0,0,0,0,0,0,0,0,0,0,0,0,0,0,13.636363983154297,0,0,3886.4849853515625,58262.700622558594,0,67221336064,8589930496,66940710912,4407070720
200,1724134120138,999,900,1200,1200,1100,800,800,4521,875,880,800,800,1000,873,800,878,800,898,860,872,882,800,886,800,896,860,800,800,800,800,900,800,0,0,0,0,20,0,0,0,0,0,0,0,0,0,0,0,0,0,0,0,0,0,0,0,0,0,0,0,0,0,27.5,0,0,3890.1176147460938,58264.58483886719,0,67221336064,8589930496,66989760512,4356214784
200,1724134120339,999,900,1200,1200,1100,800,800,4521,875,880,800,800,1000,873,800,878,800,898,860,872,882,800,886,800,896,860,800,800,800,800,900,800,0,0,0,0,0,0,0,0,0,0,0,0,0,0,0,0,0,0,0,0,0,0,0,0,0,0,0,0,0,0,42.105262756347656,0,0,3895.2047729492188,58267.919006347656,0,67221336064,8589930496,67039305728,4301688832
200,1724134120539,999,900,1200,1200,1100,800,800,4521,875,880,800,800,1000,873,800,878,800,898,860,872,882,800,886,800,896,860,800,800,800,800,900,800,0,0,31.57894515991211,0,0,0,0,0,0,0,0,0,0,0,0,0,0,0,0,0,0,0,0,0,0,0,0,0,0,0,36.842105865478516,0,0,3900.288818359375,58271.2451171875,0,67221336064,8589930496,66901946368,4443164672
200,1724134120739,999,900,1200,1200,1100,800,800,4521,875,880,800,800,1000,873,800,878,800,898,860,872,882,800,886,800,896,860,800,800,800,800,900,800,0,0,0,0,0,0,0,0,0,0,0,0,0,0,0,0,0,0,0,0,0,0,0,0,0,0,0,0,0,0,42.85714340209961,0,0,3902.7982788085938,58272.04132080078,0,67221336064,8589930496,66959749120,4386279424
199,1724134120939,999,900,1200,1200,1100,800,800,4521,875,880,800,800,1000,873,800,878,800,898,860,872,882,800,886,800,896,860,800,800,800,800,900,800,0,0,0,0,0,0,0,0,0,0,0,0,0,0,0,0,0,0,0,0,0,0,0,0,0,0,0,0,0,0,45,0,0,3904.9781494140625,58272.51434326172,0,67221336064,8589930496,67009044480,4333064192
199,1724134121139,999,900,1200,1200,1100,800,800,4521,875,880,800,800,1000,873,800,878,800,898,860,872,882,800,886,800,896,860,800,800,800,800,900,800,0,0,19.047618865966797,0,0,0,0,0,0,0,0,0,0,0,0,0,0,0,0,0,0,0,0,0,0,0,0,0,0,0,36.842105865478516,0,0,3907.1702270507813,58273.00262451172,0,67221336064,8589930496,67045994496,4305743872
199,1724134121339,999,900,1200,1200,1100,800,800,4521,875,880,800,800,1000,873,800,878,800,898,860,872,882,800,886,800,896,860,800,800,800,800,900,800,0,0,31.57894515991211,0,0,0,0,0,0,0,0,0,0,0,0,0,0,0,0,0,0,0,0,0,0,0,0,0,0,0,33.333335876464844,0,0,3911.960693359375,58276.04510498047,0,67221336064,8589930496,66907541504,4417646592
199,1724134121539,999,900,1200,1200,1100,800,800,4521,875,880,800,800,1000,873,800,878,800,898,860,872,882,800,886,800,896,860,800,800,800,800,900,800,0,0,47.619049072265625,0,0,0,0,0,0,0,0,0,0,0,0,5,0,0,0,0,0,0,0,0,0,0,0,0,0,0,0,0,0,3914.3890991210938,58276.76525878906,0,67221336064,8589930496,66965590016,4363382784
199,1724134121739,999,900,1200,1200,1100,800,800,4521,875,880,800,800,1000,873,800,878,800,898,860,872,882,800,886,800,896,860,800,800,800,800,900,800,0,0,38.88888931274414,0,0,0,0,0,0,0,0,0,0,0,0,0,0,0,0,0,0,0,0,0,0,0,0,0,0,0,0,0,0,3916.6885375976563,58277.376953125,0,67221336064,8589930496,67023392768,4309905408
200,1724134121939,999,900,1200,1200,1100,800,800,4521,875,880,800,800,1000,873,800,878,800,898,860,872,882,800,886,800,896,860,800,800,800,800,900,800,0,0,63.15789031982422,0,0,0,0,0,0,0,0,0,0,0,0,0,0,0,0,0,0,0,0,0,0,0,0,0,0,0,0,0,0,3923.485595703125,58282.361389160156,0,67221336064,8589930496,67049197568,4294963200
199,1724134122140,999,900,1200,1200,1100,800,800,4521,875,880,800,800,1000,873,800,878,800,898,860,872,882,800,886,800,896,860,800,800,800,800,900,800,0,0,25,0,0,0,0,0,0,0,0,0,0,0,0,0,0,0,0,0,0,0,0,0,0,0,0,0,0,0,36.842105865478516,0,0,3929.194580078125,58286.29815673828,0,67221336064,8589930496,66948182016,4412583936
199,1724134122340,999,900,1200,1200,1100,800,800,4521,875,880,800,800,1000,873,800,878,800,898,860,872,882,800,886,800,896,860,800,800,800,800,900,800,0,0,35.29411697387695,0,0,0,0,0,0,0,0,0,0,0,0,0,0,0,0,0,0,0,0,0,0,0,0,0,0,0,0,0,0,3931.1548461914063,58286.58093261719,0,67221336064,8589930496,66956439552,4402098176
199,1724134122540,999,900,1200,1200,1100,800,800,4521,875,880,800,800,1000,873,800,878,800,898,860,872,882,800,886,800,896,860,800,800,800,800,900,800,0,0,4.545454502105713,31.57894515991211,0,0,0,0,0,0,0,0,0,0,0,0,0,0,0,0,0,0,0,0,0,0,0,0,0,0,0,0,0,3933.102294921875,58286.8369140625,0,67221336064,8589930496,66964439040,4391088128
200,1724134122740,999,900,1200,1200,1100,800,800,4521,875,880,800,800,1000,873,800,878,800,898,860,872,882,800,886,800,896,860,800,800,800,800,900,800,0,0,4.545454502105713,31.57894515991211,0,0,0,0,0,0,0,0,0,0,0,0,0,0,0,0,0,0,0,0,0,0,0,0,0,0,0,0,0,3936.5927124023438,58288.60852050781,0,67221336064,8589930496,66993336320,4367495168
200,1724134122940,999,900,1200,1200,1100,800,800,4521,875,880,800,800,1000,873,800,878,800,898,860,872,882,800,886,800,896,860,800,800,800,800,900,800,0,0,0,0,0,0,0,0,0,0,0,0,0,0,0,0,0,0,0,0,0,0,0,0,0,0,0,0,0,0,63.15789031982422,0,0,3943.7470092773438,58293.85528564453,0,67221336064,8589930496,67009851392,4350980096
199,1724134123140,999,900,1200,1200,1100,800,800,4521,875,880,800,800,1000,873,800,878,800,898,860,872,882,800,886,800,896,860,800,800,800,800,900,800,0,0,0,0,0,0,0,0,0,0,0,0,0,0,0,0,0,0,0,0,0,0,0,0,0,0,0,0,0,0,76.19047546386719,0,0,3951.1627197265625,58299.32794189453,0,67221336064,8589930496,67009650688,4346785792
199,1724134123340,999,900,1200,1200,1100,800,800,4521,875,880,800,800,1000,873,800,878,800,898,860,872,882,800,886,800,896,860,800,800,800,800,900,800,0,0,0,0,0,0,0,0,0,0,0,0,0,0,0,0,0,0,0,0,0,0,0,0,0,0,0,0,0,0,31.57894515991211,0,0,3953.1366577148438,58299.59783935547,0,67221336064,8589930496,67017908224,4337872896
200,1724134123540,999,900,1200,1200,1100,800,800,4521,875,880,800,800,1000,873,800,878,800,898,860,872,882,800,886,800,896,860,800,800,800,800,900,800,0,0,0,0,0,0,0,0,0,0,0,0,0,0,0,0,0,0,0,0,0,0,0,0,0,0,0,0,0,0,31.57894515991211,0,0,3957.2217407226563,58301.856994628906,0,67221336064,8589930496,67026165760,4331319296
200,1724134123740,999,900,1200,1200,1100,800,800,4521,875,880,800,800,1000,873,800,878,800,898,860,872,882,800,886,800,896,860,800,800,800,800,900,800,0,0,2.5,0,0,0,0,0,0,0,0,0,0,0,0,0,0,0,0,0,0,0,0,0,0,0,0,0,0,0,52.6315803527832,0,0,3962.3403930664063,58305.09680175781,0,67221336064,8589930496,67062292480,4295143424
200,1724134123941,999,900,1200,1200,1100,800,800,4521,875,880,800,800,1000,873,800,878,800,898,860,872,882,800,886,800,896,860,800,800,800,800,900,800,0,0,31.57894515991211,0,0,0,0,0,0,0,0,0,0,0,0,0,0,0,0,0,0,0,0,0,0,0,0,0,0,0,70,0,0,3970.8456420898438,58311.76153564453,0,67221336064,8589930496,66954096640,4392361984
200,1724134124141,999,900,1200,1200,1100,800,800,4521,875,880,800,800,1000,873,800,878,800,898,860,872,882,800,886,800,896,860,800,800,800,800,900,800,4.761904716491699,0,0,0,0,0,0,0,0,0,0,0,0,0,0,0,0,0,0,0,0,0,0,0,0,0,0,0,0,0,50,0,0,3977.9407958984375,58317.05438232422,0,67221336064,8589930496,67003465728,4337049600
199,1724134124341,999,900,1200,1200,1100,800,800,4521,875,880,800,800,1000,873,800,878,800,898,860,872,882,800,886,800,896,860,800,800,800,800,900,800,0,0,4.761904716491699,0,0,0,0,0,0,0,0,0,0,0,0,0,0,0,0,0,0,0,0,0,0,0,0,0,0,0,40,0,0,3983.4515991210938,58320.81463623047,0,67221336064,8589930496,67060752384,4303958016
200,1724134124541,999,900,1200,1200,1100,800,800,4521,875,880,800,800,1000,873,800,878,800,898,860,872,882,800,886,800,896,860,800,800,800,800,900,800,0,0,4.761904716491699,0,0,0,0,0,0,0,0,0,0,0,0,0,0,0,0,0,0,0,0,0,0,0,0,0,0,0,40,0,0,3991.0452270507813,58326.551025390625,0,67221336064,8589930496,66907709440,4418256896
199,1724134124741,999,900,1200,1200,1100,800,800,4521,875,880,800,800,1000,873,800,878,800,898,860,872,882,800,886,800,896,860,800,800,800,800,900,800,0,0,15.000000953674316,28.947368621826172,0,0,0,0,0,0,0,0,0,0,0,0,0,0,0,0,0,0,0,0,0,0,0,0,0,0,17.948719024658203,0,0,3995.33544921875,58329.10418701172,0,67221336064,8589930496,66940968960,4392042496
199,1724134124941,999,900,1200,1200,1100,800,800,4521,875,880,800,800,1000,873,800,878,800,898,860,872,882,800,886,800,896,860,800,800,800,800,900,800,0,0,0,0,0,0,0,0,0,0,0,0,0,0,0,0,0,0,0,0,0,0,0,0,0,0,0,0,0,0,31.57894515991211,0,0,3997.2921752929688,58329.376403808594,0,67221336064,8589930496,66957484032,4379197440
199,1724134125141,999,900,1200,1200,1100,800,800,4521,875,880,800,800,1000,873,800,878,800,898,860,872,882,800,886,800,896,860,800,800,800,800,900,800,0,0,5,0,0,0,0,0,0,0,0,0,0,0,0,0,0,0,0,0,0,0,0,0,0,0,0,0,0,0,25,0,0,3999.2626953125,58329.660400390625,0,67221336064,8589930496,66965618688,4364517376
200,1724134125341,999,900,1200,1200,1100,800,800,4521,875,880,800,800,1000,873,800,878,800,898,860,872,882,800,886,800,896,860,800,800,800,800,900,800,0,0,5,0,0,0,0,0,0,0,0,0,0,0,0,0,0,0,0,0,0,0,0,0,0,0,0,0,0,0,25,0,0,4003.2569580078125,58331.901428222656,0,67221336064,8589930496,66998894592,4332797952
200,1724134125541,999,900,1200,1200,1100,800,800,4521,875,880,800,800,1000,873,800,878,800,898,860,872,882,800,886,800,896,860,800,800,800,800,900,800,0,0,0,0,0,0,0,0,0,0,0,0,0,0,0,0,0,0,0,0,0,0,0,0,0,0,0,0,0,0,44.73684310913086,0,0,4009.739013671875,58336.63122558594,0,67221336064,8589930496,67056697344,4294787072
200,1724134125742,999,900,1200,1200,1100,800,800,4521,875,880,800,800,1000,873,800,878,800,898,860,872,882,800,886,800,896,860,800,800,800,800,900,800,0,0,31.57894515991211,0,0,0,0,0,0,0,0,0,0,0,0,0,0,0,0,0,0,0,0,0,0,0,0,0,0,0,40,0,0,4015.8350830078125,58340.950927734375,0,67221336064,8589930496,66893873152,4423086080
200,1724134125942,999,900,1200,1200,1100,800,800,4521,875,880,800,800,1000,873,800,878,800,898,860,872,882,800,886,800,896,860,800,800,800,800,900,800,0,0,0,0,0,0,0,0,0,0,0,0,0,0,0,0,0,0,0,0,0,0,0,0,0,0,0,0,0,0,42.105262756347656,0,0,4020.5675048828125,58343.940185546875,0,67221336064,8589930496,66951618560,4364365824
199,1724134126142,999,900,1200,1200,1100,800,800,4521,875,880,800,800,1000,873,800,878,800,898,860,872,882,800,886,800,896,860,800,800,800,800,900,800,0,0,0,33.333335876464844,0,0,0,0,0,0,0,0,0,0,0,0,0,0,0,0,0,0,0,0,0,0,0,0,0,0,10,0,0,4023.4453125,58345.10906982422,0,67221336064,8589930496,67009544192,4305907712
200,1724134126342,999,900,1200,1200,1100,800,800,4521,875,880,800,800,1000,873,800,878,800,898,860,872,882,800,886,800,896,860,800,800,800,800,900,800,0,0,0,33.333335876464844,0,0,0,0,0,0,0,0,0,0,0,0,0,0,0,0,0,0,0,0,0,0,0,0,0,0,10,0,0,4026.146728515625,58346.094482421875,0,67221336064,8589930496,67047735296,4307279872
200,1724134126542,999,900,1200,1200,1100,800,800,4521,875,880,800,800,1000,873,800,878,800,898,860,872,882,800,886,800,896,860,800,800,800,800,900,800,0,0,15.000000953674316,20,0,0,0,0,0,0,0,0,17.5,0,0,0,0,0,0,0,0,0,0,0,0,0,0,0,9.756096839904785,0,0,0,0,4033.0725708007813,58351.24969482422,0,67221336064,8589930496,66912346112,4411334656
200,1724134126742,999,900,1200,1200,1100,800,800,4521,875,880,800,800,1000,873,800,878,800,898,860,872,882,800,886,800,896,860,800,800,800,800,900,800,0,0,0,0,0,0,0,0,0,0,0,0,0,0,0,0,0,0,0,0,0,0,0,0,0,0,0,0,0,0,50,0,0,4039.4386596679688,58355.85369873047,0,67221336064,8589930496,66978406400,4349206528
199,1724134126942,999,900,1200,1200,1100,800,800,4521,875,880,800,800,1000,873,800,878,800,898,860,872,882,800,886,800,896,860,800,800,800,800,900,800,0,0,0,0,0,0,0,0,0,0,0,0,0,0,0,0,0,0,0,0,0,0,0,0,0,0,0,0,0,0,21.052631378173828,0,0,4041.382080078125,58356.115783691406,0,67221336064,8589930496,66986663936,4337672192
199,1724134127142,999,900,1200,1200,1100,800,800,4521,875,880,800,800,1000,873,800,878,800,898,860,872,882,800,886,800,896,860,800,800,800,800,900,800,0,0,0,0,0,0,0,0,0,0,0,0,0,0,0,0,0,0,0,0,0,0,0,0,0,0,0,0,0,0,29.411766052246094,0,0,4043.3312377929688,58356.38250732422,0,67221336064,8589930496,67003179008,4322729984
199,1724134127342,999,900,1200,1200,1100,800,800,4521,875,880,800,800,1000,873,800,878,800,898,860,872,882,800,886,800,896,860,800,800,800,800,900,800,0,0,0,0,0,0,0,0,0,0,0,0,0,0,0,0,0,0,0,0,0,0,0,0,0,0,0,0,0,0,29.411766052246094,0,0,4045.31884765625,58356.681884765625,0,67221336064,8589930496,67027189760,4305166336
200,1724134127542,999,900,1200,1200,1100,800,800,4521,875,880,800,800,1000,873,800,878,800,898,860,872,882,800,886,800,896,860,800,800,800,800,900,800,0,0,32.432430267333984,0,0,0,2.6315789222717285,0,0,0,0,0,0,0,0,0,0,0,0,0,0,0,0,0,0,0,0,0,0,0,14.634145736694336,0,0,4051.8861083984375,58361.41729736328,0,67221336064,8589930496,66910027776,4418043904
199,1724134127743,999,900,1200,1200,1100,800,800,4521,875,880,800,800,1000,873,800,878,800,898,860,872,882,800,886,800,896,860,800,800,800,800,900,800,0,0,38.095237731933594,0,5.263157844543457,0,0,0,0,0,0,0,0,0,0,0,0,0,0,0,0,0,0,0,0,0,0,0,0,0,0,0,0,4057.48193359375,58365.31201171875,0,67221336064,8589930496,66942558208,4384452608
199,1724134127943,999,900,1200,1200,1100,800,800,4521,875,880,800,800,1000,873,800,878,800,898,860,872,882,800,886,800,896,860,800,800,800,800,900,800,0,0,0,0,21.052631378173828,0,0,0,0,0,0,0,0,0,0,0,0,0,0,0,0,0,0,0,0,0,0,0,0,0,0,0,0,4059.431396484375,58365.57080078125,0,67221336064,8589930496,66951061504,4372656128
199,1724134128143,999,900,1200,1200,1100,800,800,4521,875,880,800,800,1000,873,800,878,800,898,860,872,882,800,886,800,896,860,800,800,800,800,900,800,0,0,0,0,5.555555820465088,0,10.526315689086914,0,0,0,0,0,0,0,0,0,0,0,0,0,0,0,0,0,0,0,0,0,0,0,0,0,0,4061.3834228515625,58365.843200683594,0,67221336064,8589930496,66967560192,4359286784
199,1724134128343,999,900,1200,1200,1100,800,800,4521,875,880,800,800,1000,873,800,878,800,898,860,872,882,800,886,800,896,860,800,800,800,800,900,800,0,0,0,0,0,0,31.57894515991211,0,0,0,0,0,0,0,0,0,0,0,0,0,0,0,0,0,0,0,0,0,0,0,0,0,0,4063.375732421875,58366.143493652344,0,67221336064,8589930496,66984075264,4342771712
199,1724134128543,999,900,1200,1200,1100,800,800,4521,875,880,800,800,1000,873,800,878,800,898,860,872,882,800,886,800,896,860,800,800,800,800,900,800,0,0,0,0,0,0,0,0,0,0,0,0,0,0,0,0,0,0,0,0,0,0,0,0,0,0,0,0,0,0,27.77777862548828,0,0,4065.3264770507813,58366.40643310547,0,67221336064,8589930496,67000332288,4328615936
199,1724134128743,999,900,1200,1200,1100,800,800,4521,875,880,800,800,1000,873,800,878,800,898,860,872,882,800,886,800,896,860,800,800,800,800,900,800,0,0,0,0,0,0,0,0,0,0,0,0,0,0,0,0,0,0,0,0,0,0,0,0,0,0,0,0,0,0,23.52941131591797,0,0,4067.2706298828125,58366.66882324219,0,67221336064,8589930496,67016568832,4313673728
199,1724134128943,999,900,1200,1200,1100,800,800,4521,875,880,800,800,1000,873,800,878,800,898,860,872,882,800,886,800,896,860,800,800,800,800,900,800,0,0,0,0,0,0,0,0,0,0,0,0,0,0,0,0,0,0,0,0,0,0,0,0,0,0,0,0,0,0,27.77777862548828,0,0,4069.2162475585938,58366.92932128906,0,67221336064,8589930496,67033051136,4300566528
199,1724134129144,999,900,1200,1200,1100,800,800,4521,875,880,800,800,1000,873,800,878,800,898,860,872,882,800,886,800,896,860,800,800,800,800,900,800,0,0,0,0,10,0,0,0,0,0,0,0,0,0,0,0,0,0,0,0,0,0,0,0,0,0,0,0,0,0,22.22222328186035,0,0,4071.1685791015625,58367.19738769531,0,67221336064,8589930496,67041275904,4294799360
199,1724134129344,999,900,1200,1200,1100,800,800,4521,875,880,800,800,1000,873,800,878,800,898,860,872,882,800,886,800,896,860,800,800,800,800,900,800,0,0,0,0,0,0,0,0,0,0,0,0,0,0,0,0,0,0,0,0,0,0,0,0,0,0,0,0,0,0,22.22222328186035,0,0,4073.1066284179688,58367.452087402344,0,67221336064,8589930496,67057758208,4294799360
200,1724134129544,999,900,1200,1200,1100,800,800,4521,875,880,800,800,1000,873,800,878,800,898,860,872,882,800,886,800,896,860,800,800,800,800,900,800,0,0,0,0,0,0,0,0,0,0,0,0,0,0,0,0,0,0,0,0,0,0,0,0,0,0,0,0,0,0,22.22222328186035,0,0,4077.4663696289063,58370.09582519531,0,67221336064,8589930496,66885365760,4457783296
199,1724134129744,999,900,1200,1200,1100,800,800,4521,875,880,800,800,1000,873,800,878,800,898,860,872,882,800,886,800,896,860,800,800,800,800,900,800,0,0,17.5,0,0,0,0,0,0,0,0,0,0,0,0,0,0,0,0,0,0,0,0,0,0,0,0,0,0,0,22.22222328186035,0,0,4079.9133911132813,58370.843811035156,0,67221336064,8589930496,66900717568,4443889664
200,1724134129944,999,900,1200,1200,1100,800,800,4521,875,880,800,800,1000,873,800,878,800,898,860,872,882,800,886,800,896,860,800,800,800,800,900,800,0,0,17.5,0,0,0,0,0,0,0,0,0,0,0,0,0,0,0,0,0,0,0,0,0,0,0,0,0,0,0,22.22222328186035,0,0,4084.1618041992188,58373.36376953125,0,67221336064,8589930496,66925735936,4413218816
200,1724134130144,999,900,1200,1200,1100,800,800,4521,875,880,800,800,1000,873,800,878,800,898,860,872,882,800,886,800,896,860,800,800,800,800,900,800,0,0,0,0,0,0,0,0,0,0,0,0,0,0,0,0,0,0,0,0,0,0,0,0,0,0,0,0,0,0,47.5,0,0,4089.903564453125,58377.35681152344,0,67221336064,8589930496,66983538688,4360265728
200,1724134130344,999,900,1200,1200,1100,800,800,4521,875,880,800,800,1000,873,800,878,800,898,860,872,882,800,886,800,896,860,800,800,800,800,900,800,0,0,0,4.761904716491699,21.052631378173828,0,0,0,0,0,0,0,0,0,0,0,0,0,0,0,0,0,0,0,0,0,0,0,0,0,20,0,0,4094.68603515625,58380.35614013672,0,67221336064,8589930496,67033083904,4311506944
200,1724134130544,999,900,1200,1200,1100,800,800,4521,875,880,800,800,1000,873,800,878,800,898,860,872,882,800,886,800,896,860,800,800,800,800,900,800,0,0,26.3157901763916,0,15.789472579956055,0,0,0,0,0,0,0,0,0,0,0,0,0,0,0,0,0,0,0,0,0,0,0,0,0,21.052631378173828,0,0,4099.928894042969,58383.86834716797,0,67221336064,8589930496,66977398784,4380983296
200,1724134130744,999,900,1200,1200,1100,800,800,4521,875,880,800,800,1000,873,800,878,800,898,860,872,882,800,886,800,896,860,800,800,800,800,900,800,0,0,47.619049072265625,0,0,0,0,0,0,0,0,0,0,0,0,0,0,0,0,0,0,0,0,0,0,0,0,0,0,0,0,0,0,4104.784851074219,58386.98065185547,0,67221336064,8589930496,67027189760,4329078784
200,1724134130944,999,900,1200,1200,1100,800,800,4521,875,880,800,800,1000,873,800,878,800,898,860,872,882,800,886,800,896,860,800,800,800,800,900,800,0,0,45,0,0,0,0,0,0,0,0,0,0,0,0,0,0,0,0,0,0,0,0,0,0,0,0,0,0,0,25,0,0,4111.048400878906,58391.474060058594,0,67221336064,8589930496,66947055616,4406607872
200,1724134131145,999,900,1200,1200,1100,800,800,4521,875,880,800,800,1000,873,800,878,800,898,860,872,882,800,886,800,896,860,800,800,800,800,900,800,0,0,10,0,0,0,0,0,0,0,0,0,0,0,0,0,0,0,0,0,0,0,0,0,0,0,0,0,0,0,45,0,0,4117.243835449219,58395.92510986328,0,67221336064,8589930496,66962071552,4387811328
200,1724134131345,999,900,1200,1200,1100,800,800,4521,875,880,800,800,1000,873,800,878,800,898,860,872,882,800,886,800,896,860,800,800,800,800,900,800,0,0,0,0,0,0,0,0,0,0,0,0,0,0,0,0,0,0,0,0,0,0,0,0,0,0,0,0,0,0,41.17647171020508,0,0,4123.369140625,58400.29150390625,0,67221336064,8589930496,67020120064,4334858240
200,1724134131545,999,900,1200,1200,1100,800,800,4521,875,880,800,800,1000,873,800,878,800,898,860,872,882,800,886,800,896,860,800,800,800,800,900,800,0,0,10,0,0,0,0,0,0,0,0,0,0,0,0,0,0,0,0,0,0,0,0,0,0,0,0,0,0,0,45.45454788208008,0,0,4130.332458496094,58405.4951171875,0,67221336064,8589930496,67008507904,4347150336
200,1724134131745,999,900,1200,1200,1100,800,800,4521,875,880,800,800,1000,873,800,878,800,898,860,872,882,800,886,800,896,860,800,800,800,800,900,800,0,0,20,0,0,0,0,0,0,0,0,0,0,0,0,0,0,0,0,0,0,0,0,0,0,0,0,0,0,0,52.6315803527832,0,0,4137.7955322265625,58411.15802001953,0,67221336064,8589930496,66941669376,4406149120
200,1724134131945,999,900,1200,1200,1100,800,800,4521,875,880,800,800,1000,873,800,878,800,898,860,872,882,800,886,800,896,860,800,800,800,800,900,800,0,0,0,0,0,0,0,0,0,0,0,0,0,0,0,0,0,0,0,0,0,0,0,0,0,0,0,0,0,0,40,0,0,4143.587097167969,58415.182556152344,0,67221336064,8589930496,66998693888,4351549440
200,1724134132145,999,900,1200,1200,1100,800,800,4521,875,880,800,800,1000,873,800,878,800,898,860,872,882,800,886,800,896,860,800,800,800,800,900,800,4.761904716491699,0,0,0,0,0,0,0,0,0,0,0,0,0,0,0,0,0,0,0,0,0,0,0,0,0,0,0,0,0,95,0,0,4151.643737792969,58421.24383544922,0,67221336064,8589930496,67008757760,4342972416
200,1724134132345,999,900,1200,1200,1100,800,800,4521,875,880,800,800,1000,873,800,878,800,898,860,872,882,800,886,800,896,860,800,800,800,800,900,800,0,0,0,0,0,0,0,0,0,0,0,0,0,0,0,0,0,0,0,0,0,0,0,0,0,0,0,0,0,0,100,0,0,4160.857482910156,58428.421325683594,0,67221336064,8589930496,67008745472,4342972416
200,1724134132545,999,900,1200,1200,1100,800,800,4521,875,880,800,800,1000,873,800,878,800,898,860,872,882,800,886,800,896,860,800,800,800,800,900,800,0,0,0,0,0,0,0,0,0,0,0,0,0,0,0,0,0,0,0,0,0,0,0,0,0,0,0,0,0,0,85,0,0,4169.682189941406,58435.359924316406,0,67221336064,8589930496,67016208384,4341399552
199,1724134132746,999,900,1200,1200,1100,800,800,4521,875,880,800,800,1000,873,800,878,800,898,860,872,882,800,886,800,896,860,800,800,800,800,900,800,0,0,0,0,0,0,0,0,0,0,0,0,0,0,0,0,0,0,0,0,0,0,0,0,0,0,0,0,0,0,47.36842346191406,0,0,4174.401550292969,58438.27813720703,0,67221336064,8589930496,67016196096,4333797376
199,1724134132946,999,900,1200,1200,1100,800,800,4521,875,880,800,800,1000,873,800,878,800,898,860,872,882,800,886,800,896,860,800,800,800,800,900,800,0,0,0,0,0,0,0,0,0,0,0,0,0,0,0,0,0,0,0,0,0,0,0,0,0,0,0,0,0,0,38.095237731933594,0,0,4176.363708496094,58438.556213378906,0,67221336064,8589930496,67032698880,4323573760
199,1724134133146,999,900,1200,1200,1100,800,800,4521,875,880,800,800,1000,873,800,878,800,898,860,872,882,800,886,800,896,860,800,800,800,800,900,800,0,0,0,0,0,0,0,0,0,0,0,0,0,0,0,0,0,0,0,0,0,0,0,0,0,0,0,0,0,0,33.333335876464844,0,0,4178.3367919921875,58438.84069824219,0,67221336064,8589930496,67040944128,4312301568
199,1724134133346,999,900,1200,1200,1100,800,800,4521,875,880,800,800,1000,873,800,878,800,898,860,872,882,800,886,800,896,860,800,800,800,800,900,800,0,0,0,0,0,0,0,0,0,0,0,0,0,0,0,0,0,0,0,0,0,0,0,0,0,0,0,0,0,0,29.411766052246094,0,0,4180.319763183594,58439.12634277344,0,67221336064,8589930496,67049185280,4301291520
199,1724134133546,999,900,1200,1200,1100,800,800,4521,875,880,800,800,1000,873,800,878,800,898,860,872,882,800,886,800,896,860,800,800,800,800,900,800,0,0,5.555555820465088,0,0,0,0,0,0,0,0,0,0,0,0,0,0,0,0,0,0,0,0,0,0,0,0,0,0,0,26.3157901763916,0,0,4182.289001464844,58439.406005859375,0,67221336064,8589930496,67061301248,4294737920
199,1724134133746,999,900,1200,1200,1100,800,800,4521,875,880,800,800,1000,873,800,878,800,898,860,872,882,800,886,800,896,860,800,800,800,800,900,800,0,0,27.77777862548828,0,0,0,0,0,0,0,0,0,0,0,0,0,0,0,0,0,0,0,0,0,0,0,0,0,0,0,21.052631378173828,0,0,4186.326477050781,58441.71667480469,0,67221336064,8589930496,66970853376,4387024896
199,1724134133946,999,900,1200,1200,1100,800,800,4521,875,880,800,800,1000,873,800,878,800,898,860,872,882,800,886,800,896,860,800,800,800,800,900,800,0,0,27.77777862548828,0,0,0,0,0,0,0,0,0,0,0,0,0,0,0,0,0,0,0,0,0,0,0,0,0,0,0,21.052631378173828,0,0,4188.2860107421875,58441.991149902344,0,67221336064,8589930496,66979356672,4375490560
199,1724134134146,999,900,1200,1200,1100,800,800,4521,875,880,800,800,1000,873,800,878,800,898,860,872,882,800,886,800,896,860,800,800,800,800,900,800,0,0,35,0,0,0,0,0,0,0,0,0,0,0,0,0,0,0,0,0,0,0,0,0,0,0,0,0,0,0,7.317072868347168,0,0,4190.258728027344,58442.280700683594,0,67221336064,8589930496,66991484928,4364480512
199,1724134134346,999,900,1200,1200,1100,800,800,4521,875,880,800,800,1000,873,800,878,800,898,860,872,882,800,886,800,896,860,800,800,800,800,900,800,0,0,0,0,0,0,0,0,0,0,0,0,0,0,0,0,0,0,0,0,0,0,0,0,0,0,0,0,0,0,38.88888931274414,0,0,4192.3125,58442.6220703125,0,67221336064,8589930496,67004112896,4353732608
199,1724134134547,999,900,1200,1200,1100,800,800,4521,875,880,800,800,1000,873,800,878,800,898,860,872,882,800,886,800,896,860,800,800,800,800,900,800,0,0,0,0,0,0,0,0,0,0,0,0,0,0,0,0,0,0,0,0,0,0,0,0,0,0,0,0,0,0,33.333335876464844,0,0,4194.280456542969,58442.90002441406,0,67221336064,8589930496,67012370432,4342460416
199,1724134134747,999,900,1200,1200,1100,800,800,4521,875,880,800,800,1000,873,800,878,800,898,860,872,882,800,886,800,896,860,800,800,800,800,900,800,0,0,5.263157844543457,0,0,0,0,0,0,0,0,0,0,0,0,0,0,0,0,0,0,0,0,0,0,0,0,0,0,0,27.77777862548828,0,0,4196.240417480469,58443.174865722656,0,67221336064,8589930496,67028885504,4330926080
200,1724134134947,999,900,1200,1200,1100,800,800,4521,875,880,800,800,1000,873,800,878,800,898,860,872,882,800,886,800,896,860,800,800,800,800,900,800,0,0,0,0,0,0,0,0,0,0,0,0,0,0,0,0,0,0,0,0,0,0,0,0,0,0,0,0,0,0,38.88888931274414,0,0,4198.202697753906,58443.450256347656,0,67221336064,8589930496,67037143040,4319916032
200,1724134135147,999,900,1200,1200,1100,800,800,4521,875,880,800,800,1000,873,800,878,800,898,860,872,882,800,886,800,896,860,800,800,800,800,900,800,0,0,0,0,0,0,0,0,0,0,0,0,0,0,0,0,0,0,0,0,0,0,0,0,0,0,0,0,0,0,38.88888931274414,0,0,4205.5118408203125,58448.84167480469,0,67221336064,8589930496,67037143040,4315459584
199,1724134135347,999,900,1200,1200,1100,800,800,4521,875,880,800,800,1000,873,800,878,800,898,860,872,882,800,886,800,896,860,800,800,800,800,900,800,0,0,10.256410598754883,0,0,0,0,0,0,0,0,0,0,0,0,0,0,0,0,0,0,0,0,0,0,0,0,0,0,0,47.5,0,0,4207.515808105469,58449.16369628906,0,67221336064,8589930496,67053400064,4304449536
199,1724134135547,999,900,1200,1200,1100,800,800,4521,875,880,800,800,1000,873,800,878,800,898,860,872,882,800,886,800,896,860,800,800,800,800,900,800,0,0,0,0,0,0,0,0,0,0,0,0,0,0,0,0,0,0,0,0,0,0,0,0,0,0,0,0,0,0,36.842105865478516,0,0,4209.718322753906,58449.64501953125,0,67221336064,8589930496,67061657600,4294750208
199,1724134135747,999,900,1200,1200,1100,800,800,4521,875,880,800,800,1000,873,800,878,800,898,860,872,882,800,886,800,896,860,800,800,800,800,900,800,0,0,26.3157901763916,0,0,0,0,0,0,0,0,0,0,0,0,0,0,0,0,0,0,0,0,0,0,0,0,0,0,0,35,0,0,4214.3189697265625,58452.5341796875,0,67221336064,8589930496,66913681408,4434886656
199,1724134135947,999,900,1200,1200,1100,800,800,4521,875,880,800,800,1000,873,800,878,800,898,860,872,882,800,886,800,896,860,800,800,800,800,900,800,0,0,20,4.761904716491699,0,0,0,0,0,0,0,0,0,0,0,0,0,0,0,0,0,0,0,0,0,0,0,0,0,0,21.052631378173828,0,0,4216.3759765625,58452.884216308594,0,67221336064,8589930496,66922078208,4424663040
199,1724134136148,999,900,1200,1200,1100,800,800,4521,875,880,800,800,1000,873,800,878,800,898,860,872,882,800,886,800,896,860,800,800,800,800,900,800,0,0,10.526315689086914,0,0,0,0,0,0,0,0,0,0,0,0,0,0,0,0,0,0,0,0,0,0,0,0,0,0,0,26.3157901763916,0,0,4218.358581542969,58453.173889160156,0,67221336064,8589930496,66938568704,4414963712
200,1724134136348,999,900,1200,1200,1100,800,800,4521,875,880,800,800,1000,873,800,878,800,898,860,872,882,800,886,800,896,860,800,800,800,800,900,800,0,0,10.526315689086914,0,0,0,0,0,0,0,0,0,0,0,0,0,0,0,0,0,0,0,0,0,0,0,0,0,0,0,26.3157901763916,0,0,4224.512023925781,58457.44580078125,0,67221336064,8589930496,66938568704,4411293696
200,1724134136548,999,900,1200,1200,1100,800,800,4521,875,880,800,800,1000,873,800,878,800,898,860,872,882,800,886,800,896,860,800,800,800,800,900,800,0,0,90.243896484375,0,0,0,0,0,0,0,0,0,0,0,0,0,0,0,0,0,0,0,0,0,0,0,0,0,0,0,0,0,0,4233.948791503906,58464.860778808594,0,67221336064,8589930496,66938568704,4411031552
200,1724134136748,999,900,1200,1200,1100,800,800,4521,875,880,800,800,1000,873,800,878,800,898,860,872,882,800,886,800,896,860,800,800,800,800,900,800,0,0,100,0,0,0,0,0,0,0,0,0,0,0,0,0,0,0,0,0,0,0,0,0,0,0,0,0,0,0,0,0,0,4243.298583984375,58472.204040527344,0,67221336064,8589930496,66938568704,4411031552
200,1724134136948,999,900,1200,1200,1100,800,800,4521,875,880,800,800,1000,873,800,878,800,898,860,872,882,800,886,800,896,860,800,800,800,800,900,800,0,0,100,0,0,0,0,0,0,0,0,0,0,0,0,4.761904716491699,0,0,0,0,0,0,0,0,0,0,0,0,0,0,0,0,0,4252.349792480469,58479.34295654297,0,67221336064,8589930496,66938568704,4411031552
200,1724134137148,999,900,1200,1200,1100,800,800,4521,875,880,800,800,1000,873,800,878,800,898,860,872,882,800,886,800,896,860,800,800,800,800,900,800,0,0,70,0,0,0,0,0,0,0,0,0,0,0,0,0,0,0,0,0,0,0,0,0,0,0,0,0,0,0,15.000000953674316,0,0,4260.5179443359375,58485.695251464844,0,67221336064,8589930496,65919795200,4261871616
199,1724134137348,999,900,1200,1200,1100,800,800,4521,875,880,800,800,1000,873,800,878,800,898,860,872,882,800,886,800,896,860,800,800,800,800,900,800,0,0,0,0,0,0,0,0,0,0,0,0,0,0,0,0,0,0,0,0,0,0,0,0,0,0,0,0,0,0,38.88888931274414,0,0,4262.594299316406,58486.05908203125,0,67221336064,8589930496,65936310272,4261871616
199,1724134137548,999,900,1200,1200,1100,800,800,4521,875,880,800,800,1000,873,800,878,800,898,860,872,882,800,886,800,896,860,800,800,800,800,900,800,0,0,0,0,0,0,0,0,0,0,0,0,0,0,0,0,0,0,0,0,0,0,0,0,0,0,0,0,0,0,38.88888931274414,0,0,4264.584777832031,58486.360290527344,0,67221336064,8589930496,65952825344,4261871616
199,1724134137749,999,900,1200,1200,1100,800,800,4521,875,880,800,800,1000,873,800,878,800,898,860,872,882,800,886,800,896,860,800,800,800,800,900,800,0,0,26.3157901763916,0,0,0,0,0,0,0,0,0,0,0,0,0,0,0,0,0,0,0,0,0,0,0,0,0,0,0,10,0,0,4266.5494384765625,58486.638671875,0,67221336064,8589930496,65952825344,4261871616
199,1724134137949,999,900,1200,1200,1100,800,800,4521,875,880,800,800,1000,873,800,878,800,898,860,872,882,800,886,800,896,860,800,800,800,800,900,800,0,0,35.29411697387695,0,0,0,0,0,0,0,0,0,0,0,0,4.761904716491699,0,0,0,0,0,0,0,0,0,0,0,0,0,0,0,0,0,4268.523376464844,58486.91979980469,0,67221336064,8589930496,65952825344,4261871616
199,1724134138149,999,900,1200,1200,1100,800,800,4521,875,880,800,800,1000,873,800,878,800,898,860,872,882,800,886,800,896,860,800,800,800,800,900,800,0,0,9.523809432983398,0,0,0,0,0,0,0,0,0,0,0,0,0,0,0,0,0,0,0,0,0,0,0,0,0,0,0,31.57894515991211,0,0,4270.559631347656,58487.25701904297,0,67221336064,8589930496,65973211136,4261871616
199,1724134138349,999,900,1200,1200,1100,800,800,4521,875,880,800,800,1000,873,800,878,800,898,860,872,882,800,886,800,896,860,800,800,800,800,900,800,0,0,0,0,0,0,0,0,0,0,0,0,0,0,0,0,0,0,0,0,0,0,0,0,0,0,0,0,0,0,27.77777862548828,0,0,4272.513610839844,58487.51971435547,0,67221336064,8589930496,65981468672,4261871616
199,1724134138549,999,900,1200,1200,1100,800,800,4521,875,880,800,800,1000,873,800,878,800,898,860,872,882,800,886,800,896,860,800,800,800,800,900,800,0,0,0,0,4.761904716491699,0,0,0,0,0,0,0,0,0,0,0,0,0,0,0,0,0,0,0,0,0,0,0,0,0,31.57894515991211,0,0,4275.017150878906,58488.306396484375,0,67221336064,8589930496,65997983744,4261871616
200,1724134138749,999,900,1200,1200,1100,800,800,4521,875,880,800,800,1000,873,800,878,800,898,860,872,882,800,886,800,896,860,800,800,800,800,900,800,0,0,0,0,4.761904716491699,0,0,0,0,0,0,0,0,0,0,0,0,0,0,0,0,0,0,0,0,0,0,0,0,0,31.57894515991211,0,0,4278.16015625,58489.715576171875,0,67221336064,8589930496,66006241280,4261871616
200,1724134138949,999,900,1200,1200,1100,800,800,4521,875,880,800,800,1000,873,800,878,800,898,860,872,882,800,886,800,896,860,800,800,800,800,900,800,0,0,0,0,0,0,0,0,0,0,0,0,0,0,0,0,0,0,0,0,0,0,0,0,0,0,0,0,0,0,46.153846740722656,0,0,4284.619934082031,58494.413024902344,0,67221336064,8589930496,66047524864,4261871616
199,1724134139149,999,900,1200,1200,1100,800,800,4521,875,880,800,800,1000,873,800,878,800,898,860,872,882,800,886,800,896,860,800,800,800,800,900,800,0,0,0,0,0,0,0,0,0,0,0,0,0,0,0,0,0,0,0,0,0,0,0,0,0,0,0,0,0,0,36.842105865478516,0,0,4286.7177734375,58494.802490234375,0,67221336064,8589930496,66072297472,4261871616
199,1724134139350,999,900,1200,1200,1100,800,800,4521,875,880,800,800,1000,873,800,878,800,898,860,872,882,800,886,800,896,860,800,800,800,800,900,800,0,0,0,0,0,0,0,0,0,0,0,0,0,0,0,0,0,0,0,0,0,0,0,0,0,0,0,0,0,0,36.842105865478516,0,0,4288.694030761719,58495.08087158203,0,67221336064,8589930496,66088812544,4261871616
199,1724134139550,999,900,1200,1200,1100,800,800,4521,875,880,800,800,1000,873,800,878,800,898,860,872,882,800,886,800,896,860,800,800,800,800,900,800,0,0,5.263157844543457,0,10,0,0,0,0,0,0,0,0,0,0,0,0,0,0,0,0,0,0,0,0,0,0,0,0,0,21.052631378173828,0,0,4290.672790527344,58495.35461425781,0,67221336064,8589930496,66101198848,4261871616
200,1724134139750,999,900,1200,1200,1100,800,800,4521,875,880,800,800,1000,873,800,878,800,898,860,872,882,800,886,800,896,860,800,800,800,800,900,800,0,0,5.263157844543457,0,10,0,0,0,0,0,0,0,0,0,0,0,0,0,0,0,0,0,0,0,0,0,0,0,0,0,21.052631378173828,0,0,4295.979797363281,58498.88024902344,0,67221336064,8589930496,66137063424,4261871616
200,1724134139950,999,900,1200,1200,1100,800,800,4521,875,880,800,800,1000,873,800,878,800,898,860,872,882,800,886,800,896,860,800,800,800,800,900,800,0,0,5,0,2.5,0,0,0,0,0,0,0,0,0,0,0,0,0,0,0,0,0,0,0,0,0,0,0,0,0,51.28205490112305,0,0,4302.350830078125,58503.436767578125,0,67221336064,8589930496,66178347008,4261871616
200,1724134140150,999,900,1200,1200,1100,800,800,4521,875,880,800,800,1000,873,800,878,800,898,860,872,882,800,886,800,896,860,800,800,800,800,900,800,0,0,4.761904716491699,0,0,0,0,0,0,0,0,0,0,0,0,0,0,0,0,0,0,0,0,0,0,0,0,0,0,0,100,0,0,4311.29052734375,58510.361755371094,0,67221336064,8589930496,66180915200,4261871616
199,1724134140350,999,900,1200,1200,1100,800,800,4521,875,880,800,800,1000,873,800,878,800,898,860,872,882,800,886,800,896,860,800,800,800,800,900,800,0,0,0,0,0,0,0,0,0,0,0,0,0,0,0,0,0,0,0,0,0,0,0,0,0,0,0,0,0,0,73.68421173095703,0,0,4318.296813964844,58515.52746582031,0,67221336064,8589930496,65715732480,4006019072
199,1724134140550,999,900,1200,1200,1100,800,800,4521,875,880,800,800,1000,873,800,878,800,898,860,872,882,800,886,800,896,860,800,800,800,800,900,800,5,0,0,0,0,0,0,0,0,0,0,0,0,0,0,0,0,0,0,0,0,0,0,0,0,0,0,0,0,0,30.000001907348633,0,0,4320.2559814453125,58515.795959472656,0,67221336064,8589930496,65715417088,4006019072
199,1724134140750,999,900,1200,1200,1100,800,800,4521,875,880,800,800,1000,873,800,878,800,898,860,872,882,800,886,800,896,860,800,800,800,800,900,800,0,0,33.333335876464844,0,0,0,0,0,0,0,0,0,0,0,0,0,0,0,0,0,0,0,0,0,0,0,0,0,0,0,0,0,0,4322.2255859375,58516.06604003906,0,67221336064,8589930496,65727803392,4006019072
200,1724134140950,999,900,1200,1200,1100,800,800,4521,875,880,800,800,1000,873,800,878,800,898,860,872,882,800,886,800,896,860,800,800,800,800,900,800,0,0,33.333335876464844,0,0,0,0,0,0,0,0,0,0,0,0,0,0,0,0,0,0,0,0,0,0,0,0,0,0,0,0,0,0,4324.893798828125,58517.02209472656,0,67221336064,8589930496,65736060928,4006019072
199,1724134141151,999,900,1200,1200,1100,800,800,4521,875,880,800,800,1000,873,800,878,800,898,860,872,882,800,886,800,896,860,800,800,800,800,900,800,0,0,8.108107566833496,0,0,0,0,0,0,0,0,0,0,0,0,0,0,0,0,0,0,0,0,0,0,0,0,0,0,0,34.21052551269531,0,0,4329.021423339844,58519.364013671875,0,67221336064,8589930496,65733103616,4006019072
200,1724134141351,999,900,1200,1200,1100,800,800,4521,875,880,800,800,1000,873,800,878,800,898,860,872,882,800,886,800,896,860,800,800,800,800,900,800,0,0,8.108107566833496,0,0,0,0,0,0,0,0,0,0,0,0,0,0,0,0,0,0,0,0,0,0,0,0,0,0,0,34.21052551269531,0,0,4333.273376464844,58521.816467285156,0,67221336064,8589930496,65733103616,4006019072
200,1724134141551,999,900,1200,1200,1100,800,800,4521,875,880,800,800,1000,873,800,878,800,898,860,872,882,800,886,800,896,860,800,800,800,800,900,800,0,0,0,0,0,0,0,0,0,0,0,0,0,0,0,0,0,0,0,0,0,0,0,0,0,0,0,0,0,0,75,0,0,4341.133605957031,58527.75341796875,0,67221336064,8589930496,65733103616,4006019072
199,1724134141751,999,900,1200,1200,1100,800,800,4521,875,880,800,800,1000,873,800,878,800,898,860,872,882,800,886,800,896,860,800,800,800,800,900,800,0,0,0,0,0,0,0,0,0,0,0,0,0,0,0,0,0,0,0,0,0,0,0,0,0,0,0,0,0,0,57.894737243652344,0,0,4347.246520996094,58532.043884277344,0,67221336064,8589930496,65287454720,3985047552
199,1724134141951,999,900,1200,1200,1100,800,800,4521,875,880,800,800,1000,873,800,878,800,898,860,872,882,800,886,800,896,860,800,800,800,800,900,800,0,0,0,0,0,0,0,0,0,0,0,0,0,0,0,0,0,0,0,0,0,0,0,0,0,0,0,0,0,0,47.619049072265625,0,0,4349.492614746094,58532.54052734375,0,67221336064,8589930496,65287454720,3984785408
200,1724134142151,999,900,1200,1200,1100,800,800,4521,875,880,800,800,1000,873,800,878,800,898,860,872,882,800,886,800,896,860,800,800,800,800,900,800,0,0,23.809524536132813,0,0,0,0,0,0,0,0,0,0,0,0,0,0,0,0,0,0,0,0,0,0,0,0,0,0,0,35,23.809524536132813,0,4354.433349609375,58535.59899902344,0,67221336064,8589930496,65302491136,3984785408
200,1724134142351,999,900,1200,1200,1100,800,800,4521,875,880,800,800,1000,873,800,878,800,898,860,872,882,800,886,800,896,860,800,800,800,800,900,800,0,0,47.36842346191406,0,0,0,0,0,0,0,0,0,0,0,0,0,0,0,0,0,0,0,0,0,0,0,0,0,0,0,0,15.000000953674316,0,4359.039855957031,58538.362731933594,0,67221336064,8589930496,65313718272,3984785408
200,1724134142551,999,900,1200,1200,1100,800,800,4521,875,880,800,800,1000,873,800,878,800,898,860,872,882,800,886,800,896,860,800,800,800,800,900,800,0,0,57.894737243652344,0,0,0,0,0,0,0,0,0,0,0,0,0,0,0,0,0,0,0,0,0,0,0,0,0,0,0,0,0,0,4365.877868652344,58543.360412597656,0,67221336064,8589930496,65363263488,3984785408
200,1724134142751,999,900,1200,1200,1100,800,800,4521,875,880,800,800,1000,873,800,878,800,898,860,872,882,800,886,800,896,860,800,800,800,800,900,800,0,0,78.94737243652344,0,0,0,0,0,0,0,0,0,0,0,0,0,0,0,0,0,0,0,0,0,0,0,0,0,0,0,0,0,0,4374.1357421875,58549.69201660156,0,67221336064,8589930496,65379778560,3984785408
200,1724134142951,999,900,1200,1200,1100,800,800,4521,875,880,800,800,1000,873,800,878,800,898,860,872,882,800,886,800,896,860,800,800,800,800,900,800,0,0,57.142860412597656,0,0,0,0,0,0,0,0,0,0,0,0,0,0,0,0,0,0,0,0,0,0,0,0,0,0,0,0,0,0,4381.317321777344,58555.044006347656,0,67221336064,8589930496,65412808704,3984785408
200,1724134143151,999,900,1200,1200,1100,800,800,4521,875,880,800,800,1000,873,800,878,800,898,860,872,882,800,886,800,896,860,800,800,800,800,900,800,0,0,73.68421173095703,0,0,0,0,0,0,0,0,0,0,0,0,0,0,0,0,0,0,0,0,0,0,0,0,0,0,0,0,0,0,4389.394226074219,58561.249267578125,0,67221336064,8589930496,64783851520,3798138880
199,1724134143351,999,900,1200,1200,1100,800,800,4521,875,880,800,800,1000,873,800,878,800,898,860,872,882,800,886,800,896,860,800,800,800,800,900,800,0,0,45,0,0,0,0,0,0,0,0,0,0,0,0,0,0,0,0,0,0,0,0,0,0,0,0,0,0,0,0,0,0,4393.818420410156,58563.8984375,0,67221336064,8589930496,64783196160,3798138880
200,1724134143551,999,900,1200,1200,1100,800,800,4521,875,880,800,800,1000,873,800,878,800,898,860,872,882,800,886,800,896,860,800,800,800,800,900,800,0,0,47.36842346191406,0,0,0,0,0,0,0,0,0,0,0,0,0,0,0,0,0,0,0,0,0,0,0,0,0,0,0,0,0,0,4399.0352783203125,58567.333923339844,0,67221336064,8589930496,64783196160,3798138880
200,1724134143751,999,900,1200,1200,1100,800,800,4521,875,880,800,800,1000,873,800,878,800,898,860,872,882,800,886,800,896,860,800,800,800,800,900,800,0,0,63.15789031982422,0,0,0,0,0,0,0,0,0,0,0,0,0,0,0,0,0,0,0,0,0,0,0,0,0,0,0,0,0,0,4406.190002441406,58572.663635253906,0,67221336064,8589930496,64783196160,3798138880
200,1724134143951,999,900,1200,1200,1100,800,800,4521,875,880,800,800,1000,873,800,878,800,898,860,872,882,800,886,800,896,860,800,800,800,800,900,800,0,0,71.42857360839844,0,0,0,0,0,0,0,0,0,0,0,0,0,0,0,0,0,0,0,0,0,0,0,0,0,0,0,0,0,0,4414.07666015625,58578.66247558594,0,67221336064,8589930496,64561848320,3661299712
199,1724134144152,999,900,1200,1200,1100,800,800,4521,875,880,800,800,1000,873,800,878,800,898,860,872,882,800,886,800,896,860,800,800,800,800,900,800,0,0,0,0,0,0,0,0,0,0,0,0,0,0,0,0,0,0,0,0,0,0,0,0,0,0,0,0,0,0,21.052631378173828,0,0,4416.07373046875,58578.97570800781,0,67221336064,8589930496,64547241984,3661037568
199,1724134144352,999,900,1200,1200,1100,800,800,4521,875,880,800,800,1000,873,800,878,800,898,860,872,882,800,886,800,896,860,800,800,800,800,900,800,0,0,5.263157844543457,0,0,0,0,0,0,0,0,0,0,0,0,0,0,0,0,0,0,0,0,0,0,0,0,0,0,0,11.111111640930176,0,0,4418.0142822265625,58579.23620605469,0,67221336064,8589930496,64547500032,3661037568
199,1724134144552,999,900,1200,1200,1100,800,800,4521,875,880,800,800,1000,873,800,878,800,898,860,872,882,800,886,800,896,860,800,800,800,800,900,800,0,0,27.77777862548828,0,0,0,0,0,0,0,0,0,0,0,0,0,0,0,0,0,0,0,0,0,0,0,0,0,0,0,0,0,0,4419.963806152344,58579.50506591797,0,67221336064,8589930496,64547500032,3661037568
199,1724134144752,999,900,1200,1200,1100,800,800,4521,875,880,800,800,1000,873,800,878,800,898,860,872,882,800,886,800,896,860,800,800,800,800,900,800,0,0,30.000001907348633,0,0,0,0,0,0,0,0,0,0,0,0,0,0,0,0,0,0,0,0,0,0,0,0,0,0,0,0,0,0,4421.908935546875,58579.76818847656,0,67221336064,8589930496,64547500032,3661037568
199,1724134144952,999,900,1200,1200,1100,800,800,4521,875,880,800,800,1000,873,800,878,800,898,860,872,882,800,886,800,896,860,800,800,800,800,900,800,0,0,30.000001907348633,0,0,0,0,0,0,0,0,0,0,0,0,0,0,0,0,0,0,0,0,0,0,0,0,0,0,0,0,0,0,4423.8641357421875,58580.04235839844,0,67221336064,8589930496,64547508224,3661037568
199,1724134145152,999,900,1200,1200,1100,800,800,4521,875,880,800,800,1000,873,800,878,800,898,860,872,882,800,886,800,896,860,800,800,800,800,900,800,0,0,16.666667938232422,0,0,0,0,0,0,0,0,0,0,0,0,0,0,0,0,0,0,0,0,0,0,0,0,0,0,0,12.820513725280762,0,0,4425.829040527344,58580.32287597656,0,67221336064,8589930496,64547504128,3661037568
199,1724134145352,999,900,1200,1200,1100,800,800,4521,875,880,800,800,1000,873,800,878,800,898,860,872,882,800,886,800,896,860,800,800,800,800,900,800,0,0,10.526315689086914,0,0,0,0,0,0,0,0,0,0,0,0,0,0,0,0,0,0,0,0,0,0,0,0,0,0,0,20,0,0,4427.782165527344,58580.58508300781,0,67221336064,8589930496,64547504128,3661037568
199,1724134145552,999,900,1200,1200,1100,800,800,4521,875,880,800,800,1000,873,800,878,800,898,860,872,882,800,886,800,896,860,800,800,800,800,900,800,0,0,27.77777862548828,0,0,0,0,0,0,0,0,0,0,0,0,0,0,0,0,0,0,0,0,0,0,0,0,0,0,0,0,0,0,4429.7203369140625,58580.843505859375,0,67221336064,8589930496,64555761664,3661037568
199,1724134145753,999,900,1200,1200,1100,800,800,4521,875,880,800,800,1000,873,800,878,800,898,860,872,882,800,886,800,896,860,800,800,800,800,900,800,0,0,42.105262756347656,0,0,0,0,0,0,0,0,0,0,0,0,0,0,0,0,0,0,0,0,0,0,0,0,0,0,0,0,0,0,4433.0191650390625,58582.43591308594,0,67221336064,8589930496,64555761664,3661037568
199,1724134145953,999,900,1200,1200,1100,800,800,4521,875,880,800,800,1000,873,800,878,800,898,860,872,882,800,886,800,896,860,800,800,800,800,900,800,0,0,23.52941131591797,0,0,0,0,0,0,0,0,0,0,0,0,0,0,0,0,0,0,0,0,0,0,0,0,0,0,0,0,0,0,4434.9722900390625,58582.70379638672,0,67221336064,8589930496,64555761664,3661037568
199,1724134146153,999,900,1200,1200,1100,800,800,4521,875,880,800,800,1000,873,800,878,800,898,860,872,882,800,886,800,896,860,800,800,800,800,900,800,0,0,26.3157901763916,0,0,0,0,0,0,0,0,0,0,0,0,0,0,0,0,0,0,0,0,0,0,0,0,0,0,0,0,0,0,4436.9298095703125,58582.97863769531,0,67221336064,8589930496,64554946560,3661037568
200,1724134146353,999,900,1200,1200,1100,800,800,4521,875,880,800,800,1000,873,800,878,800,898,860,872,882,800,886,800,896,860,800,800,800,800,900,800,0,0,26.3157901763916,0,0,0,0,0,0,0,0,0,0,0,0,0,0,0,0,0,0,0,0,0,0,0,0,0,0,0,0,0,0,4440.6458740234375,58584.97888183594,0,67221336064,8589930496,64554946560,3661037568
200,1724134146553,999,900,1200,1200,1100,800,800,4521,875,880,800,800,1000,873,800,878,800,898,860,872,882,800,886,800,896,860,800,800,800,800,900,800,0,0,68.42105102539063,0,0,0,0,0,0,0,0,0,0,0,0,0,0,0,0,0,0,0,0,0,0,0,0,0,0,0,0,0,0,4448.4805908203125,58590.97052001953,0,67221336064,8589930496,64500936704,3599695872
199,1724134146753,999,900,1200,1200,1100,800,800,4521,875,880,800,800,1000,873,800,878,800,898,860,872,882,800,886,800,896,860,800,800,800,800,900,800,0,0,40,0,0,0,0,0,0,0,0,0,0,0,0,0,0,0,0,0,0,0,0,0,0,0,0,0,0,0,0,0,0,4451.4649658203125,58592.21813964844,0,67221336064,8589930496,64500936704,3599695872
199,1724134146953,999,900,1200,1200,1100,800,800,4521,875,880,800,800,1000,873,800,878,800,898,860,872,882,800,886,800,896,860,800,800,800,800,900,800,0,0,42.105262756347656,0,0,0,0,0,0,0,0,0,0,0,0,0,0,0,0,0,0,0,0,0,0,0,0,0,0,0,0,0,0,4453.493713378906,58592.52392578125,0,67221336064,8589930496,64500936704,3599695872
199,1724134147153,999,900,1200,1200,1100,800,800,4521,875,880,800,800,1000,873,800,878,800,898,860,872,882,800,886,800,896,860,800,800,800,800,900,800,4.761904716491699,0,38.88888931274414,0,0,0,0,0,0,0,0,0,0,0,0,0,0,0,0,0,0,0,0,0,0,0,0,0,0,0,0,0,0,4455.591979980469,58592.88690185547,0,67221336064,8589930496,64495583232,3599695872
200,1724134147353,999,900,1200,1200,1100,800,800,4521,875,880,800,800,1000,873,800,878,800,898,860,872,882,800,886,800,896,860,800,800,800,800,900,800,4.761904716491699,0,38.88888931274414,0,0,0,0,0,0,0,0,0,0,0,0,0,0,0,0,0,0,0,0,0,0,0,0,0,0,0,0,0,0,4460.3116455078125,58595.758361816406,0,67221336064,8589930496,64495583232,3599695872
199,1724134147553,999,900,1200,1200,1100,800,800,4521,875,880,800,800,1000,873,800,878,800,898,860,872,882,800,886,800,896,860,800,800,800,800,900,800,0,0,50,0,0,0,0,0,0,0,0,0,0,0,0,0,0,0,0,0,0,0,0,0,0,0,0,0,0,0,2.5,0,0,4462.644104003906,58596.37139892578,0,67221336064,8589930496,64495583232,3599695872
200,1724134147753,999,900,1200,1200,1100,800,800,4521,875,880,800,800,1000,873,800,878,800,898,860,872,882,800,886,800,896,860,800,800,800,800,900,800,0,0,50,0,0,0,0,0,0,0,0,0,0,0,0,0,0,0,0,0,0,0,0,0,0,0,0,0,0,0,2.5,0,0,4465.693359375,58597.664306640625,0,67221336064,8589930496,64496099328,3599695872
200,1724134147953,999,900,1200,1200,1100,800,800,4521,875,880,800,800,1000,873,800,878,800,898,860,872,882,800,886,800,896,860,800,800,800,800,900,800,0,0,17.073171615600586,0,0,0,0,0,0,0,0,0,0,0,0,0,0,0,0,0,0,0,0,0,0,0,0,0,0,0,42.5,0,0,4473.437561035156,58603.540100097656,0,67221336064,8589930496,64496091136,3599695872
200,1724134148154,999,900,1200,1200,1100,800,800,4521,875,880,800,800,1000,873,800,878,800,898,860,872,882,800,886,800,896,860,800,800,800,800,900,800,0,0,0,0,0,0,0,0,0,0,0,0,0,0,0,0,0,0,0,0,0,0,0,0,0,0,0,0,0,0,89.47368621826172,0,0,4482.7803955078125,58610.822204589844,0,67221336064,8589930496,64495943680,3599695872
199,1724134148354,999,900,1200,1200,1100,800,800,4521,875,880,800,800,1000,873,800,878,800,898,860,872,882,800,886,800,896,860,800,800,800,800,900,800,0,0,0,0,0,0,0,0,0,0,0,0,0,0,0,0,0,0,0,0,0,0,0,0,0,0,0,0,0,0,59.09090805053711,0,0,4489.138610839844,58615.33337402344,0,67221336064,8589930496,63902466048,3492216832
200,1724134148554,999,900,1200,1200,1100,800,800,4521,875,880,800,800,1000,873,800,878,800,898,860,872,882,800,886,800,896,860,800,800,800,800,900,800,0,0,0,0,0,0,0,0,0,0,0,0,0,0,0,0,0,0,0,0,0,0,0,0,0,0,0,0,0,0,59.09090805053711,0,0,4495.944396972656,58620.242919921875,0,67221336064,8589930496,63608664064,3433496576
200,1724134148754,999,900,1200,1200,1100,800,800,4521,875,880,800,800,1000,873,800,878,800,898,860,872,882,800,886,800,896,860,800,800,800,800,900,800,0,0,87.17948913574219,0,0,0,0,0,0,0,0,0,0,0,0,0,0,0,0,0,0,0,0,0,0,0,0,0,0,0,0,0,0,4503.843017578125,58626.20477294922,0,67221336064,8589930496,63608664064,3433496576
200,1724134148954,999,900,1200,1200,1100,800,800,4521,875,880,800,800,1000,873,800,878,800,898,860,872,882,800,886,800,896,860,800,800,800,800,900,800,0,0,100,0,0,0,0,0,0,0,0,0,0,0,0,0,0,0,0,0,0,0,0,0,0,0,0,0,0,0,0,0,0,4512.287109375,58632.66082763672,0,67221336064,8589930496,63608664064,3433496576
200,1724134149154,999,900,1200,1200,1100,800,800,4521,875,880,800,800,1000,873,800,878,800,898,860,872,882,800,886,800,896,860,800,800,800,800,900,800,0,0,100,0,0,0,0,0,0,0,0,0,0,0,0,0,0,0,0,0,0,0,0,0,0,0,0,0,0,0,0,0,0,4521.029479980469,58639.40252685547,0,67221336064,8589930496,62958415872,3431137280
200,1724134149354,999,900,1200,1200,1100,800,800,4521,875,880,800,800,1000,873,800,878,800,898,860,872,882,800,886,800,896,860,800,800,800,800,900,800,0,0,68.42105102539063,0,0,0,0,0,0,0,0,0,0,0,0,0,0,0,0,0,0,0,0,0,0,0,0,0,0,0,0,0,0,4528.796081542969,58645.28820800781,0,67221336064,8589930496,62958047232,3431137280
200,1724134149554,999,900,1200,1200,1100,800,800,4521,875,880,800,800,1000,873,800,878,800,898,860,872,882,800,886,800,896,860,800,800,800,800,900,800,0,0,100,0,0,0,0,0,0,0,0,0,0,0,0,0,0,0,0,0,0,0,0,0,0,0,0,0,0,0,0,0,0,4537.6278076171875,58652.11358642578,0,67221336064,8589930496,62793007104,3413835776
199,1724134149754,999,900,1200,1200,1100,800,800,4521,875,880,800,800,1000,873,800,878,800,898,860,872,882,800,886,800,896,860,800,800,800,800,900,800,0,0,100,0,0,0,0,0,0,0,0,0,0,0,0,0,0,0,0,0,0,0,0,0,0,0,0,0,0,0,0,0,0,4546.755310058594,58659.19598388672,0,67221336064,8589930496,62531461120,3378184192
200,1724134149954,999,900,1200,1200,1100,800,800,4521,875,880,800,800,1000,873,800,878,800,898,860,872,882,800,886,800,896,860,800,800,800,800,900,800,0,0,57.894737243652344,0,0,0,0,0,0,0,0,0,0,0,0,0,0,0,0,0,0,0,0,0,0,0,0,0,0,0,0,0,0,4554.320556640625,58664.89385986328,0,67221336064,8589930496,62530904064,3378184192
199,1724134150154,999,900,1200,1200,1100,800,800,4521,875,880,800,800,1000,873,800,878,800,898,860,872,882,800,886,800,896,860,800,800,800,800,900,800,0,0,94.73684692382813,0,0,0,0,0,0,0,0,0,0,0,0,0,0,0,0,0,0,0,0,0,0,0,0,0,0,0,0,0,0,4563.313720703125,58671.88836669922,0,67221336064,8589930496,62529122304,3378184192
199,1724134150355,999,900,1200,1200,1100,800,800,4521,875,880,800,800,1000,873,800,878,800,898,860,872,882,800,886,800,896,860,800,800,800,800,900,800,0,0,100,0,0,0,0,0,0,0,0,0,0,0,0,0,0,0,0,0,0,0,0,0,0,0,0,0,0,0,0,0,0,4572.07373046875,58678.702575683594,0,67221336064,8589930496,61930811392,3287220224
199,1724134150555,999,900,1200,1200,1100,800,800,4521,875,880,800,800,1000,873,800,878,800,898,860,872,882,800,886,800,896,860,800,800,800,800,900,800,0,0,68.42105102539063,0,0,0,0,0,0,0,0,0,0,0,0,0,0,0,0,0,0,0,0,0,0,0,0,0,0,0,0,0,0,4580.182373046875,58684.89025878906,0,67221336064,8589930496,61930430464,3287220224
200,1724134150755,999,900,1200,1200,1100,800,800,4521,875,880,800,800,1000,873,800,878,800,898,860,872,882,800,886,800,896,860,800,800,800,800,900,800,0,0,85,0,0,0,0,0,0,0,0,0,0,0,0,0,0,0,0,0,0,0,0,0,0,0,0,0,0,0,0,0,0,4588.3504638671875,58691.10632324219,0,67221336064,8589930496,61930430464,3287220224
200,1724134150955,999,900,1200,1200,1100,800,800,4521,875,880,800,800,1000,873,800,878,800,898,860,872,882,800,886,800,896,860,800,800,800,800,900,800,0,0,100,0,0,0,0,0,0,0,0,0,0,0,0,0,0,0,0,0,0,0,0,0,0,0,0,0,0,0,0,0,0,4597.758239746094,58698.41229248047,0,67221336064,8589930496,61557850112,3192586240
199,1724134151155,999,900,1200,1200,1100,800,800,4521,875,880,800,800,1000,873,800,878,800,898,860,872,882,800,886,800,896,860,800,800,800,800,900,800,0,0,70,0,0,0,0,0,0,0,0,0,0,0,0,0,0,0,0,0,0,0,0,0,0,0,0,0,0,0,0,0,0,4606.487060546875,58705.129455566406,0,67221336064,8589930496,61556011008,3192586240
199,1724134151355,999,900,1200,1200,1100,800,800,4521,875,880,800,800,1000,873,800,878,800,898,860,872,882,800,886,800,896,860,800,800,800,800,900,800,0,0,57.894737243652344,0,0,0,0,0,0,0,0,0,0,0,0,0,0,0,0,0,0,0,0,0,0,0,0,0,0,0,0,52.6315803527832,0,4615.728698730469,58712.370849609375,0,67221336064,8589930496,61580210176,3192586240
200,1724134151555,999,900,1200,1200,1100,800,800,4521,875,880,800,800,1000,873,800,878,800,898,860,872,882,800,886,800,896,860,800,800,800,800,900,800,0,0,95,0,0,0,0,0,0,0,0,0,0,0,0,0,0,0,0,0,0,0,0,0,0,0,0,0,0,0,0,20,0,4625.478820800781,58720.025390625,0,67221336064,8589930496,61580701696,3192586240
199,1724134151755,999,900,1200,1200,1100,800,800,4521,875,880,800,800,1000,873,800,878,800,898,860,872,882,800,886,800,896,860,800,800,800,800,900,800,0,0,100,0,0,0,0,0,0,0,0,0,0,0,0,0,0,0,0,0,0,0,0,0,0,0,0,0,0,0,0,0,0,4634.494323730469,58727.013122558594,0,67221336064,8589930496,61579522048,3192586240
200,1724134151955,999,900,1200,1200,1100,800,800,4521,875,880,800,800,1000,873,800,878,800,898,860,872,882,800,886,800,896,860,800,800,800,800,900,800,0,0,100,0,0,0,0,0,0,0,0,0,0,0,0,0,0,0,0,0,0,0,0,0,0,0,0,0,0,0,0,0,0,4643.129211425781,58733.691650390625,0,67221336064,8589930496,60742844416,3019309056
199,1724134152155,999,900,1200,1200,1100,800,800,4521,875,880,800,800,1000,873,800,878,800,898,860,872,882,800,886,800,896,860,800,800,800,800,900,800,0,0,85,0,0,0,0,0,0,0,0,0,0,0,0,0,0,0,0,0,0,0,0,0,0,0,0,0,0,0,0,0,0,4651.207824707031,58739.85607910156,0,67221336064,8589930496,60734332928,3019309056
200,1724134152355,999,900,1200,1200,1100,800,800,4521,875,880,800,800,1000,873,800,878,800,898,860,872,882,800,886,800,896,860,800,800,800,800,900,800,0,0,85.71428680419922,0,0,0,0,0,0,0,0,0,0,0,0,0,0,0,0,0,0,0,0,0,0,0,0,0,0,0,0,0,0,4659.629211425781,58746.30383300781,0,67221336064,8589930496,60300533760,2958753792
199,1724134152555,999,900,1200,1200,1100,800,800,4521,875,880,800,800,1000,873,800,878,800,898,860,872,882,800,886,800,896,860,800,800,800,800,900,800,0,0,94.44444274902344,0,0,0,0,0,0,0,0,0,0,0,0,0,0,0,0,0,0,0,0,0,0,0,0,0,0,0,0,0,0,4668.118225097656,58752.700744628906,0,67221336064,8589930496,60160274432,2890334208
200,1724134152755,999,900,1200,1200,1100,800,800,4521,875,880,800,800,1000,873,800,878,800,898,860,872,882,800,886,800,896,860,800,800,800,800,900,800,0,0,90,0,0,0,0,0,0,0,0,0,0,0,0,0,0,0,0,0,0,0,0,0,0,0,0,0,0,0,0,0,0,4676.690246582031,58759.213439941406,0,67221336064,8589930496,59933499392,2873819136
200,1724134152955,999,900,1200,1200,1100,800,800,4521,875,880,800,800,1000,873,800,878,800,898,860,872,882,800,886,800,896,860,800,800,800,800,900,800,0,0,94.73684692382813,0,0,0,0,0,0,0,0,0,0,0,0,0,0,0,0,0,0,0,0,0,0,0,0,0,0,0,0,0,0,4685.393310546875,58765.87811279297,0,67221336064,8589930496,59718307840,2813788160
200,1724134153156,999,900,1200,1200,1100,800,800,4521,875,880,800,800,1000,873,800,878,800,898,860,872,882,800,886,800,896,860,800,800,800,800,900,800,0,0,71.42857360839844,0,0,0,0,0,0,0,0,0,0,0,0,0,0,0,0,0,0,0,0,0,0,0,0,0,0,0,0,0,0,4693.626708984375,58772.137268066406,0,67221336064,8589930496,59715137536,2813788160
200,1724134153356,999,900,1200,1200,1100,800,800,4521,875,880,800,800,1000,873,800,878,800,898,860,872,882,800,886,800,896,860,800,800,800,800,900,800,0,0,95,0,0,0,0,0,0,0,0,0,0,0,0,0,0,0,0,0,0,0,0,0,0,0,0,0,0,0,0,0,0,4702.924499511719,58779.31201171875,0,67221336064,8589930496,59715137536,2813788160
199,1724134153556,999,900,1200,1200,1100,800,800,4521,875,880,800,800,1000,873,800,878,800,898,860,872,882,800,886,800,896,860,800,800,800,800,900,800,0,0,100,0,0,0,0,0,0,0,4.761904716491699,0,0,0,0,0,0,0,0,0,0,0,0,0,0,0,0,0,0,0,0,0,0,4712.64990234375,58786.933532714844,0,67221336064,8589930496,59240235008,2741960704
200,1724134153756,999,900,1200,1200,1100,800,800,4521,875,880,800,800,1000,873,800,878,800,898,860,872,882,800,886,800,896,860,800,800,800,800,900,800,0,0,70,0,0,0,0,0,0,0,0,0,0,0,0,0,0,0,0,0,0,0,0,0,0,0,0,0,0,0,0,0,0,4720.742980957031,58793.08026123047,0,67221336064,8589930496,59240050688,2741960704
200,1724134153956,999,900,1200,1200,1100,800,800,4521,875,880,800,800,1000,873,800,878,800,898,860,872,882,800,886,800,896,860,800,800,800,800,900,800,0,0,40,0,0,0,0,0,0,0,0,0,0,0,0,0,0,0,0,0,0,0,0,0,0,0,0,0,0,0,11.111111640930176,0,0,4727.46533203125,58797.94677734375,0,67221336064,8589930496,59241857024,2741960704
200,1724134154156,999,900,1200,1200,1100,800,800,4521,875,880,800,800,1000,873,800,878,800,898,860,872,882,800,886,800,896,860,800,800,800,800,900,800,0,0,0,0,0,0,0,0,0,0,0,0,0,0,0,0,0,0,0,0,0,0,0,0,0,0,0,0,0,0,76.19047546386719,0,0,4735.476501464844,58803.9306640625,0,67221336064,8589930496,59249856512,2741960704
200,1724134154356,999,900,1200,1200,1100,800,800,4521,875,880,800,800,1000,873,800,878,800,898,860,872,882,800,886,800,896,860,800,800,800,800,900,800,0,0,0,0,0,0,0,0,0,0,0,0,0,0,0,0,0,0,0,0,0,0,0,0,0,0,0,0,0,0,100,0,0,4744.824279785156,58811.22961425781,0,67221336064,8589930496,58704273408,2605121536
200,1724134154556,999,900,1200,1200,1100,800,800,4521,875,880,800,800,1000,873,800,878,800,898,860,872,882,800,886,800,896,860,800,800,800,800,900,800,0,0,0,0,0,0,0,0,0,0,0,0,0,0,0,0,0,0,0,0,0,0,0,0,0,0,0,0,0,0,100,0,0,4753.611328125,58817.99755859375,0,67221336064,8589930496,58291470336,2562916352
200,1724134154756,999,900,1200,1200,1100,800,800,4521,875,880,800,800,1000,873,800,878,800,898,860,872,882,800,886,800,896,860,800,800,800,800,900,800,0,0,0,0,0,0,0,0,0,0,0,0,0,0,0,0,0,0,0,0,0,0,0,0,0,0,0,0,0,0,100,0,0,4762.516845703125,58824.8662109375,0,67221336064,8589930496,58291470336,2562916352
200,1724134154956,999,900,1200,1200,1100,800,800,4521,875,880,800,800,1000,873,800,878,800,898,860,872,882,800,886,800,896,860,800,800,800,800,900,800,0,0,0,0,0,0,0,0,0,0,0,0,0,0,0,0,0,0,0,0,0,0,0,0,0,0,0,0,0,0,100,0,0,4771.302490234375,58831.62774658203,0,67221336064,8589930496,57672830976,2521759744
200,1724134155156,999,900,1200,1200,1100,800,800,4521,875,880,800,800,1000,873,800,878,800,898,860,872,882,800,886,800,896,860,800,800,800,800,900,800,0,0,0,0,0,0,0,0,0,0,0,0,0,0,0,0,0,0,0,0,0,0,0,0,0,0,0,0,0,0,100,0,0,4780.250305175781,58838.537048339844,0,67221336064,8589930496,57672142848,2521759744
199,1724134155357,999,900,1200,1200,1100,800,800,4521,875,880,800,800,1000,873,800,878,800,898,860,872,882,800,886,800,896,860,800,800,800,800,900,800,0,0,0,0,0,0,0,0,0,0,0,0,0,0,0,0,0,0,0,0,0,0,0,0,0,0,0,0,0,0,100,0,0,4788.918151855469,58845.252868652344,0,67221336064,8589930496,57219538944,2479554560
200,1724134155557,999,900,1200,1200,1100,800,800,4521,875,880,800,800,1000,873,800,878,800,898,860,872,882,800,886,800,896,860,800,800,800,800,900,800,0,0,0,0,0,0,0,0,0,0,0,0,0,0,0,0,0,0,0,0,0,0,0,0,0,0,0,0,0,0,100,0,0,4798.2825927734375,58852.54803466797,0,67221336064,8589930496,54475341824,2275082240
200,1724134155757,999,900,1200,1200,1100,800,800,4521,875,880,800,800,1000,873,800,878,800,898,860,872,882,800,886,800,896,860,800,800,800,800,900,800,0,0,0,0,0,0,0,0,0,0,0,0,0,0,0,0,0,0,0,0,0,0,0,0,0,0,0,0,0,0,100,0,0,4807.22119140625,58859.4521484375,0,67221336064,8589930496,54415069184,2275082240
200,1724134155957,999,900,1200,1200,1100,800,800,4521,875,880,800,800,1000,873,800,878,800,898,860,872,882,800,886,800,896,860,800,800,800,800,900,800,0,0,0,0,0,0,0,0,0,0,0,0,0,0,0,0,0,0,0,0,0,0,0,0,0,0,0,0,0,0,100,0,0,4816.319274902344,58866.505859375,0,67221336064,8589930496,53659844608,2215575552
200,1724134156157,999,900,1200,1200,1100,800,800,4521,875,880,800,800,1000,873,800,878,800,898,860,872,882,800,886,800,896,860,800,800,800,800,900,800,0,0,0,0,0,0,0,0,0,0,0,0,0,0,0,0,0,0,0,0,0,0,0,0,0,0,0,0,0,0,100,0,0,4825.462890625,58873.54113769531,0,67221336064,8589930496,53400649728,2202730496
200,1724134156357,999,900,1200,1200,1100,800,800,4521,875,880,800,800,1000,873,800,878,800,898,860,872,882,800,886,800,896,860,800,800,800,800,900,800,0,0,0,0,0,0,0,0,0,0,0,0,0,0,0,0,0,0,0,0,0,0,0,0,0,0,0,0,0,0,100,0,0,4834.5555419921875,58880.533142089844,0,67221336064,8589930496,53400649728,2202730496
200,1724134156557,999,900,1200,1200,1100,800,800,4521,875,880,800,800,1000,873,800,878,800,898,860,872,882,800,886,800,896,860,800,800,800,800,900,800,0,0,0,0,0,0,0,0,0,0,0,0,0,0,0,0,0,0,0,0,0,0,0,0,0,0,0,0,0,0,100,0,0,4844.0146484375,58887.86895751953,0,67221336064,8589930496,52895891456,2191982592
200,1724134156757,999,900,1200,1200,1100,800,800,4521,875,880,800,800,1000,873,800,878,800,898,860,872,882,800,886,800,896,860,800,800,800,800,900,800,0,0,0,0,0,0,0,0,0,0,0,0,0,0,0,0,0,0,0,0,0,0,0,0,0,0,0,0,0,0,100,0,0,4853.703308105469,58895.48278808594,0,67221336064,8589930496,51945930752,2145583104
200,1724134156957,999,900,1200,1200,1100,800,800,4521,875,880,800,800,1000,873,800,878,800,898,860,872,882,800,886,800,896,860,800,800,800,800,900,800,0,0,0,0,0,0,0,0,0,0,0,0,0,0,0,0,0,0,0,0,0,0,0,0,0,0,0,0,0,0,100,0,0,4863.561340332031,58903.14489746094,0,67221336064,8589930496,51945930752,2145583104
200,1724134157157,999,900,1200,1200,1100,800,800,4521,875,880,800,800,1000,873,800,878,800,898,860,872,882,800,886,800,896,860,800,800,800,800,900,800,0,0,0,0,4.761904716491699,0,0,0,0,0,0,0,0,0,0,0,0,0,0,0,0,0,0,0,0,0,0,0,0,0,100,0,0,4873.2513427734375,58910.660217285156,0,67221336064,8589930496,51519258624,2101805056
200,1724134157358,999,900,1200,1200,1100,800,800,4521,875,880,800,800,1000,873,800,878,800,898,860,872,882,800,886,800,896,860,800,800,800,800,900,800,0,0,0,0,0,0,0,0,0,0,0,0,0,0,0,0,0,0,0,0,0,0,0,0,0,0,0,0,0,0,100,0,0,4882.645324707031,58917.88781738281,0,67221336064,8589930496,51519258624,2101805056
200,1724134157558,999,900,1200,1200,1100,800,800,4521,875,880,800,800,1000,873,800,878,800,898,860,872,882,800,886,800,896,860,800,800,800,800,900,800,0,0,0,0,0,0,0,0,0,0,0,0,0,0,0,0,0,0,0,0,0,0,0,0,0,0,0,0,0,0,100,0,0,4891.887451171875,58925.02282714844,0,67221336064,8589930496,50959548416,2088435712
200,1724134157758,999,900,1200,1200,1100,800,800,4521,875,880,800,800,1000,873,800,878,800,898,860,872,882,800,886,800,896,860,800,800,800,800,900,800,0,0,0,0,0,0,0,0,0,0,0,0,0,0,0,0,0,0,0,0,0,0,0,0,0,0,0,0,0,0,100,0,0,4900.8826904296875,58931.96496582031,0,67221336064,8589930496,50553966592,2058813440
200,1724134157958,999,900,1200,1200,1100,800,800,4521,875,880,800,800,1000,873,800,878,800,898,860,872,882,800,886,800,896,860,800,800,800,800,900,800,5,0,0,0,0,0,0,0,0,0,0,0,0,0,0,0,0,0,0,0,0,0,0,0,0,0,0,0,0,0,100,4.761904716491699,0,4910.9788818359375,58939.822814941406,0,67221336064,8589930496,50559918080,2058813440
200,1724134158158,999,900,1200,1200,1100,800,800,4521,875,880,800,800,1000,873,800,878,800,898,860,872,882,800,886,800,896,860,800,800,800,800,900,800,20,33.333335876464844,47.619049072265625,0,0,0,0,0,0,0,0,0,0,0,0,0,0,0,0,0,0,0,0,0,0,0,0,0,0,0,100,0,0,4923.473388671875,58949.97723388672,0,67221336064,8589930496,50171064320,2002452480
200,1724134158358,999,900,1200,1200,1100,800,800,4521,875,880,800,800,1000,873,800,878,800,898,860,872,882,800,886,800,896,860,800,800,800,800,900,800,0,0,100,0,0,0,0,0,0,0,0,0,0,0,0,0,0,0,0,0,0,0,0,0,0,0,0,0,0,0,100,0,0,4935.259094238281,58959.3935546875,0,67221336064,8589930496,50177216512,2002452480
200,1724134158558,999,900,1200,1200,1100,800,800,4521,875,880,800,800,1000,873,800,878,800,898,860,872,882,800,886,800,896,860,800,800,800,800,900,800,0,0,5,0,0,0,0,0,0,0,0,0,0,0,0,0,0,0,0,0,0,0,0,0,0,0,0,0,0,0,100,0,0,4945.349853515625,58967.275329589844,0,67221336064,8589930496,50168958976,2002452480
200,1724134158758,999,900,1200,1200,1100,800,800,4521,875,880,800,800,1000,873,800,878,800,898,860,872,882,800,886,800,896,860,800,800,800,800,900,800,0,0,0,0,0,0,0,0,0,0,0,0,0,0,0,0,0,0,0,0,0,0,0,0,0,0,0,0,0,0,100,0,0,4955.001525878906,58974.82830810547,0,67221336064,8589930496,49387868160,1924071424
200,1724134158958,999,900,1200,1200,1100,800,800,4521,875,880,800,800,1000,873,800,878,800,898,860,872,882,800,886,800,896,860,800,800,800,800,900,800,0,0,0,0,0,0,0,0,0,0,0,0,0,0,0,0,0,0,0,0,0,0,0,0,0,0,0,0,0,0,100,0,0,4964.505798339844,58982.187561035156,0,67221336064,8589930496,49387708416,1924071424
200,1724134159158,999,900,1200,1200,1100,800,800,4521,875,880,800,800,1000,873,800,878,800,898,860,872,882,800,886,800,896,860,800,800,800,800,900,800,0,0,0,0,0,0,0,0,0,0,0,0,0,0,0,0,0,0,0,0,0,0,0,0,0,0,0,0,0,0,100,0,0,4973.710754394531,58989.34020996094,0,67221336064,8589930496,48905564160,1913061376
200,1724134159359,999,900,1200,1200,1100,800,800,4521,875,880,800,800,1000,873,800,878,800,898,860,872,882,800,886,800,896,860,800,800,800,800,900,800,0,0,0,0,0,0,0,0,0,0,0,0,0,0,0,0,0,0,0,0,0,0,0,0,0,0,0,0,0,0,95,0,0,4983.3887939453125,58997.12664794922,0,67221336064,8589930496,43922452480,1657733120
200,1724134159559,999,900,1200,1200,1100,800,800,4521,875,880,800,800,1000,873,800,878,800,898,860,872,882,800,886,800,896,860,800,800,800,800,900,800,0,0,0,0,0,0,0,0,0,0,0,0,0,0,0,0,0,0,0,0,0,0,0,0,0,0,0,0,0,0,100,0,0,4993.972717285156,59005.888122558594,0,67221336064,8589930496,36346707968,1517486080
200,1724134159759,999,900,1200,1200,1100,800,800,4521,875,880,800,800,1000,873,800,878,800,898,860,872,882,800,886,800,896,860,800,800,800,800,900,800,0,0,0,0,0,0,0,0,0,0,0,0,0,0,0,0,0,0,0,0,0,0,0,0,0,0,0,0,0,0,100,0,0,5004.515380859375,59014.60125732422,0,67221336064,8589930496,28765503488,1398210560
200,1724134159959,999,900,1200,1200,1100,800,800,4521,875,880,800,800,1000,873,800,878,800,898,860,872,882,800,886,800,896,860,800,800,800,800,900,800,0,0,0,0,0,0,0,0,0,0,0,0,0,0,0,0,0,0,0,0,0,0,0,0,0,0,0,0,0,0,100,0,0,5015.125,59023.39367675781,0,67221336064,8589930496,20704698368,1396113408
200,1724134160159,999,900,1200,1200,1100,800,800,4521,875,880,800,800,1000,873,800,878,800,898,860,872,882,800,886,800,896,860,800,800,800,800,900,800,0,0,0,0,0,0,0,0,0,0,0,0,0,0,0,0,0,0,0,0,0,0,0,0,0,0,0,0,0,0,100,0,0,5025.6990966796875,59032.15545654297,0,67221336064,8589930496,12678340608,1381695488
200,1724134160359,999,900,1200,1200,1100,800,800,4521,875,880,800,800,1000,873,800,878,800,898,860,872,882,800,886,800,896,860,800,800,800,800,900,800,0,0,0,0,0,0,0,0,0,0,0,0,0,0,0,0,0,0,0,0,0,0,0,0,0,0,0,0,0,0,100,0,0,5036.2850341796875,59040.85681152344,0,67221336064,8589930496,5731790848,1283915776
200,1724134160559,999,900,1200,1200,1100,800,800,4521,875,880,800,800,1000,873,800,878,800,898,860,872,882,800,886,800,896,860,800,800,800,800,900,800,0,0,0,0,0,0,0,0,0,0,0,0,0,0,0,0,0,0,0,0,0,0,0,0,0,0,0,0,0,0,100,0,0,5046.544189453125,59049.21472167969,0,67221336064,8589930496,1356947456,423034880
1,1724134160760,999,900,1200,1200,1100,800,800,4521,875,880,800,800,1000,873,800,878,800,898,860,872,882,800,886,800,896,860,800,800,800,800,900,800,0,0,0,0,0,0,0,0,0,0,0,0,0,0,0,0,0,0,0,0,0,0,0,0,0,0,0,0,0,0,0,0,0,5049.109924316406,59050.24768066406,0,67221336064,8589930496,1264439296,381091840
