Delta,Time,CPU_FREQUENCY_0,CPU_FREQUENCY_1,CPU_FREQUENCY_10,CPU_FREQUENCY_11,CPU_FREQUENCY_12,CPU_FREQUENCY_13,CPU_FREQUENCY_14,CPU_FREQUENCY_15,CPU_FREQUENCY_16,CPU_FREQUENCY_17,CPU_FREQUENCY_18,CPU_FREQUENCY_19,CPU_FREQUENCY_2,CPU_FREQUENCY_20,CPU_FREQUENCY_21,CPU_FREQUENCY_22,CPU_FREQUENCY_23,CPU_FREQUENCY_24,CPU_FREQUENCY_25,CPU_FREQUENCY_26,CPU_FREQUENCY_27,CPU_FREQUENCY_28,CPU_FREQUENCY_29,CPU_FREQUENCY_3,CPU_FREQUENCY_30,CPU_FREQUENCY_31,CPU_FREQUENCY_4,CPU_FREQUENCY_5,CPU_FREQUENCY_6,CPU_FREQUENCY_7,CPU_FREQUENCY_8,CPU_FREQUENCY_9,CPU_USAGE_0,CPU_USAGE_1,CPU_USAGE_10,CPU_USAGE_11,CPU_USAGE_12,CPU_USAGE_13,CPU_USAGE_14,CPU_USAGE_15,CPU_USAGE_16,CPU_USAGE_17,CPU_USAGE_18,CPU_USAGE_19,CPU_USAGE_2,CPU_USAGE_20,CPU_USAGE_21,CPU_USAGE_22,CPU_USAGE_23,CPU_USAGE_24,CPU_USAGE_25,CPU_USAGE_26,CPU_USAGE_27,CPU_USAGE_28,CPU_USAGE_29,CPU_USAGE_3,CPU_USAGE_30,CPU_USAGE_31,CPU_USAGE_4,CPU_USAGE_5,CPU_USAGE_6,CPU_USAGE_7,CPU_USAGE_8,CPU_USAGE_9,DRAM_ENERGY (J),PACKAGE_ENERGY (J),PP0_ENERGY (J),TOTAL_MEMORY,TOTAL_SWAP,USED_MEMORY,USED_SWAP
0,1727693250946,1548,2499,2569,1920,2567,1798,2099,2824,2043,2499,2499,2499,2499,2000,2499,2499,1934,1728,2820,2819,1990,2818,1901,2500,2100,2509,2000,2499,2500,1880,1290,2577,0,100,4.545454502105713,4.545454502105713,0,4.545454502105713,0,100,4.761904716491699,0,4.545454502105713,0,100,4.545454502105713,100,0,8.69565200805664,4.761904716491699,100,100,0,100,4.761904716491699,100,4.545454502105713,4.545454502105713,0,4.545454502105713,100,4.545454502105713,4.545454502105713,4.545454502105713,258310.13671875,105227.52545166016,0,404334895104,8589930496,65948516352,0
199,1727693250947,1548,2499,2569,1920,2567,1798,2099,2824,2043,2499,2499,2499,2499,2000,2499,2499,1934,1728,2820,2819,1990,2818,1901,2500,2100,2509,2000,2499,2500,1880,1290,2577,0,100,4.545454502105713,4.545454502105713,0,4.545454502105713,0,100,4.761904716491699,0,4.545454502105713,0,100,4.545454502105713,100,0,8.69565200805664,4.761904716491699,100,100,0,100,4.761904716491699,100,4.545454502105713,4.545454502105713,0,4.545454502105713,100,4.545454502105713,4.545454502105713,4.545454502105713,258310.13671875,105227.52545166016,0,404334895104,8589930496,65948573696,0
199,1727693251147,1548,2499,2569,1920,2567,1798,2099,2824,2043,2499,2499,2499,2499,2000,2499,2499,1934,1728,2820,2819,1990,2818,1901,2500,2100,2509,2000,2499,2500,1880,1290,2577,5,100,0,0,0,0,0,100,0,0,0,0,100,0,100,95,0,0,100,100,100,100,0,100,0,0,0,0,5,0,0,0,258312.9208984375,105236.86059570313,0,404334895104,8589930496,66027388928,0
199,1727693251347,1548,2499,2569,1920,2567,1798,2099,2824,2043,2499,2499,2499,2499,2000,2499,2499,1934,1728,2820,2819,1990,2818,1901,2500,2100,2509,2000,2499,2500,1880,1290,2577,5,100,0,0,0,0,0,100,0,0,0,0,100,0,100,95,0,0,100,100,100,100,0,100,0,0,0,0,5,0,0,0,258315.65435791016,105246.15087890625,0,404334895104,8589930496,66027450368,0
199,1727693251547,1548,2499,2569,1920,2567,1798,2099,2824,2043,2499,2499,2499,2499,2000,2499,2499,1934,1728,2820,2819,1990,2818,1901,2500,2100,2509,2000,2499,2500,1880,1290,2577,0,63.414634704589844,0,0,0,0,0,100,0,35,0,0,100,0,100,100,0,0,100,100,100,100,0,100,0,0,0,0,0,0,0,0,258318.43475341797,105255.42779541016,0,404334895104,8589930496,66027524096,0
199,1727693251747,1548,2499,2569,1920,2567,1798,2099,2824,2043,2499,2499,2499,2499,2000,2499,2499,1934,1728,2820,2819,1990,2818,1901,2500,2100,2509,2000,2499,2500,1880,1290,2577,0,0,0,0,0,0,0,100,0,100,0,0,100,0,100,100,0,0,100,100,100,100,0,100,0,0,0,0,0,0,0,0,258321.23651123047,105264.68823242188,0,404334895104,8589930496,66027675648,0
199,1727693251947,1548,2499,2569,1920,2567,1798,2099,2824,2043,2499,2499,2499,2499,2000,2499,2499,1934,1728,2820,2819,1990,2818,1901,2500,2100,2509,2000,2499,2500,1880,1290,2577,0,0,0,0,0,0,0,100,0,100,0,0,100,0,100,100,0,0,100,100,100,100,0,100,0,0,0,0,0,0,0,0,258324.03771972656,105273.98065185547,0,404334895104,8589930496,66027675648,0
199,1727693252147,1548,2499,2569,1920,2567,1798,2099,2824,2043,2499,2499,2499,2499,2000,2499,2499,1934,1728,2820,2819,1990,2818,1901,2500,2100,2509,2000,2499,2500,1880,1290,2577,0,0,0,0,0,0,0,100,0,100,0,0,100,0,100,100,0,0,100,100,100,100,0,100,0,0,0,0,0,0,0,0,258326.8729248047,105283.3017578125,0,404334895104,8589930496,66027675648,0
199,1727693252347,1548,2499,2569,1920,2567,1798,2099,2824,2043,2499,2499,2499,2499,2000,2499,2499,1934,1728,2820,2819,1990,2818,1901,2500,2100,2509,2000,2499,2500,1880,1290,2577,0,0,0,0,0,0,0,100,0,100,0,0,100,0,100,100,0,0,100,100,100,100,0,100,0,0,0,4.761904716491699,0,0,0,0,258329.71130371094,105292.59552001953,0,404334895104,8589930496,66027401216,0
199,1727693252547,1548,2499,2569,1920,2567,1798,2099,2824,2043,2499,2499,2499,2499,2000,2499,2499,1934,1728,2820,2819,1990,2818,1901,2500,2100,2509,2000,2499,2500,1880,1290,2577,0,0,0,0,0,0,0,100,4.761904716491699,100,0,0,100,0,100,100,0,0,100,100,100,100,0,100,0,0,0,4.761904716491699,0,0,0,0,258332.5623779297,105301.892578125,0,404334895104,8589930496,66027454464,0
199,1727693252747,1548,2499,2569,1920,2567,1798,2099,2824,2043,2499,2499,2499,2499,2000,2499,2499,1934,1728,2820,2819,1990,2818,1901,2500,2100,2509,2000,2499,2500,1880,1290,2577,0,0,0,0,0,0,0,100,0,100,0,0,100,0,100,100,0,0,100,100,100,100,0,100,0,0,0,0,0,0,0,0,258335.40161132813,105311.19317626953,0,404334895104,8589930496,66027528192,0
199,1727693252947,1548,2499,2569,1920,2567,1798,2099,2824,2043,2499,2499,2499,2499,2000,2499,2499,1934,1728,2820,2819,1990,2818,1901,2500,2100,2509,2000,2499,2500,1880,1290,2577,0,0,0,0,0,0,0,100,0,100,0,0,100,0,100,100,0,0,100,100,100,100,0,100,0,0,0,0,0,0,0,0,258338.20965576172,105320.48443603516,0,404334895104,8589930496,66027528192,0
199,1727693253147,1548,2499,2569,1920,2567,1798,2099,2824,2043,2499,2499,2499,2499,2000,2499,2499,1934,1728,2820,2819,1990,2818,1901,2500,2100,2509,2000,2499,2500,1880,1290,2577,0,0,0,0,0,0,0,100,0,100,0,0,100,0,100,100,0,0,100,100,100,100,4.761904716491699,100,4.761904716491699,0,0,4.761904716491699,0,0,0,0,258341.05114746094,105329.75006103516,0,404334895104,8589930496,66027663360,0
199,1727693253347,1548,2499,2569,1920,2567,1798,2099,2824,2043,2499,2499,2499,2499,2000,2499,2499,1934,1728,2820,2819,1990,2818,1901,2500,2100,2509,2000,2499,2500,1880,1290,2577,4.761904716491699,0,0,0,0,0,0,100,0,100,0,0,100,0,100,100,0,0,100,100,100,100,0,100,0,0,0,0,0,0,0,0,258343.90301513672,105339.01141357422,0,404334895104,8589930496,66027663360,0
199,1727693253547,1548,2499,2569,1920,2567,1798,2099,2824,2043,2499,2499,2499,2499,2000,2499,2499,1934,1728,2820,2819,1990,2818,1901,2500,2100,2509,2000,2499,2500,1880,1290,2577,0,0,0,0,0,0,0,100,0,100,0,0,100,0,100,100,0,0,100,100,100,100,0,100,0,0,0,0,0,0,0,0,258346.72412109375,105348.31732177734,0,404334895104,8589930496,66027663360,0
199,1727693253747,1548,2499,2569,1920,2567,1798,2099,2824,2043,2499,2499,2499,2499,2000,2499,2499,1934,1728,2820,2819,1990,2818,1901,2500,2100,2509,2000,2499,2500,1880,1290,2577,0,0,0,9.523809432983398,0,5,0,100,4.761904716491699,100,0,0,100,4.761904716491699,100,100,0,0,100,100,100,100,0,100,10,0,5,0,0,9.523809432983398,4.761904716491699,0,258349.59338378906,105357.7905883789,0,404334895104,8589930496,66027462656,0
199,1727693253947,1548,2499,2569,1920,2567,1798,2099,2824,2043,2499,2499,2499,2499,2000,2499,2499,1934,1728,2820,2819,1990,2818,1901,2500,2100,2509,2000,2499,2500,1880,1290,2577,0,0,0,9.523809432983398,0,5,0,100,4.761904716491699,100,0,0,100,4.761904716491699,100,100,0,0,100,100,100,100,0,100,10,0,5,0,0,9.523809432983398,4.761904716491699,0,258352.39599609375,105367.15338134766,0,404334895104,8589930496,66027515904,0
199,1727693254148,1548,2499,2569,1920,2567,1798,2099,2824,2043,2499,2499,2499,2499,2000,2499,2499,1934,1728,2820,2819,1990,2818,1901,2500,2100,2509,2000,2499,2500,1880,1290,2577,0,0,0,0,0,0,0,100,0,100,0,0,100,0,100,100,0,0,100,100,100,100,0,100,0,0,0,0,0,0,0,0,258355.22827148438,105376.44409179688,0,404334895104,8589930496,66027589632,0
199,1727693254348,1548,2499,2569,1920,2567,1798,2099,2824,2043,2499,2499,2499,2499,2000,2499,2499,1934,1728,2820,2819,1990,2818,1901,2500,2100,2509,2000,2499,2500,1880,1290,2577,4.761904716491699,0,0,0,0,0,0,100,0,100,0,0,100,0,100,100,0,0,100,100,100,100,0,100,0,0,4.761904716491699,0,0,0,0,0,258358.02075195313,105385.673828125,0,404334895104,8589930496,66027589632,0
199,1727693254548,1548,2499,2569,1920,2567,1798,2099,2824,2043,2499,2499,2499,2499,2000,2499,2499,1934,1728,2820,2819,1990,2818,1901,2500,2100,2509,2000,2499,2500,1880,1290,2577,4.761904716491699,0,0,0,0,0,0,100,5.263157844543457,100,0,0,100,0,100,100,0,0,100,100,100,100,0,100,0,0,0,0,0,0,0,0,258360.81451416016,105395.06268310547,0,404334895104,8589930496,66026987520,0
199,1727693254748,1548,2499,2569,1920,2567,1798,2099,2824,2043,2499,2499,2499,2499,2000,2499,2499,1934,1728,2820,2819,1990,2818,1901,2500,2100,2509,2000,2499,2500,1880,1290,2577,4.761904716491699,0,0,0,0,0,0,100,5.263157844543457,100,0,0,100,0,100,100,0,0,100,100,100,100,0,100,0,0,0,0,0,0,0,0,258363.65435791016,105404.33911132813,0,404334895104,8589930496,66027175936,0
199,1727693254948,1548,2499,2569,1920,2567,1798,2099,2824,2043,2499,2499,2499,2499,2000,2499,2499,1934,1728,2820,2819,1990,2818,1901,2500,2100,2509,2000,2499,2500,1880,1290,2577,0,0,0,0,0,0,0,100,0,100,0,0,100,0,100,100,0,0,100,100,100,100,0,100,0,0,0,0,0,0,0,0,258366.50512695313,105413.65759277344,0,404334895104,8589930496,65956139008,0
199,1727693255148,1548,2499,2569,1920,2567,1798,2099,2824,2043,2499,2499,2499,2499,2000,2499,2499,1934,1728,2820,2819,1990,2818,1901,2500,2100,2509,2000,2499,2500,1880,1290,2577,0,0,0,0,0,0,0,100,0,100,0,0,100,0,100,100,0,0,100,100,100,100,0,100,0,0,0,0,0,0,0,0,258369.33038330078,105422.9779663086,0,404334895104,8589930496,66027347968,0
199,1727693255348,1548,2499,2569,1920,2567,1798,2099,2824,2043,2499,2499,2499,2499,2000,2499,2499,1934,1728,2820,2819,1990,2818,1901,2500,2100,2509,2000,2499,2500,1880,1290,2577,0,0,0,0,0,0,0,100,0,100,0,0,100,0,100,100,0,0,100,100,100,100,0,100,0,0,0,0,4.761904716491699,0,0,0,258372.1729736328,105432.26263427734,0,404334895104,8589930496,66027458560,0
199,1727693255548,1548,2499,2569,1920,2567,1798,2099,2824,2043,2499,2499,2499,2499,2000,2499,2499,1934,1728,2820,2819,1990,2818,1901,2500,2100,2509,2000,2499,2500,1880,1290,2577,4.761904716491699,0,0,0,0,0,0,100,0,100,0,0,100,0,100,100,0,0,100,100,100,100,0,100,0,0,0,0,0,0,0,0,258374.96124267578,105441.5717163086,0,404334895104,8589930496,66027458560,0
199,1727693255748,1548,2499,2569,1920,2567,1798,2099,2824,2043,2499,2499,2499,2499,2000,2499,2499,1934,1728,2820,2819,1990,2818,1901,2500,2100,2509,2000,2499,2500,1880,1290,2577,0,0,0,31.57894515991211,0,0,0,100,0,100,0,0,100,0,100,100,0,0,100,100,70,100,0,100,0,0,0,0,0,0,0,0,258377.76501464844,105450.84533691406,0,404334895104,8589930496,66027606016,0
199,1727693255948,1548,2499,2569,1920,2567,1798,2099,2824,2043,2499,2499,2499,2499,2000,2499,2499,1934,1728,2820,2819,1990,2818,1901,2500,2100,2509,2000,2499,2500,1880,1290,2577,0,0,0,100,0,0,4.761904716491699,100,0,100,0,0,100,0,100,100,0,0,100,100,5,100,0,100,4.761904716491699,0,0,0,0,0,0,0,258380.548828125,105460.15911865234,0,404334895104,8589930496,66027573248,0
199,1727693256148,1548,2499,2569,1920,2567,1798,2099,2824,2043,2499,2499,2499,2499,2000,2499,2499,1934,1728,2820,2819,1990,2818,1901,2500,2100,2509,2000,2499,2500,1880,1290,2577,4.761904716491699,0,0,100,0,0,0,100,0,100,0,0,100,0,100,100,0,0,100,100,0,100,4.761904716491699,100,0,0,4.761904716491699,0,0,0,0,0,258383.35357666016,105469.47235107422,0,404334895104,8589930496,66027573248,0
199,1727693256348,1548,2499,2569,1920,2567,1798,2099,2824,2043,2499,2499,2499,2499,2000,2499,2499,1934,1728,2820,2819,1990,2818,1901,2500,2100,2509,2000,2499,2500,1880,1290,2577,4.761904716491699,0,0,100,0,0,0,100,0,100,0,0,100,0,100,100,0,0,100,100,0,100,4.761904716491699,100,0,0,4.761904716491699,0,0,0,0,0,258386.15240478516,105478.74304199219,0,404334895104,8589930496,66027298816,0
199,1727693256548,1548,2499,2569,1920,2567,1798,2099,2824,2043,2499,2499,2499,2499,2000,2499,2499,1934,1728,2820,2819,1990,2818,1901,2500,2100,2509,2000,2499,2500,1880,1290,2577,0,0,0,100,0,0,0,100,0,100,0,0,100,0,100,100,0,0,100,100,0,100,0,100,0,0,0,0,0,0,0,0,258388.94317626953,105488.02001953125,0,404334895104,8589930496,66027352064,0
199,1727693256748,1548,2499,2569,1920,2567,1798,2099,2824,2043,2499,2499,2499,2499,2000,2499,2499,1934,1728,2820,2819,1990,2818,1901,2500,2100,2509,2000,2499,2500,1880,1290,2577,0,0,0,100,0,0,0,100,0,100,0,0,100,0,100,100,0,0,100,100,0,100,9.090909004211426,100,0,0,0,0,0,0,0,0,258391.7147216797,105497.35870361328,0,404334895104,8589930496,66027425792,0
199,1727693256948,1548,2499,2569,1920,2567,1798,2099,2824,2043,2499,2499,2499,2499,2000,2499,2499,1934,1728,2820,2819,1990,2818,1901,2500,2100,2509,2000,2499,2500,1880,1290,2577,0,0,0,100,0,0,0,100,4.761904716491699,100,0,0,100,0,100,100,0,0,100,100,0,100,0,100,0,0,0,0,0,0,0,0,258394.54766845703,105506.6630859375,0,404334895104,8589930496,66027429888,0
199,1727693257148,1548,2499,2569,1920,2567,1798,2099,2824,2043,2499,2499,2499,2499,2000,2499,2499,1934,1728,2820,2819,1990,2818,1901,2500,2100,2509,2000,2499,2500,1880,1290,2577,0,0,0,100,0,0,0,100,0,100,0,0,100,0,100,100,0,0,100,100,0,100,0,100,0,0,0,0,0,0,4.761904716491699,0,258397.39672851563,105515.94360351563,0,404334895104,8589930496,66027577344,0
199,1727693257348,1548,2499,2569,1920,2567,1798,2099,2824,2043,2499,2499,2499,2499,2000,2499,2499,1934,1728,2820,2819,1990,2818,1901,2500,2100,2509,2000,2499,2500,1880,1290,2577,4.761904716491699,0,0,100,0,0,0,100,0,100,0,0,100,0,100,100,0,0,100,100,0,100,0,100,0,0,0,0,0,0,0,0,258400.21551513672,105525.2359008789,0,404334895104,8589930496,66027577344,0
199,1727693257549,1548,2499,2569,1920,2567,1798,2099,2824,2043,2499,2499,2499,2499,2000,2499,2499,1934,1728,2820,2819,1990,2818,1901,2500,2100,2509,2000,2499,2500,1880,1290,2577,4.761904716491699,0,0,100,0,0,0,100,0,100,0,0,100,0,100,100,0,0,100,100,0,100,0,100,0,0,0,0,0,0,0,0,258403.03802490234,105534.55389404297,0,404334895104,8589930496,66027577344,0
199,1727693257749,1548,2499,2569,1920,2567,1798,2099,2824,2043,2499,2499,2499,2499,2000,2499,2499,1934,1728,2820,2819,1990,2818,1901,2500,2100,2509,2000,2499,2500,1880,1290,2577,0,0,0,100,0,0,0,100,0,100,0,0,100,0,100,100,4.761904716491699,0,100,100,0,100,0,100,0,4.761904716491699,0,0,0,0,0,0,258405.86584472656,105543.87377929688,0,404334895104,8589930496,66027319296,0
199,1727693257949,1548,2499,2569,1920,2567,1798,2099,2824,2043,2499,2499,2499,2499,2000,2499,2499,1934,1728,2820,2819,1990,2818,1901,2500,2100,2509,2000,2499,2500,1880,1290,2577,0,0,0,9.523809432983398,0,0,0,100,0,100,0,0,100,0,100,100,0,0,100,100,90,100,5,100,0,0,0,0,0,0,0,0,258408.6826171875,105553.24713134766,0,404334895104,8589930496,66026651648,0
199,1727693258149,1548,2499,2569,1920,2567,1798,2099,2824,2043,2499,2499,2499,2499,2000,2499,2499,1934,1728,2820,2819,1990,2818,1901,2500,2100,2509,2000,2499,2500,1880,1290,2577,0,0,0,9.523809432983398,0,0,0,100,0,100,0,0,100,0,100,100,0,0,100,100,90,100,5,100,0,0,0,0,0,0,0,0,258411.47985839844,105562.56665039063,0,404334895104,8589930496,66026975232,0
199,1727693258349,1548,2499,2569,1920,2567,1798,2099,2824,2043,2499,2499,2499,2499,2000,2499,2499,1934,1728,2820,2819,1990,2818,1901,2500,2100,2509,2000,2499,2500,1880,1290,2577,2.5,0,0,0,0,0,0,100,0,100,0,0,100,0,100,100,0,0,100,100,100,100,0,100,0,0,0,0,0,0,0,0,258414.29528808594,105571.91467285156,0,404334895104,8589930496,66026553344,0
199,1727693258549,1548,2499,2569,1920,2567,1798,2099,2824,2043,2499,2499,2499,2499,2000,2499,2499,1934,1728,2820,2819,1990,2818,1901,2500,2100,2509,2000,2499,2500,1880,1290,2577,0,0,0,0,0,0,0,100,0,100,0,4.761904716491699,100,0,100,100,0,0,100,100,100,100,0,100,0,0,0,0,0,0,0,0,258417.11291503906,105581.25128173828,0,404334895104,8589930496,66026983424,0
199,1727693258749,1548,2499,2569,1920,2567,1798,2099,2824,2043,2499,2499,2499,2499,2000,2499,2499,1934,1728,2820,2819,1990,2818,1901,2500,2100,2509,2000,2499,2500,1880,1290,2577,4.761904716491699,0,0,5,0,4.761904716491699,0,100,4.761904716491699,100,0,0,100,0,100,100,0,15.000000953674316,100,100,100,100,5,100,0,0,10,0,0,5,0,0,258419.91149902344,105590.66864013672,0,404334895104,8589930496,66037604352,0
199,1727693258949,1548,2499,2569,1920,2567,1798,2099,2824,2043,2499,2499,2499,2499,2000,2499,2499,1934,1728,2820,2819,1990,2818,1901,2500,2100,2509,2000,2499,2500,1880,1290,2577,0,0,0,0,0,0,5,100,5,100,0,0,100,0,100,100,0,0,100,100,100,100,23.809524536132813,100,0,0,0,0,0,0,0,0,258422.75231933594,105600.22277832031,0,404334895104,8589930496,65991651328,0
199,1727693259149,1548,2499,2569,1920,2567,1798,2099,2824,2043,2499,2499,2499,2499,2000,2499,2499,1934,1728,2820,2819,1990,2818,1901,2500,2100,2509,2000,2499,2500,1880,1290,2577,0,0,0,0,0,0,5,100,5,100,0,0,100,0,100,100,0,0,100,100,100,100,23.809524536132813,100,0,0,0,0,0,0,0,0,258425.5341796875,105609.53350830078,0,404334895104,8589930496,66026987520,0
199,1727693259349,1548,2499,2569,1920,2567,1798,2099,2824,2043,2499,2499,2499,2499,2000,2499,2499,1934,1728,2820,2819,1990,2818,1901,2500,2100,2509,2000,2499,2500,1880,1290,2577,0,0,0,0,0,0,0,100,0,100,0,0,100,0,100,100,0,0,100,100,100,100,0,100,0,0,0,0,0,0,0,0,258428.3829345703,105618.88409423828,0,404334895104,8589930496,66027061248,0
199,1727693259549,1548,2499,2569,1920,2567,1798,2099,2824,2043,2499,2499,2499,2499,2000,2499,2499,1934,1728,2820,2819,1990,2818,1901,2500,2100,2509,2000,2499,2500,1880,1290,2577,0,0,0,0,0,0,0,100,0,100,0,0,100,0,100,100,0,0,100,100,100,100,0,100,0,0,0,0,0,0,0,0,258431.24151611328,105628.19219970703,0,404334895104,8589930496,66027061248,0
199,1727693259749,1548,2499,2569,1920,2567,1798,2099,2824,2043,2499,2499,2499,2499,2000,2499,2499,1934,1728,2820,2819,1990,2818,1901,2500,2100,2509,2000,2499,2500,1880,1290,2577,5,0,0,0,0,0,0,100,0,100,0,0,100,0,100,100,0,0,100,100,100,100,0,100,0,0,0,0,0,0,0,0,258434.0551147461,105637.52752685547,0,404334895104,8589930496,66027208704,0
199,1727693259949,1548,2499,2569,1920,2567,1798,2099,2824,2043,2499,2499,2499,2499,2000,2499,2499,1934,1728,2820,2819,1990,2818,1901,2500,2100,2509,2000,2499,2500,1880,1290,2577,0,0,0,0,0,0,0,100,0,100,0,0,100,0,100,100,0,0,100,100,100,100,0,100,0,0,0,0,0,0,0,0,258436.8397216797,105646.82995605469,0,404334895104,8589930496,66027208704,0
199,1727693260149,1548,2499,2569,1920,2567,1798,2099,2824,2043,2499,2499,2499,2499,2000,2499,2499,1934,1728,2820,2819,1990,2818,1901,2500,2100,2509,2000,2499,2500,1880,1290,2577,0,0,0,0,0,0,0,100,0,100,0,0,100,0,100,100,0,0,100,100,100,100,0,100,4.761904716491699,0,0,0,0,0,0,0,258439.69299316406,105656.18823242188,0,404334895104,8589930496,66027208704,0
199,1727693260349,1548,2499,2569,1920,2567,1798,2099,2824,2043,2499,2499,2499,2499,2000,2499,2499,1934,1728,2820,2819,1990,2818,1901,2500,2100,2509,2000,2499,2500,1880,1290,2577,0,0,0,0,0,0,0,100,0,100,0,0,100,0,100,100,0,0,100,100,100,100,0,100,0,0,0,0,0,0,0,0,258442.5230102539,105665.57611083984,0,404334895104,8589930496,66026934272,0
199,1727693260549,1548,2499,2569,1920,2567,1798,2099,2824,2043,2499,2499,2499,2499,2000,2499,2499,1934,1728,2820,2819,1990,2818,1901,2500,2100,2509,2000,2499,2500,1880,1290,2577,4.761904716491699,0,0,0,0,0,0,100,0,100,0,0,100,0,100,100,0,0,100,100,100,100,0,100,0,0,0,0,0,0,0,0,258445.35089111328,105674.9443359375,0,404334895104,8589930496,66026987520,0
199,1727693260749,1548,2499,2569,1920,2567,1798,2099,2824,2043,2499,2499,2499,2499,2000,2499,2499,1934,1728,2820,2819,1990,2818,1901,2500,2100,2509,2000,2499,2500,1880,1290,2577,0,0,0,0,0,0,0,100,0,100,0,0,100,0,100,100,0,0,100,100,100,100,0,100,0,0,0,0,0,0,0,0,258448.1400756836,105684.34680175781,0,404334895104,8589930496,66027061248,0
199,1727693260950,1548,2499,2569,1920,2567,1798,2099,2824,2043,2499,2499,2499,2499,2000,2499,2499,1934,1728,2820,2819,1990,2818,1901,2500,2100,2509,2000,2499,2500,1880,1290,2577,4.761904716491699,0,0,0,0,0,0,100,0,100,0,0,100,0,100,100,0,0,100,100,100,100,0,100,0,0,0,0,0,0,0,0,258450.9722290039,105693.75408935547,0,404334895104,8589930496,66027061248,0
199,1727693261150,1548,2499,2569,1920,2567,1798,2099,2824,2043,2499,2499,2499,2499,2000,2499,2499,1934,1728,2820,2819,1990,2818,1901,2500,2100,2509,2000,2499,2500,1880,1290,2577,0,0,0,0,0,0,0,100,0,100,0,0,100,0,100,100,0,0,100,100,100,100,0,100,0,0,0,0,0,0,0,0,258453.81756591797,105703.11706542969,0,404334895104,8589930496,66027208704,0
199,1727693261350,1548,2499,2569,1920,2567,1798,2099,2824,2043,2499,2499,2499,2499,2000,2499,2499,1934,1728,2820,2819,1990,2818,1901,2500,2100,2509,2000,2499,2500,1880,1290,2577,0,0,0,0,0,0,0,100,0,100,0,0,100,0,100,100,0,0,100,100,100,100,0,100,0,0,0,0,0,0,0,0,258456.65838623047,105712.55432128906,0,404334895104,8589930496,66027208704,0
199,1727693261550,1548,2499,2569,1920,2567,1798,2099,2824,2043,2499,2499,2499,2499,2000,2499,2499,1934,1728,2820,2819,1990,2818,1901,2500,2100,2509,2000,2499,2500,1880,1290,2577,0,0,0,0,0,0,0,100,0,100,0,0,100,0,100,100,0,0,100,100,100,100,0,100,0,0,0,0,0,0,0,0,258459.47607421875,105721.87786865234,0,404334895104,8589930496,66027212800,0
199,1727693261750,1548,2499,2569,1920,2567,1798,2099,2824,2043,2499,2499,2499,2499,2000,2499,2499,1934,1728,2820,2819,1990,2818,1901,2500,2100,2509,2000,2499,2500,1880,1290,2577,5,0,0,0,0,0,0,100,0,100,0,4.761904716491699,100,0,100,100,0,0,100,100,100,100,5,100,0,0,0,0,0,9.523809432983398,0,0,258462.29998779297,105731.29968261719,0,404334895104,8589930496,66026520576,0
199,1727693261950,1548,2499,2569,1920,2567,1798,2099,2824,2043,2499,2499,2499,2499,2000,2499,2499,1934,1728,2820,2819,1990,2818,1901,2500,2100,2509,2000,2499,2500,1880,1290,2577,5,0,0,0,0,0,0,100,0,100,0,4.761904716491699,100,0,100,100,0,0,100,100,100,100,5,100,0,0,0,0,0,9.523809432983398,0,0,258465.0948486328,105740.57635498047,0,404334895104,8589930496,66026983424,0
199,1727693262150,1548,2499,2569,1920,2567,1798,2099,2824,2043,2499,2499,2499,2499,2000,2499,2499,1934,1728,2820,2819,1990,2818,1901,2500,2100,2509,2000,2499,2500,1880,1290,2577,0,0,0,0,0,0,0,100,0,100,0,0,100,0,100,100,0,2.5,100,100,100,100,0,100,0,0,0,0,0,0,0,0,258467.90252685547,105749.94482421875,0,404334895104,8589930496,66027057152,0
199,1727693262350,1548,2499,2569,1920,2567,1798,2099,2824,2043,2499,2499,2499,2499,2000,2499,2499,1934,1728,2820,2819,1990,2818,1901,2500,2100,2509,2000,2499,2500,1880,1290,2577,4.761904716491699,0,0,0,0,0,0,100,0,100,0,0,100,0,100,100,0,0,100,100,100,100,0,100,0,0,0,0,0,0,0,0,258470.68408203125,105759.29516601563,0,404334895104,8589930496,66027204608,0
199,1727693262550,1548,2499,2569,1920,2567,1798,2099,2824,2043,2499,2499,2499,2499,2000,2499,2499,1934,1728,2820,2819,1990,2818,1901,2500,2100,2509,2000,2499,2500,1880,1290,2577,0,0,0,0,0,0,0,100,0,100,0,0,100,0,100,100,0,0,100,100,100,100,0,100,0,0,0,0,0,0,0,0,258473.46252441406,105768.6519165039,0,404334895104,8589930496,66027204608,0
199,1727693262750,1548,2499,2569,1920,2567,1798,2099,2824,2043,2499,2499,2499,2499,2000,2499,2499,1934,1728,2820,2819,1990,2818,1901,2500,2100,2509,2000,2499,2500,1880,1290,2577,0,0,0,0,0,0,0,100,0,100,0,0,100,0,100,100,0,0,100,100,100,100,0,100,0,0,0,0,0,0,0,0,258476.22607421875,105777.98999023438,0,404334895104,8589930496,66027204608,0
199,1727693262950,1548,2499,2569,1920,2567,1798,2099,2824,2043,2499,2499,2499,2499,2000,2499,2499,1934,1728,2820,2819,1990,2818,1901,2500,2100,2509,2000,2499,2500,1880,1290,2577,0,0,0,0,0,0,0,100,0,100,0,0,100,0,100,100,0,0,100,100,100,100,0,100,0,0,0,0,0,0,0,0,258479.0054321289,105787.34167480469,0,404334895104,8589930496,66026930176,0
199,1727693263150,1548,2499,2569,1920,2567,1798,2099,2824,2043,2499,2499,2499,2499,2000,2499,2499,1934,1728,2820,2819,1990,2818,1901,2500,2100,2509,2000,2499,2500,1880,1290,2577,0,0,0,0,0,0,0,100,0,100,0,0,100,0,100,100,0,0,100,100,100,100,0,100,0,0,0,0,0,0,0,0,258481.75958251953,105796.65655517578,0,404334895104,8589930496,66026971136,0
199,1727693263350,1548,2499,2569,1920,2567,1798,2099,2824,2043,2499,2499,2499,2499,2000,2499,2499,1934,1728,2820,2819,1990,2818,1901,2500,2100,2509,2000,2499,2500,1880,1290,2577,0,0,0,0,0,0,0,100,0,100,0,0,100,0,100,100,0,0,100,100,100,100,4.761904716491699,100,0,0,0,0,0,0,0,0,258484.54028320313,105805.95910644531,0,404334895104,8589930496,66027044864,0
199,1727693263550,1548,2499,2569,1920,2567,1798,2099,2824,2043,2499,2499,2499,2499,2000,2499,2499,1934,1728,2820,2819,1990,2818,1901,2500,2100,2509,2000,2499,2500,1880,1290,2577,0,0,0,0,0,0,0,100,0,100,0,0,100,0,100,100,0,4.761904716491699,100,100,100,100,0,100,5,0,0,0,0,0,0,0,258487.32891845703,105815.30737304688,0,404334895104,8589930496,66026606592,0
199,1727693263750,1548,2499,2569,1920,2567,1798,2099,2824,2043,2499,2499,2499,2499,2000,2499,2499,1934,1728,2820,2819,1990,2818,1901,2500,2100,2509,2000,2499,2500,1880,1290,2577,0,0,0,0,0,0,0,100,0,100,0,0,100,0,100,100,0,4.761904716491699,100,100,100,100,0,100,5,0,0,0,0,0,0,0,258490.11645507813,105824.62078857422,0,404334895104,8589930496,66026754048,0
199,1727693263950,1548,2499,2569,1920,2567,1798,2099,2824,2043,2499,2499,2499,2499,2000,2499,2499,1934,1728,2820,2819,1990,2818,1901,2500,2100,2509,2000,2499,2500,1880,1290,2577,0,0,0,5,0,0,0,100,0,100,0,0,100,2.5,100,100,2.5,0,100,100,100,100,5.128205299377441,100,0,0,2.5641026496887207,2.5,0,5,0,0,258492.96166992188,105834.14978027344,0,404334895104,8589930496,66027016192,0
199,1727693264150,1548,2499,2569,1920,2567,1798,2099,2824,2043,2499,2499,2499,2499,2000,2499,2499,1934,1728,2820,2819,1990,2818,1901,2500,2100,2509,2000,2499,2500,1880,1290,2577,0,0,0,5,0,0,0,100,0,100,0,0,100,2.5,100,100,2.5,0,100,100,100,100,5.128205299377441,100,0,0,2.5641026496887207,2.5,0,5,0,0,258495.76043701172,105843.45300292969,0,404334895104,8589930496,66027016192,0
199,1727693264351,1548,2499,2569,1920,2567,1798,2099,2824,2043,2499,2499,2499,2499,2000,2499,2499,1934,1728,2820,2819,1990,2818,1901,2500,2100,2509,2000,2499,2500,1880,1290,2577,2.5,0,0,0,0,0,0,100,0,100,0,0,100,0,100,100,0,0,100,100,100,100,0,100,0,0,0,0,0,0,0,0,258498.59014892578,105852.78503417969,0,404334895104,8589930496,66026741760,0
199,1727693264551,1548,2499,2569,1920,2567,1798,2099,2824,2043,2499,2499,2499,2499,2000,2499,2499,1934,1728,2820,2819,1990,2818,1901,2500,2100,2509,2000,2499,2500,1880,1290,2577,0,0,0,0,0,0,0,100,0,100,0,0,100,0,100,100,0,0,100,100,100,100,0,100,0,0,4.761904716491699,0,0,0,0,0,258501.40954589844,105862.1361694336,0,404334895104,8589930496,66026795008,0
199,1727693264751,1548,2499,2569,1920,2567,1798,2099,2824,2043,2499,2499,2499,2499,2000,2499,2499,1934,1728,2820,2819,1990,2818,1901,2500,2100,2509,2000,2499,2500,1880,1290,2577,0,0,0,0,0,0,0,100,0,100,0,0,100,0,100,100,0,0,100,100,100,100,0,100,0,0,0,0,0,0,0,0,258504.2647705078,105871.50231933594,0,404334895104,8589930496,66026868736,0
199,1727693264951,1548,2499,2569,1920,2567,1798,2099,2824,2043,2499,2499,2499,2499,2000,2499,2499,1934,1728,2820,2819,1990,2818,1901,2500,2100,2509,2000,2499,2500,1880,1290,2577,0,0,0,0,0,0,0,100,0,100,0,0,100,0,100,100,0,0,100,100,100,100,0,100,0,0,0,0,0,0,0,0,258507.11193847656,105880.84228515625,0,404334895104,8589930496,66026868736,0
199,1727693265151,1548,2499,2569,1920,2567,1798,2099,2824,2043,2499,2499,2499,2499,2000,2499,2499,1934,1728,2820,2819,1990,2818,1901,2500,2100,2509,2000,2499,2500,1880,1290,2577,4.761904716491699,0,0,0,0,0,0,100,0,100,0,0,100,0,100,100,0,0,100,100,100,100,0,100,0,0,0,0,0,0,0,0,258509.95184326172,105890.15447998047,0,404334895104,8589930496,66027016192,0
199,1727693265351,1548,2499,2569,1920,2567,1798,2099,2824,2043,2499,2499,2499,2499,2000,2499,2499,1934,1728,2820,2819,1990,2818,1901,2500,2100,2509,2000,2499,2500,1880,1290,2577,0,0,0,0,0,0,0,100,0,100,0,0,100,0,100,100,0,0,100,100,100,100,0,100,0,0,4.761904716491699,0,0,0,0,0,258512.75274658203,105899.50799560547,0,404334895104,8589930496,66027016192,0
199,1727693265551,1548,2499,2569,1920,2567,1798,2099,2824,2043,2499,2499,2499,2499,2000,2499,2499,1934,1728,2820,2819,1990,2818,1901,2500,2100,2509,2000,2499,2500,1880,1290,2577,0,0,0,0,0,0,0,100,0,100,0,0,100,0,100,100,0,0,100,100,100,100,0,100,0,0,0,0,0,0,0,0,258515.5732421875,105908.84063720703,0,404334895104,8589930496,65962823680,0
199,1727693265751,1548,2499,2569,1920,2567,1798,2099,2824,2043,2499,2499,2499,2499,2000,2499,2499,1934,1728,2820,2819,1990,2818,1901,2500,2100,2509,2000,2499,2500,1880,1290,2577,0,0,0,0,0,0,0,100,0,100,0,0,100,0,100,100,0,0,100,100,100,100,0,100,0,0,0,4.761904716491699,0,0,0,0,258518.40948486328,105918.17376708984,0,404334895104,8589930496,66026758144,0
199,1727693265951,1548,2499,2569,1920,2567,1798,2099,2824,2043,2499,2499,2499,2499,2000,2499,2499,1934,1728,2820,2819,1990,2818,1901,2500,2100,2509,2000,2499,2500,1880,1290,2577,0,0,0,75,0,0,0,100,0,100,0,0,100,0,100,100,0,0,100,100,21.052631378173828,100,0,100,0,0,0,4.761904716491699,0,0,0,0,258521.1904296875,105927.44921875,0,404334895104,8589930496,66026868736,0
199,1727693266151,1548,2499,2569,1920,2567,1798,2099,2824,2043,2499,2499,2499,2499,2000,2499,2499,1934,1728,2820,2819,1990,2818,1901,2500,2100,2509,2000,2499,2500,1880,1290,2577,0,0,0,100,0,0,0,100,0,100,0,0,100,0,100,100,0,0,100,100,0,100,0,100,0,0,0,0,0,0,0,0,258524.00244140625,105936.79541015625,0,404334895104,8589930496,66026872832,0
199,1727693266351,1548,2499,2569,1920,2567,1798,2099,2824,2043,2499,2499,2499,2499,2000,2499,2499,1934,1728,2820,2819,1990,2818,1901,2500,2100,2509,2000,2499,2500,1880,1290,2577,0,0,0,100,0,0,0,100,0,100,0,0,100,0,100,100,0,0,100,100,0,100,0,100,0,0,0,4.761904716491699,0,0,0,0,258526.77923583984,105946.11737060547,0,404334895104,8589930496,66027020288,0
199,1727693266551,1548,2499,2569,1920,2567,1798,2099,2824,2043,2499,2499,2499,2499,2000,2499,2499,1934,1728,2820,2819,1990,2818,1901,2500,2100,2509,2000,2499,2500,1880,1290,2577,0,0,0,100,0,0,0,100,0,100,0,0,100,0,100,100,0,0,100,100,0,100,0,100,0,0,0,4.761904716491699,0,0,0,0,258529.56372070313,105955.43786621094,0,404334895104,8589930496,66027020288,0
199,1727693266751,1548,2499,2569,1920,2567,1798,2099,2824,2043,2499,2499,2499,2499,2000,2499,2499,1934,1728,2820,2819,1990,2818,1901,2500,2100,2509,2000,2499,2500,1880,1290,2577,0,0,0,100,0,0,0,100,0,100,0,0,100,0,100,100,0,0,100,100,0,100,0,100,0,4.761904716491699,0,0,0,4.761904716491699,0,0,258532.40264892578,105964.75701904297,0,404334895104,8589930496,66027020288,0
199,1727693266951,1548,2499,2569,1920,2567,1798,2099,2824,2043,2499,2499,2499,2499,2000,2499,2499,1934,1728,2820,2819,1990,2818,1901,2500,2100,2509,2000,2499,2500,1880,1290,2577,0,0,0,100,0,0,0,100,0,100,0,0,100,0,100,100,0,0,100,100,0,100,0,100,0,0,0,0,0,0,0,0,258535.26782226563,105974.0786743164,0,404334895104,8589930496,66026745856,0
199,1727693267151,1548,2499,2569,1920,2567,1798,2099,2824,2043,2499,2499,2499,2499,2000,2499,2499,1934,1728,2820,2819,1990,2818,1901,2500,2100,2509,2000,2499,2500,1880,1290,2577,0,0,0,100,0,0,5,100,0,100,0,0,100,0,100,100,0,0,100,100,0,100,0,100,0,0,0,0,0,0,0,0,258538.09765625,105983.35180664063,0,404334895104,8589930496,66026799104,0
199,1727693267352,1548,2499,2569,1920,2567,1798,2099,2824,2043,2499,2499,2499,2499,2000,2499,2499,1934,1728,2820,2819,1990,2818,1901,2500,2100,2509,2000,2499,2500,1880,1290,2577,0,0,0,100,0,0,0,100,0,100,0,0,100,0,100,100,0,0,100,100,0,100,0,100,0,0,0,0,0,0,0,0,258540.87561035156,105992.63446044922,0,404334895104,8589930496,66026872832,0
199,1727693267552,1548,2499,2569,1920,2567,1798,2099,2824,2043,2499,2499,2499,2499,2000,2499,2499,1934,1728,2820,2819,1990,2818,1901,2500,2100,2509,2000,2499,2500,1880,1290,2577,0,0,0,100,0,0,0,100,0,100,0,0,100,0,100,100,0,0,100,100,0,100,0,100,0,0,0,0,0,0,0,0,258543.7201538086,106001.89129638672,0,404334895104,8589930496,66026872832,0
199,1727693267752,1548,2499,2569,1920,2567,1798,2099,2824,2043,2499,2499,2499,2499,2000,2499,2499,1934,1728,2820,2819,1990,2818,1901,2500,2100,2509,2000,2499,2500,1880,1290,2577,0,0,0,100,0,0,0,100,0,100,0,0,100,0,100,100,0,0,100,100,0,100,0,100,0,0,0,0,0,0,0,0,258546.58459472656,106011.15686035156,0,404334895104,8589930496,66027020288,0
199,1727693267952,1548,2499,2569,1920,2567,1798,2099,2824,2043,2499,2499,2499,2499,2000,2499,2499,1934,1728,2820,2819,1990,2818,1901,2500,2100,2509,2000,2499,2500,1880,1290,2577,4.761904716491699,0,0,100,0,0,0,100,0,100,0,0,100,0,100,100,0,0,100,100,0,100,0,100,0,0,0,0,0,0,0,0,258549.43878173828,106020.45709228516,0,404334895104,8589930496,66027020288,0
199,1727693268152,1548,2499,2569,1920,2567,1798,2099,2824,2043,2499,2499,2499,2499,2000,2499,2499,1934,1728,2820,2819,1990,2818,1901,2500,2100,2509,2000,2499,2500,1880,1290,2577,4.761904716491699,0,0,100,0,0,0,100,0,100,0,0,100,0,100,100,0,0,100,100,0,100,0,100,0,0,0,0,0,0,0,0,258552.29125976563,106029.76818847656,0,404334895104,8589930496,66027020288,0
199,1727693268352,1548,2499,2569,1920,2567,1798,2099,2824,2043,2499,2499,2499,2499,2000,2499,2499,1934,1728,2820,2819,1990,2818,1901,2500,2100,2509,2000,2499,2500,1880,1290,2577,2.4390242099761963,0,0,100,0,0,0,100,2.5,100,0,0,100,0,100,100,0,0,100,100,0,100,0,100,2.5,0,0,0,0,0,0,0,258555.15057373047,106039.11700439453,0,404334895104,8589930496,66026749952,0
199,1727693268552,1548,2499,2569,1920,2567,1798,2099,2824,2043,2499,2499,2499,2499,2000,2499,2499,1934,1728,2820,2819,1990,2818,1901,2500,2100,2509,2000,2499,2500,1880,1290,2577,0,0,0,100,0,0,0,100,0,100,0,0,100,0,100,100,0,0,100,100,0,100,0,100,4.761904716491699,0,0,0,0,0,0,0,258558.00604248047,106048.42102050781,0,404334895104,8589930496,66026790912,0
199,1727693268752,1548,2499,2569,1920,2567,1798,2099,2824,2043,2499,2499,2499,2499,2000,2499,2499,1934,1728,2820,2819,1990,2818,1901,2500,2100,2509,2000,2499,2500,1880,1290,2577,4.761904716491699,0,0,100,0,0,0,100,0,100,0,0,100,0,100,100,0,0,100,100,0,100,0,100,0,0,0,0,0,0,0,0,258560.85382080078,106057.7275390625,0,404334895104,8589930496,66026864640,0
199,1727693268952,1548,2499,2569,1920,2567,1798,2099,2824,2043,2499,2499,2499,2499,2000,2499,2499,1934,1728,2820,2819,1990,2818,1901,2500,2100,2509,2000,2499,2500,1880,1290,2577,5,0,5,100,0,4.761904716491699,0,100,4.761904716491699,100,5,0,100,5,100,100,4.761904716491699,9.090909004211426,100,100,5,100,5,100,10.526315689086914,15.000000953674316,15.000000953674316,0,0,10,15.000000953674316,0,258563.70440673828,106067.23150634766,0,404334895104,8589930496,66027044864,0
199,1727693269153,1548,2499,2569,1920,2567,1798,2099,2824,2043,2499,2499,2499,2499,2000,2499,2499,1934,1728,2820,2819,1990,2818,1901,2500,2100,2509,2000,2499,2500,1880,1290,2577,5,0,5,100,0,4.761904716491699,0,100,4.761904716491699,100,5,0,100,5,100,100,4.761904716491699,9.090909004211426,100,100,5,100,5,100,10.526315689086914,15.000000953674316,15.000000953674316,0,0,10,15.000000953674316,0,258566.56903076172,106076.53576660156,0,404334895104,8589930496,66027044864,0
199,1727693269353,1548,2499,2569,1920,2567,1798,2099,2824,2043,2499,2499,2499,2499,2000,2499,2499,1934,1728,2820,2819,1990,2818,1901,2500,2100,2509,2000,2499,2500,1880,1290,2577,0,0,0,68.42105102539063,0,0,0,100,0,100,0,0,100,0,100,100,0,0,100,100,33.333335876464844,100,0,100,0,0,0,0,0,0,0,0,258569.45330810547,106085.8617553711,0,404334895104,8589930496,66027044864,0
199,1727693269553,1548,2499,2569,1920,2567,1798,2099,2824,2043,2499,2499,2499,2499,2000,2499,2499,1934,1728,2820,2819,1990,2818,1901,2500,2100,2509,2000,2499,2500,1880,1290,2577,0,0,0,0,0,0,0,100,0,100,0,0,100,0,100,100,0,0,100,100,100,100,0,100,0,0,0,0,0,0,0,0,258572.3250732422,106095.17626953125,0,404334895104,8589930496,66007990272,0
199,1727693269753,1548,2499,2569,1920,2567,1798,2099,2824,2043,2499,2499,2499,2499,2000,2499,2499,1934,1728,2820,2819,1990,2818,1901,2500,2100,2509,2000,2499,2500,1880,1290,2577,0,0,0,0,0,0,0,100,0,100,0,0,100,0,100,100,0,0,100,100,100,100,0,100,0,0,0,0,0,0,0,0,258575.13665771484,106104.52630615234,0,404334895104,8589930496,66026823680,0
199,1727693269953,1548,2499,2569,1920,2567,1798,2099,2824,2043,2499,2499,2499,2499,2000,2499,2499,1934,1728,2820,2819,1990,2818,1901,2500,2100,2509,2000,2499,2500,1880,1290,2577,0,0,0,0,0,0,0,100,0,100,0,0,100,0,100,100,0,0,100,100,100,100,0,100,0,0,0,0,0,0,0,0,258577.9412841797,106113.86328125,0,404334895104,8589930496,66026897408,0
199,1727693270153,1548,2499,2569,1920,2567,1798,2099,2824,2043,2499,2499,2499,2499,2000,2499,2499,1934,1728,2820,2819,1990,2818,1901,2500,2100,2509,2000,2499,2500,1880,1290,2577,0,0,0,0,0,0,0,100,0,100,0,0,100,0,100,100,0,0,100,100,100,100,0,100,0,0,0,0,0,0,0,0,258580.8016357422,106123.09967041016,0,404334895104,8589930496,66026897408,0
199,1727693270353,1548,2499,2569,1920,2567,1798,2099,2824,2043,2499,2499,2499,2499,2000,2499,2499,1934,1728,2820,2819,1990,2818,1901,2500,2100,2509,2000,2499,2500,1880,1290,2577,0,0,0,0,0,0,0,100,0,100,0,0,100,0,100,100,0,0,100,100,100,100,0,100,0,0,0,0,0,0,0,0,258583.59075927734,106132.44915771484,0,404334895104,8589930496,66027044864,0
199,1727693270553,1548,2499,2569,1920,2567,1798,2099,2824,2043,2499,2499,2499,2499,2000,2499,2499,1934,1728,2820,2819,1990,2818,1901,2500,2100,2509,2000,2499,2500,1880,1290,2577,0,0,0,0,0,0,0,100,0,100,0,0,100,0,100,100,0,0,100,100,100,100,0,100,0,0,0,0,0,0,0,0,258586.3936767578,106141.76184082031,0,404334895104,8589930496,66027044864,0
199,1727693270754,1548,2499,2569,1920,2567,1798,2099,2824,2043,2499,2499,2499,2499,2000,2499,2499,1934,1728,2820,2819,1990,2818,1901,2500,2100,2509,2000,2499,2500,1880,1290,2577,0,0,0,0,0,0,0,100,0,100,0,0,100,0,100,100,0,0,100,100,100,100,0,100,4.761904716491699,0,0,0,0,0,0,0,258589.2049560547,106151.0640258789,0,404334895104,8589930496,66027048960,0
199,1727693270954,1548,2499,2569,1920,2567,1798,2099,2824,2043,2499,2499,2499,2499,2000,2499,2499,1934,1728,2820,2819,1990,2818,1901,2500,2100,2509,2000,2499,2500,1880,1290,2577,0,0,0,0,0,0,0,100,0,100,0,0,100,0,100,100,0,0,100,100,100,100,0,100,0,0,0,0,0,0,0,0,258592.0181274414,106160.35510253906,0,404334895104,8589930496,66026774528,0
199,1727693271154,1548,2499,2569,1920,2567,1798,2099,2824,2043,2499,2499,2499,2499,2000,2499,2499,1934,1728,2820,2819,1990,2818,1901,2500,2100,2509,2000,2499,2500,1880,1290,2577,0,0,0,0,0,0,0,100,0,100,0,0,100,0,100,100,0,0,100,100,100,100,0,100,0,0,0,0,0,0,0,0,258594.81567382813,106169.65264892578,0,404334895104,8589930496,66026827776,0
199,1727693271354,1548,2499,2569,1920,2567,1798,2099,2824,2043,2499,2499,2499,2499,2000,2499,2499,1934,1728,2820,2819,1990,2818,1901,2500,2100,2509,2000,2499,2500,1880,1290,2577,0,0,0,0,0,0,0,100,0,100,0,0,100,0,100,100,0,0,100,100,100,100,0,100,0,0,0,0,0,0,0,0,258597.65478515625,106178.94158935547,0,404334895104,8589930496,66026901504,0
199,1727693271554,1548,2499,2569,1920,2567,1798,2099,2824,2043,2499,2499,2499,2499,2000,2499,2499,1934,1728,2820,2819,1990,2818,1901,2500,2100,2509,2000,2499,2500,1880,1290,2577,4.761904716491699,0,0,0,0,0,0,100,0,100,0,0,100,0,100,100,0,0,100,100,100,100,0,100,0,0,0,0,0,0,0,0,258600.48193359375,106188.23278808594,0,404334895104,8589930496,66026901504,0
199,1727693271754,1548,2499,2569,1920,2567,1798,2099,2824,2043,2499,2499,2499,2499,2000,2499,2499,1934,1728,2820,2819,1990,2818,1901,2500,2100,2509,2000,2499,2500,1880,1290,2577,0,0,0,0,0,0,0,100,0,100,0,0,100,0,100,100,0,0,100,100,100,100,0,100,0,0,0,0,0,0,0,0,258603.29376220703,106197.49377441406,0,404334895104,8589930496,66027048960,0
199,1727693271954,1548,2499,2569,1920,2567,1798,2099,2824,2043,2499,2499,2499,2499,2000,2499,2499,1934,1728,2820,2819,1990,2818,1901,2500,2100,2509,2000,2499,2500,1880,1290,2577,0,0,0,0,0,0,0,100,0,100,0,0,100,0,100,100,0,0,100,100,100,100,0,100,0,0,0,0,0,0,0,0,258606.1030883789,106206.80181884766,0,404334895104,8589930496,66027048960,0
199,1727693272154,1548,2499,2569,1920,2567,1798,2099,2824,2043,2499,2499,2499,2499,2000,2499,2499,1934,1728,2820,2819,1990,2818,1901,2500,2100,2509,2000,2499,2500,1880,1290,2577,0,0,0,0,0,0,0,100,0,100,0,4.761904716491699,100,0,100,100,0,0,100,100,100,100,0,100,0,0,0,0,0,0,0,0,258608.91290283203,106216.12536621094,0,404334895104,8589930496,66027048960,0
199,1727693272355,1548,2499,2569,1920,2567,1798,2099,2824,2043,2499,2499,2499,2499,2000,2499,2499,1934,1728,2820,2819,1990,2818,1901,2500,2100,2509,2000,2499,2500,1880,1290,2577,0,0,0,0,0,0,0,100,0,100,0,0,100,0,100,100,0,0,100,100,100,100,0,100,0,0,0,0,0,0,0,0,258611.71453857422,106225.4384765625,0,404334895104,8589930496,66026790912,0
199,1727693272555,1548,2499,2569,1920,2567,1798,2099,2824,2043,2499,2499,2499,2499,2000,2499,2499,1934,1728,2820,2819,1990,2818,1901,2500,2100,2509,2000,2499,2500,1880,1290,2577,0,0,0,0,0,0,0,100,0,100,0,0,100,0,100,100,0,0,100,100,100,100,0,100,0,0,0,0,0,5,0,0,258614.54663085938,106234.67883300781,0,404334895104,8589930496,66026827776,0
199,1727693272755,1548,2499,2569,1920,2567,1798,2099,2824,2043,2499,2499,2499,2499,2000,2499,2499,1934,1728,2820,2819,1990,2818,1901,2500,2100,2509,2000,2499,2500,1880,1290,2577,0,0,0,0,0,0,0,100,0,100,0,0,100,0,100,100,0,0,100,100,100,100,0,100,0,0,0,0,0,0,0,0,258617.30853271484,106244.02545166016,0,404334895104,8589930496,66026901504,0
199,1727693272955,1548,2499,2569,1920,2567,1798,2099,2824,2043,2499,2499,2499,2499,2000,2499,2499,1934,1728,2820,2819,1990,2818,1901,2500,2100,2509,2000,2499,2500,1880,1290,2577,0,0,0,0,0,0,0,100,0,100,0,0,100,0,100,100,0,0,100,100,100,100,0,100,0,0,0,0,0,4.761904716491699,0,0,258620.0712890625,106253.3540649414,0,404334895104,8589930496,66027048960,0
199,1727693273155,1548,2499,2569,1920,2567,1798,2099,2824,2043,2499,2499,2499,2499,2000,2499,2499,1934,1728,2820,2819,1990,2818,1901,2500,2100,2509,2000,2499,2500,1880,1290,2577,0,0,0,0,0,0,0,100,0,100,0,0,100,0,100,100,0,0,100,100,100,100,0,100,0,0,0,0,0,4.761904716491699,0,0,258622.8634033203,106262.63739013672,0,404334895104,8589930496,66027053056,0
199,1727693273355,1548,2499,2569,1920,2567,1798,2099,2824,2043,2499,2499,2499,2499,2000,2499,2499,1934,1728,2820,2819,1990,2818,1901,2500,2100,2509,2000,2499,2500,1880,1290,2577,0,0,0,0,0,0,0,100,0,100,0,0,100,0,100,100,0,0,100,100,100,100,0,100,0,0,0,0,0,0,0,0,258625.66314697266,106271.9037475586,0,404334895104,8589930496,66027036672,0
199,1727693273555,1548,2499,2569,1920,2567,1798,2099,2824,2043,2499,2499,2499,2499,2000,2499,2499,1934,1728,2820,2819,1990,2818,1901,2500,2100,2509,2000,2499,2500,1880,1290,2577,0,0,0,0,0,0,0,100,0,100,0,0,100,0,100,100,0,0,100,100,100,100,0,100,0,0,0,0,0,4.761904716491699,0,0,258628.44915771484,106281.20404052734,0,404334895104,8589930496,66026762240,0
199,1727693273755,1548,2499,2569,1920,2567,1798,2099,2824,2043,2499,2499,2499,2499,2000,2499,2499,1934,1728,2820,2819,1990,2818,1901,2500,2100,2509,2000,2499,2500,1880,1290,2577,0,0,0,0,0,0,0,100,0,100,0,0,100,0,100,100,0,0,100,100,100,100,0,100,4.761904716491699,0,0,0,0,0,0,0,258631.2427368164,106290.4995727539,0,404334895104,8589930496,66026815488,0
199,1727693273955,1548,2499,2569,1920,2567,1798,2099,2824,2043,2499,2499,2499,2499,2000,2499,2499,1934,1728,2820,2819,1990,2818,1901,2500,2100,2509,2000,2499,2500,1880,1290,2577,0,0,0,0,0,0,0,100,0,100,0,0,100,0,100,100,0,0,100,100,100,100,0,100,4.761904716491699,0,0,0,0,0,0,0,258634.01251220703,106299.85467529297,0,404334895104,8589930496,66026930176,0
199,1727693274156,1548,2499,2569,1920,2567,1798,2099,2824,2043,2499,2499,2499,2499,2000,2499,2499,1934,1728,2820,2819,1990,2818,1901,2500,2100,2509,2000,2499,2500,1880,1290,2577,2.4390242099761963,0,0,2.5,0,2.5,9.756096839904785,100,0,100,0,0,100,4.878048419952393,100,100,2.5,2.4390242099761963,100,100,100,100,2.5,100,0,0,0,0,0,2.5641026496887207,0,0,258636.8035888672,106309.19525146484,0,404334895104,8589930496,66026930176,0
199,1727693274356,1548,2499,2569,1920,2567,1798,2099,2824,2043,2499,2499,2499,2499,2000,2499,2499,1934,1728,2820,2819,1990,2818,1901,2500,2100,2509,2000,2499,2500,1880,1290,2577,2.4390242099761963,0,0,2.5,0,2.5,9.756096839904785,100,0,100,0,0,100,4.878048419952393,100,100,2.5,2.4390242099761963,100,100,100,100,2.5,100,0,0,0,0,0,2.5641026496887207,0,0,258639.56707763672,106318.43896484375,0,404334895104,8589930496,66027077632,0
199,1727693274556,1548,2499,2569,1920,2567,1798,2099,2824,2043,2499,2499,2499,2499,2000,2499,2499,1934,1728,2820,2819,1990,2818,1901,2500,2100,2509,2000,2499,2500,1880,1290,2577,0,0,0,0,0,0,0,100,0,100,0,0,100,0,100,100,0,0,100,100,100,100,0,100,0,0,0,0,0,0,0,0,258642.3491821289,106327.798828125,0,404334895104,8589930496,66027077632,0
199,1727693274756,1548,2499,2569,1920,2567,1798,2099,2824,2043,2499,2499,2499,2499,2000,2499,2499,1934,1728,2820,2819,1990,2818,1901,2500,2100,2509,2000,2499,2500,1880,1290,2577,4.761904716491699,0,0,0,0,0,0,100,0,100,0,0,100,0,100,100,0,0,100,100,100,100,0,100,0,0,0,0,0,0,0,0,258645.1563720703,106337.1265258789,0,404334895104,8589930496,66027077632,0
199,1727693274956,1548,2499,2569,1920,2567,1798,2099,2824,2043,2499,2499,2499,2499,2000,2499,2499,1934,1728,2820,2819,1990,2818,1901,2500,2100,2509,2000,2499,2500,1880,1290,2577,0,0,0,0,0,0,0,100,0,100,0,0,100,0,100,100,0,0,100,100,100,100,0,100,0,0,0,0,0,0,0,0,258647.95806884766,106346.46435546875,0,404334895104,8589930496,66026819584,0
199,1727693275156,1548,2499,2569,1920,2567,1798,2099,2824,2043,2499,2499,2499,2499,2000,2499,2499,1934,1728,2820,2819,1990,2818,1901,2500,2100,2509,2000,2499,2500,1880,1290,2577,0,0,0,0,0,0,0,100,0,100,0,0,100,0,100,100,0,0,100,100,100,100,0,100,0,0,0,0,0,0,0,0,258650.7374267578,106355.78192138672,0,404334895104,8589930496,66026856448,0
199,1727693275356,1548,2499,2569,1920,2567,1798,2099,2824,2043,2499,2499,2499,2499,2000,2499,2499,1934,1728,2820,2819,1990,2818,1901,2500,2100,2509,2000,2499,2500,1880,1290,2577,0,0,0,0,0,0,0,100,0,100,0,0,100,0,100,100,0,0,100,100,100,100,0,100,0,0,0,0,0,0,0,0,258653.51104736328,106365.17022705078,0,404334895104,8589930496,66026934272,0
199,1727693275556,1548,2499,2569,1920,2567,1798,2099,2824,2043,2499,2499,2499,2499,2000,2499,2499,1934,1728,2820,2819,1990,2818,1901,2500,2100,2509,2000,2499,2500,1880,1290,2577,0,0,0,0,0,4.761904716491699,0,100,0,100,0,0,100,0,100,100,0,0,100,100,100,100,0,100,0,0,0,0,0,0,0,0,258656.28118896484,106374.48706054688,0,404334895104,8589930496,66027081728,0
199,1727693275757,1548,2499,2569,1920,2567,1798,2099,2824,2043,2499,2499,2499,2499,2000,2499,2499,1934,1728,2820,2819,1990,2818,1901,2500,2100,2509,2000,2499,2500,1880,1290,2577,0,0,0,0,0,0,0,100,0,100,0,0,100,0,100,100,0,0,100,100,100,100,0,100,0,0,0,0,0,0,0,0,258659.07232666016,106383.79864501953,0,404334895104,8589930496,66027081728,0
199,1727693275957,1548,2499,2569,1920,2567,1798,2099,2824,2043,2499,2499,2499,2499,2000,2499,2499,1934,1728,2820,2819,1990,2818,1901,2500,2100,2509,2000,2499,2500,1880,1290,2577,0,0,0,0,0,0,0,100,0,100,0,0,100,0,100,100,0,0,100,100,100,100,0,100,0,0,0,0,0,0,0,0,258661.85998535156,106393.109375,0,404334895104,8589930496,66027081728,0
199,1727693276157,1548,2499,2569,1920,2567,1798,2099,2824,2043,2499,2499,2499,2499,2000,2499,2499,1934,1728,2820,2819,1990,2818,1901,2500,2100,2509,2000,2499,2500,1880,1290,2577,0,0,0,0,0,0,0,100,0,100,0,0,100,0,100,100,0,0,100,100,100,100,0,100,0,0,0,0,0,0,0,0,258664.65771484375,106402.48461914063,0,404334895104,8589930496,65994788864,0
199,1727693276357,1548,2499,2569,1920,2567,1798,2099,2824,2043,2499,2499,2499,2499,2000,2499,2499,1934,1728,2820,2819,1990,2818,1901,2500,2100,2509,2000,2499,2500,1880,1290,2577,0,0,0,0,0,0,0,100,0,100,0,0,100,0,100,100,0,0,100,100,100,100,0,100,0,0,0,0,0,0,0,0,258667.5278930664,106411.83380126953,0,404334895104,8589930496,66026868736,0
199,1727693276557,1548,2499,2569,1920,2567,1798,2099,2824,2043,2499,2499,2499,2499,2000,2499,2499,1934,1728,2820,2819,1990,2818,1901,2500,2100,2509,2000,2499,2500,1880,1290,2577,0,0,0,0,0,0,0,100,0,100,0,0,100,0,100,100,0,0,100,100,100,100,0,100,0,0,0,0,0,0,0,0,258670.32373046875,106421.1441040039,0,404334895104,8589930496,66027257856,0
199,1727693276757,1548,2499,2569,1920,2567,1798,2099,2824,2043,2499,2499,2499,2499,2000,2499,2499,1934,1728,2820,2819,1990,2818,1901,2500,2100,2509,2000,2499,2500,1880,1290,2577,2.5,0,0,0,2.5,0,0,100,0,100,0,0,100,0,100,100,0,0,100,100,100,100,4.878048419952393,100,0,2.4390242099761963,2.4390242099761963,0,0,0,2.4390242099761963,2.5,258673.13537597656,106430.45556640625,0,404334895104,8589930496,66027134976,0
199,1727693276957,1548,2499,2569,1920,2567,1798,2099,2824,2043,2499,2499,2499,2499,2000,2499,2499,1934,1728,2820,2819,1990,2818,1901,2500,2100,2509,2000,2499,2500,1880,1290,2577,2.5,0,0,0,2.5,0,0,100,0,100,0,0,100,0,100,100,0,0,100,100,100,100,4.878048419952393,100,0,2.4390242099761963,2.4390242099761963,0,0,0,2.4390242099761963,2.5,258675.9351196289,106439.7485961914,0,404334895104,8589930496,66027282432,0
199,1727693277157,1548,2499,2569,1920,2567,1798,2099,2824,2043,2499,2499,2499,2499,2000,2499,2499,1934,1728,2820,2819,1990,2818,1901,2500,2100,2509,2000,2499,2500,1880,1290,2577,0,0,0,0,0,0,0,100,0,100,0,0,100,0,100,100,0,0,100,100,100,100,0,100,0,0,0,0,0,0,0,0,258678.74493408203,106449.0453491211,0,404334895104,8589930496,66027282432,0
199,1727693277357,1548,2499,2569,1920,2567,1798,2099,2824,2043,2499,2499,2499,2499,2000,2499,2499,1934,1728,2820,2819,1990,2818,1901,2500,2100,2509,2000,2499,2500,1880,1290,2577,0,0,0,0,0,0,0,100,0,100,0,0,100,0,100,100,0,0,100,100,100,100,0,100,0,0,0,0,0,0,0,0,258681.53936767578,106458.36828613281,0,404334895104,8589930496,66027282432,0
199,1727693277558,1548,2499,2569,1920,2567,1798,2099,2824,2043,2499,2499,2499,2499,2000,2499,2499,1934,1728,2820,2819,1990,2818,1901,2500,2100,2509,2000,2499,2500,1880,1290,2577,0,0,4.761904716491699,0,0,0,0,100,0,100,0,0,100,0,100,100,0,0,100,100,100,100,0,100,0,0,0,0,0,0,0,0,258684.34204101563,106467.66540527344,0,404334895104,8589930496,66027008000,0
199,1727693277758,1548,2499,2569,1920,2567,1798,2099,2824,2043,2499,2499,2499,2499,2000,2499,2499,1934,1728,2820,2819,1990,2818,1901,2500,2100,2509,2000,2499,2500,1880,1290,2577,0,0,0,0,0,0,0,100,0,100,0,0,100,0,100,100,0,0,100,100,100,100,0,100,0,0,0,0,0,0,0,0,258687.19702148438,106476.97833251953,0,404334895104,8589930496,66027065344,0
199,1727693277958,1548,2499,2569,1920,2567,1798,2099,2824,2043,2499,2499,2499,2499,2000,2499,2499,1934,1728,2820,2819,1990,2818,1901,2500,2100,2509,2000,2499,2500,1880,1290,2577,0,0,0,0,0,0,0,5.263157844543457,0,100,0,0,100,0,100,100,0,0,100,100,100,100,0,100,0,95,0,0,0,0,0,0,258689.9815673828,106486.34533691406,0,404334895104,8589930496,66027225088,0
199,1727693278158,1548,2499,2569,1920,2567,1798,2099,2824,2043,2499,2499,2499,2499,2000,2499,2499,1934,1728,2820,2819,1990,2818,1901,2500,2100,2509,2000,2499,2500,1880,1290,2577,0,0,0,0,0,0,0,5.263157844543457,0,100,0,0,100,0,100,100,0,0,100,100,100,100,0,100,0,95,0,0,0,0,0,0,258692.74346923828,106495.62884521484,0,404334895104,8589930496,66027225088,0
199,1727693278358,1548,2499,2569,1920,2567,1798,2099,2824,2043,2499,2499,2499,2499,2000,2499,2499,1934,1728,2820,2819,1990,2818,1901,2500,2100,2509,2000,2499,2500,1880,1290,2577,0,0,0,0,0,0,0,0,0,100,0,0,100,0,100,100,0,0,100,100,100,100,0,100,0,100,0,0,0,0,0,0,258695.58135986328,106505.02532958984,0,404334895104,8589930496,66027360256,0
199,1727693278558,1548,2499,2569,1920,2567,1798,2099,2824,2043,2499,2499,2499,2499,2000,2499,2499,1934,1728,2820,2819,1990,2818,1901,2500,2100,2509,2000,2499,2500,1880,1290,2577,0,0,0,0,0,0,0,0,0,100,0,0,100,0,100,100,0,0,100,100,100,100,0,100,0,100,0,0,0,0,0,0,258698.37005615234,106514.328125,0,404334895104,8589930496,66027360256,0
199,1727693278758,1548,2499,2569,1920,2567,1798,2099,2824,2043,2499,2499,2499,2499,2000,2499,2499,1934,1728,2820,2819,1990,2818,1901,2500,2100,2509,2000,2499,2500,1880,1290,2577,0,0,0,0,0,0,0,0,0,100,0,0,100,0,100,100,0,0,100,100,100,100,0,100,0,100,0,0,0,0,0,0,258701.16564941406,106523.65576171875,0,404334895104,8589930496,66027360256,0
199,1727693278958,1548,2499,2569,1920,2567,1798,2099,2824,2043,2499,2499,2499,2499,2000,2499,2499,1934,1728,2820,2819,1990,2818,1901,2500,2100,2509,2000,2499,2500,1880,1290,2577,5,0,0,9.523809432983398,0,0,4.761904716491699,0,0,100,0,0,100,0,100,100,0,0,100,100,100,100,5.263157844543457,100,4.761904716491699,100,5.263157844543457,0,0,9.523809432983398,0,0,258704.01568603516,106533.08624267578,0,404334895104,8589930496,66035138560,0
199,1727693279158,1548,2499,2569,1920,2567,1798,2099,2824,2043,2499,2499,2499,2499,2000,2499,2499,1934,1728,2820,2819,1990,2818,1901,2500,2100,2509,2000,2499,2500,1880,1290,2577,5,28.571430206298828,0,0,0,5,10,0,5,100,0,5,100,5,100,100,5,5,100,100,100,100,5,100,5,100,5,0,0,5,0,0,258706.89483642578,106542.64758300781,0,404334895104,8589930496,66027331584,0
199,1727693279359,1548,2499,2569,1920,2567,1798,2099,2824,2043,2499,2499,2499,2499,2000,2499,2499,1934,1728,2820,2819,1990,2818,1901,2500,2100,2509,2000,2499,2500,1880,1290,2577,5,28.571430206298828,0,0,0,5,10,0,5,100,0,5,100,5,100,100,5,5,100,100,100,100,5,100,5,100,5,0,0,5,0,0,258709.669921875,106551.94055175781,0,404334895104,8589930496,66027405312,0
199,1727693279559,1548,2499,2569,1920,2567,1798,2099,2824,2043,2499,2499,2499,2499,2000,2499,2499,1934,1728,2820,2819,1990,2818,1901,2500,2100,2509,2000,2499,2500,1880,1290,2577,0,0,0,0,0,0,0,0,0,100,0,0,100,0,100,100,0,0,100,100,100,100,0,100,0,100,0,0,0,2.4390242099761963,0,0,258712.47412109375,106561.26837158203,0,404334895104,8589930496,66027552768,0
199,1727693279759,1548,2499,2569,1920,2567,1798,2099,2824,2043,2499,2499,2499,2499,2000,2499,2499,1934,1728,2820,2819,1990,2818,1901,2500,2100,2509,2000,2499,2500,1880,1290,2577,0,0,0,0,0,0,0,0,0,100,0,0,100,0,100,100,0,0,100,100,100,100,0,100,0,100,0,0,0,0,0,0,258715.2713623047,106570.54998779297,0,404334895104,8589930496,66027552768,0
199,1727693279959,1548,2499,2569,1920,2567,1798,2099,2824,2043,2499,2499,2499,2499,2000,2499,2499,1934,1728,2820,2819,1990,2818,1901,2500,2100,2509,2000,2499,2500,1880,1290,2577,0,0,0,0,0,0,0,0,0,100,4.761904716491699,0,100,0,100,100,0,0,100,100,100,100,0,100,0,100,0,0,0,0,0,0,258718.0645751953,106579.89031982422,0,404334895104,8589930496,66027556864,0
199,1727693280159,1548,2499,2569,1920,2567,1798,2099,2824,2043,2499,2499,2499,2499,2000,2499,2499,1934,1728,2820,2819,1990,2818,1901,2500,2100,2509,2000,2499,2500,1880,1290,2577,0,0,0,0,0,0,0,0,0,100,0,0,100,0,100,100,0,0,100,100,100,100,0,100,0,100,0,0,0,4.761904716491699,0,0,258720.8712158203,106589.21374511719,0,404334895104,8589930496,66027282432,0
199,1727693280359,1548,2499,2569,1920,2567,1798,2099,2824,2043,2499,2499,2499,2499,2000,2499,2499,1934,1728,2820,2819,1990,2818,1901,2500,2100,2509,2000,2499,2500,1880,1290,2577,0,0,0,0,0,0,0,0,0,100,0,0,100,0,100,100,0,0,100,100,100,100,0,100,0,100,0,0,0,0,0,0,258723.68756103516,106598.5083618164,0,404334895104,8589930496,66027335680,0
199,1727693280559,1548,2499,2569,1920,2567,1798,2099,2824,2043,2499,2499,2499,2499,2000,2499,2499,1934,1728,2820,2819,1990,2818,1901,2500,2100,2509,2000,2499,2500,1880,1290,2577,0,0,0,0,0,0,0,0,0,100,0,0,100,0,100,100,0,0,100,100,100,100,0,100,0,100,0,0,0,0,0,0,258726.4989013672,106607.79852294922,0,404334895104,8589930496,66027409408,0
199,1727693280760,1548,2499,2569,1920,2567,1798,2099,2824,2043,2499,2499,2499,2499,2000,2499,2499,1934,1728,2820,2819,1990,2818,1901,2500,2100,2509,2000,2499,2500,1880,1290,2577,0,0,0,0,0,0,0,0,0,100,0,0,100,0,100,100,0,0,100,100,100,100,0,100,0,100,0,0,0,0,0,0,258729.2689819336,106617.1044921875,0,404334895104,8589930496,66027438080,0
199,1727693280960,1548,2499,2569,1920,2567,1798,2099,2824,2043,2499,2499,2499,2499,2000,2499,2499,1934,1728,2820,2819,1990,2818,1901,2500,2100,2509,2000,2499,2500,1880,1290,2577,4.761904716491699,0,0,0,0,0,0,0,0,100,0,0,100,0,100,100,0,0,100,100,100,100,0,100,0,100,0,0,0,0,0,0,258732.0580444336,106626.38647460938,0,404334895104,8589930496,66027585536,0
199,1727693281160,1548,2499,2569,1920,2567,1798,2099,2824,2043,2499,2499,2499,2499,2000,2499,2499,1934,1728,2820,2819,1990,2818,1901,2500,2100,2509,2000,2499,2500,1880,1290,2577,0,0,0,31.57894515991211,0,0,0,0,0,100,0,0,100,0,100,100,0,0,100,100,68.42105102539063,100,0,100,0,100,0,5,0,0,0,0,258734.84442138672,106635.65106201172,0,404334895104,8589930496,66027585536,0
199,1727693281360,1548,2499,2569,1920,2567,1798,2099,2824,2043,2499,2499,2499,2499,2000,2499,2499,1934,1728,2820,2819,1990,2818,1901,2500,2100,2509,2000,2499,2500,1880,1290,2577,0,0,0,100,0,0,0,0,0,100,0,0,100,0,100,100,0,0,100,100,0,100,0,100,0,100,0,0,0,0,0,0,258737.64697265625,106644.93701171875,0,404334895104,8589930496,66027585536,0
199,1727693281560,1548,2499,2569,1920,2567,1798,2099,2824,2043,2499,2499,2499,2499,2000,2499,2499,1934,1728,2820,2819,1990,2818,1901,2500,2100,2509,2000,2499,2500,1880,1290,2577,0,0,0,100,0,0,0,0,0,100,0,0,100,0,100,100,0,0,100,100,0,100,0,100,0,100,0,0,0,0,4.761904716491699,0,258740.44317626953,106654.24865722656,0,404334895104,8589930496,66027327488,0
199,1727693281760,1548,2499,2569,1920,2567,1798,2099,2824,2043,2499,2499,2499,2499,2000,2499,2499,1934,1728,2820,2819,1990,2818,1901,2500,2100,2509,2000,2499,2500,1880,1290,2577,0,0,0,100,0,0,0,0,0,100,0,0,100,0,100,100,0,0,100,100,0,100,0,100,0,100,0,0,0,0,0,0,258743.248046875,106663.57373046875,0,404334895104,8589930496,66027364352,0
199,1727693281960,1548,2499,2569,1920,2567,1798,2099,2824,2043,2499,2499,2499,2499,2000,2499,2499,1934,1728,2820,2819,1990,2818,1901,2500,2100,2509,2000,2499,2500,1880,1290,2577,4.761904716491699,0,0,100,0,0,0,0,0,100,0,4.761904716491699,100,0,100,100,0,0,100,100,0,100,0,100,0,100,0,0,0,0,0,0,258746.00610351563,106672.8994140625,0,404334895104,8589930496,66027438080,0
199,1727693282160,1548,2499,2569,1920,2567,1798,2099,2824,2043,2499,2499,2499,2499,2000,2499,2499,1934,1728,2820,2819,1990,2818,1901,2500,2100,2509,2000,2499,2500,1880,1290,2577,0,0,0,100,0,0,0,0,0,100,0,0,100,0,100,100,0,0,100,100,0,100,0,100,0,100,0,0,0,0,0,0,258748.76885986328,106682.20343017578,0,404334895104,8589930496,66027585536,0
199,1727693282361,1548,2499,2569,1920,2567,1798,2099,2824,2043,2499,2499,2499,2499,2000,2499,2499,1934,1728,2820,2819,1990,2818,1901,2500,2100,2509,2000,2499,2500,1880,1290,2577,0,0,0,100,0,0,0,0,0,100,0,0,100,0,100,100,0,0,100,100,0,100,0,100,0,100,0,0,0,0,0,0,258751.51983642578,106691.51177978516,0,404334895104,8589930496,66027589632,0
199,1727693282561,1548,2499,2569,1920,2567,1798,2099,2824,2043,2499,2499,2499,2499,2000,2499,2499,1934,1728,2820,2819,1990,2818,1901,2500,2100,2509,2000,2499,2500,1880,1290,2577,0,0,0,100,0,0,0,0,0,100,0,0,100,0,100,100,0,0,100,100,0,100,0,100,0,100,0,0,0,0,0,0,258754.25170898438,106700.8364868164,0,404334895104,8589930496,66027589632,0
199,1727693282761,1548,2499,2569,1920,2567,1798,2099,2824,2043,2499,2499,2499,2499,2000,2499,2499,1934,1728,2820,2819,1990,2818,1901,2500,2100,2509,2000,2499,2500,1880,1290,2577,0,45,0,100,0,0,0,0,0,55,0,0,100,0,100,100,0,0,100,100,0,100,0,100,0,100,0,0,0,0,0,0,258757.01049804688,106710.20245361328,0,404334895104,8589930496,66027315200,0
199,1727693282961,1548,2499,2569,1920,2567,1798,2099,2824,2043,2499,2499,2499,2499,2000,2499,2499,1934,1728,2820,2819,1990,2818,1901,2500,2100,2509,2000,2499,2500,1880,1290,2577,0,100,0,100,0,0,0,0,0,0,0,0,100,0,100,100,0,0,100,100,0,100,0,100,0,100,0,0,0,0,0,0,258759.77899169922,106719.55682373047,0,404334895104,8589930496,66027368448,0
199,1727693283161,1548,2499,2569,1920,2567,1798,2099,2824,2043,2499,2499,2499,2499,2000,2499,2499,1934,1728,2820,2819,1990,2818,1901,2500,2100,2509,2000,2499,2500,1880,1290,2577,0,100,0,100,0,0,0,0,0,0,0,0,100,0,100,100,0,0,100,100,0,100,0,100,0,100,0,0,0,0,0,0,258762.51983642578,106728.83032226563,0,404334895104,8589930496,66027442176,0
199,1727693283361,1548,2499,2569,1920,2567,1798,2099,2824,2043,2499,2499,2499,2499,2000,2499,2499,1934,1728,2820,2819,1990,2818,1901,2500,2100,2509,2000,2499,2500,1880,1290,2577,0,100,0,100,0,0,0,0,0,0,0,0,100,0,100,100,0,0,100,100,0,100,0,100,0,100,0,0,0,0,0,0,258765.26708984375,106738.11059570313,0,404334895104,8589930496,66027442176,0
199,1727693283561,1548,2499,2569,1920,2567,1798,2099,2824,2043,2499,2499,2499,2499,2000,2499,2499,1934,1728,2820,2819,1990,2818,1901,2500,2100,2509,2000,2499,2500,1880,1290,2577,0,100,80,100,0,0,0,0,0,0,0,0,100,0,100,100,0,0,100,20,0,100,0,100,0,100,0,0,0,0,0,0,258768.05334472656,106747.47668457031,0,404334895104,8589930496,66027573248,0
199,1727693283761,1548,2499,2569,1920,2567,1798,2099,2824,2043,2499,2499,2499,2499,2000,2499,2499,1934,1728,2820,2819,1990,2818,1901,2500,2100,2509,2000,2499,2500,1880,1290,2577,0,100,100,100,0,0,0,0,0,0,0,0,100,0,100,100,0,0,100,0,0,100,0,100,0,100,0,0,0,0,0,0,258770.8214111328,106756.7095336914,0,404334895104,8589930496,66027573248,0
199,1727693283961,1548,2499,2569,1920,2567,1798,2099,2824,2043,2499,2499,2499,2499,2000,2499,2499,1934,1728,2820,2819,1990,2818,1901,2500,2100,2509,2000,2499,2500,1880,1290,2577,0,100,100,100,0,0,0,0,0,0,0,0,100,0,100,100,0,0,100,0,0,100,0,100,0,100,0,0,0,0,0,0,258773.63049316406,106766.02813720703,0,404334895104,8589930496,66027581440,0
199,1727693284162,1548,2499,2569,1920,2567,1798,2099,2824,2043,2499,2499,2499,2499,2000,2499,2499,1934,1728,2820,2819,1990,2818,1901,2500,2100,2509,2000,2499,2500,1880,1290,2577,0,100,100,100,0,2.4390242099761963,9.756096839904785,0,2.4390242099761963,0,2.4390242099761963,0,100,2.5641026496887207,100,100,0,2.4390242099761963,100,0,0,100,0,100,2.4390242099761963,100,2.5,0,0,2.5,0,0,258776.45068359375,106775.53045654297,0,404334895104,8589930496,66027327488,0
199,1727693284362,1548,2499,2569,1920,2567,1798,2099,2824,2043,2499,2499,2499,2499,2000,2499,2499,1934,1728,2820,2819,1990,2818,1901,2500,2100,2509,2000,2499,2500,1880,1290,2577,0,100,100,100,0,2.4390242099761963,9.756096839904785,0,2.4390242099761963,0,2.4390242099761963,0,100,2.5641026496887207,100,100,0,2.4390242099761963,100,0,0,100,0,100,2.4390242099761963,100,2.5,0,0,2.5,0,0,258779.21020507813,106784.74981689453,0,404334895104,8589930496,66027380736,0
199,1727693284562,1548,2499,2569,1920,2567,1798,2099,2824,2043,2499,2499,2499,2499,2000,2499,2499,1934,1728,2820,2819,1990,2818,1901,2500,2100,2509,2000,2499,2500,1880,1290,2577,0,100,100,100,0,0,0,0,0,0,0,0,100,0,100,100,0,0,100,0,0,100,0,100,0,100,0,0,0,0,0,0,258782.0096435547,106794.04357910156,0,404334895104,8589930496,66027458560,0
199,1727693284762,1548,2499,2569,1920,2567,1798,2099,2824,2043,2499,2499,2499,2499,2000,2499,2499,1934,1728,2820,2819,1990,2818,1901,2500,2100,2509,2000,2499,2500,1880,1290,2577,0,100,100,100,0,0,0,0,0,0,0,0,100,0,100,100,0,0,100,0,0,100,0,100,0,100,0,0,0,0,0,0,258784.82513427734,106803.37707519531,0,404334895104,8589930496,66027458560,0
199,1727693284962,1548,2499,2569,1920,2567,1798,2099,2824,2043,2499,2499,2499,2499,2000,2499,2499,1934,1728,2820,2819,1990,2818,1901,2500,2100,2509,2000,2499,2500,1880,1290,2577,0,100,100,100,0,0,0,0,0,0,0,0,100,0,100,100,0,0,100,0,0,100,0,100,0,100,0,0,0,0,0,0,258787.60961914063,106812.68341064453,0,404334895104,8589930496,66027606016,0
199,1727693285162,1548,2499,2569,1920,2567,1798,2099,2824,2043,2499,2499,2499,2499,2000,2499,2499,1934,1728,2820,2819,1990,2818,1901,2500,2100,2509,2000,2499,2500,1880,1290,2577,0,100,100,100,0,0,0,0,0,0,0,0,100,0,100,100,0,0,100,0,0,100,0,100,0,100,0,0,0,0,0,0,258790.41827392578,106821.96813964844,0,404334895104,8589930496,66027606016,0
199,1727693285362,1548,2499,2569,1920,2567,1798,2099,2824,2043,2499,2499,2499,2499,2000,2499,2499,1934,1728,2820,2819,1990,2818,1901,2500,2100,2509,2000,2499,2500,1880,1290,2577,5,100,100,100,0,0,0,0,0,0,0,0,100,0,100,100,0,0,100,0,0,100,0,100,0,100,0,0,0,0,0,0,258793.23834228516,106831.23583984375,0,404334895104,8589930496,65969246208,0
199,1727693285562,1548,2499,2569,1920,2567,1798,2099,2824,2043,2499,2499,2499,2499,2000,2499,2499,1934,1728,2820,2819,1990,2818,1901,2500,2100,2509,2000,2499,2500,1880,1290,2577,0,100,100,100,0,0,0,0,0,0,0,0,100,0,100,100,0,0,100,0,0,100,0,100,0,100,0,0,0,0,0,0,258796.0350341797,106840.548828125,0,404334895104,8589930496,66027347968,0
199,1727693285762,1548,2499,2569,1920,2567,1798,2099,2824,2043,2499,2499,2499,2499,2000,2499,2499,1934,1728,2820,2819,1990,2818,1901,2500,2100,2509,2000,2499,2500,1880,1290,2577,0,100,100,100,0,0,0,0,0,0,0,0,100,0,100,100,0,0,100,0,0,100,4.761904716491699,100,0,100,0,0,0,0,0,0,258798.8271484375,106849.84350585938,0,404334895104,8589930496,66027458560,0
199,1727693285963,1548,2499,2569,1920,2567,1798,2099,2824,2043,2499,2499,2499,2499,2000,2499,2499,1934,1728,2820,2819,1990,2818,1901,2500,2100,2509,2000,2499,2500,1880,1290,2577,0,100,100,100,0,0,0,0,0,0,0,0,100,0,100,100,0,0,100,0,4.761904716491699,100,0,100,4.761904716491699,100,0,0,0,0,0,0,258801.59936523438,106859.1558227539,0,404334895104,8589930496,66027458560,0
199,1727693286163,1548,2499,2569,1920,2567,1798,2099,2824,2043,2499,2499,2499,2499,2000,2499,2499,1934,1728,2820,2819,1990,2818,1901,2500,2100,2509,2000,2499,2500,1880,1290,2577,0,100,100,100,0,0,0,0,0,0,0,0,100,0,100,100,0,0,100,0,0,100,0,100,0,100,0,0,0,0,0,0,258804.3895263672,106868.45544433594,0,404334895104,8589930496,66027606016,0
199,1727693286363,1548,2499,2569,1920,2567,1798,2099,2824,2043,2499,2499,2499,2499,2000,2499,2499,1934,1728,2820,2819,1990,2818,1901,2500,2100,2509,2000,2499,2500,1880,1290,2577,0,100,100,100,0,0,0,0,0,0,0,0,100,0,100,100,0,0,100,0,0,100,0,100,0,100,0,0,0,4.761904716491699,0,0,258807.1947631836,106877.70520019531,0,404334895104,8589930496,66027606016,0
199,1727693286563,1548,2499,2569,1920,2567,1798,2099,2824,2043,2499,2499,2499,2499,2000,2499,2499,1934,1728,2820,2819,1990,2818,1901,2500,2100,2509,2000,2499,2500,1880,1290,2577,0,100,100,100,0,0,0,0,0,0,0,0,100,0,100,100,0,0,100,0,0,100,0,100,0,100,0,0,0,0,0,0,258809.97540283203,106886.99731445313,0,404334895104,8589930496,66027606016,0
199,1727693286763,1548,2499,2569,1920,2567,1798,2099,2824,2043,2499,2499,2499,2499,2000,2499,2499,1934,1728,2820,2819,1990,2818,1901,2500,2100,2509,2000,2499,2500,1880,1290,2577,0,100,100,100,0,0,0,0,0,0,0,0,100,0,100,100,0,0,100,0,0,100,0,100,0,100,0,0,0,4.761904716491699,0,0,258812.75494384766,106896.28552246094,0,404334895104,8589930496,66027331584,0
199,1727693286963,1548,2499,2569,1920,2567,1798,2099,2824,2043,2499,2499,2499,2499,2000,2499,2499,1934,1728,2820,2819,1990,2818,1901,2500,2100,2509,2000,2499,2500,1880,1290,2577,0,100,100,100,0,0,0,0,0,0,0,0,100,4.761904716491699,100,100,0,0,100,0,0,100,0,100,0,100,0,0,0,5,0,0,258815.5889892578,106905.58374023438,0,404334895104,8589930496,66027388928,0
199,1727693287163,1548,2499,2569,1920,2567,1798,2099,2824,2043,2499,2499,2499,2499,2000,2499,2499,1934,1728,2820,2819,1990,2818,1901,2500,2100,2509,2000,2499,2500,1880,1290,2577,0,100,100,100,0,0,0,0,0,0,0,0,100,4.761904716491699,100,100,0,0,100,0,0,100,0,100,0,100,0,0,0,5,0,0,258818.40057373047,106914.87384033203,0,404334895104,8589930496,66027462656,0
199,1727693287363,1548,2499,2569,1920,2567,1798,2099,2824,2043,2499,2499,2499,2499,2000,2499,2499,1934,1728,2820,2819,1990,2818,1901,2500,2100,2509,2000,2499,2500,1880,1290,2577,0,100,100,100,0,0,0,0,0,0,0,0,100,0,100,100,0,0,100,0,0,100,0,100,0,100,0,0,0,0,0,0,258821.26055908203,106924.19915771484,0,404334895104,8589930496,66027462656,0
199,1727693287563,1548,2499,2569,1920,2567,1798,2099,2824,2043,2499,2499,2499,2499,2000,2499,2499,1934,1728,2820,2819,1990,2818,1901,2500,2100,2509,2000,2499,2500,1880,1290,2577,0,100,100,100,0,0,0,0,0,0,0,0,100,4.761904716491699,100,100,0,0,33.333335876464844,0,0,100,0,100,0,100,0,0,0,4.761904716491699,4.761904716491699,65,258824.1190185547,106933.51544189453,0,404334895104,8589930496,66027610112,0
199,1727693287763,1548,2499,2569,1920,2567,1798,2099,2824,2043,2499,2499,2499,2499,2000,2499,2499,1934,1728,2820,2819,1990,2818,1901,2500,2100,2509,2000,2499,2500,1880,1290,2577,0,100,100,100,0,0,0,0,0,0,0,0,100,0,100,100,0,0,0,0,0,100,0,100,0,100,0,0,0,0,0,100,258826.95764160156,106942.81652832031,0,404334895104,8589930496,66027610112,0
199,1727693287964,1548,2499,2569,1920,2567,1798,2099,2824,2043,2499,2499,2499,2499,2000,2499,2499,1934,1728,2820,2819,1990,2818,1901,2500,2100,2509,2000,2499,2500,1880,1290,2577,0,100,100,100,0,0,0,0,0,0,0,0,100,0,100,100,0,0,0,0,0,100,0,100,0,100,0,0,0,0,0,100,258829.81451416016,106952.1596069336,0,404334895104,8589930496,66027610112,0
199,1727693288164,1548,2499,2569,1920,2567,1798,2099,2824,2043,2499,2499,2499,2499,2000,2499,2499,1934,1728,2820,2819,1990,2818,1901,2500,2100,2509,2000,2499,2500,1880,1290,2577,0,100,100,100,0,0,0,0,0,0,0,0,100,0,100,100,0,0,0,0,0,100,0,100,0,100,0,0,0,0,0,100,258832.68908691406,106961.51458740234,0,404334895104,8589930496,66027352064,0
199,1727693288364,1548,2499,2569,1920,2567,1798,2099,2824,2043,2499,2499,2499,2499,2000,2499,2499,1934,1728,2820,2819,1990,2818,1901,2500,2100,2509,2000,2499,2500,1880,1290,2577,0,100,100,100,0,0,0,0,0,0,0,0,100,0,100,100,0,0,0,0,0,100,2.4390242099761963,97.5,0,100,0,0,0,0,0,100,258835.55712890625,106970.86889648438,0,404334895104,8589930496,66026885120,0
199,1727693288564,1548,2499,2569,1920,2567,1798,2099,2824,2043,2499,2499,2499,2499,2000,2499,2499,1934,1728,2820,2819,1990,2818,1901,2500,2100,2509,2000,2499,2500,1880,1290,2577,4.761904716491699,100,100,100,0,0,0,0,0,0,0,100,100,0,100,100,0,0,0,0,0,100,0,0,0,100,0,0,0,0,4.761904716491699,100,258838.40594482422,106980.2153930664,0,404334895104,8589930496,66026942464,0
199,1727693288764,1548,2499,2569,1920,2567,1798,2099,2824,2043,2499,2499,2499,2499,2000,2499,2499,1934,1728,2820,2819,1990,2818,1901,2500,2100,2509,2000,2499,2500,1880,1290,2577,0,100,100,100,0,0,0,0,0,0,0,100,100,0,100,100,0,0,0,0,0,100,0,0,0,100,0,0,0,0,0,100,258841.24609375,106989.55865478516,0,404334895104,8589930496,66027089920,0
199,1727693288964,1548,2499,2569,1920,2567,1798,2099,2824,2043,2499,2499,2499,2499,2000,2499,2499,1934,1728,2820,2819,1990,2818,1901,2500,2100,2509,2000,2499,2500,1880,1290,2577,0,100,100,100,0,0,0,0,0,0,0,100,100,0,100,100,0,0,0,0,0,100,0,0,0,100,0,0,0,0,0,100,258844.0479736328,106998.91625976563,0,404334895104,8589930496,66027089920,0
199,1727693289164,1548,2499,2569,1920,2567,1798,2099,2824,2043,2499,2499,2499,2499,2000,2499,2499,1934,1728,2820,2819,1990,2818,1901,2500,2100,2509,2000,2499,2500,1880,1290,2577,9.523809432983398,100,100,100,0,10.526315689086914,5,0,9.523809432983398,0,0,100,100,5.263157844543457,100,100,5.263157844543457,14.285715103149414,0,0,5,100,15.789472579956055,9.523809432983398,4.761904716491699,100,9.523809432983398,0,0,5.263157844543457,0,100,258846.93426513672,107008.51708984375,0,404334895104,8589930496,66027249664,0
199,1727693289364,1548,2499,2569,1920,2567,1798,2099,2824,2043,2499,2499,2499,2499,2000,2499,2499,1934,1728,2820,2819,1990,2818,1901,2500,2100,2509,2000,2499,2500,1880,1290,2577,0,100,100,100,0,0,0,0,0,0,0,100,100,0,100,100,0,0,0,0,0,100,0,0,0,100,0,0,0,0,0,100,258849.75885009766,107017.876953125,0,404334895104,8589930496,66026979328,0
199,1727693289564,1548,2499,2569,1920,2567,1798,2099,2824,2043,2499,2499,2499,2499,2000,2499,2499,1934,1728,2820,2819,1990,2818,1901,2500,2100,2509,2000,2499,2500,1880,1290,2577,0,100,100,100,0,0,0,0,0,0,0,100,100,0,60.000003814697266,100,0,0,0,0,0,100,0,0,0,100,0,40,0,0,0,100,258852.56939697266,107027.22772216797,0,404334895104,8589930496,66027032576,0
199,1727693289765,1548,2499,2569,1920,2567,1798,2099,2824,2043,2499,2499,2499,2499,2000,2499,2499,1934,1728,2820,2819,1990,2818,1901,2500,2100,2509,2000,2499,2500,1880,1290,2577,0,100,100,100,0,0,0,0,0,0,0,100,100,0,0,100,0,0,0,0,0,100,0,0,0,100,0,100,0,0,0,100,258855.3367919922,107036.59899902344,0,404334895104,8589930496,66027106304,0
199,1727693289965,1548,2499,2569,1920,2567,1798,2099,2824,2043,2499,2499,2499,2499,2000,2499,2499,1934,1728,2820,2819,1990,2818,1901,2500,2100,2509,2000,2499,2500,1880,1290,2577,0,100,100,100,0,0,0,0,0,0,0,100,100,0,0,100,0,0,0,0,0,100,0,0,0,100,0,100,0,0,0,100,258858.18481445313,107045.91748046875,0,404334895104,8589930496,66027106304,0
199,1727693290165,1548,2499,2569,1920,2567,1798,2099,2824,2043,2499,2499,2499,2499,2000,2499,2499,1934,1728,2820,2819,1990,2818,1901,2500,2100,2509,2000,2499,2500,1880,1290,2577,0,100,100,100,0,0,0,0,0,0,0,100,100,0,0,100,0,0,0,0,0,100,0,0,0,100,0,100,0,0,0,100,258860.9921875,107055.28649902344,0,404334895104,8589930496,66027253760,0
199,1727693290365,1548,2499,2569,1920,2567,1798,2099,2824,2043,2499,2499,2499,2499,2000,2499,2499,1934,1728,2820,2819,1990,2818,1901,2500,2100,2509,2000,2499,2500,1880,1290,2577,0,100,100,100,0,0,4.761904716491699,0,0,0,0,100,100,0,0,100,0,0,0,0,0,100,0,0,0,100,0,100,0,0,0,100,258863.8065185547,107064.66931152344,0,404334895104,8589930496,66027253760,0
199,1727693290565,1548,2499,2569,1920,2567,1798,2099,2824,2043,2499,2499,2499,2499,2000,2499,2499,1934,1728,2820,2819,1990,2818,1901,2500,2100,2509,2000,2499,2500,1880,1290,2577,0,100,100,100,0,0,0,0,0,0,0,100,100,0,0,100,0,0,0,0,0,100,0,0,0,100,0,100,0,0,0,100,258866.59942626953,107074.06707763672,0,404334895104,8589930496,66027253760,0
199,1727693290765,1548,2499,2569,1920,2567,1798,2099,2824,2043,2499,2499,2499,2499,2000,2499,2499,1934,1728,2820,2819,1990,2818,1901,2500,2100,2509,2000,2499,2500,1880,1290,2577,0,100,100,100,0,0,0,0,0,0,0,100,100,0,0,100,0,0,0,0,0,100,0,0,0,100,0,100,0,0,4.761904716491699,100,258869.41174316406,107083.48065185547,0,404334895104,8589930496,66026979328,0
199,1727693290965,1548,2499,2569,1920,2567,1798,2099,2824,2043,2499,2499,2499,2499,2000,2499,2499,1934,1728,2820,2819,1990,2818,1901,2500,2100,2509,2000,2499,2500,1880,1290,2577,0,100,100,100,0,0,0,0,0,0,0,100,100,0,0,100,0,0,0,4.761904716491699,0,100,0,0,0,100,0,100,0,0,0,100,258872.20056152344,107092.84753417969,0,404334895104,8589930496,66027032576,0
199,1727693291165,1548,2499,2569,1920,2567,1798,2099,2824,2043,2499,2499,2499,2499,2000,2499,2499,1934,1728,2820,2819,1990,2818,1901,2500,2100,2509,2000,2499,2500,1880,1290,2577,0,100,100,100,0,0,0,0,0,0,0,100,100,0,0,100,0,0,0,0,0,100,0,0,0,100,0,100,0,0,0,100,258874.98651123047,107102.16021728516,0,404334895104,8589930496,66027106304,0
199,1727693291366,1548,2499,2569,1920,2567,1798,2099,2824,2043,2499,2499,2499,2499,2000,2499,2499,1934,1728,2820,2819,1990,2818,1901,2500,2100,2509,2000,2499,2500,1880,1290,2577,0,100,100,100,0,0,0,0,0,0,0,100,100,0,0,100,0,0,0,0,0,100,0,0,0,100,0,100,0,0,0,100,258877.81701660156,107111.47961425781,0,404334895104,8589930496,66027106304,0
199,1727693291566,1548,2499,2569,1920,2567,1798,2099,2824,2043,2499,2499,2499,2499,2000,2499,2499,1934,1728,2820,2819,1990,2818,1901,2500,2100,2509,2000,2499,2500,1880,1290,2577,0,100,100,100,0,0,0,0,0,0,0,100,100,0,0,100,0,0,0,0,0,100,0,0,0,100,0,100,0,0,0,100,258880.6278076172,107120.8685913086,0,404334895104,8589930496,66027257856,0
199,1727693291766,1548,2499,2569,1920,2567,1798,2099,2824,2043,2499,2499,2499,2499,2000,2499,2499,1934,1728,2820,2819,1990,2818,1901,2500,2100,2509,2000,2499,2500,1880,1290,2577,0,100,100,100,0,0,0,0,0,0,0,100,100,0,0,100,0,0,0,0,0,100,0,0,0,100,0,100,0,0,0,100,258883.4208984375,107130.24877929688,0,404334895104,8589930496,66027261952,0
199,1727693291966,1548,2499,2569,1920,2567,1798,2099,2824,2043,2499,2499,2499,2499,2000,2499,2499,1934,1728,2820,2819,1990,2818,1901,2500,2100,2509,2000,2499,2500,1880,1290,2577,0,100,100,100,0,0,0,0,0,0,0,100,100,0,0,100,0,0,0,0,0,100,0,0,0,100,0,100,0,0,0,100,258886.2001953125,107139.6298828125,0,404334895104,8589930496,65966239744,0
199,1727693292166,1548,2499,2569,1920,2567,1798,2099,2824,2043,2499,2499,2499,2499,2000,2499,2499,1934,1728,2820,2819,1990,2818,1901,2500,2100,2509,2000,2499,2500,1880,1290,2577,4.761904716491699,100,100,100,0,0,0,0,0,0,0,100,100,0,0,100,0,0,0,0,0,100,0,0,0,100,0,100,0,0,0,100,258888.96649169922,107149.02197265625,0,404334895104,8589930496,66027003904,0
199,1727693292366,1548,2499,2569,1920,2567,1798,2099,2824,2043,2499,2499,2499,2499,2000,2499,2499,1934,1728,2820,2819,1990,2818,1901,2500,2100,2509,2000,2499,2500,1880,1290,2577,0,100,100,100,0,0,0,0,4.761904716491699,0,0,100,100,0,0,100,0,0,0,0,0,100,0,0,0,100,0,100,0,0,0,100,258891.74285888672,107158.34631347656,0,404334895104,8589930496,66027114496,0
199,1727693292566,1548,2499,2569,1920,2567,1798,2099,2824,2043,2499,2499,2499,2499,2000,2499,2499,1934,1728,2820,2819,1990,2818,1901,2500,2100,2509,2000,2499,2500,1880,1290,2577,0,100,100,100,0,0,0,0,0,0,0,100,100,0,0,100,0,0,0,0,0,100,0,0,0,100,0,100,0,0,0,100,258894.4952392578,107167.6630859375,0,404334895104,8589930496,66027114496,0
199,1727693292766,1548,2499,2569,1920,2567,1798,2099,2824,2043,2499,2499,2499,2499,2000,2499,2499,1934,1728,2820,2819,1990,2818,1901,2500,2100,2509,2000,2499,2500,1880,1290,2577,0,100,100,100,0,0,0,0,0,0,0,100,100,0,0,100,0,0,0,0,0,100,0,0,0,100,0,100,0,0,0,100,258897.26416015625,107177.01647949219,0,404334895104,8589930496,66027261952,0
199,1727693292967,1548,2499,2569,1920,2567,1798,2099,2824,2043,2499,2499,2499,2499,2000,2499,2499,1934,1728,2820,2819,1990,2818,1901,2500,2100,2509,2000,2499,2500,1880,1290,2577,0,100,100,100,0,0,0,0,0,0,0,100,100,4.761904716491699,0,100,0,0,0,0,0,100,0,0,0,100,0,100,0,4.761904716491699,0,100,258900.07275390625,107186.33917236328,0,404334895104,8589930496,66027261952,0
199,1727693293167,1548,2499,2569,1920,2567,1798,2099,2824,2043,2499,2499,2499,2499,2000,2499,2499,1934,1728,2820,2819,1990,2818,1901,2500,2100,2509,2000,2499,2500,1880,1290,2577,0,100,100,100,0,0,0,0,0,0,0,100,100,4.761904716491699,0,100,0,0,0,0,0,100,0,0,0,100,0,100,0,4.761904716491699,0,100,258902.89001464844,107195.68975830078,0,404334895104,8589930496,66027261952,0
199,1727693293367,1548,2499,2569,1920,2567,1798,2099,2824,2043,2499,2499,2499,2499,2000,2499,2499,1934,1728,2820,2819,1990,2818,1901,2500,2100,2509,2000,2499,2500,1880,1290,2577,0,100,100,100,0,0,0,0,0,0,0,100,100,0,0,100,0,0,0,0,0,100,0,0,0,100,0,100,0,0,0,100,258905.7237548828,107205.00750732422,0,404334895104,8589930496,66026987520,0
199,1727693293567,1548,2499,2569,1920,2567,1798,2099,2824,2043,2499,2499,2499,2499,2000,2499,2499,1934,1728,2820,2819,1990,2818,1901,2500,2100,2509,2000,2499,2500,1880,1290,2577,0,100,100,100,0,4.761904716491699,0,0,0,0,0,100,100,0,0,100,0,0,0,0,0,100,0,0,0,100,0,100,0,0,0,100,258908.53973388672,107214.35284423828,0,404334895104,8589930496,66027028480,0
199,1727693293767,1548,2499,2569,1920,2567,1798,2099,2824,2043,2499,2499,2499,2499,2000,2499,2499,1934,1728,2820,2819,1990,2818,1901,2500,2100,2509,2000,2499,2500,1880,1290,2577,0,100,100,100,0,0,0,0,0,0,0,100,100,0,0,100,4.761904716491699,0,0,0,0,100,0,0,0,100,0,100,0,4.761904716491699,0,100,258911.38067626953,107223.669921875,0,404334895104,8589930496,66027102208,0
199,1727693293967,1548,2499,2569,1920,2567,1798,2099,2824,2043,2499,2499,2499,2499,2000,2499,2499,1934,1728,2820,2819,1990,2818,1901,2500,2100,2509,2000,2499,2500,1880,1290,2577,0,100,100,100,0,0,0,4.761904716491699,0,0,0,100,100,0,0,100,0,0,0,0,4.761904716491699,100,0,0,4.761904716491699,100,0,100,0,0,0,100,258914.22607421875,107233.0062866211,0,404334895104,8589930496,66027106304,0
199,1727693294167,1548,2499,2569,1920,2567,1798,2099,2824,2043,2499,2499,2499,2499,2000,2499,2499,1934,1728,2820,2819,1990,2818,1901,2500,2100,2509,2000,2499,2500,1880,1290,2577,0,100,100,100,0,0,0,0,0,0,4.761904716491699,100,100,0,0,100,0,0,0,0,0,100,0,0,10.526315689086914,100,5.263157844543457,100,0,4.761904716491699,0,100,258917.0086669922,107242.43878173828,0,404334895104,8589930496,66027589632,0
199,1727693294367,1548,2499,2569,1920,2567,1798,2099,2824,2043,2499,2499,2499,2499,2000,2499,2499,1934,1728,2820,2819,1990,2818,1901,2500,2100,2509,2000,2499,2500,1880,1290,2577,0,100,100,100,0,0,0,0,0,0,0,100,100,0,0,100,0,0,0,0,0,100,0,0,0,100,0,100,0,0,0,100,258919.80181884766,107251.77722167969,0,404334895104,8589930496,66027589632,0
199,1727693294568,1548,2499,2569,1920,2567,1798,2099,2824,2043,2499,2499,2499,2499,2000,2499,2499,1934,1728,2820,2819,1990,2818,1901,2500,2100,2509,2000,2499,2500,1880,1290,2577,0,100,100,100,0,0,0,0,0,0,0,100,100,0,0,100,0,0,0,0,0,100,0,0,0,100,0,100,0,0,0,100,258922.54718017578,107261.09637451172,0,404334895104,8589930496,66027589632,0
199,1727693294768,1548,2499,2569,1920,2567,1798,2099,2824,2043,2499,2499,2499,2499,2000,2499,2499,1934,1728,2820,2819,1990,2818,1901,2500,2100,2509,2000,2499,2500,1880,1290,2577,0,100,100,100,0,0,0,0,0,0,0,100,100,0,0,100,0,0,0,0,0,100,0,0,0,100,0,100,0,0,0,100,258925.3145751953,107270.4091796875,0,404334895104,8589930496,66027331584,0
199,1727693294968,1548,2499,2569,1920,2567,1798,2099,2824,2043,2499,2499,2499,2499,2000,2499,2499,1934,1728,2820,2819,1990,2818,1901,2500,2100,2509,2000,2499,2500,1880,1290,2577,0,100,100,100,0,0,0,0,0,0,0,100,100,0,0,100,0,0,0,0,0,100,0,0,0,100,0,100,0,0,0,100,258928.0776977539,107279.70361328125,0,404334895104,8589930496,66027368448,0
199,1727693295168,1548,2499,2569,1920,2567,1798,2099,2824,2043,2499,2499,2499,2499,2000,2499,2499,1934,1728,2820,2819,1990,2818,1901,2500,2100,2509,2000,2499,2500,1880,1290,2577,4.761904716491699,100,100,100,0,0,0,0,0,0,0,100,100,0,0,100,0,0,0,0,0,100,0,0,0,100,0,100,0,0,0,100,258930.85571289063,107289.03747558594,0,404334895104,8589930496,66027442176,0
199,1727693295368,1548,2499,2569,1920,2567,1798,2099,2824,2043,2499,2499,2499,2499,2000,2499,2499,1934,1728,2820,2819,1990,2818,1901,2500,2100,2509,2000,2499,2500,1880,1290,2577,0,100,100,100,0,0,0,0,0,0,0,100,100,0,0,100,0,0,0,0,0,100,0,0,0,100,0,100,0,0,0,100,258933.63671875,107298.36779785156,0,404334895104,8589930496,66027589632,0
199,1727693295568,1548,2499,2569,1920,2567,1798,2099,2824,2043,2499,2499,2499,2499,2000,2499,2499,1934,1728,2820,2819,1990,2818,1901,2500,2100,2509,2000,2499,2500,1880,1290,2577,0,100,100,100,0,0,0,0,0,0,0,100,100,0,0,100,0,0,0,0,0,100,0,0,0,100,0,100,0,0,0,100,258936.3975830078,107307.70471191406,0,404334895104,8589930496,66027589632,0
199,1727693295768,1548,2499,2569,1920,2567,1798,2099,2824,2043,2499,2499,2499,2499,2000,2499,2499,1934,1728,2820,2819,1990,2818,1901,2500,2100,2509,2000,2499,2500,1880,1290,2577,0,100,100,100,0,0,0,0,0,0,0,100,100,0,0,100,0,0,0,0,0,100,0,0,0,100,0,100,0,0,0,100,258939.18408203125,107317.04217529297,0,404334895104,8589930496,66027589632,0
199,1727693295968,1548,2499,2569,1920,2567,1798,2099,2824,2043,2499,2499,2499,2499,2000,2499,2499,1934,1728,2820,2819,1990,2818,1901,2500,2100,2509,2000,2499,2500,1880,1290,2577,0,100,100,100,0,0,0,0,0,0,0,100,100,0,0,100,0,0,0,0,0,100,0,0,0,100,0,100,0,0,0,100,258941.9990234375,107326.41101074219,0,404334895104,8589930496,66027315200,0
199,1727693296169,1548,2499,2569,1920,2567,1798,2099,2824,2043,2499,2499,2499,2499,2000,2499,2499,1934,1728,2820,2819,1990,2818,1901,2500,2100,2509,2000,2499,2500,1880,1290,2577,4.761904716491699,100,100,100,0,0,0,0,0,0,0,100,100,0,0,100,0,0,0,0,0,100,0,0,0,100,0,100,0,0,0,100,258944.83135986328,107335.75231933594,0,404334895104,8589930496,66027372544,0
199,1727693296369,1548,2499,2569,1920,2567,1798,2099,2824,2043,2499,2499,2499,2499,2000,2499,2499,1934,1728,2820,2819,1990,2818,1901,2500,2100,2509,2000,2499,2500,1880,1290,2577,0,100,100,100,0,0,0,0,0,0,0,100,100,0,0,100,0,0,0,0,0,100,0,0,0,100,0,100,0,0,0,100,258947.63079833984,107345.08013916016,0,404334895104,8589930496,66027446272,0
199,1727693296569,1548,2499,2569,1920,2567,1798,2099,2824,2043,2499,2499,2499,2499,2000,2499,2499,1934,1728,2820,2819,1990,2818,1901,2500,2100,2509,2000,2499,2500,1880,1290,2577,0,100,100,100,0,0,0,0,0,0,0,100,100,0,0,100,0,0,0,0,0,100,0,0,0,100,0,100,0,0,4.761904716491699,100,258950.458984375,107354.37854003906,0,404334895104,8589930496,66027446272,0
199,1727693296769,1548,2499,2569,1920,2567,1798,2099,2824,2043,2499,2499,2499,2499,2000,2499,2499,1934,1728,2820,2819,1990,2818,1901,2500,2100,2509,2000,2499,2500,1880,1290,2577,0,100,100,100,0,0,0,0,0,0,0,100,100,0,0,100,0,0,0,0,0,100,0,0,0,100,0,100,0,0,0,100,258953.27142333984,107363.71026611328,0,404334895104,8589930496,66027593728,0
199,1727693296969,1548,2499,2569,1920,2567,1798,2099,2824,2043,2499,2499,2499,2499,2000,2499,2499,1934,1728,2820,2819,1990,2818,1901,2500,2100,2509,2000,2499,2500,1880,1290,2577,4.761904716491699,100,100,100,0,0,0,0,0,0,0,100,100,0,0,100,0,0,0,0,0,100,0,0,0,100,0,100,0,0,0,100,258956.08129882813,107372.97076416016,0,404334895104,8589930496,66027593728,0
199,1727693297169,1548,2499,2569,1920,2567,1798,2099,2824,2043,2499,2499,2499,2499,2000,2499,2499,1934,1728,2820,2819,1990,2818,1901,2500,2100,2509,2000,2499,2500,1880,1290,2577,0,100,100,100,0,0,0,0,0,0,0,100,100,0,0,100,0,0,0,0,0,100,0,0,0,100,0,100,0,0,0,100,258958.88201904297,107382.22045898438,0,404334895104,8589930496,66027593728,0
199,1727693297369,1548,2499,2569,1920,2567,1798,2099,2824,2043,2499,2499,2499,2499,2000,2499,2499,1934,1728,2820,2819,1990,2818,1901,2500,2100,2509,2000,2499,2500,1880,1290,2577,0,100,100,100,0,0,0,0,0,0,0,100,100,0,0,100,0,0,0,0,0,100,0,0,0,100,0,100,0,0,0,100,258961.70501708984,107391.5160522461,0,404334895104,8589930496,66027319296,0
199,1727693297569,1548,2499,2569,1920,2567,1798,2099,2824,2043,2499,2499,2499,2499,2000,2499,2499,1934,1728,2820,2819,1990,2818,1901,2500,2100,2509,2000,2499,2500,1880,1290,2577,0,100,100,100,0,0,0,0,0,0,0,100,100,0,0,100,4.761904716491699,0,0,0,0,100,0,0,0,100,0,100,0,0,0,100,258964.51531982422,107400.80181884766,0,404334895104,8589930496,66027372544,0
199,1727693297770,1548,2499,2569,1920,2567,1798,2099,2824,2043,2499,2499,2499,2499,2000,2499,2499,1934,1728,2820,2819,1990,2818,1901,2500,2100,2509,2000,2499,2500,1880,1290,2577,0,100,100,100,0,0,0,0,0,0,0,100,100,0,0,100,0,0,0,0,0,100,0,0,0,100,0,100,0,0,0,100,258967.32275390625,107410.09924316406,0,404334895104,8589930496,66027446272,0
199,1727693297970,1548,2499,2569,1920,2567,1798,2099,2824,2043,2499,2499,2499,2499,2000,2499,2499,1934,1728,2820,2819,1990,2818,1901,2500,2100,2509,2000,2499,2500,1880,1290,2577,0,100,100,100,0,0,0,0,0,0,0,100,100,0,0,100,0,0,0,0,0,100,0,0,0,100,0,100,0,0,0,100,258970.12762451172,107419.47454833984,0,404334895104,8589930496,66027446272,0
199,1727693298170,1548,2499,2569,1920,2567,1798,2099,2824,2043,2499,2499,2499,2499,2000,2499,2499,1934,1728,2820,2819,1990,2818,1901,2500,2100,2509,2000,2499,2500,1880,1290,2577,0,100,100,100,0,0,0,0,0,0,0,100,100,0,0,100,0,0,0,0,0,100,0,0,0,100,0,100,0,0,0,100,258972.95629882813,107428.83056640625,0,404334895104,8589930496,66027593728,0
199,1727693298370,1548,2499,2569,1920,2567,1798,2099,2824,2043,2499,2499,2499,2499,2000,2499,2499,1934,1728,2820,2819,1990,2818,1901,2500,2100,2509,2000,2499,2500,1880,1290,2577,0,100,100,100,0,0,0,0,0,0,0,100,100,0,0,100,0,0,0,0,0,100,0,0,0,100,0,100,0,0,0,100,258975.77282714844,107438.12353515625,0,404334895104,8589930496,66027593728,0
199,1727693298570,1548,2499,2569,1920,2567,1798,2099,2824,2043,2499,2499,2499,2499,2000,2499,2499,1934,1728,2820,2819,1990,2818,1901,2500,2100,2509,2000,2499,2500,1880,1290,2577,0,100,100,100,0,0,0,0,0,0,0,100,100,0,0,100,0,0,0,0,0,100,0,0,0,100,0,100,0,0,0,100,258978.60333251953,107447.36712646484,0,404334895104,8589930496,65951944704,0
199,1727693298770,1548,2499,2569,1920,2567,1798,2099,2824,2043,2499,2499,2499,2499,2000,2499,2499,1934,1728,2820,2819,1990,2818,1901,2500,2100,2509,2000,2499,2500,1880,1290,2577,0,100,100,100,0,0,0,0,0,0,0,100,100,0,0,100,0,0,0,0,0,100,0,0,0,100,0,100,0,0,0,100,258981.43157958984,107456.66180419922,0,404334895104,8589930496,66027327488,0
199,1727693298970,1548,2499,2569,1920,2567,1798,2099,2824,2043,2499,2499,2499,2499,2000,2499,2499,1934,1728,2820,2819,1990,2818,1901,2500,2100,2509,2000,2499,2500,1880,1290,2577,0,100,100,100,0,0,0,0,0,0,0,100,100,0,0,100,4.761904716491699,0,0,0,0,100,0,0,0,100,4.761904716491699,100,0,0,0,100,258984.2925415039,107465.98254394531,0,404334895104,8589930496,66027438080,0
199,1727693299170,1548,2499,2569,1920,2567,1798,2099,2824,2043,2499,2499,2499,2499,2000,2499,2499,1934,1728,2820,2819,1990,2818,1901,2500,2100,2509,2000,2499,2500,1880,1290,2577,5,100,100,100,0,14.285715103149414,0,5.263157844543457,0,0,0,100,100,5,0,100,0,4.761904716491699,0,0,5.263157844543457,100,0,0,0,100,10,100,0,9.523809432983398,5,100,258987.12579345703,107475.4849243164,0,404334895104,8589930496,66042781696,0
199,1727693299370,1548,2499,2569,1920,2567,1798,2099,2824,2043,2499,2499,2499,2499,2000,2499,2499,1934,1728,2820,2819,1990,2818,1901,2500,2100,2509,2000,2499,2500,1880,1290,2577,0,100,100,100,15.000000953674316,5,9.523809432983398,5,4.761904716491699,5,0,100,100,4.761904716491699,4.761904716491699,100,9.523809432983398,0,5,0,4.761904716491699,100,4.761904716491699,0,4.761904716491699,100,5,100,4.761904716491699,5,5,100,258989.97814941406,107484.88952636719,0,404334895104,8589930496,66027651072,0
199,1727693299571,1548,2499,2569,1920,2567,1798,2099,2824,2043,2499,2499,2499,2499,2000,2499,2499,1934,1728,2820,2819,1990,2818,1901,2500,2100,2509,2000,2499,2500,1880,1290,2577,0,100,100,100,15.000000953674316,5,9.523809432983398,5,4.761904716491699,5,0,100,100,4.761904716491699,4.761904716491699,100,9.523809432983398,0,5,0,4.761904716491699,100,4.761904716491699,0,4.761904716491699,100,5,100,4.761904716491699,5,5,100,258992.78637695313,107494.14660644531,0,404334895104,8589930496,66027651072,0
199,1727693299771,1548,2499,2569,1920,2567,1798,2099,2824,2043,2499,2499,2499,2499,2000,2499,2499,1934,1728,2820,2819,1990,2818,1901,2500,2100,2509,2000,2499,2500,1880,1290,2577,2.5,100,100,100,0,0,0,0,0,0,0,100,100,2.4390242099761963,0,100,0,0,0,0,0,100,0,0,0,100,0,100,0,0,0,100,258995.62475585938,107503.43383789063,0,404334895104,8589930496,66027651072,0
199,1727693299971,1548,2499,2569,1920,2567,1798,2099,2824,2043,2499,2499,2499,2499,2000,2499,2499,1934,1728,2820,2819,1990,2818,1901,2500,2100,2509,2000,2499,2500,1880,1290,2577,0,100,100,100,0,0,0,0,0,0,0,100,100,0,0,100,0,0,0,0,0,100,0,0,0,100,0,100,0,4.761904716491699,0,100,258998.4458618164,107512.7222290039,0,404334895104,8589930496,66027376640,0
199,1727693300171,1548,2499,2569,1920,2567,1798,2099,2824,2043,2499,2499,2499,2499,2000,2499,2499,1934,1728,2820,2819,1990,2818,1901,2500,2100,2509,2000,2499,2500,1880,1290,2577,0,100,100,100,0,0,0,0,0,0,0,100,100,0,0,100,0,0,0,0,0,100,0,0,0,100,0,100,0,0,0,100,259001.2781982422,107522.00219726563,0,404334895104,8589930496,66027429888,0
199,1727693300371,1548,2499,2569,1920,2567,1798,2099,2824,2043,2499,2499,2499,2499,2000,2499,2499,1934,1728,2820,2819,1990,2818,1901,2500,2100,2509,2000,2499,2500,1880,1290,2577,0,100,100,100,0,0,0,0,0,0,0,100,100,0,0,100,0,0,0,0,0,100,0,0,0,100,0,100,0,0,0,100,259004.11462402344,107531.30200195313,0,404334895104,8589930496,66027503616,0
199,1727693300571,1548,2499,2569,1920,2567,1798,2099,2824,2043,2499,2499,2499,2499,2000,2499,2499,1934,1728,2820,2819,1990,2818,1901,2500,2100,2509,2000,2499,2500,1880,1290,2577,0,100,100,100,0,0,0,0,0,0,0,100,100,0,0,100,0,0,0,0,0,100,0,0,0,100,0,100,0,4.761904716491699,0,100,259006.92498779297,107540.5941772461,0,404334895104,8589930496,66027503616,0
199,1727693300771,1548,2499,2569,1920,2567,1798,2099,2824,2043,2499,2499,2499,2499,2000,2499,2499,1934,1728,2820,2819,1990,2818,1901,2500,2100,2509,2000,2499,2500,1880,1290,2577,0,100,100,100,0,0,0,0,0,0,0,100,100,0,0,100,0,0,0,0,0,100,0,0,0,100,0,100,0,0,0,100,259009.7055053711,107549.86553955078,0,404334895104,8589930496,66027655168,0
199,1727693300971,1548,2499,2569,1920,2567,1798,2099,2824,2043,2499,2499,2499,2499,2000,2499,2499,1934,1728,2820,2819,1990,2818,1901,2500,2100,2509,2000,2499,2500,1880,1290,2577,0,100,100,100,0,0,0,4.761904716491699,0,0,0,100,100,0,0,100,0,0,0,0,0,100,0,0,0,100,0,100,0,4.761904716491699,0,100,259012.54425048828,107559.1206665039,0,404334895104,8589930496,66027655168,0
199,1727693301172,1548,2499,2569,1920,2567,1798,2099,2824,2043,2499,2499,2499,2499,2000,2499,2499,1934,1728,2820,2819,1990,2818,1901,2500,2100,2509,2000,2499,2500,1880,1290,2577,0,100,100,100,0,0,0,0,0,0,0,100,100,0,0,100,0,0,0,0,0,100,0,0,0,100,0,100,0,0,0,100,259015.36206054688,107568.37048339844,0,404334895104,8589930496,66027655168,0
199,1727693301372,1548,2499,2569,1920,2567,1798,2099,2824,2043,2499,2499,2499,2499,2000,2499,2499,1934,1728,2820,2819,1990,2818,1901,2500,2100,2509,2000,2499,2500,1880,1290,2577,0,100,100,100,0,0,0,0,0,0,0,100,100,0,0,100,0,0,0,0,0,100,0,0,0,100,0,100,0,0,0,100,259018.22833251953,107577.6410522461,0,404334895104,8589930496,66027397120,0
199,1727693301572,1548,2499,2569,1920,2567,1798,2099,2824,2043,2499,2499,2499,2499,2000,2499,2499,1934,1728,2820,2819,1990,2818,1901,2500,2100,2509,2000,2499,2500,1880,1290,2577,0,100,100,100,0,0,0,0,0,0,0,100,100,0,0,100,0,0,0,0,0,100,0,0,0,100,0,100,0,0,0,100,259021.05450439453,107586.89520263672,0,404334895104,8589930496,66027433984,0
199,1727693301772,1548,2499,2569,1920,2567,1798,2099,2824,2043,2499,2499,2499,2499,2000,2499,2499,1934,1728,2820,2819,1990,2818,1901,2500,2100,2509,2000,2499,2500,1880,1290,2577,0,100,100,100,0,0,0,0,0,0,0,100,100,0,0,100,0,0,0,0,0,100,0,0,0,100,0,100,0,0,0,100,259023.91796875,107596.15997314453,0,404334895104,8589930496,66027507712,0
199,1727693301972,1548,2499,2569,1920,2567,1798,2099,2824,2043,2499,2499,2499,2499,2000,2499,2499,1934,1728,2820,2819,1990,2818,1901,2500,2100,2509,2000,2499,2500,1880,1290,2577,0,100,100,100,0,0,0,0,0,0,0,100,100,0,0,100,0,0,0,0,0,100,0,0,0,100,0,100,0,0,0,100,259026.75408935547,107605.44366455078,0,404334895104,8589930496,66027655168,0
199,1727693302172,1548,2499,2569,1920,2567,1798,2099,2824,2043,2499,2499,2499,2499,2000,2499,2499,1934,1728,2820,2819,1990,2818,1901,2500,2100,2509,2000,2499,2500,1880,1290,2577,4.761904716491699,100,100,100,0,0,0,0,0,0,0,100,100,0,0,100,0,0,0,0,0,100,0,0,0,100,0,100,0,0,0,100,259029.59954833984,107614.69116210938,0,404334895104,8589930496,66027655168,0
199,1727693302372,1548,2499,2569,1920,2567,1798,2099,2824,2043,2499,2499,2499,2499,2000,2499,2499,1934,1728,2820,2819,1990,2818,1901,2500,2100,2509,2000,2499,2500,1880,1290,2577,0,100,100,100,0,0,0,0,0,0,0,100,100,0,0,100,0,0,0,0,0,100,0,0,0,100,0,100,0,0,0,100,259032.46673583984,107623.95928955078,0,404334895104,8589930496,66027655168,0
199,1727693302572,1548,2499,2569,1920,2567,1798,2099,2824,2043,2499,2499,2499,2499,2000,2499,2499,1934,1728,2820,2819,1990,2818,1901,2500,2100,2509,2000,2499,2500,1880,1290,2577,0,100,100,100,0,0,0,0,0,0,0,100,100,0,0,100,0,0,0,0,0,100,0,0,0,100,0,100,0,0,4.761904716491699,100,259035.32061767578,107633.23376464844,0,404334895104,8589930496,66027380736,0
199,1727693302773,1548,2499,2569,1920,2567,1798,2099,2824,2043,2499,2499,2499,2499,2000,2499,2499,1934,1728,2820,2819,1990,2818,1901,2500,2100,2509,2000,2499,2500,1880,1290,2577,0,100,100,100,0,0,4.761904716491699,0,0,0,0,100,100,0,0,100,0,0,0,0,0,100,0,0,0,100,0,100,0,0,0,100,259038.16046142578,107642.6171875,0,404334895104,8589930496,66027433984,0
199,1727693302973,1548,2499,2569,1920,2567,1798,2099,2824,2043,2499,2499,2499,2499,2000,2499,2499,1934,1728,2820,2819,1990,2818,1901,2500,2100,2509,2000,2499,2500,1880,1290,2577,0,100,100,100,0,0,0,0,0,0,0,100,100,0,0,100,0,0,0,0,0,100,0,0,0,100,0,100,0,0,0,100,259041.03533935547,107651.95434570313,0,404334895104,8589930496,66027507712,0
199,1727693303173,1548,2499,2569,1920,2567,1798,2099,2824,2043,2499,2499,2499,2499,2000,2499,2499,1934,1728,2820,2819,1990,2818,1901,2500,2100,2509,2000,2499,2500,1880,1290,2577,0,100,100,100,0,0,0,0,0,0,0,100,100,0,0,100,0,0,0,0,0,100,0,0,0,100,0,100,0,0,0,100,259043.89221191406,107661.22100830078,0,404334895104,8589930496,66027577344,0
199,1727693303373,1548,2499,2569,1920,2567,1798,2099,2824,2043,2499,2499,2499,2499,2000,2499,2499,1934,1728,2820,2819,1990,2818,1901,2500,2100,2509,2000,2499,2500,1880,1290,2577,2.4390242099761963,100,100,100,0,0,0,0,0,0,0,100,100,0,0,100,2.4390242099761963,0,0,0,0,100,0,0,0,100,0,100,0,0,0,100,259046.7958984375,107670.57208251953,0,404334895104,8589930496,66027724800,0
199,1727693303573,1548,2499,2569,1920,2567,1798,2099,2824,2043,2499,2499,2499,2499,2000,2499,2499,1934,1728,2820,2819,1990,2818,1901,2500,2100,2509,2000,2499,2500,1880,1290,2577,0,100,100,100,0,0,0,0,0,0,0,100,100,0,0,100,0,0,0,0,0,100,0,0,0,100,0,100,0,0,0,100,259049.65594482422,107679.90203857422,0,404334895104,8589930496,66027724800,0
199,1727693303773,1548,2499,2569,1920,2567,1798,2099,2824,2043,2499,2499,2499,2499,2000,2499,2499,1934,1728,2820,2819,1990,2818,1901,2500,2100,2509,2000,2499,2500,1880,1290,2577,0,100,100,100,0,0,0,0,0,0,0,100,100,0,0,100,0,0,0,0,0,100,0,0,0,100,0,100,0,0,0,100,259052.49438476563,107689.23999023438,0,404334895104,8589930496,66027712512,0
199,1727693303973,1548,2499,2569,1920,2567,1798,2099,2824,2043,2499,2499,2499,2499,2000,2499,2499,1934,1728,2820,2819,1990,2818,1901,2500,2100,2509,2000,2499,2500,1880,1290,2577,4.761904716491699,100,100,100,0,0,0,0,0,0,0,100,100,0,0,100,0,5,0,0,0,100,0,0,0,100,0,100,0,0,0,100,259055.37890625,107698.5908203125,0,404334895104,8589930496,66027438080,0
199,1727693304173,1548,2499,2569,1920,2567,1798,2099,2824,2043,2499,2499,2499,2499,2000,2499,2499,1934,1728,2820,2819,1990,2818,1901,2500,2100,2509,2000,2499,2500,1880,1290,2577,4.761904716491699,100,100,100,0,0,0,0,0,0,0,100,100,0,0,100,0,5,0,0,0,100,0,0,0,100,0,100,0,0,0,100,259058.30694580078,107707.87719726563,0,404334895104,8589930496,66027491328,0
199,1727693304374,1548,2499,2569,1920,2567,1798,2099,2824,2043,2499,2499,2499,2499,2000,2499,2499,1934,1728,2820,2819,1990,2818,1901,2500,2100,2509,2000,2499,2500,1880,1290,2577,4.878048419952393,100,100,100,0,0,0,0,2.4390242099761963,0,0,100,100,0,0,100,0,0,0,0,2.5,100,0,0,10,100,5,100,0,2.5641026496887207,0,100,259061.20831298828,107717.3101196289,0,404334895104,8589930496,66027655168,0
199,1727693304574,1548,2499,2569,1920,2567,1798,2099,2824,2043,2499,2499,2499,2499,2000,2499,2499,1934,1728,2820,2819,1990,2818,1901,2500,2100,2509,2000,2499,2500,1880,1290,2577,4.878048419952393,100,100,100,0,0,0,0,2.4390242099761963,0,0,100,100,0,0,100,0,0,0,0,2.5,100,0,0,10,100,5,100,0,2.5641026496887207,0,100,259064.08081054688,107726.59283447266,0,404334895104,8589930496,66027655168,0
199,1727693304774,1548,2499,2569,1920,2567,1798,2099,2824,2043,2499,2499,2499,2499,2000,2499,2499,1934,1728,2820,2819,1990,2818,1901,2500,2100,2509,2000,2499,2500,1880,1290,2577,0,100,100,100,0,0,0,0,0,0,0,100,100,0,0,100,0,0,0,0,0,100,0,0,0,100,0,100,0,0,0,100,259066.9150390625,107735.9115600586,0,404334895104,8589930496,66027802624,0
199,1727693304974,1548,2499,2569,1920,2567,1798,2099,2824,2043,2499,2499,2499,2499,2000,2499,2499,1934,1728,2820,2819,1990,2818,1901,2500,2100,2509,2000,2499,2500,1880,1290,2577,0,100,100,100,0,0,0,0,0,0,0,100,100,0,0,100,0,0,0,0,0,100,0,0,0,100,0,100,0,0,0,100,259069.83728027344,107745.24450683594,0,404334895104,8589930496,66027802624,0
199,1727693305174,1548,2499,2569,1920,2567,1798,2099,2824,2043,2499,2499,2499,2499,2000,2499,2499,1934,1728,2820,2819,1990,2818,1901,2500,2100,2509,2000,2499,2500,1880,1290,2577,0,100,100,100,0,0,0,0,0,0,0,100,100,0,0,100,0,0,0,0,0,100,0,0,0,100,0,100,0,0,0,100,259072.7173461914,107754.55450439453,0,404334895104,8589930496,65952165888,0
199,1727693305374,1548,2499,2569,1920,2567,1798,2099,2824,2043,2499,2499,2499,2499,2000,2499,2499,1934,1728,2820,2819,1990,2818,1901,2500,2100,2509,2000,2499,2500,1880,1290,2577,0,100,100,100,0,0,0,0,0,0,0,100,100,0,0,100,0,0,0,0,0,100,0,0,0,100,0,100,0,0,0,100,259075.5701904297,107763.87573242188,0,404334895104,8589930496,66027548672,0
199,1727693305574,1548,2499,2569,1920,2567,1798,2099,2824,2043,2499,2499,2499,2499,2000,2499,2499,1934,1728,2820,2819,1990,2818,1901,2500,2100,2509,2000,2499,2500,1880,1290,2577,0,100,100,100,0,4.761904716491699,0,0,0,0,0,100,100,0,0,100,0,0,0,0,4.761904716491699,100,0,0,0,100,0,100,0,0,0,100,259078.4086303711,107773.21197509766,0,404334895104,8589930496,66027659264,0
199,1727693305774,1548,2499,2569,1920,2567,1798,2099,2824,2043,2499,2499,2499,2499,2000,2499,2499,1934,1728,2820,2819,1990,2818,1901,2500,2100,2509,2000,2499,2500,1880,1290,2577,0,100,100,100,0,0,0,0,0,0,0,100,100,0,0,100,0,0,0,0,0,100,4.761904716491699,0,0,100,0,100,0,0,0,100,259081.23345947266,107782.52099609375,0,404334895104,8589930496,66027659264,0
199,1727693305975,1548,2499,2569,1920,2567,1798,2099,2824,2043,2499,2499,2499,2499,2000,2499,2499,1934,1728,2820,2819,1990,2818,1901,2500,2100,2509,2000,2499,2500,1880,1290,2577,0,100,100,100,0,0,0,0,0,0,0,100,100,0,0,100,0,0,0,0,0,100,0,0,0,100,0,100,0,0,0,100,259084.06274414063,107791.88153076172,0,404334895104,8589930496,66027806720,0
199,1727693306175,1548,2499,2569,1920,2567,1798,2099,2824,2043,2499,2499,2499,2499,2000,2499,2499,1934,1728,2820,2819,1990,2818,1901,2500,2100,2509,2000,2499,2500,1880,1290,2577,0,100,100,100,0,0,0,0,0,0,0,100,100,0,0,100,0,0,0,0,0,100,0,0,0,100,0,100,0,0,0,100,259086.85772705078,107801.24475097656,0,404334895104,8589930496,66027806720,0
199,1727693306375,1548,2499,2569,1920,2567,1798,2099,2824,2043,2499,2499,2499,2499,2000,2499,2499,1934,1728,2820,2819,1990,2818,1901,2500,2100,2509,2000,2499,2500,1880,1290,2577,0,100,100,100,0,0,0,0,0,0,0,100,100,0,0,100,0,0,0,0,0,100,0,0,0,100,0,100,0,4.761904716491699,0,100,259089.63897705078,107810.60620117188,0,404334895104,8589930496,66027806720,0
199,1727693306575,1548,2499,2569,1920,2567,1798,2099,2824,2043,2499,2499,2499,2499,2000,2499,2499,1934,1728,2820,2819,1990,2818,1901,2500,2100,2509,2000,2499,2500,1880,1290,2577,0,100,100,100,0,0,0,0,0,0,0,100,100,0,0,100,0,0,0,0,0,100,0,0,0,100,0,100,0,0,0,100,259092.46545410156,107819.99597167969,0,404334895104,8589930496,66027532288,0
199,1727693306775,1548,2499,2569,1920,2567,1798,2099,2824,2043,2499,2499,2499,2499,2000,2499,2499,1934,1728,2820,2819,1990,2818,1901,2500,2100,2509,2000,2499,2500,1880,1290,2577,0,100,100,100,0,0,0,0,0,0,0,100,100,0,0,100,0,0,0,0,0,100,0,4.761904716491699,0,100,0,100,0,4.761904716491699,0,100,259095.29736328125,107829.40380859375,0,404334895104,8589930496,66027589632,0
199,1727693306975,1548,2499,2569,1920,2567,1798,2099,2824,2043,2499,2499,2499,2499,2000,2499,2499,1934,1728,2820,2819,1990,2818,1901,2500,2100,2509,2000,2499,2500,1880,1290,2577,0,100,100,100,0,0,0,0,0,0,0,100,100,0,0,100,0,0,0,0,0,100,0,4.761904716491699,0,100,0,100,0,4.761904716491699,0,100,259098.13409423828,107838.7191772461,0,404334895104,8589930496,66027667456,0
199,1727693307175,1548,2499,2569,1920,2567,1798,2099,2824,2043,2499,2499,2499,2499,2000,2499,2499,1934,1728,2820,2819,1990,2818,1901,2500,2100,2509,2000,2499,2500,1880,1290,2577,0,100,100,100,0,0,0,0,0,0,0,100,100,0,0,100,0,0,0,0,0,100,0,0,2.5,100,0,100,0,2.5,0,100,259100.96936035156,107848.0551147461,0,404334895104,8589930496,66027667456,0
199,1727693307375,1548,2499,2569,1920,2567,1798,2099,2824,2043,2499,2499,2499,2499,2000,2499,2499,1934,1728,2820,2819,1990,2818,1901,2500,2100,2509,2000,2499,2500,1880,1290,2577,5,100,100,100,4.761904716491699,5,0,4.761904716491699,0,0,0,100,100,5,0,100,0,0,0,5,0,100,4.761904716491699,0,4.761904716491699,100,0,100,0,4.761904716491699,0,100,259103.7947998047,107857.38342285156,0,404334895104,8589930496,66028101632,0
199,1727693307576,1548,2499,2569,1920,2567,1798,2099,2824,2043,2499,2499,2499,2499,2000,2499,2499,1934,1728,2820,2819,1990,2818,1901,2500,2100,2509,2000,2499,2500,1880,1290,2577,0,100,100,100,0,0,0,0,0,0,0,100,100,0,0,100,0,0,0,0,0,100,0,0,0,100,0,100,0,0,0,100,259106.62658691406,107866.66882324219,0,404334895104,8589930496,66028101632,0
199,1727693307776,1548,2499,2569,1920,2567,1798,2099,2824,2043,2499,2499,2499,2499,2000,2499,2499,1934,1728,2820,2819,1990,2818,1901,2500,2100,2509,2000,2499,2500,1880,1290,2577,0,100,100,100,0,0,0,0,0,0,0,100,100,0,0,100,0,0,0,0,0,100,0,0,0,100,0,100,0,0,0,100,259109.4555053711,107875.97900390625,0,404334895104,8589930496,66028105728,0
199,1727693307976,1548,2499,2569,1920,2567,1798,2099,2824,2043,2499,2499,2499,2499,2000,2499,2499,1934,1728,2820,2819,1990,2818,1901,2500,2100,2509,2000,2499,2500,1880,1290,2577,0,100,100,100,0,0,0,0,4.761904716491699,0,0,100,100,0,0,100,0,0,0,0,0,100,0,0,0,100,0,100,0,0,0,100,259112.30987548828,107885.33312988281,0,404334895104,8589930496,66027847680,0
199,1727693308176,1548,2499,2569,1920,2567,1798,2099,2824,2043,2499,2499,2499,2499,2000,2499,2499,1934,1728,2820,2819,1990,2818,1901,2500,2100,2509,2000,2499,2500,1880,1290,2577,0,100,100,100,0,0,0,0,4.761904716491699,0,0,100,100,0,0,100,0,0,0,0,0,100,0,0,0,100,0,100,0,0,0,100,259115.08081054688,107894.59143066406,0,404334895104,8589930496,66027884544,0
199,1727693308376,1548,2499,2569,1920,2567,1798,2099,2824,2043,2499,2499,2499,2499,2000,2499,2499,1934,1728,2820,2819,1990,2818,1901,2500,2100,2509,2000,2499,2500,1880,1290,2577,0,100,100,100,0,0,0,0,0,0,0,100,100,0,0,100,0,0,0,0,0,100,0,0,0,100,0,100,0,0,0,100,259117.92388916016,107903.96588134766,0,404334895104,8589930496,66027958272,0
199,1727693308576,1548,2499,2569,1920,2567,1798,2099,2824,2043,2499,2499,2499,2499,2000,2499,2499,1934,1728,2820,2819,1990,2818,1901,2500,2100,2509,2000,2499,2500,1880,1290,2577,0,100,100,100,0,0,0,0,0,0,0,100,100,0,0,100,0,0,0,0,0,100,0,0,0,100,0,100,0,0,4.761904716491699,100,259120.74243164063,107913.30169677734,0,404334895104,8589930496,66028105728,0
199,1727693308776,1548,2499,2569,1920,2567,1798,2099,2824,2043,2499,2499,2499,2499,2000,2499,2499,1934,1728,2820,2819,1990,2818,1901,2500,2100,2509,2000,2499,2500,1880,1290,2577,0,100,100,100,0,0,0,0,0,0,0,100,100,0,0,100,0,0,0,0,0,100,0,0,0,100,0,100,0,0,0,100,259123.57470703125,107922.64343261719,0,404334895104,8589930496,66028093440,0
199,1727693308977,1548,2499,2569,1920,2567,1798,2099,2824,2043,2499,2499,2499,2499,2000,2499,2499,1934,1728,2820,2819,1990,2818,1901,2500,2100,2509,2000,2499,2500,1880,1290,2577,0,100,100,100,0,0,0,0,0,0,0,100,100,0,0,100,0,0,0,0,0,100,0,0,0,100,0,100,0,0,0,100,259126.40301513672,107931.99322509766,0,404334895104,8589930496,66028093440,0
199,1727693309177,1548,2499,2569,1920,2567,1798,2099,2824,2043,2499,2499,2499,2499,2000,2499,2499,1934,1728,2820,2819,1990,2818,1901,2500,2100,2509,2000,2499,2500,1880,1290,2577,0,100,100,100,0,0,0,0,0,0,0,100,100,0,0,100,0,0,0,0,0,100,0,0,0,100,0,100,0,0,0,100,259129.22045898438,107941.32623291016,0,404334895104,8589930496,66027741184,0
199,1727693309376,1548,2499,2569,1920,2567,1798,2099,2824,2043,2499,2499,2499,2499,2000,2499,2499,1934,1728,2820,2819,1990,2818,1901,2500,2100,2509,2000,2499,2500,1880,1290,2577,9.523809432983398,100,100,100,0,9.090909004211426,10,0,5,0,0,100,100,9.523809432983398,4.761904716491699,100,5,20,0,0,9.523809432983398,100,4.761904716491699,0,0,100,9.523809432983398,100,9.090909004211426,5.555555820465088,15.789472579956055,100,259132.08142089844,107950.86938476563,0,404334895104,8589930496,66028052480,0
199,1727693309577,1548,2499,2569,1920,2567,1798,2099,2824,2043,2499,2499,2499,2499,2000,2499,2499,1934,1728,2820,2819,1990,2818,1901,2500,2100,2509,2000,2499,2500,1880,1290,2577,0,100,100,100,0,0,0,0,0,0,0,100,100,0,0,100,0,0,0,0,0,100,0,0,0,100,0,100,0,0,4.761904716491699,100,259134.98046875,107960.21954345703,0,404334895104,8589930496,66028126208,0
199,1727693309777,1548,2499,2569,1920,2567,1798,2099,2824,2043,2499,2499,2499,2499,2000,2499,2499,1934,1728,2820,2819,1990,2818,1901,2500,2100,2509,2000,2499,2500,1880,1290,2577,0,100,100,100,0,0,0,0,0,0,0,100,100,0,0,100,0,0,0,0,0,100,0,0,0,100,0,100,0,0,4.761904716491699,100,259137.8256225586,107969.53302001953,0,404334895104,8589930496,66028126208,0
199,1727693309977,1548,2499,2569,1920,2567,1798,2099,2824,2043,2499,2499,2499,2499,2000,2499,2499,1934,1728,2820,2819,1990,2818,1901,2500,2100,2509,2000,2499,2500,1880,1290,2577,0,100,100,100,0,0,0,0,0,0,0,100,100,0,0,100,0,0,0,0,0,100,0,0,0,100,0,100,0,0,0,100,259140.65496826172,107978.82995605469,0,404334895104,8589930496,66028277760,0
199,1727693310177,1548,2499,2569,1920,2567,1798,2099,2824,2043,2499,2499,2499,2499,2000,2499,2499,1934,1728,2820,2819,1990,2818,1901,2500,2100,2509,2000,2499,2500,1880,1290,2577,0,100,100,100,0,0,0,0,0,0,0,100,100,0,0,100,0,0,0,0,0,100,0,0,0,100,0,100,0,0,0,100,259143.48992919922,107988.13708496094,0,404334895104,8589930496,66028277760,0
199,1727693310377,1548,2499,2569,1920,2567,1798,2099,2824,2043,2499,2499,2499,2499,2000,2499,2499,1934,1728,2820,2819,1990,2818,1901,2500,2100,2509,2000,2499,2500,1880,1290,2577,0,100,100,100,0,0,0,0,0,0,0,100,100,0,0,100,0,0,0,0,0,100,4.761904716491699,0,0,100,0,100,0,0,0,100,259146.33135986328,107997.47009277344,0,404334895104,8589930496,66028277760,0
199,1727693310577,1548,2499,2569,1920,2567,1798,2099,2824,2043,2499,2499,2499,2499,2000,2499,2499,1934,1728,2820,2819,1990,2818,1901,2500,2100,2509,2000,2499,2500,1880,1290,2577,0,100,100,100,0,0,0,0,0,0,0,100,100,0,0,100,0,0,0,0,0,100,0,0,0,100,0,100,0,0,0,100,259149.18194580078,108006.80676269531,0,404334895104,8589930496,66028003328,0
199,1727693310778,1548,2499,2569,1920,2567,1798,2099,2824,2043,2499,2499,2499,2499,2000,2499,2499,1934,1728,2820,2819,1990,2818,1901,2500,2100,2509,2000,2499,2500,1880,1290,2577,4.761904716491699,100,100,100,0,0,0,0,0,0,0,100,100,0,0,100,0,0,0,0,0,100,0,0,0,100,0,100,0,0,0,100,259152.001953125,108016.14636230469,0,404334895104,8589930496,66028056576,0
199,1727693310978,1548,2499,2569,1920,2567,1798,2099,2824,2043,2499,2499,2499,2499,2000,2499,2499,1934,1728,2820,2819,1990,2818,1901,2500,2100,2509,2000,2499,2500,1880,1290,2577,0,100,100,100,0,0,0,0,0,0,0,100,100,0,0,100,0,0,0,0,0,100,0,0,0,100,0,100,0,0,0,100,259154.8546142578,108025.47241210938,0,404334895104,8589930496,66028130304,0
199,1727693311178,1548,2499,2569,1920,2567,1798,2099,2824,2043,2499,2499,2499,2499,2000,2499,2499,1934,1728,2820,2819,1990,2818,1901,2500,2100,2509,2000,2499,2500,1880,1290,2577,0,100,100,100,0,0,0,0,0,0,0,100,100,0,0,100,0,0,0,0,0,100,0,0,0,100,0,100,0,0,0,100,259157.69647216797,108034.79956054688,0,404334895104,8589930496,66028130304,0
199,1727693311378,1548,2499,2569,1920,2567,1798,2099,2824,2043,2499,2499,2499,2499,2000,2499,2499,1934,1728,2820,2819,1990,2818,1901,2500,2100,2509,2000,2499,2500,1880,1290,2577,0,100,100,100,0,0,0,0,0,0,0,100,100,0,0,100,0,0,0,0,0,100,0,0,0,100,0,100,0,0,0,100,259160.5365600586,108044.10278320313,0,404334895104,8589930496,66028277760,0
199,1727693311578,1548,2499,2569,1920,2567,1798,2099,2824,2043,2499,2499,2499,2499,2000,2499,2499,1934,1728,2820,2819,1990,2818,1901,2500,2100,2509,2000,2499,2500,1880,1290,2577,0,100,100,100,0,0,0,0,0,0,0,100,100,0,0,100,0,0,0,0,0,100,0,0,0,100,0,100,0,0,0,100,259163.36639404297,108053.37432861328,0,404334895104,8589930496,66028277760,0
199,1727693311778,1548,2499,2569,1920,2567,1798,2099,2824,2043,2499,2499,2499,2499,2000,2499,2499,1934,1728,2820,2819,1990,2818,1901,2500,2100,2509,2000,2499,2500,1880,1290,2577,0,100,100,100,4.761904716491699,0,0,0,0,0,0,100,100,0,0,100,0,0,0,0,0,100,0,0,0,100,0,100,0,0,0,100,259166.21630859375,108062.67932128906,0,404334895104,8589930496,65964802048,0
199,1727693311978,1548,2499,2569,1920,2567,1798,2099,2824,2043,2499,2499,2499,2499,2000,2499,2499,1934,1728,2820,2819,1990,2818,1901,2500,2100,2509,2000,2499,2500,1880,1290,2577,0,100,100,100,0,0,0,0,0,0,0,100,100,0,0,100,0,0,0,0,0,100,0,0,0,100,0,100,0,0,0,100,259169.02270507813,108071.99053955078,0,404334895104,8589930496,66028019712,0
199,1727693312178,1548,2499,2569,1920,2567,1798,2099,2824,2043,2499,2499,2499,2499,2000,2499,2499,1934,1728,2820,2819,1990,2818,1901,2500,2100,2509,2000,2499,2500,1880,1290,2577,0,100,100,100,0,0,0,0,0,0,0,100,100,0,0,100,0,0,0,0,0,100,0,0,0,100,0,100,0,4.761904716491699,0,100,259171.7969970703,108081.2935180664,0,404334895104,8589930496,66028130304,0
199,1727693312379,1548,2499,2569,1920,2567,1798,2099,2824,2043,2499,2499,2499,2499,2000,2499,2499,1934,1728,2820,2819,1990,2818,1901,2500,2100,2509,2000,2499,2500,1880,1290,2577,0,100,100,100,0,0,0,0,0,0,0,100,100,0,0,100,0,0,0,0,0,100,0,0,0,100,0,100,0,0,0,100,259174.5816040039,108090.62756347656,0,404334895104,8589930496,66028134400,0
199,1727693312579,1548,2499,2569,1920,2567,1798,2099,2824,2043,2499,2499,2499,2499,2000,2499,2499,1934,1728,2820,2819,1990,2818,1901,2500,2100,2509,2000,2499,2500,1880,1290,2577,0,100,100,100,0,0,0,0,0,0,0,100,100,0,0,100,0,0,0,0,0,100,0,0,0,100,0,100,0,4.761904716491699,0,100,259177.3843383789,108099.94989013672,0,404334895104,8589930496,66028281856,0
199,1727693312779,1548,2499,2569,1920,2567,1798,2099,2824,2043,2499,2499,2499,2499,2000,2499,2499,1934,1728,2820,2819,1990,2818,1901,2500,2100,2509,2000,2499,2500,1880,1290,2577,0,100,100,100,0,0,0,0,0,0,0,100,100,0,0,100,0,0,0,0,0,100,0,0,0,100,0,100,0,0,0,100,259180.17572021484,108109.2611694336,0,404334895104,8589930496,66028281856,0
199,1727693312979,1548,2499,2569,1920,2567,1798,2099,2824,2043,2499,2499,2499,2499,2000,2499,2499,1934,1728,2820,2819,1990,2818,1901,2500,2100,2509,2000,2499,2500,1880,1290,2577,0,100,100,100,0,0,0,0,0,0,0,100,100,0,0,100,0,0,0,0,0,100,0,0,4.761904716491699,100,0,100,0,0,0,100,259182.94494628906,108118.58874511719,0,404334895104,8589930496,66028281856,0
199,1727693313179,1548,2499,2569,1920,2567,1798,2099,2824,2043,2499,2499,2499,2499,2000,2499,2499,1934,1728,2820,2819,1990,2818,1901,2500,2100,2509,2000,2499,2500,1880,1290,2577,0,100,100,100,0,0,0,0,0,0,0,100,100,0,0,100,0,0,0,0,0,100,0,0,4.761904716491699,100,0,100,0,0,0,100,259185.75744628906,108127.98150634766,0,404334895104,8589930496,66028007424,0
199,1727693313379,1548,2499,2569,1920,2567,1798,2099,2824,2043,2499,2499,2499,2499,2000,2499,2499,1934,1728,2820,2819,1990,2818,1901,2500,2100,2509,2000,2499,2500,1880,1290,2577,0,100,100,100,2.4390242099761963,0,0,0,0,0,0,100,100,0,0,100,0,0,0,0,0,100,0,0,2.4390242099761963,100,0,100,0,2.4390242099761963,0,100,259188.5171508789,108137.35559082031,0,404334895104,8589930496,66028060672,0
199,1727693313579,1548,2499,2569,1920,2567,1798,2099,2824,2043,2499,2499,2499,2499,2000,2499,2499,1934,1728,2820,2819,1990,2818,1901,2500,2100,2509,2000,2499,2500,1880,1290,2577,0,100,100,100,0,0,0,0,0,0,0,100,100,0,0,100,0,0,0,0,0,100,0,0,0,100,0,100,0,4.761904716491699,0,100,259191.33599853516,108146.73510742188,0,404334895104,8589930496,66028134400,0
199,1727693313779,1548,2499,2569,1920,2567,1798,2099,2824,2043,2499,2499,2499,2499,2000,2499,2499,1934,1728,2820,2819,1990,2818,1901,2500,2100,2509,2000,2499,2500,1880,1290,2577,0,100,100,100,0,0,0,0,0,0,0,100,100,0,0,100,0,0,0,0,0,100,0,0,0,100,0,100,0,0,0,100,259194.1456298828,108156.1000366211,0,404334895104,8589930496,66028118016,0
199,1727693313980,1548,2499,2569,1920,2567,1798,2099,2824,2043,2499,2499,2499,2499,2000,2499,2499,1934,1728,2820,2819,1990,2818,1901,2500,2100,2509,2000,2499,2500,1880,1290,2577,0,100,100,100,0,0,0,0,0,0,0,100,100,0,0,100,0,0,0,0,0,100,0,0,0,100,0,100,0,0,0,100,259196.994140625,108165.43731689453,0,404334895104,8589930496,66028265472,0
199,1727693314180,1548,2499,2569,1920,2567,1798,2099,2824,2043,2499,2499,2499,2499,2000,2499,2499,1934,1728,2820,2819,1990,2818,1901,2500,2100,2509,2000,2499,2500,1880,1290,2577,0,100,100,100,0,0,0,0,0,0,0,100,100,0,0,100,0,0,0,0,0,100,0,0,0,100,0,100,0,0,0,100,259199.77716064453,108174.72619628906,0,404334895104,8589930496,66028265472,0
199,1727693314380,1548,2499,2569,1920,2567,1798,2099,2824,2043,2499,2499,2499,2499,2000,2499,2499,1934,1728,2820,2819,1990,2818,1901,2500,2100,2509,2000,2499,2500,1880,1290,2577,0,100,100,100,0,0,0,0,0,0,0,100,100,0,0,100,0,0,0,0,0,100,0,0,0,100,0,100,0,0,0,100,259202.61138916016,108184.21911621094,0,404334895104,8589930496,66028285952,0
199,1727693314580,1548,2499,2569,1920,2567,1798,2099,2824,2043,2499,2499,2499,2499,2000,2499,2499,1934,1728,2820,2819,1990,2818,1901,2500,2100,2509,2000,2499,2500,1880,1290,2577,2.5,100,100,100,0,0,0,0,0,0,0,100,100,0,0,100,0,0,0,0,2.5641026496887207,100,5.128205299377441,0,0,100,0,100,0,0,2.4390242099761963,100,259205.45098876953,108193.60205078125,0,404334895104,8589930496,66028027904,0
199,1727693314780,1548,2499,2569,1920,2567,1798,2099,2824,2043,2499,2499,2499,2499,2000,2499,2499,1934,1728,2820,2819,1990,2818,1901,2500,2100,2509,2000,2499,2500,1880,1290,2577,2.5,100,100,100,0,0,0,0,0,0,0,100,100,0,0,100,0,0,0,0,2.5641026496887207,100,5.128205299377441,0,0,100,0,100,0,0,2.4390242099761963,100,259208.27423095703,108202.90795898438,0,404334895104,8589930496,66028068864,0
199,1727693314980,1548,2499,2569,1920,2567,1798,2099,2824,2043,2499,2499,2499,2499,2000,2499,2499,1934,1728,2820,2819,1990,2818,1901,2500,2100,2509,2000,2499,2500,1880,1290,2577,0,100,100,100,0,0,0,0,0,0,0,100,100,0,0,100,0,0,0,0,0,100,0,0,0,100,2.4390242099761963,100,0,0,2.4390242099761963,100,259211.1033935547,108212.28607177734,0,404334895104,8589930496,66028142592,0
199,1727693315180,1548,2499,2569,1920,2567,1798,2099,2824,2043,2499,2499,2499,2499,2000,2499,2499,1934,1728,2820,2819,1990,2818,1901,2500,2100,2509,2000,2499,2500,1880,1290,2577,0,100,100,100,0,0,0,0,0,0,0,100,100,0,0,100,0,0,0,0,0,100,0,0,0,100,0,100,0,0,0,100,259213.9063720703,108221.63806152344,0,404334895104,8589930496,66028290048,0
199,1727693315380,1548,2499,2569,1920,2567,1798,2099,2824,2043,2499,2499,2499,2499,2000,2499,2499,1934,1728,2820,2819,1990,2818,1901,2500,2100,2509,2000,2499,2500,1880,1290,2577,0,100,100,100,0,0,0,0,0,0,0,100,100,0,0,100,0,0,0,0,0,100,0,0,0,100,0,100,0,0,0,100,259216.74688720703,108230.9652709961,0,404334895104,8589930496,66028290048,0
199,1727693315581,1548,2499,2569,1920,2567,1798,2099,2824,2043,2499,2499,2499,2499,2000,2499,2499,1934,1728,2820,2819,1990,2818,1901,2500,2100,2509,2000,2499,2500,1880,1290,2577,0,100,100,100,0,0,0,0,0,0,0,100,100,0,0,100,0,0,0,0,0,100,0,0,0,100,0,100,0,0,0,100,259219.60369873047,108240.24835205078,0,404334895104,8589930496,66028290048,0
199,1727693315781,1548,2499,2569,1920,2567,1798,2099,2824,2043,2499,2499,2499,2499,2000,2499,2499,1934,1728,2820,2819,1990,2818,1901,2500,2100,2509,2000,2499,2500,1880,1290,2577,0,100,100,100,0,0,4.761904716491699,0,4.761904716491699,0,0,100,100,0,0,100,0,0,0,0,0,100,0,0,0,100,4.761904716491699,100,0,0,0,100,259222.45532226563,108249.58349609375,0,404334895104,8589930496,66028015616,0
199,1727693315981,1548,2499,2569,1920,2567,1798,2099,2824,2043,2499,2499,2499,2499,2000,2499,2499,1934,1728,2820,2819,1990,2818,1901,2500,2100,2509,2000,2499,2500,1880,1290,2577,0,100,100,100,0,0,0,0,0,0,0,100,100,0,0,100,0,0,0,0,0,100,0,0,0,100,0,100,0,0,0,100,259225.29278564453,108258.89587402344,0,404334895104,8589930496,66028068864,0
199,1727693316181,1548,2499,2569,1920,2567,1798,2099,2824,2043,2499,2499,2499,2499,2000,2499,2499,1934,1728,2820,2819,1990,2818,1901,2500,2100,2509,2000,2499,2500,1880,1290,2577,0,100,100,100,0,0,0,0,0,0,0,100,100,0,0,100,0,0,0,0,0,100,0,0,0,100,0,100,0,0,0,100,259228.1361694336,108268.1875,0,404334895104,8589930496,66028142592,0
199,1727693316381,1548,2499,2569,1920,2567,1798,2099,2824,2043,2499,2499,2499,2499,2000,2499,2499,1934,1728,2820,2819,1990,2818,1901,2500,2100,2509,2000,2499,2500,1880,1290,2577,0,100,100,100,0,0,0,0,0,0,0,100,100,0,0,100,0,0,0,0,0,100,0,0,0,100,0,100,0,0,0,100,259230.98565673828,108277.50775146484,0,404334895104,8589930496,66028142592,0
199,1727693316581,1548,2499,2569,1920,2567,1798,2099,2824,2043,2499,2499,2499,2499,2000,2499,2499,1934,1728,2820,2819,1990,2818,1901,2500,2100,2509,2000,2499,2500,1880,1290,2577,0,100,100,100,0,0,0,0,0,0,0,100,100,0,0,100,0,0,0,0,0,100,0,0,0,100,0,100,0,0,0,100,259233.8465576172,108286.79064941406,0,404334895104,8589930496,66028290048,0
199,1727693316781,1548,2499,2569,1920,2567,1798,2099,2824,2043,2499,2499,2499,2499,2000,2499,2499,1934,1728,2820,2819,1990,2818,1901,2500,2100,2509,2000,2499,2500,1880,1290,2577,0,100,100,100,0,0,0,0,0,0,0,100,100,0,0,100,0,0,0,0,0,100,0,0,0,100,0,100,0,0,0,100,259236.68518066406,108296.10107421875,0,404334895104,8589930496,66028290048,0
199,1727693316981,1548,2499,2569,1920,2567,1798,2099,2824,2043,2499,2499,2499,2499,2000,2499,2499,1934,1728,2820,2819,1990,2818,1901,2500,2100,2509,2000,2499,2500,1880,1290,2577,0,100,100,100,0,0,0,0,0,0,0,100,100,0,0,100,0,0,0,0,0,100,0,0,0,100,0,100,0,0,0,100,259239.55200195313,108305.4340209961,0,404334895104,8589930496,66028294144,0
199,1727693317182,1548,2499,2569,1920,2567,1798,2099,2824,2043,2499,2499,2499,2499,2000,2499,2499,1934,1728,2820,2819,1990,2818,1901,2500,2100,2509,2000,2499,2500,1880,1290,2577,0,100,100,100,0,0,0,0,0,0,0,100,100,0,0,100,0,0,0,0,0,100,0,0,0,100,0,100,0,0,0,100,259242.3832397461,108314.76306152344,0,404334895104,8589930496,66028036096,0
199,1727693317382,1548,2499,2569,1920,2567,1798,2099,2824,2043,2499,2499,2499,2499,2000,2499,2499,1934,1728,2820,2819,1990,2818,1901,2500,2100,2509,2000,2499,2500,1880,1290,2577,0,100,100,100,0,0,0,0,0,0,0,100,100,0,0,100,0,0,0,0,0,100,0,0,0,100,0,100,0,0,0,100,259245.22186279297,108324.078125,0,404334895104,8589930496,66028072960,0
199,1727693317582,1548,2499,2569,1920,2567,1798,2099,2824,2043,2499,2499,2499,2499,2000,2499,2499,1934,1728,2820,2819,1990,2818,1901,2500,2100,2509,2000,2499,2500,1880,1290,2577,4.761904716491699,100,100,100,0,0,0,0,0,0,0,100,100,0,0,100,0,0,0,0,0,100,0,0,0,100,0,100,0,0,0,100,259248.04193115234,108333.4330444336,0,404334895104,8589930496,66028146688,0
199,1727693317782,1548,2499,2569,1920,2567,1798,2099,2824,2043,2499,2499,2499,2499,2000,2499,2499,1934,1728,2820,2819,1990,2818,1901,2500,2100,2509,2000,2499,2500,1880,1290,2577,0,100,100,100,0,4.761904716491699,0,0,0,0,0,100,100,0,0,100,0,0,0,0,0,100,0,0,0,100,0,100,0,0,0,100,259250.87713623047,108342.76849365234,0,404334895104,8589930496,66028146688,0
199,1727693317982,1548,2499,2569,1920,2567,1798,2099,2824,2043,2499,2499,2499,2499,2000,2499,2499,1934,1728,2820,2819,1990,2818,1901,2500,2100,2509,2000,2499,2500,1880,1290,2577,0,100,100,100,0,0,0,0,0,0,0,100,100,0,0,100,0,0,4.761904716491699,0,0,100,0,0,0,100,0,100,0,0,0,100,259253.7000732422,108352.12829589844,0,404334895104,8589930496,66028294144,0
199,1727693318182,1548,2499,2569,1920,2567,1798,2099,2824,2043,2499,2499,2499,2499,2000,2499,2499,1934,1728,2820,2819,1990,2818,1901,2500,2100,2509,2000,2499,2500,1880,1290,2577,0,100,100,100,0,0,0,0,0,0,0,100,100,0,0,100,0,0,4.761904716491699,0,0,100,0,0,0,100,0,100,0,0,0,100,259256.47827148438,108361.3501586914,0,404334895104,8589930496,66028294144,0
199,1727693318382,1548,2499,2569,1920,2567,1798,2099,2824,2043,2499,2499,2499,2499,2000,2499,2499,1934,1728,2820,2819,1990,2818,1901,2500,2100,2509,2000,2499,2500,1880,1290,2577,2.4390242099761963,100,100,100,0,0,0,0,0,0,2.4390242099761963,100,100,0,0,100,2.4390242099761963,2.4390242099761963,0,0,0,100,2.4390242099761963,0,0,100,0,100,0,2.4390242099761963,0,100,259259.34375,108370.72766113281,0,404334895104,8589930496,65961689088,0
199,1727693318582,1548,2499,2569,1920,2567,1798,2099,2824,2043,2499,2499,2499,2499,2000,2499,2499,1934,1728,2820,2819,1990,2818,1901,2500,2100,2509,2000,2499,2500,1880,1290,2577,0,100,100,100,0,4.761904716491699,0,0,0,0,0,100,100,0,0,100,4.761904716491699,0,0,0,4.761904716491699,100,0,0,0,100,0,100,0,0,5,100,259262.14630126953,108380.08001708984,0,404334895104,8589930496,66027433984,0
199,1727693318783,1548,2499,2569,1920,2567,1798,2099,2824,2043,2499,2499,2499,2499,2000,2499,2499,1934,1728,2820,2819,1990,2818,1901,2500,2100,2509,2000,2499,2500,1880,1290,2577,0,100,100,100,0,0,0,0,0,0,0,100,100,0,0,100,0,0,0,0,0,100,0,0,0,100,0,100,0,5,0,100,259264.93975830078,108389.38653564453,0,404334895104,8589930496,66027532288,0
199,1727693318983,1548,2499,2569,1920,2567,1798,2099,2824,2043,2499,2499,2499,2499,2000,2499,2499,1934,1728,2820,2819,1990,2818,1901,2500,2100,2509,2000,2499,2500,1880,1290,2577,0,100,100,100,0,0,0,0,0,0,0,100,100,0,0,100,0,0,0,0,0,100,4.761904716491699,0,0,100,0,100,0,0,0,100,259267.73760986328,108398.69464111328,0,404334895104,8589930496,66027532288,0
199,1727693319183,1548,2499,2569,1920,2567,1798,2099,2824,2043,2499,2499,2499,2499,2000,2499,2499,1934,1728,2820,2819,1990,2818,1901,2500,2100,2509,2000,2499,2500,1880,1290,2577,0,100,100,100,0,0,0,0,0,0,0,100,100,0,0,100,0,0,0,0,0,100,0,0,0,100,0,100,0,4.761904716491699,0,100,259270.5008544922,108408.03381347656,0,404334895104,8589930496,66027679744,0
199,1727693319383,1548,2499,2569,1920,2567,1798,2099,2824,2043,2499,2499,2499,2499,2000,2499,2499,1934,1728,2820,2819,1990,2818,1901,2500,2100,2509,2000,2499,2500,1880,1290,2577,0,100,100,100,0,0,0,0,0,0,0,100,100,0,0,100,0,0,0,0,0,100,0,0,0,100,0,100,0,4.761904716491699,0,100,259273.30200195313,108417.42584228516,0,404334895104,8589930496,66033868800,0
199,1727693319583,1548,2499,2569,1920,2567,1798,2099,2824,2043,2499,2499,2499,2499,2000,2499,2499,1934,1728,2820,2819,1990,2818,1901,2500,2100,2509,2000,2499,2500,1880,1290,2577,7.317072868347168,100,100,100,0,7.692307949066162,4.878048419952393,4.761904716491699,0,12.5,4.878048419952393,100,100,4.878048419952393,0,100,0,0,0,2.4390242099761963,2.5,100,2.5,0,2.5,100,0,100,0,9.523809432983398,4.878048419952393,100,259276.1762084961,108427.01013183594,0,404334895104,8589930496,66027859968,0
199,1727693319783,1548,2499,2569,1920,2567,1798,2099,2824,2043,2499,2499,2499,2499,2000,2499,2499,1934,1728,2820,2819,1990,2818,1901,2500,2100,2509,2000,2499,2500,1880,1290,2577,7.317072868347168,100,100,100,0,7.692307949066162,4.878048419952393,4.761904716491699,0,12.5,4.878048419952393,100,100,4.878048419952393,0,100,0,0,0,2.4390242099761963,2.5,100,2.5,0,2.5,100,0,100,0,9.523809432983398,4.878048419952393,100,259278.9652709961,108436.29943847656,0,404334895104,8589930496,66027585536,0
199,1727693319983,1548,2499,2569,1920,2567,1798,2099,2824,2043,2499,2499,2499,2499,2000,2499,2499,1934,1728,2820,2819,1990,2818,1901,2500,2100,2509,2000,2499,2500,1880,1290,2577,0,100,100,100,0,0,0,0,0,0,0,100,100,2.4390242099761963,0,100,0,0,0,0,0,100,0,0,0,100,0,100,0,0,0,100,259281.74481201172,108445.63244628906,0,404334895104,8589930496,66027638784,0
199,1727693320183,1548,2499,2569,1920,2567,1798,2099,2824,2043,2499,2499,2499,2499,2000,2499,2499,1934,1728,2820,2819,1990,2818,1901,2500,2100,2509,2000,2499,2500,1880,1290,2577,0,100,100,100,0,0,0,0,0,0,0,100,100,4.761904716491699,0,100,0,0,0,0,0,100,0,0,0,100,0,100,0,0,0,100,259284.5284423828,108454.92504882813,0,404334895104,8589930496,66027712512,0
199,1727693320384,1548,2499,2569,1920,2567,1798,2099,2824,2043,2499,2499,2499,2499,2000,2499,2499,1934,1728,2820,2819,1990,2818,1901,2500,2100,2509,2000,2499,2500,1880,1290,2577,0,100,100,100,0,0,0,0,0,0,0,100,100,0,0,100,0,0,0,0,0,100,0,0,0,100,0,100,0,0,0,100,259287.35516357422,108464.21142578125,0,404334895104,8589930496,66027712512,0
199,1727693320584,1548,2499,2569,1920,2567,1798,2099,2824,2043,2499,2499,2499,2499,2000,2499,2499,1934,1728,2820,2819,1990,2818,1901,2500,2100,2509,2000,2499,2500,1880,1290,2577,0,100,100,100,0,4.761904716491699,0,0,0,0,0,100,100,0,0,100,0,0,0,0,0,100,0,0,0,100,0,100,0,0,0,100,259290.1356201172,108473.48583984375,0,404334895104,8589930496,66027859968,0
199,1727693320784,1548,2499,2569,1920,2567,1798,2099,2824,2043,2499,2499,2499,2499,2000,2499,2499,1934,1728,2820,2819,1990,2818,1901,2500,2100,2509,2000,2499,2500,1880,1290,2577,0,100,100,100,0,0,0,0,0,0,0,100,100,0,0,100,0,0,0,0,0,100,0,0,0,100,0,100,0,0,0,100,259292.9369506836,108482.77642822266,0,404334895104,8589930496,66027859968,0
199,1727693320984,1548,2499,2569,1920,2567,1798,2099,2824,2043,2499,2499,2499,2499,2000,2499,2499,1934,1728,2820,2819,1990,2818,1901,2500,2100,2509,2000,2499,2500,1880,1290,2577,0,100,100,100,0,0,0,0,0,0,0,100,100,0,0,100,0,0,0,0,0,100,0,0,0,100,0,100,0,0,0,100,259295.75885009766,108492.08868408203,0,404334895104,8589930496,66027859968,0
199,1727693321184,1548,2499,2569,1920,2567,1798,2099,2824,2043,2499,2499,2499,2499,2000,2499,2499,1934,1728,2820,2819,1990,2818,1901,2500,2100,2509,2000,2499,2500,1880,1290,2577,4.761904716491699,100,100,100,0,0,0,0,0,0,0,100,100,0,0,100,0,0,0,0,0,100,0,0,0,100,0,100,0,0,0,100,259298.56817626953,108501.4408569336,0,404334895104,8589930496,66027601920,0
199,1727693321384,1548,2499,2569,1920,2567,1798,2099,2824,2043,2499,2499,2499,2499,2000,2499,2499,1934,1728,2820,2819,1990,2818,1901,2500,2100,2509,2000,2499,2500,1880,1290,2577,0,100,100,100,0,0,0,0,0,0,0,100,100,0,0,100,0,0,0,0,0,100,0,0,0,100,0,100,0,0,0,100,259301.4027709961,108510.77801513672,0,404334895104,8589930496,66027638784,0
199,1727693321584,1548,2499,2569,1920,2567,1798,2099,2824,2043,2499,2499,2499,2499,2000,2499,2499,1934,1728,2820,2819,1990,2818,1901,2500,2100,2509,2000,2499,2500,1880,1290,2577,0,100,100,100,0,0,0,0,0,0,0,100,100,0,0,100,0,0,0,0,0,100,0,0,0,100,0,100,0,0,0,100,259304.21484375,108520.06817626953,0,404334895104,8589930496,66027716608,0
199,1727693321784,1548,2499,2569,1920,2567,1798,2099,2824,2043,2499,2499,2499,2499,2000,2499,2499,1934,1728,2820,2819,1990,2818,1901,2500,2100,2509,2000,2499,2500,1880,1290,2577,0,100,100,100,0,0,0,0,0,0,0,100,100,0,0,100,0,0,0,0,0,100,0,0,0,100,0,100,0,0,0,100,259307.00732421875,108529.38891601563,0,404334895104,8589930496,66027864064,0
199,1727693321985,1548,2499,2569,1920,2567,1798,2099,2824,2043,2499,2499,2499,2499,2000,2499,2499,1934,1728,2820,2819,1990,2818,1901,2500,2100,2509,2000,2499,2500,1880,1290,2577,0,100,100,100,0,0,0,0,0,0,0,100,100,0,0,100,0,0,0,0,0,100,0,0,0,100,0,100,0,0,0,100,259309.79473876953,108538.7060546875,0,404334895104,8589930496,66027864064,0
199,1727693322185,1548,2499,2569,1920,2567,1798,2099,2824,2043,2499,2499,2499,2499,2000,2499,2499,1934,1728,2820,2819,1990,2818,1901,2500,2100,2509,2000,2499,2500,1880,1290,2577,0,100,100,100,0,0,0,0,0,0,0,100,100,0,0,100,0,0,0,0,0,100,0,0,0,100,0,100,0,0,0,100,259312.58197021484,108547.998046875,0,404334895104,8589930496,66027864064,0
199,1727693322385,1548,2499,2569,1920,2567,1798,2099,2824,2043,2499,2499,2499,2499,2000,2499,2499,1934,1728,2820,2819,1990,2818,1901,2500,2100,2509,2000,2499,2500,1880,1290,2577,0,100,100,100,0,0,0,0,0,0,0,100,100,0,0,100,0,0,0,0,0,100,0,0,0,100,0,100,0,0,0,100,259315.39233398438,108557.35070800781,0,404334895104,8589930496,66010415104,0
199,1727693322585,1548,2499,2569,1920,2567,1798,2099,2824,2043,2499,2499,2499,2499,2000,2499,2499,1934,1728,2820,2819,1990,2818,1901,2500,2100,2509,2000,2499,2500,1880,1290,2577,0,100,100,100,0,0,0,0,0,0,0,100,100,0,0,100,0,0,0,0,0,100,0,0,0,100,0,100,0,0,5,100,259318.2166748047,108566.66772460938,0,404334895104,8589930496,66027646976,0
199,1727693322785,1548,2499,2569,1920,2567,1798,2099,2824,2043,2499,2499,2499,2499,2000,2499,2499,1934,1728,2820,2819,1990,2818,1901,2500,2100,2509,2000,2499,2500,1880,1290,2577,0,100,100,100,0,0,0,0,0,0,0,100,100,0,0,100,0,0,0,0,0,100,0,0,0,100,0,100,0,0,0,100,259321.03771972656,108575.9653930664,0,404334895104,8589930496,66027720704,0
199,1727693322985,1548,2499,2569,1920,2567,1798,2099,2824,2043,2499,2499,2499,2499,2000,2499,2499,1934,1728,2820,2819,1990,2818,1901,2500,2100,2509,2000,2499,2500,1880,1290,2577,0,100,100,100,0,0,0,0,0,0,0,100,100,0,0,100,0,0,0,0,0,100,0,0,0,100,0,100,0,0,0,100,259323.82293701172,108585.29962158203,0,404334895104,8589930496,66027720704,0
199,1727693323185,1548,2499,2569,1920,2567,1798,2099,2824,2043,2499,2499,2499,2499,2000,2499,2499,1934,1728,2820,2819,1990,2818,1901,2500,2100,2509,2000,2499,2500,1880,1290,2577,0,100,100,100,0,0,0,0,0,0,0,100,100,0,0,100,0,0,0,0,0,100,0,0,0,100,0,100,0,0,0,100,259326.64221191406,108594.62005615234,0,404334895104,8589930496,66027868160,0
199,1727693323385,1548,2499,2569,1920,2567,1798,2099,2824,2043,2499,2499,2499,2499,2000,2499,2499,1934,1728,2820,2819,1990,2818,1901,2500,2100,2509,2000,2499,2500,1880,1290,2577,0,100,100,100,0,0,0,0,0,0,0,100,100,0,0,100,0,0,0,0,0,100,0,0,0,100,0,100,0,0,0,100,259329.4848022461,108604.01251220703,0,404334895104,8589930496,66027868160,0
199,1727693323586,1548,2499,2569,1920,2567,1798,2099,2824,2043,2499,2499,2499,2499,2000,2499,2499,1934,1728,2820,2819,1990,2818,1901,2500,2100,2509,2000,2499,2500,1880,1290,2577,0,100,100,100,0,0,0,0,0,0,0,100,100,0,0,100,0,0,63.15789031982422,0,0,100,0,0,0,100,0,100,0,0,0,40,259332.33416748047,108613.2914428711,0,404334895104,8589930496,66027868160,0
199,1727693323786,1548,2499,2569,1920,2567,1798,2099,2824,2043,2499,2499,2499,2499,2000,2499,2499,1934,1728,2820,2819,1990,2818,1901,2500,2100,2509,2000,2499,2500,1880,1290,2577,0,100,100,100,0,0,0,0,0,0,4.761904716491699,100,100,0,0,100,0,0,100,0,0,100,0,0,0,100,0,100,0,0,0,0,259335.21795654297,108622.57611083984,0,404334895104,8589930496,66027593728,0
199,1727693323986,1548,2499,2569,1920,2567,1798,2099,2824,2043,2499,2499,2499,2499,2000,2499,2499,1934,1728,2820,2819,1990,2818,1901,2500,2100,2509,2000,2499,2500,1880,1290,2577,0,100,100,100,0,4.761904716491699,0,0,0,0,0,100,100,0,0,100,0,0,100,0,4.761904716491699,100,0,0,0,100,0,100,0,0,0,0,259338.1000366211,108631.88134765625,0,404334895104,8589930496,66027634688,0
199,1727693324186,1548,2499,2569,1920,2567,1798,2099,2824,2043,2499,2499,2499,2499,2000,2499,2499,1934,1728,2820,2819,1990,2818,1901,2500,2100,2509,2000,2499,2500,1880,1290,2577,0,100,100,100,0,0,0,0,0,0,0,100,100,0,0,100,0,0,100,0,0,100,0,0,0,100,0,100,0,0,0,0,259340.919921875,108641.12658691406,0,404334895104,8589930496,66027708416,0
199,1727693324386,1548,2499,2569,1920,2567,1798,2099,2824,2043,2499,2499,2499,2499,2000,2499,2499,1934,1728,2820,2819,1990,2818,1901,2500,2100,2509,2000,2499,2500,1880,1290,2577,0,100,100,100,0,0,0,0,0,0,0,100,100,0,0,100,0,0,100,0,0,100,0,0,0,100,0,100,0,0,0,0,259343.7709350586,108650.3676147461,0,404334895104,8589930496,66027708416,0
199,1727693324586,1548,2499,2569,1920,2567,1798,2099,2824,2043,2499,2499,2499,2499,2000,2499,2499,1934,1728,2820,2819,1990,2818,1901,2500,2100,2509,2000,2499,2500,1880,1290,2577,5,100,100,100,0,0,0,0,0,0,95.23809814453125,100,4.761904716491699,0,0,100,4.761904716491699,10,100,0,0,100,0,0,4.761904716491699,100,4.761904716491699,100,0,0,5,0,259346.68145751953,108659.94262695313,0,404334895104,8589930496,66028081152,0
199,1727693324786,1548,2499,2569,1920,2567,1798,2099,2824,2043,2499,2499,2499,2499,2000,2499,2499,1934,1728,2820,2819,1990,2818,1901,2500,2100,2509,2000,2499,2500,1880,1290,2577,5,100,100,100,0,0,0,0,0,0,95.23809814453125,100,4.761904716491699,0,0,100,4.761904716491699,10,100,0,0,100,0,0,4.761904716491699,100,4.761904716491699,100,0,0,5,0,259349.5072631836,108669.19750976563,0,404334895104,8589930496,66028081152,0
199,1727693324986,1548,2499,2569,1920,2567,1798,2099,2824,2043,2499,2499,2499,2499,2000,2499,2499,1934,1728,2820,2819,1990,2818,1901,2500,2100,2509,2000,2499,2500,1880,1290,2577,0,100,100,100,0,0,0,0,0,0,100,100,0,0,0,100,0,0,100,0,0,100,0,0,0,100,0,100,0,0,0,0,259352.32861328125,108678.52001953125,0,404334895104,8589930496,66028081152,0
199,1727693325187,1548,2499,2569,1920,2567,1798,2099,2824,2043,2499,2499,2499,2499,2000,2499,2499,1934,1728,2820,2819,1990,2818,1901,2500,2100,2509,2000,2499,2500,1880,1290,2577,4.761904716491699,100,100,100,0,0,0,0,0,0,100,100,0,0,0,100,0,0,100,0,0,100,0,0,0,100,0,100,0,0,0,0,259355.20135498047,108687.85412597656,0,404334895104,8589930496,66027823104,0
199,1727693325387,1548,2499,2569,1920,2567,1798,2099,2824,2043,2499,2499,2499,2499,2000,2499,2499,1934,1728,2820,2819,1990,2818,1901,2500,2100,2509,2000,2499,2500,1880,1290,2577,4.761904716491699,100,100,100,0,0,0,0,0,0,100,100,0,0,0,100,0,0,100,0,0,100,0,0,0,100,0,100,0,0,0,0,259358.0428466797,108697.21374511719,0,404334895104,8589930496,66027859968,0
199,1727693325587,1548,2499,2569,1920,2567,1798,2099,2824,2043,2499,2499,2499,2499,2000,2499,2499,1934,1728,2820,2819,1990,2818,1901,2500,2100,2509,2000,2499,2500,1880,1290,2577,0,100,100,100,0,0,4.761904716491699,0,0,0,100,100,0,4.761904716491699,0,100,0,0,100,0,0,100,0,0,0,100,0,100,0,0,0,0,259360.90002441406,108706.50012207031,0,404334895104,8589930496,66027933696,0
199,1727693325787,1548,2499,2569,1920,2567,1798,2099,2824,2043,2499,2499,2499,2499,2000,2499,2499,1934,1728,2820,2819,1990,2818,1901,2500,2100,2509,2000,2499,2500,1880,1290,2577,0,100,100,100,0,0,0,0,0,0,100,100,0,0,0,100,0,0,100,0,0,100,0,0,0,100,0,100,0,0,0,0,259363.7308959961,108715.8383178711,0,404334895104,8589930496,66028081152,0
199,1727693325987,1548,2499,2569,1920,2567,1798,2099,2824,2043,2499,2499,2499,2499,2000,2499,2499,1934,1728,2820,2819,1990,2818,1901,2500,2100,2509,2000,2499,2500,1880,1290,2577,0,100,100,100,4.761904716491699,0,0,0,0,0,100,100,0,4.761904716491699,0,100,0,0,100,0,0,100,0,0,0,100,0,100,0,0,0,0,259366.51080322266,108725.19677734375,0,404334895104,8589930496,66028085248,0
199,1727693326187,1548,2499,2569,1920,2567,1798,2099,2824,2043,2499,2499,2499,2499,2000,2499,2499,1934,1728,2820,2819,1990,2818,1901,2500,2100,2509,2000,2499,2500,1880,1290,2577,0,100,100,100,0,0,0,0,0,0,100,100,0,0,0,100,0,0,100,0,0,100,0,0,4.761904716491699,100,0,100,0,0,0,0,259369.29431152344,108734.48956298828,0,404334895104,8589930496,66028089344,0
199,1727693326387,1548,2499,2569,1920,2567,1798,2099,2824,2043,2499,2499,2499,2499,2000,2499,2499,1934,1728,2820,2819,1990,2818,1901,2500,2100,2509,2000,2499,2500,1880,1290,2577,0,100,100,100,0,0,0,0,4.761904716491699,0,100,100,0,4.761904716491699,0,100,0,0,100,0,0,100,0,0,0,100,0,100,0,0,0,0,259372.12768554688,108743.77313232422,0,404334895104,8589930496,66027814912,0
199,1727693326587,1548,2499,2569,1920,2567,1798,2099,2824,2043,2499,2499,2499,2499,2000,2499,2499,1934,1728,2820,2819,1990,2818,1901,2500,2100,2509,2000,2499,2500,1880,1290,2577,0,100,100,100,0,0,0,0,0,0,100,100,0,0,0,100,0,0,100,0,0,100,0,0,0,100,0,100,0,0,0,0,259374.90728759766,108753.07940673828,0,404334895104,8589930496,66027868160,0
199,1727693326788,1548,2499,2569,1920,2567,1798,2099,2824,2043,2499,2499,2499,2499,2000,2499,2499,1934,1728,2820,2819,1990,2818,1901,2500,2100,2509,2000,2499,2500,1880,1290,2577,0,100,100,100,0,0,0,0,0,0,100,100,0,0,0,100,0,0,100,0,0,100,0,0,0,100,0,100,0,0,0,0,259377.6873779297,108762.39642333984,0,404334895104,8589930496,66027941888,0
199,1727693326988,1548,2499,2569,1920,2567,1798,2099,2824,2043,2499,2499,2499,2499,2000,2499,2499,1934,1728,2820,2819,1990,2818,1901,2500,2100,2509,2000,2499,2500,1880,1290,2577,0,100,100,100,4.761904716491699,4.761904716491699,0,0,0,0,100,100,0,0,0,100,0,0,100,0,0,100,0,0,0,100,0,100,0,0,0,0,259380.48175048828,108771.66772460938,0,404334895104,8589930496,66027941888,0
199,1727693327188,1548,2499,2569,1920,2567,1798,2099,2824,2043,2499,2499,2499,2499,2000,2499,2499,1934,1728,2820,2819,1990,2818,1901,2500,2100,2509,2000,2499,2500,1880,1290,2577,0,100,100,100,0,0,0,0,0,0,100,100,0,0,0,100,0,0,100,0,0,100,0,0,0,100,0,100,0,0,0,0,259383.29760742188,108780.95867919922,0,404334895104,8589930496,66028089344,0
199,1727693327388,1548,2499,2569,1920,2567,1798,2099,2824,2043,2499,2499,2499,2499,2000,2499,2499,1934,1728,2820,2819,1990,2818,1901,2500,2100,2509,2000,2499,2500,1880,1290,2577,0,100,100,100,0,0,0,0,0,0,100,100,0,0,0,100,0,0,100,0,0,100,0,0,0,100,0,100,0,0,0,0,259386.1005859375,108790.24548339844,0,404334895104,8589930496,66028089344,0
199,1727693327588,1548,2499,2569,1920,2567,1798,2099,2824,2043,2499,2499,2499,2499,2000,2499,2499,1934,1728,2820,2819,1990,2818,1901,2500,2100,2509,2000,2499,2500,1880,1290,2577,0,100,100,100,0,0,0,0,0,0,100,100,0,0,0,100,0,0,100,0,0,100,0,0,0,100,0,100,0,0,4.761904716491699,0,259388.89575195313,108799.48999023438,0,404334895104,8589930496,66028089344,0
199,1727693327788,1548,2499,2569,1920,2567,1798,2099,2824,2043,2499,2499,2499,2499,2000,2499,2499,1934,1728,2820,2819,1990,2818,1901,2500,2100,2509,2000,2499,2500,1880,1290,2577,0,100,100,100,0,0,0,0,0,0,100,100,0,0,0,100,0,0,100,0,0,100,0,0,0,100,0,100,0,0,0,0,259391.71783447266,108808.75946044922,0,404334895104,8589930496,66027831296,0
199,1727693327988,1548,2499,2569,1920,2567,1798,2099,2824,2043,2499,2499,2499,2499,2000,2499,2499,1934,1728,2820,2819,1990,2818,1901,2500,2100,2509,2000,2499,2500,1880,1290,2577,0,100,100,100,0,0,0,0,0,0,100,100,0,0,0,100,0,0,100,0,0,100,0,0,0,100,0,100,0,0,0,0,259394.5272216797,108818.07781982422,0,404334895104,8589930496,66027302912,0
199,1727693328188,1548,2499,2569,1920,2567,1798,2099,2824,2043,2499,2499,2499,2499,2000,2499,2499,1934,1728,2820,2819,1990,2818,1901,2500,2100,2509,2000,2499,2500,1880,1290,2577,0,100,100,100,0,0,0,0,0,0,100,100,0,0,0,100,0,0,100,0,0,100,0,0,0,100,0,100,0,0,0,0,259397.32568359375,108827.39013671875,0,404334895104,8589930496,66027376640,0
199,1727693328389,1548,2499,2569,1920,2567,1798,2099,2824,2043,2499,2499,2499,2499,2000,2499,2499,1934,1728,2820,2819,1990,2818,1901,2500,2100,2509,2000,2499,2500,1880,1290,2577,0,100,100,100,0,0,0,0,0,0,100,100,0,0,0,100,0,0,100,0,0,100,0,0,0,100,0,100,0,0,0,0,259400.12158203125,108836.7123413086,0,404334895104,8589930496,66027524096,0
199,1727693328589,1548,2499,2569,1920,2567,1798,2099,2824,2043,2499,2499,2499,2499,2000,2499,2499,1934,1728,2820,2819,1990,2818,1901,2500,2100,2509,2000,2499,2500,1880,1290,2577,0,100,100,100,0,0,0,0,0,0,100,100,0,0,0,100,0,0,100,0,0,100,0,0,0,100,0,100,0,0,0,0,259402.93450927734,108846.05102539063,0,404334895104,8589930496,66027528192,0
199,1727693328789,1548,2499,2569,1920,2567,1798,2099,2824,2043,2499,2499,2499,2499,2000,2499,2499,1934,1728,2820,2819,1990,2818,1901,2500,2100,2509,2000,2499,2500,1880,1290,2577,0,100,100,100,0,0,0,0,0,0,100,100,0,0,0,100,0,0,100,0,0,100,0,0,0,100,0,100,0,0,0,0,259405.72198486328,108855.33276367188,0,404334895104,8589930496,66027528192,0
199,1727693328989,1548,2499,2569,1920,2567,1798,2099,2824,2043,2499,2499,2499,2499,2000,2499,2499,1934,1728,2820,2819,1990,2818,1901,2500,2100,2509,2000,2499,2500,1880,1290,2577,0,100,100,100,0,0,0,0,0,0,100,100,0,0,0,100,0,0,100,0,0,100,0,0,0,100,0,100,0,0,0,0,259408.4930419922,108864.64715576172,0,404334895104,8589930496,66001170432,0
199,1727693329189,1548,2499,2569,1920,2567,1798,2099,2824,2043,2499,2499,2499,2499,2000,2499,2499,1934,1728,2820,2819,1990,2818,1901,2500,2100,2509,2000,2499,2500,1880,1290,2577,0,100,100,100,0,0,0,0,0,0,100,100,0,0,0,100,0,0,100,0,0,100,0,0,0,100,0,100,0,0,0,0,259411.2836303711,108873.9281616211,0,404334895104,8589930496,66027290624,0
199,1727693329389,1548,2499,2569,1920,2567,1798,2099,2824,2043,2499,2499,2499,2499,2000,2499,2499,1934,1728,2820,2819,1990,2818,1901,2500,2100,2509,2000,2499,2500,1880,1290,2577,4.761904716491699,100,100,100,0,0,0,0,0,0,100,100,0,0,0,100,0,0,100,0,0,100,0,0,0,100,0,100,0,0,0,0,259414.0616455078,108883.16033935547,0,404334895104,8589930496,66027364352,0
199,1727693329589,1548,2499,2569,1920,2567,1798,2099,2824,2043,2499,2499,2499,2499,2000,2499,2499,1934,1728,2820,2819,1990,2818,1901,2500,2100,2509,2000,2499,2500,1880,1290,2577,5.263157844543457,100,100,100,0,0,10,0,5,0,100,100,0,10,0,100,0,5,100,0,14.285715103149414,100,0,0,0,100,20,100,0,9.523809432983398,15.789472579956055,5,259416.9188232422,108892.79608154297,0,404334895104,8589930496,66027409408,0
199,1727693329789,1548,2499,2569,1920,2567,1798,2099,2824,2043,2499,2499,2499,2499,2000,2499,2499,1934,1728,2820,2819,1990,2818,1901,2500,2100,2509,2000,2499,2500,1880,1290,2577,5.263157844543457,100,100,100,0,0,10,0,5,0,100,100,0,10,0,100,0,5,100,0,14.285715103149414,100,0,0,0,100,20,100,0,9.523809432983398,15.789472579956055,5,259419.77227783203,108902.08367919922,0,404334895104,8589930496,66027556864,0
199,1727693329990,1548,2499,2569,1920,2567,1798,2099,2824,2043,2499,2499,2499,2499,2000,2499,2499,1934,1728,2820,2819,1990,2818,1901,2500,2100,2509,2000,2499,2500,1880,1290,2577,0,100,100,100,0,0,0,0,0,0,100,100,0,0,0,100,0,0,100,0,0,100,0,0,0,100,0,100,0,0,0,0,259422.64916992188,108911.36602783203,0,404334895104,8589930496,66027556864,0
199,1727693330190,1548,2499,2569,1920,2567,1798,2099,2824,2043,2499,2499,2499,2499,2000,2499,2499,1934,1728,2820,2819,1990,2818,1901,2500,2100,2509,2000,2499,2500,1880,1290,2577,0,100,100,100,0,0,0,0,0,0,100,100,0,0,0,100,0,0,100,0,0,100,0,0,0,100,0,100,0,0,0,0,259425.51782226563,108920.60906982422,0,404334895104,8589930496,66027556864,0
199,1727693330390,1548,2499,2569,1920,2567,1798,2099,2824,2043,2499,2499,2499,2499,2000,2499,2499,1934,1728,2820,2819,1990,2818,1901,2500,2100,2509,2000,2499,2500,1880,1290,2577,0,100,100,100,0,0,0,0,0,0,100,100,0,0,0,100,0,0,100,0,0,100,0,0,0,100,0,100,0,0,0,0,259428.39697265625,108929.8916015625,0,404334895104,8589930496,66027282432,0
199,1727693330590,1548,2499,2569,1920,2567,1798,2099,2824,2043,2499,2499,2499,2499,2000,2499,2499,1934,1728,2820,2819,1990,2818,1901,2500,2100,2509,2000,2499,2500,1880,1290,2577,0,100,100,100,0,0,0,0,0,0,100,100,0,0,0,100,0,0,100,0,0,100,0,0,0,100,0,100,0,0,0,0,259431.26934814453,108939.16235351563,0,404334895104,8589930496,66027335680,0
199,1727693330790,1548,2499,2569,1920,2567,1798,2099,2824,2043,2499,2499,2499,2499,2000,2499,2499,1934,1728,2820,2819,1990,2818,1901,2500,2100,2509,2000,2499,2500,1880,1290,2577,0,100,100,100,0,0,0,0,0,0,100,100,0,0,0,100,0,0,100,0,0,100,0,0,0,100,0,100,0,0,4.761904716491699,0,259434.18713378906,108948.45251464844,0,404334895104,8589930496,66027413504,0
199,1727693330990,1548,2499,2569,1920,2567,1798,2099,2824,2043,2499,2499,2499,2499,2000,2499,2499,1934,1728,2820,2819,1990,2818,1901,2500,2100,2509,2000,2499,2500,1880,1290,2577,0,100,100,100,0,0,0,0,0,0,100,100,0,0,0,100,0,0,100,0,0,100,0,0,0,100,0,100,0,0,0,0,259437.0994873047,108957.72100830078,0,404334895104,8589930496,66027413504,0
199,1727693331190,1548,2499,2569,1920,2567,1798,2099,2824,2043,2499,2499,2499,2499,2000,2499,2499,1934,1728,2820,2819,1990,2818,1901,2500,2100,2509,2000,2499,2500,1880,1290,2577,0,100,100,100,0,0,0,0,0,0,100,100,0,0,0,100,0,0,100,0,0,100,0,0,0,100,0,100,0,0,0,0,259439.9180908203,108966.99407958984,0,404334895104,8589930496,66027560960,0
199,1727693331390,1548,2499,2569,1920,2567,1798,2099,2824,2043,2499,2499,2499,2499,2000,2499,2499,1934,1728,2820,2819,1990,2818,1901,2500,2100,2509,2000,2499,2500,1880,1290,2577,0,100,100,100,0,0,0,0,0,0,100,100,0,0,0,100,0,0,100,0,0,100,0,0,0,100,0,100,0,0,0,0,259442.7333984375,108976.29736328125,0,404334895104,8589930496,66027560960,0
199,1727693331591,1548,2499,2569,1920,2567,1798,2099,2824,2043,2499,2499,2499,2499,2000,2499,2499,1934,1728,2820,2819,1990,2818,1901,2500,2100,2509,2000,2499,2500,1880,1290,2577,0,100,100,100,0,0,0,0,0,0,100,100,0,0,0,100,0,0,100,0,0,100,0,0,0,100,0,100,0,0,0,0,259445.58532714844,108985.55688476563,0,404334895104,8589930496,66027560960,0
199,1727693331791,1548,2499,2569,1920,2567,1798,2099,2824,2043,2499,2499,2499,2499,2000,2499,2499,1934,1728,2820,2819,1990,2818,1901,2500,2100,2509,2000,2499,2500,1880,1290,2577,0,100,100,100,0,0,0,0,0,0,100,100,0,0,0,100,0,0,100,0,0,100,0,0,0,100,0,100,0,0,0,0,259448.44317626953,108994.85388183594,0,404334895104,8589930496,66027302912,0
199,1727693331991,1548,2499,2569,1920,2567,1798,2099,2824,2043,2499,2499,2499,2499,2000,2499,2499,1934,1728,2820,2819,1990,2818,1901,2500,2100,2509,2000,2499,2500,1880,1290,2577,0,100,100,100,0,0,0,0,0,0,100,100,0,0,0,100,0,0,100,0,0,100,0,0,0,100,0,100,0,4.761904716491699,0,0,259451.28173828125,109004.14331054688,0,404334895104,8589930496,66027339776,0
199,1727693332191,1548,2499,2569,1920,2567,1798,2099,2824,2043,2499,2499,2499,2499,2000,2499,2499,1934,1728,2820,2819,1990,2818,1901,2500,2100,2509,2000,2499,2500,1880,1290,2577,0,100,100,100,0,0,0,0,0,0,100,100,0,0,0,100,0,0,100,0,0,100,0,0,0,100,0,100,0,0,0,0,259454.0802001953,109013.390625,0,404334895104,8589930496,66027413504,0
199,1727693332391,1548,2499,2569,1920,2567,1798,2099,2824,2043,2499,2499,2499,2499,2000,2499,2499,1934,1728,2820,2819,1990,2818,1901,2500,2100,2509,2000,2499,2500,1880,1290,2577,0,100,100,100,0,0,0,0,0,0,100,100,0,0,0,100,0,0,100,0,0,100,0,0,0,100,0,100,0,0,0,0,259456.86737060547,109022.63684082031,0,404334895104,8589930496,66027560960,0
199,1727693332591,1548,2499,2569,1920,2567,1798,2099,2824,2043,2499,2499,2499,2499,2000,2499,2499,1934,1728,2820,2819,1990,2818,1901,2500,2100,2509,2000,2499,2500,1880,1290,2577,0,100,100,100,0,0,0,0,0,0,100,100,0,0,0,100,0,0,100,0,0,100,0,0,0,100,0,100,0,0,0,0,259459.69372558594,109031.8724975586,0,404334895104,8589930496,66027560960,0
199,1727693332791,1548,2499,2569,1920,2567,1798,2099,2824,2043,2499,2499,2499,2499,2000,2499,2499,1934,1728,2820,2819,1990,2818,1901,2500,2100,2509,2000,2499,2500,1880,1290,2577,0,100,100,100,0,0,0,0,0,0,100,100,0,0,0,100,0,0,100,0,0,100,0,0,0,100,0,100,0,4.761904716491699,0,0,259462.55377197266,109041.0927734375,0,404334895104,8589930496,66027560960,0
199,1727693332992,1548,2499,2569,1920,2567,1798,2099,2824,2043,2499,2499,2499,2499,2000,2499,2499,1934,1728,2820,2819,1990,2818,1901,2500,2100,2509,2000,2499,2500,1880,1290,2577,0,100,100,100,0,0,0,0,0,0,100,100,0,0,0,100,0,0,100,0,0,100,0,0,0,100,0,100,0,0,0,0,259465.40991210938,109050.35900878906,0,404334895104,8589930496,66027286528,0
199,1727693333192,1548,2499,2569,1920,2567,1798,2099,2824,2043,2499,2499,2499,2499,2000,2499,2499,1934,1728,2820,2819,1990,2818,1901,2500,2100,2509,2000,2499,2500,1880,1290,2577,0,100,100,100,0,0,0,0,0,0,100,100,0,0,0,100,0,0,100,0,0,100,0,0,0,100,0,100,0,0,0,0,259468.27081298828,109059.6064453125,0,404334895104,8589930496,66027278336,0
199,1727693333392,1548,2499,2569,1920,2567,1798,2099,2824,2043,2499,2499,2499,2499,2000,2499,2499,1934,1728,2820,2819,1990,2818,1901,2500,2100,2509,2000,2499,2500,1880,1290,2577,2.4390242099761963,100,100,100,0,0,0,0,0,0,100,100,0,0,0,100,0,0,100,0,0,100,0,0,0,100,0,100,0,0,0,0,259471.10961914063,109068.8765258789,0,404334895104,8589930496,66027352064,0
199,1727693333592,1548,2499,2569,1920,2567,1798,2099,2824,2043,2499,2499,2499,2499,2000,2499,2499,1934,1728,2820,2819,1990,2818,1901,2500,2100,2509,2000,2499,2500,1880,1290,2577,0,100,45,100,0,0,0,0,0,0,100,100,0,0,0,100,0,4.761904716491699,100,55,0,100,0,0,4.761904716491699,100,0,100,0,0,4.761904716491699,0,259473.93139648438,109078.17431640625,0,404334895104,8589930496,66027352064,0
199,1727693333792,1548,2499,2569,1920,2567,1798,2099,2824,2043,2499,2499,2499,2499,2000,2499,2499,1934,1728,2820,2819,1990,2818,1901,2500,2100,2509,2000,2499,2500,1880,1290,2577,0,100,0,100,0,0,0,0,0,0,100,100,0,0,0,100,0,0,100,100,0,100,0,0,0,100,0,100,0,0,0,0,259476.7632446289,109087.47839355469,0,404334895104,8589930496,66027499520,0
199,1727693333992,1548,2499,2569,1920,2567,1798,2099,2824,2043,2499,2499,2499,2499,2000,2499,2499,1934,1728,2820,2819,1990,2818,1901,2500,2100,2509,2000,2499,2500,1880,1290,2577,0,100,0,100,0,0,0,0,0,0,100,100,0,0,0,100,0,0,100,100,0,100,0,0,0,100,0,100,0,0,0,0,259479.57806396484,109096.75592041016,0,404334895104,8589930496,66027487232,0
199,1727693334192,1548,2499,2569,1920,2567,1798,2099,2824,2043,2499,2499,2499,2499,2000,2499,2499,1934,1728,2820,2819,1990,2818,1901,2500,2100,2509,2000,2499,2500,1880,1290,2577,0,100,0,100,0,0,0,0,0,0,100,100,0,0,0,100,0,0,100,100,0,100,0,0,0,100,0,100,0,0,0,0,259482.3809814453,109105.9892578125,0,404334895104,8589930496,66027487232,0
199,1727693334392,1548,2499,2569,1920,2567,1798,2099,2824,2043,2499,2499,2499,2499,2000,2499,2499,1934,1728,2820,2819,1990,2818,1901,2500,2100,2509,2000,2499,2500,1880,1290,2577,0,100,0,100,0,0,0,0,0,0,100,100,0,0,0,100,0,0,100,100,0,100,0,0,0,100,0,100,0,0,0,0,259485.19006347656,109115.3140258789,0,404334895104,8589930496,66027229184,0
199,1727693334592,1548,2499,2569,1920,2567,1798,2099,2824,2043,2499,2499,2499,2499,2000,2499,2499,1934,1728,2820,2819,1990,2818,1901,2500,2100,2509,2000,2499,2500,1880,1290,2577,5.263157844543457,100,0,100,0,0,0,0,0,0,100,100,0,0,0,100,5,10.526315689086914,100,100,0,100,4.761904716491699,0,10,100,5,100,0,5,0,0,259488.05505371094,109124.73333740234,0,404334895104,8589930496,66027868160,0
199,1727693334792,1548,2499,2569,1920,2567,1798,2099,2824,2043,2499,2499,2499,2499,2000,2499,2499,1934,1728,2820,2819,1990,2818,1901,2500,2100,2509,2000,2499,2500,1880,1290,2577,5.263157844543457,100,0,100,0,0,0,0,0,0,100,100,0,0,0,100,5,10.526315689086914,100,100,0,100,4.761904716491699,0,10,100,5,100,0,5,0,0,259490.87860107422,109134.0288696289,0,404334895104,8589930496,66027454464,0
199,1727693334993,1548,2499,2569,1920,2567,1798,2099,2824,2043,2499,2499,2499,2499,2000,2499,2499,1934,1728,2820,2819,1990,2818,1901,2500,2100,2509,2000,2499,2500,1880,1290,2577,58.536582946777344,4.878048419952393,0,40,0,0,0,0,0,0,100,100,0,0,0,100,0,0,100,100,0,100,0,0,100,100,0,100,0,0,0,0,259493.6700439453,109143.43371582031,0,404334895104,8589930496,66027454464,0
199,1727693335193,1548,2499,2569,1920,2567,1798,2099,2824,2043,2499,2499,2499,2499,2000,2499,2499,1934,1728,2820,2819,1990,2818,1901,2500,2100,2509,2000,2499,2500,1880,1290,2577,100,0,0,0,0,0,0,0,0,0,100,100,0,0,0,100,0,0,100,100,0,100,0,0,100,100,0,100,0,0,0,0,259496.4506225586,109152.87017822266,0,404334895104,8589930496,66027601920,0
199,1727693335393,1548,2499,2569,1920,2567,1798,2099,2824,2043,2499,2499,2499,2499,2000,2499,2499,1934,1728,2820,2819,1990,2818,1901,2500,2100,2509,2000,2499,2500,1880,1290,2577,100,0,0,0,0,0,0,0,0,0,100,100,0,0,0,100,0,0,100,100,0,100,0,0,100,100,0,100,0,0,4.761904716491699,0,259499.25610351563,109162.32568359375,0,404334895104,8589930496,66027601920,0
199,1727693335593,1548,2499,2569,1920,2567,1798,2099,2824,2043,2499,2499,2499,2499,2000,2499,2499,1934,1728,2820,2819,1990,2818,1901,2500,2100,2509,2000,2499,2500,1880,1290,2577,5.263157844543457,0,0,0,0,0,0,0,95,0,100,100,0,0,0,100,0,0,100,100,0,100,0,0,100,100,0,100,0,0,4.761904716491699,0,259502.09741210938,109171.73559570313,0,404334895104,8589930496,65963671552,0
199,1727693335793,1548,2499,2569,1920,2567,1798,2099,2824,2043,2499,2499,2499,2499,2000,2499,2499,1934,1728,2820,2819,1990,2818,1901,2500,2100,2509,2000,2499,2500,1880,1290,2577,0,0,0,0,0,0,0,0,100,4.761904716491699,100,100,0,0,0,100,0,0,100,100,0,100,4.761904716491699,0,100,100,0,100,0,0,0,4.761904716491699,259505.02099609375,109181.1224975586,0,404334895104,8589930496,66027347968,0
199,1727693335993,1548,2499,2569,1920,2567,1798,2099,2824,2043,2499,2499,2499,2499,2000,2499,2499,1934,1728,2820,2819,1990,2818,1901,2500,2100,2509,2000,2499,2500,1880,1290,2577,0,0,0,0,0,0,0,0,100,4.761904716491699,100,100,0,0,0,100,0,0,100,100,0,100,4.761904716491699,0,100,100,0,100,0,0,0,4.761904716491699,259507.86029052734,109190.58081054688,0,404334895104,8589930496,66027458560,0
199,1727693336193,1548,2499,2569,1920,2567,1798,2099,2824,2043,2499,2499,2499,2499,2000,2499,2499,1934,1728,2820,2819,1990,2818,1901,2500,2100,2509,2000,2499,2500,1880,1290,2577,0,0,0,0,0,0,0,0,100,0,100,100,0,0,0,100,0,0,100,100,0,100,0,0,100,100,4.761904716491699,100,0,0,0,0,259510.68157958984,109200.0341796875,0,404334895104,8589930496,66027458560,0
199,1727693336393,1548,2499,2569,1920,2567,1798,2099,2824,2043,2499,2499,2499,2499,2000,2499,2499,1934,1728,2820,2819,1990,2818,1901,2500,2100,2509,2000,2499,2500,1880,1290,2577,0,0,0,0,0,0,0,0,100,0,100,100,0,0,0,100,0,0,100,100,0,100,0,0,100,100,0,100,0,0,0,0,259513.5111694336,109209.4838256836,0,404334895104,8589930496,66027606016,0
199,1727693336594,1548,2499,2569,1920,2567,1798,2099,2824,2043,2499,2499,2499,2499,2000,2499,2499,1934,1728,2820,2819,1990,2818,1901,2500,2100,2509,2000,2499,2500,1880,1290,2577,0,0,0,0,0,0,0,0,100,0,100,100,0,0,0,100,4.761904716491699,0,100,100,0,100,0,0,100,100,0,100,0,0,0,0,259516.31915283203,109218.9234008789,0,404334895104,8589930496,66027606016,0
199,1727693336794,1548,2499,2569,1920,2567,1798,2099,2824,2043,2499,2499,2499,2499,2000,2499,2499,1934,1728,2820,2819,1990,2818,1901,2500,2100,2509,2000,2499,2500,1880,1290,2577,0,0,0,0,0,0,0,0,100,0,100,100,0,0,0,100,0,0,100,100,0,100,0,0,100,100,0,100,0,0,0,0,259519.1513671875,109228.36791992188,0,404334895104,8589930496,66027606016,0
199,1727693336994,1548,2499,2569,1920,2567,1798,2099,2824,2043,2499,2499,2499,2499,2000,2499,2499,1934,1728,2820,2819,1990,2818,1901,2500,2100,2509,2000,2499,2500,1880,1290,2577,0,0,0,0,0,0,0,0,100,0,100,100,0,0,0,100,0,0,100,100,0,100,0,0,100,100,0,100,0,0,0,0,259522.07543945313,109237.775390625,0,404334895104,8589930496,66027331584,0
199,1727693337194,1548,2499,2569,1920,2567,1798,2099,2824,2043,2499,2499,2499,2499,2000,2499,2499,1934,1728,2820,2819,1990,2818,1901,2500,2100,2509,2000,2499,2500,1880,1290,2577,0,0,0,0,0,0,0,0,100,0,100,100,0,0,0,100,0,0,100,100,0,100,0,0,100,100,0,100,0,0,0,0,259524.9437866211,109247.2299194336,0,404334895104,8589930496,66027384832,0
199,1727693337394,1548,2499,2569,1920,2567,1798,2099,2824,2043,2499,2499,2499,2499,2000,2499,2499,1934,1728,2820,2819,1990,2818,1901,2500,2100,2509,2000,2499,2500,1880,1290,2577,0,0,0,4.761904716491699,4.761904716491699,0,4.761904716491699,0,100,5,100,100,4.761904716491699,5,4.761904716491699,100,0,4.761904716491699,100,100,5,100,0,4.761904716491699,100,100,0,100,5,0,4.761904716491699,4.761904716491699,259527.79614257813,109256.71606445313,0,404334895104,8589930496,66027438080,0
199,1727693337594,1548,2499,2569,1920,2567,1798,2099,2824,2043,2499,2499,2499,2499,2000,2499,2499,1934,1728,2820,2819,1990,2818,1901,2500,2100,2509,2000,2499,2500,1880,1290,2577,0,0,0,4.761904716491699,4.761904716491699,0,4.761904716491699,0,100,5,100,100,4.761904716491699,5,4.761904716491699,100,0,4.761904716491699,100,100,5,100,0,4.761904716491699,100,100,0,100,5,0,4.761904716491699,4.761904716491699,259530.61303710938,109266.18615722656,0,404334895104,8589930496,66027438080,0
199,1727693337794,1548,2499,2569,1920,2567,1798,2099,2824,2043,2499,2499,2499,2499,2000,2499,2499,1934,1728,2820,2819,1990,2818,1901,2500,2100,2509,2000,2499,2500,1880,1290,2577,0,0,0,0,0,0,0,0,100,0,100,100,0,0,0,100,0,0,92.68292999267578,100,0,100,0,0,100,100,0,100,0,2.4390242099761963,0,5.128205299377441,259533.35382080078,109275.6527709961,0,404334895104,8589930496,66027589632,0
199,1727693337995,1548,2499,2569,1920,2567,1798,2099,2824,2043,2499,2499,2499,2499,2000,2499,2499,1934,1728,2820,2819,1990,2818,1901,2500,2100,2509,2000,2499,2500,1880,1290,2577,0,0,0,0,0,0,0,0,100,0,100,100,0,0,0,100,0,0,0,100,0,100,0,0,100,100,0,100,0,0,0,100,259536.1329345703,109285.0659790039,0,404334895104,8589930496,66027593728,0
199,1727693338195,1548,2499,2569,1920,2567,1798,2099,2824,2043,2499,2499,2499,2499,2000,2499,2499,1934,1728,2820,2819,1990,2818,1901,2500,2100,2509,2000,2499,2500,1880,1290,2577,0,0,0,0,0,0,0,0,100,0,100,100,0,0,0,100,0,0,0,100,0,100,0,0,100,100,0,100,0,0,0,100,259538.90490722656,109294.5521850586,0,404334895104,8589930496,66027593728,0
199,1727693338395,1548,2499,2569,1920,2567,1798,2099,2824,2043,2499,2499,2499,2499,2000,2499,2499,1934,1728,2820,2819,1990,2818,1901,2500,2100,2509,2000,2499,2500,1880,1290,2577,0,0,0,0,0,2.4390242099761963,0,0,100,0,100,100,0,0,0,40,0,0,20,100,0,100,0,0,100,100,0,100,60.000003814697266,2.4390242099761963,0,80,259541.82611083984,109303.92864990234,0,404334895104,8589930496,66027335680,0
199,1727693338595,1548,2499,2569,1920,2567,1798,2099,2824,2043,2499,2499,2499,2499,2000,2499,2499,1934,1728,2820,2819,1990,2818,1901,2500,2100,2509,2000,2499,2500,1880,1290,2577,0,0,0,0,0,0,0,0,100,0,100,100,0,4.761904716491699,0,0,4.761904716491699,0,100,100,0,100,0,0,100,100,0,100,100,5,0,0,259544.6297607422,109313.39483642578,0,404334895104,8589930496,66027372544,0
199,1727693338795,1548,2499,2569,1920,2567,1798,2099,2824,2043,2499,2499,2499,2499,2000,2499,2499,1934,1728,2820,2819,1990,2818,1901,2500,2100,2509,2000,2499,2500,1880,1290,2577,0,0,0,0,0,0,0,0,100,0,100,100,0,0,0,0,0,0,100,100,0,100,0,0,100,100,0,100,100,0,0,0,259547.39221191406,109322.8388671875,0,404334895104,8589930496,66027446272,0
199,1727693338995,1548,2499,2569,1920,2567,1798,2099,2824,2043,2499,2499,2499,2499,2000,2499,2499,1934,1728,2820,2819,1990,2818,1901,2500,2100,2509,2000,2499,2500,1880,1290,2577,0,0,0,0,0,0,0,0,100,0,100,100,0,0,0,0,0,0,100,100,0,100,0,0,100,100,0,100,100,0,0,0,259550.12957763672,109332.23132324219,0,404334895104,8589930496,66027581440,0
199,1727693339195,1548,2499,2569,1920,2567,1798,2099,2824,2043,2499,2499,2499,2499,2000,2499,2499,1934,1728,2820,2819,1990,2818,1901,2500,2100,2509,2000,2499,2500,1880,1290,2577,0,0,0,0,0,0,0,0,100,0,100,100,0,0,0,0,0,0,100,100,0,100,0,0,100,100,0,100,100,2.4390242099761963,0,0,259552.9129638672,109341.71875,0,404334895104,8589930496,66027581440,0
199,1727693339395,1548,2499,2569,1920,2567,1798,2099,2824,2043,2499,2499,2499,2499,2000,2499,2499,1934,1728,2820,2819,1990,2818,1901,2500,2100,2509,2000,2499,2500,1880,1290,2577,0,0,0,0,0,0,0,0,100,0,100,100,0,0,45,0,0,0,100,100,0,100,0,0,100,100,0,57.894737243652344,100,0,0,0,259555.72717285156,109351.15850830078,0,404334895104,8589930496,66027581440,0
199,1727693339595,1548,2499,2569,1920,2567,1798,2099,2824,2043,2499,2499,2499,2499,2000,2499,2499,1934,1728,2820,2819,1990,2818,1901,2500,2100,2509,2000,2499,2500,1880,1290,2577,9.090909004211426,0,0,0,0,5,0,0,100,0,100,100,0,0,80,0,0,5,100,100,4.761904716491699,100,0,0,100,100,4.761904716491699,19.047618865966797,100,5,0,0,259558.5639038086,109360.5224609375,0,404334895104,8589930496,66028265472,0
199,1727693339795,1548,2499,2569,1920,2567,1798,2099,2824,2043,2499,2499,2499,2499,2000,2499,2499,1934,1728,2820,2819,1990,2818,1901,2500,2100,2509,2000,2499,2500,1880,1290,2577,0,10,5,10,25,5.263157844543457,0,0,100,90,100,100,0,4.761904716491699,5,4.761904716491699,0,5,100,100,5,100,0,0,10,100,0,100,100,5,15.000000953674316,0,259561.37713623047,109370.76983642578,0,404334895104,8589930496,66027429888,0
199,1727693339995,1548,2499,2569,1920,2567,1798,2099,2824,2043,2499,2499,2499,2499,2000,2499,2499,1934,1728,2820,2819,1990,2818,1901,2500,2100,2509,2000,2499,2500,1880,1290,2577,0,10,5,10,25,5.263157844543457,0,0,100,90,100,100,0,4.761904716491699,5,4.761904716491699,0,5,100,100,5,100,0,0,10,100,0,100,100,5,15.000000953674316,0,259564.16345214844,109380.91577148438,0,404334895104,8589930496,66027507712,0
199,1727693340196,1548,2499,2569,1920,2567,1798,2099,2824,2043,2499,2499,2499,2499,2000,2499,2499,1934,1728,2820,2819,1990,2818,1901,2500,2100,2509,2000,2499,2500,1880,1290,2577,0,0,0,0,0,0,0,0,70,100,100,100,0,0,0,0,0,0,100,100,0,100,0,0,0,100,0,100,100,0,30.000001907348633,0,259566.96417236328,109390.56921386719,0,404334895104,8589930496,66027507712,0
199,1727693340396,1548,2499,2569,1920,2567,1798,2099,2824,2043,2499,2499,2499,2499,2000,2499,2499,1934,1728,2820,2819,1990,2818,1901,2500,2100,2509,2000,2499,2500,1880,1290,2577,0,0,0,0,0,0,0,0,0,100,100,100,0,0,0,0,0,0,100,100,0,100,0,0,0,100,0,100,100,0,100,0,259569.7388305664,109399.8994140625,0,404334895104,8589930496,66027655168,0
199,1727693340596,1548,2499,2569,1920,2567,1798,2099,2824,2043,2499,2499,2499,2499,2000,2499,2499,1934,1728,2820,2819,1990,2818,1901,2500,2100,2509,2000,2499,2500,1880,1290,2577,0,0,0,0,0,0,0,0,0,100,100,100,0,0,0,0,0,0,100,100,0,100,0,0,0,100,0,100,100,0,100,0,259572.5264892578,109409.26104736328,0,404334895104,8589930496,66027655168,0
199,1727693340796,1548,2499,2569,1920,2567,1798,2099,2824,2043,2499,2499,2499,2499,2000,2499,2499,1934,1728,2820,2819,1990,2818,1901,2500,2100,2509,2000,2499,2500,1880,1290,2577,0,0,0,0,0,0,0,0,0,100,100,100,0,0,0,0,0,0,100,100,0,100,0,0,0,100,0,100,100,0,100,0,259575.33367919922,109418.62872314453,0,404334895104,8589930496,66027655168,0
199,1727693340996,1548,2499,2569,1920,2567,1798,2099,2824,2043,2499,2499,2499,2499,2000,2499,2499,1934,1728,2820,2819,1990,2818,1901,2500,2100,2509,2000,2499,2500,1880,1290,2577,0,0,0,0,0,0,0,0,0,100,100,100,0,0,0,0,0,10,100,100,0,100,0,0,0,100,0,100,100,0,90,0,259578.14276123047,109427.9857788086,0,404334895104,8589930496,66027380736,0
199,1727693341196,1548,2499,2569,1920,2567,1798,2099,2824,2043,2499,2499,2499,2499,2000,2499,2499,1934,1728,2820,2819,1990,2818,1901,2500,2100,2509,2000,2499,2500,1880,1290,2577,0,0,0,0,0,0,0,0,0,100,100,100,0,0,0,0,0,100,100,100,0,100,0,0,0,100,0,100,100,0,0,0,259580.9525756836,109437.33514404297,0,404334895104,8589930496,66027433984,0
199,1727693341396,1548,2499,2569,1920,2567,1798,2099,2824,2043,2499,2499,2499,2499,2000,2499,2499,1934,1728,2820,2819,1990,2818,1901,2500,2100,2509,2000,2499,2500,1880,1290,2577,0,0,0,0,0,0,0,0,0,100,100,100,0,0,70,0,0,100,100,100,0,100,0,0,0,100,0,30.000001907348633,100,0,0,0,259583.7339477539,109446.61309814453,0,404334895104,8589930496,66027507712,0
199,1727693341596,1548,2499,2569,1920,2567,1798,2099,2824,2043,2499,2499,2499,2499,2000,2499,2499,1934,1728,2820,2819,1990,2818,1901,2500,2100,2509,2000,2499,2500,1880,1290,2577,0,0,0,0,0,0,0,4.761904716491699,0,100,100,100,0,0,100,0,0,100,100,100,0,100,0,0,0,100,0,0,100,0,0,0,259586.5281982422,109455.92016601563,0,404334895104,8589930496,66027507712,0
199,1727693341796,1548,2499,2569,1920,2567,1798,2099,2824,2043,2499,2499,2499,2499,2000,2499,2499,1934,1728,2820,2819,1990,2818,1901,2500,2100,2509,2000,2499,2500,1880,1290,2577,0,0,0,0,0,0,0,0,0,100,100,100,0,0,100,0,0,100,100,100,0,100,0,0,0,100,0,0,100,0,0,0,259589.35571289063,109465.35205078125,0,404334895104,8589930496,66027655168,0
199,1727693341996,1548,2499,2569,1920,2567,1798,2099,2824,2043,2499,2499,2499,2499,2000,2499,2499,1934,1728,2820,2819,1990,2818,1901,2500,2100,2509,2000,2499,2500,1880,1290,2577,0,0,0,0,0,0,0,0,0,100,100,100,0,0,100,0,4.761904716491699,100,100,100,0,100,0,0,0,100,0,0,100,0,0,0,259592.15203857422,109474.80578613281,0,404334895104,8589930496,66027655168,0
199,1727693342196,1548,2499,2569,1920,2567,1798,2099,2824,2043,2499,2499,2499,2499,2000,2499,2499,1934,1728,2820,2819,1990,2818,1901,2500,2100,2509,2000,2499,2500,1880,1290,2577,0,0,0,0,0,0,0,0,0,100,100,100,0,0,100,0,0,100,100,100,0,100,0,0,0,100,0,0,100,0,0,0,259594.95385742188,109484.2445678711,0,404334895104,8589930496,66007736320,0
199,1727693342397,1548,2499,2569,1920,2567,1798,2099,2824,2043,2499,2499,2499,2499,2000,2499,2499,1934,1728,2820,2819,1990,2818,1901,2500,2100,2509,2000,2499,2500,1880,1290,2577,0,0,0,0,0,0,0,0,0,100,100,100,0,0,100,0,0,100,100,100,0,100,0,0,0,100,0,0,100,0,0,0,259597.85418701172,109493.64343261719,0,404334895104,8589930496,66027401216,0
199,1727693342597,1548,2499,2569,1920,2567,1798,2099,2824,2043,2499,2499,2499,2499,2000,2499,2499,1934,1728,2820,2819,1990,2818,1901,2500,2100,2509,2000,2499,2500,1880,1290,2577,0,0,0,0,0,0,0,0,0,100,100,100,0,0,100,0,0,100,100,100,0,100,0,0,0,100,0,0,100,0,0,0,259600.62664794922,109503.07958984375,0,404334895104,8589930496,66027438080,0
199,1727693342797,1548,2499,2569,1920,2567,1798,2099,2824,2043,2499,2499,2499,2499,2000,2499,2499,1934,1728,2820,2819,1990,2818,1901,2500,2100,2509,2000,2499,2500,1880,1290,2577,0,0,0,0,0,0,0,0,0,100,100,100,0,0,100,0,0,100,100,100,0,100,0,0,0,100,0,0,100,5,0,0,259603.39916992188,109512.53112792969,0,404334895104,8589930496,66027511808,0
199,1727693342997,1548,2499,2569,1920,2567,1798,2099,2824,2043,2499,2499,2499,2499,2000,2499,2499,1934,1728,2820,2819,1990,2818,1901,2500,2100,2509,2000,2499,2500,1880,1290,2577,0,0,0,4.761904716491699,0,0,0,0,0,100,100,100,0,0,100,0,0,100,100,100,0,100,0,0,0,100,0,0,100,0,0,0,259606.21087646484,109521.970703125,0,404334895104,8589930496,66027659264,0
199,1727693343197,1548,2499,2569,1920,2567,1798,2099,2824,2043,2499,2499,2499,2499,2000,2499,2499,1934,1728,2820,2819,1990,2818,1901,2500,2100,2509,2000,2499,2500,1880,1290,2577,0,0,0,4.761904716491699,0,0,0,0,0,100,100,100,0,0,100,0,0,100,100,100,0,100,0,0,0,100,0,0,100,0,0,0,259609.01690673828,109531.42449951172,0,404334895104,8589930496,66027659264,0
199,1727693343397,1548,2499,2569,1920,2567,1798,2099,2824,2043,2499,2499,2499,2499,2000,2499,2499,1934,1728,2820,2819,1990,2818,1901,2500,2100,2509,2000,2499,2500,1880,1290,2577,0,0,0,0,0,0,0,0,0,100,100,100,0,0,100,0,0,100,100,100,0,100,0,0,0,100,0,0,100,0,0,0,259611.82806396484,109540.90246582031,0,404334895104,8589930496,66027659264,0
199,1727693343597,1548,2499,2569,1920,2567,1798,2099,2824,2043,2499,2499,2499,2499,2000,2499,2499,1934,1728,2820,2819,1990,2818,1901,2500,2100,2509,2000,2499,2500,1880,1290,2577,0,0,0,0,0,0,0,0,0,100,100,100,0,0,100,0,0,100,100,100,0,100,0,0,0,100,0,0,100,0,0,0,259614.7264404297,109550.34875488281,0,404334895104,8589930496,66027384832,0
199,1727693343797,1548,2499,2569,1920,2567,1798,2099,2824,2043,2499,2499,2499,2499,2000,2499,2499,1934,1728,2820,2819,1990,2818,1901,2500,2100,2509,2000,2499,2500,1880,1290,2577,0,0,0,0,0,4.761904716491699,0,0,0,100,100,100,0,0,100,0,0,100,100,100,0,100,0,0,4.761904716491699,100,0,0,100,0,0,0,259617.51531982422,109559.8154296875,0,404334895104,8589930496,66027438080,0
199,1727693343997,1548,2499,2569,1920,2567,1798,2099,2824,2043,2499,2499,2499,2499,2000,2499,2499,1934,1728,2820,2819,1990,2818,1901,2500,2100,2509,2000,2499,2500,1880,1290,2577,0,0,0,0,0,4.761904716491699,0,0,0,100,100,100,0,0,100,0,0,100,100,100,0,100,0,0,4.761904716491699,100,0,0,100,0,0,0,259620.34997558594,109569.31329345703,0,404334895104,8589930496,66026598400,0
199,1727693344197,1548,2499,2569,1920,2567,1798,2099,2824,2043,2499,2499,2499,2499,2000,2499,2499,1934,1728,2820,2819,1990,2818,1901,2500,2100,2509,2000,2499,2500,1880,1290,2577,0,0,0,0,0,0,0,0,0,100,100,100,0,0,100,0,0,100,100,100,0,100,0,0,0,100,0,0,100,0,0,0,259623.15588378906,109578.78198242188,0,404334895104,8589930496,66026586112,0
199,1727693344397,1548,2499,2569,1920,2567,1798,2099,2824,2043,2499,2499,2499,2499,2000,2499,2499,1934,1728,2820,2819,1990,2818,1901,2500,2100,2509,2000,2499,2500,1880,1290,2577,0,0,0,0,0,0,0,0,0,100,100,100,0,0,100,0,0,100,100,100,0,100,0,0,0,100,4.761904716491699,0,100,0,0,0,259625.97827148438,109588.19775390625,0,404334895104,8589930496,66026733568,0
199,1727693344598,1548,2499,2569,1920,2567,1798,2099,2824,2043,2499,2499,2499,2499,2000,2499,2499,1934,1728,2820,2819,1990,2818,1901,2500,2100,2509,2000,2499,2500,1880,1290,2577,0,0,0,0,0,0,0,0,0,100,100,100,0,0,100,0,0,100,100,100,0,100,0,0,0,100,0,0,100,0,0,0,259628.8154296875,109597.66613769531,0,404334895104,8589930496,66026737664,0
199,1727693344797,1548,2499,2569,1920,2567,1798,2099,2824,2043,2499,2499,2499,2499,2000,2499,2499,1934,1728,2820,2819,1990,2818,1901,2500,2100,2509,2000,2499,2500,1880,1290,2577,0,0,0,0,0,0,0,0,0,100,100,100,0,0,100,0,0,100,100,100,0,100,0,0,0,100,0,0,100,0,0,0,259631.60760498047,109607.2255859375,0,404334895104,8589930496,66026786816,0
199,1727693344998,1548,2499,2569,1920,2567,1798,2099,2824,2043,2499,2499,2499,2499,2000,2499,2499,1934,1728,2820,2819,1990,2818,1901,2500,2100,2509,2000,2499,2500,1880,1290,2577,2.5,5,0,0,0,0,2.5,0,0,100,100,100,0,0,100,0,0,100,100,100,4.878048419952393,100,7.500000476837158,0,0,100,0,0,100,0,0,0,259634.46716308594,109616.6157836914,0,404334895104,8589930496,66026528768,0
199,1727693345198,1548,2499,2569,1920,2567,1798,2099,2824,2043,2499,2499,2499,2499,2000,2499,2499,1934,1728,2820,2819,1990,2818,1901,2500,2100,2509,2000,2499,2500,1880,1290,2577,2.5,5,0,0,0,0,2.5,0,0,100,100,100,0,0,100,0,0,100,100,100,4.878048419952393,100,7.500000476837158,0,0,100,0,0,100,0,0,0,259637.21392822266,109626.06628417969,0,404334895104,8589930496,66026565632,0
199,1727693345398,1548,2499,2569,1920,2567,1798,2099,2824,2043,2499,2499,2499,2499,2000,2499,2499,1934,1728,2820,2819,1990,2818,1901,2500,2100,2509,2000,2499,2500,1880,1290,2577,0,0,0,0,0,0,0,0,0,100,100,100,0,0,100,0,0,100,100,100,0,100,0,0,0,100,0,0,100,0,0,0,259640.0048828125,109635.51434326172,0,404334895104,8589930496,66026639360,0
199,1727693345598,1548,2499,2569,1920,2567,1798,2099,2824,2043,2499,2499,2499,2499,2000,2499,2499,1934,1728,2820,2819,1990,2818,1901,2500,2100,2509,2000,2499,2500,1880,1290,2577,0,0,0,0,0,0,0,0,0,100,100,100,0,0,100,0,0,100,100,100,0,100,0,0,0,100,0,0,100,0,0,0,259642.81396484375,109644.96368408203,0,404334895104,8589930496,66026786816,0
199,1727693345798,1548,2499,2569,1920,2567,1798,2099,2824,2043,2499,2499,2499,2499,2000,2499,2499,1934,1728,2820,2819,1990,2818,1901,2500,2100,2509,2000,2499,2500,1880,1290,2577,4.761904716491699,0,0,0,0,0,4.761904716491699,0,0,100,100,100,0,0,100,0,5,100,100,100,0,100,5,0,0,100,0,0,100,0,0,0,259645.61822509766,109654.40155029297,0,404334895104,8589930496,66026786816,0
199,1727693345998,1548,2499,2569,1920,2567,1798,2099,2824,2043,2499,2499,2499,2499,2000,2499,2499,1934,1728,2820,2819,1990,2818,1901,2500,2100,2509,2000,2499,2500,1880,1290,2577,0,0,0,0,0,0,0,0,0,100,100,100,0,0,100,0,0,100,100,100,0,100,0,0,0,100,0,0,100,0,0,0,259648.40209960938,109663.8325805664,0,404334895104,8589930496,66026786816,0
199,1727693346199,1548,2499,2569,1920,2567,1798,2099,2824,2043,2499,2499,2499,2499,2000,2499,2499,1934,1728,2820,2819,1990,2818,1901,2500,2100,2509,2000,2499,2500,1880,1290,2577,0,0,0,0,0,0,0,0,0,100,100,100,0,0,100,0,0,100,100,100,0,100,0,0,0,100,0,0,100,0,0,0,259651.2466430664,109673.22436523438,0,404334895104,8589930496,65996685312,0
199,1727693346399,1548,2499,2569,1920,2567,1798,2099,2824,2043,2499,2499,2499,2499,2000,2499,2499,1934,1728,2820,2819,1990,2818,1901,2500,2100,2509,2000,2499,2500,1880,1290,2577,4.761904716491699,0,0,0,0,0,0,0,0,100,100,100,0,0,100,0,0,100,100,100,0,100,0,0,0,100,0,0,100,0,0,0,259654.07385253906,109682.65649414063,0,404334895104,8589930496,66026565632,0
199,1727693346599,1548,2499,2569,1920,2567,1798,2099,2824,2043,2499,2499,2499,2499,2000,2499,2499,1934,1728,2820,2819,1990,2818,1901,2500,2100,2509,2000,2499,2500,1880,1290,2577,0,0,0,0,0,0,0,0,0,100,100,100,0,0,100,0,0,100,100,100,0,100,0,0,0,100,0,0,100,0,0,0,259656.8589477539,109692.12384033203,0,404334895104,8589930496,66026639360,0
199,1727693346799,1548,2499,2569,1920,2567,1798,2099,2824,2043,2499,2499,2499,2499,2000,2499,2499,1934,1728,2820,2819,1990,2818,1901,2500,2100,2509,2000,2499,2500,1880,1290,2577,4.761904716491699,0,0,0,0,0,0,0,0,100,100,100,0,0,100,0,0,100,100,100,0,100,0,0,0,100,0,0,100,0,0,0,259659.603515625,109701.5796508789,0,404334895104,8589930496,66026639360,0
199,1727693346999,1548,2499,2569,1920,2567,1798,2099,2824,2043,2499,2499,2499,2499,2000,2499,2499,1934,1728,2820,2819,1990,2818,1901,2500,2100,2509,2000,2499,2500,1880,1290,2577,4.761904716491699,0,0,0,0,0,0,0,0,100,100,100,0,0,100,0,0,100,100,100,0,100,0,0,0,100,0,0,100,0,0,0,259662.38763427734,109711.03576660156,0,404334895104,8589930496,66026790912,0
199,1727693347199,1548,2499,2569,1920,2567,1798,2099,2824,2043,2499,2499,2499,2499,2000,2499,2499,1934,1728,2820,2819,1990,2818,1901,2500,2100,2509,2000,2499,2500,1880,1290,2577,0,0,0,0,0,0,0,0,0,100,100,100,0,0,100,0,0,100,100,100,0,100,0,0,0,100,0,0,100,0,0,0,259665.18133544922,109720.47875976563,0,404334895104,8589930496,66026790912,0
199,1727693347399,1548,2499,2569,1920,2567,1798,2099,2824,2043,2499,2499,2499,2499,2000,2499,2499,1934,1728,2820,2819,1990,2818,1901,2500,2100,2509,2000,2499,2500,1880,1290,2577,0,0,0,0,0,0,0,0,0,100,100,100,0,0,100,0,0,100,100,100,0,100,0,0,0,100,0,0,100,0,0,0,259667.9766845703,109729.93676757813,0,404334895104,8589930496,66026790912,0
199,1727693347600,1548,2499,2569,1920,2567,1798,2099,2824,2043,2499,2499,2499,2499,2000,2499,2499,1934,1728,2820,2819,1990,2818,1901,2500,2100,2509,2000,2499,2500,1880,1290,2577,4.761904716491699,0,0,0,0,0,0,0,0,100,100,100,0,0,100,0,0,100,100,100,0,100,0,0,0,100,0,0,100,0,0,0,259670.8515625,109739.35620117188,0,404334895104,8589930496,66026516480,0
199,1727693347800,1548,2499,2569,1920,2567,1798,2099,2824,2043,2499,2499,2499,2499,2000,2499,2499,1934,1728,2820,2819,1990,2818,1901,2500,2100,2509,2000,2499,2500,1880,1290,2577,0,0,0,0,0,0,0,0,0,100,100,100,0,0,100,0,0,100,100,100,0,100,0,0,0,100,0,0,100,0,0,0,259673.64575195313,109748.7935180664,0,404334895104,8589930496,66026569728,0
199,1727693348000,1548,2499,2569,1920,2567,1798,2099,2824,2043,2499,2499,2499,2499,2000,2499,2499,1934,1728,2820,2819,1990,2818,1901,2500,2100,2509,2000,2499,2500,1880,1290,2577,4.761904716491699,0,0,0,0,0,0,0,0,100,100,100,0,4.761904716491699,100,0,0,100,100,100,0,100,0,0,9.523809432983398,100,0,0,100,0,0,0,259676.455078125,109758.25103759766,0,404334895104,8589930496,66026643456,0
199,1727693348200,1548,2499,2569,1920,2567,1798,2099,2824,2043,2499,2499,2499,2499,2000,2499,2499,1934,1728,2820,2819,1990,2818,1901,2500,2100,2509,2000,2499,2500,1880,1290,2577,4.761904716491699,0,0,0,0,0,0,0,0,100,100,100,0,4.761904716491699,100,0,0,100,100,100,0,100,0,0,9.523809432983398,100,0,0,100,0,0,0,259679.28411865234,109767.70837402344,0,404334895104,8589930496,66026643456,0
199,1727693348400,1548,2499,2569,1920,2567,1798,2099,2824,2043,2499,2499,2499,2499,2000,2499,2499,1934,1728,2820,2819,1990,2818,1901,2500,2100,2509,2000,2499,2500,1880,1290,2577,0,0,0,0,0,0,0,0,2.5,100,100,100,0,0,100,0,0,100,100,100,2.4390242099761963,100,0,0,0,100,2.4390242099761963,0,100,2.4390242099761963,0,0,259682.1329345703,109777.1630859375,0,404334895104,8589930496,66026123264,0
199,1727693348600,1548,2499,2569,1920,2567,1798,2099,2824,2043,2499,2499,2499,2499,2000,2499,2499,1934,1728,2820,2819,1990,2818,1901,2500,2100,2509,2000,2499,2500,1880,1290,2577,0,0,0,0,0,0,0,0,0,100,100,100,0,0,100,0,0,100,100,100,0,100,0,0,0,100,0,0,100,0,0,0,259684.94403076172,109786.57250976563,0,404334895104,8589930496,66026123264,0
199,1727693348800,1548,2499,2569,1920,2567,1798,2099,2824,2043,2499,2499,2499,2499,2000,2499,2499,1934,1728,2820,2819,1990,2818,1901,2500,2100,2509,2000,2499,2500,1880,1290,2577,0,0,0,0,0,0,0,0,0,100,100,100,0,0,100,0,0,100,100,100,0,100,0,0,0,100,0,0,100,0,0,0,259687.77850341797,109796.02648925781,0,404334895104,8589930496,66026123264,0
199,1727693349000,1548,2499,2569,1920,2567,1798,2099,2824,2043,2499,2499,2499,2499,2000,2499,2499,1934,1728,2820,2819,1990,2818,1901,2500,2100,2509,2000,2499,2500,1880,1290,2577,0,0,0,0,0,0,0,0,0,100,100,100,0,5,100,0,0,100,100,100,0,100,0,0,0,100,0,0,100,0,0,0,259690.67254638672,109805.40789794922,0,404334895104,8589930496,66025865216,0
199,1727693349200,1548,2499,2569,1920,2567,1798,2099,2824,2043,2499,2499,2499,2499,2000,2499,2499,1934,1728,2820,2819,1990,2818,1901,2500,2100,2509,2000,2499,2500,1880,1290,2577,0,0,0,0,0,0,0,0,0,100,100,100,0,0,100,0,0,100,100,100,0,100,0,0,0,100,0,0,100,0,0,0,259693.51623535156,109814.85083007813,0,404334895104,8589930496,66025967616,0
199,1727693349400,1548,2499,2569,1920,2567,1798,2099,2824,2043,2499,2499,2499,2499,2000,2499,2499,1934,1728,2820,2819,1990,2818,1901,2500,2100,2509,2000,2499,2500,1880,1290,2577,0,0,0,0,0,0,0,0,0,100,100,100,0,0,100,0,0,100,100,100,0,100,0,0,0,100,0,0,100,0,0,0,259696.3194580078,109824.2964477539,0,404334895104,8589930496,66025967616,0
199,1727693349600,1548,2499,2569,1920,2567,1798,2099,2824,2043,2499,2499,2499,2499,2000,2499,2499,1934,1728,2820,2819,1990,2818,1901,2500,2100,2509,2000,2499,2500,1880,1290,2577,0,0,0,0,0,0,0,0,0,100,100,100,0,0,100,0,0,100,100,100,0,100,0,0,0,100,0,0,100,0,0,0,259699.14721679688,109833.74633789063,0,404334895104,8589930496,66026115072,0
199,1727693349800,1548,2499,2569,1920,2567,1798,2099,2824,2043,2499,2499,2499,2499,2000,2499,2499,1934,1728,2820,2819,1990,2818,1901,2500,2100,2509,2000,2499,2500,1880,1290,2577,5,10,0,15.000000953674316,0,9.523809432983398,5.263157844543457,9.523809432983398,0,100,100,100,0,5,100,4.761904716491699,9.523809432983398,100,100,100,5.263157844543457,100,20,5,5,100,5,0,100,5,15.000000953674316,0,259702.03149414063,109843.33807373047,0,404334895104,8589930496,66026332160,0
199,1727693350000,1548,2499,2569,1920,2567,1798,2099,2824,2043,2499,2499,2499,2499,2000,2499,2499,1934,1728,2820,2819,1990,2818,1901,2500,2100,2509,2000,2499,2500,1880,1290,2577,0,0,0,0,0,0,0,0,0,100,100,100,0,0,100,0,0,100,100,100,0,100,0,0,0,100,0,0,100,0,0,0,259704.876953125,109852.80950927734,0,404334895104,8589930496,66026332160,0
199,1727693350200,1548,2499,2569,1920,2567,1798,2099,2824,2043,2499,2499,2499,2499,2000,2499,2499,1934,1728,2820,2819,1990,2818,1901,2500,2100,2509,2000,2499,2500,1880,1290,2577,0,0,0,0,0,0,0,0,0,100,100,100,0,0,100,0,0,100,100,100,0,100,0,0,0,100,0,0,100,0,0,0,259707.7957763672,109862.22436523438,0,404334895104,8589930496,66026057728,0
199,1727693350401,1548,2499,2569,1920,2567,1798,2099,2824,2043,2499,2499,2499,2499,2000,2499,2499,1934,1728,2820,2819,1990,2818,1901,2500,2100,2509,2000,2499,2500,1880,1290,2577,0,0,0,0,0,0,0,0,0,100,100,100,0,0,100,0,0,100,100,100,0,100,0,0,0,100,0,0,100,0,0,0,259710.60662841797,109871.6791381836,0,404334895104,8589930496,66026110976,0
199,1727693350601,1548,2499,2569,1920,2567,1798,2099,2824,2043,2499,2499,2499,2499,2000,2499,2499,1934,1728,2820,2819,1990,2818,1901,2500,2100,2509,2000,2499,2500,1880,1290,2577,0,0,0,0,0,0,0,0,0,100,100,100,0,0,100,0,0,100,100,100,0,100,0,0,0,100,0,0,100,0,0,0,259713.36950683594,109881.12268066406,0,404334895104,8589930496,66026184704,0
199,1727693350801,1548,2499,2569,1920,2567,1798,2099,2824,2043,2499,2499,2499,2499,2000,2499,2499,1934,1728,2820,2819,1990,2818,1901,2500,2100,2509,2000,2499,2500,1880,1290,2577,0,0,0,0,0,0,0,0,0,100,100,100,0,0,100,0,0,100,100,100,0,100,0,0,0,100,0,0,100,0,0,0,259716.1430053711,109890.54028320313,0,404334895104,8589930496,66026184704,0
199,1727693351001,1548,2499,2569,1920,2567,1798,2099,2824,2043,2499,2499,2499,2499,2000,2499,2499,1934,1728,2820,2819,1990,2818,1901,2500,2100,2509,2000,2499,2500,1880,1290,2577,0,100,0,0,0,0,0,0,0,0,100,100,0,0,100,0,0,85.71428680419922,100,100,0,100,0,0,0,100,0,0,100,0,14.285715103149414,0,259718.9263305664,109899.97814941406,0,404334895104,8589930496,66026332160,0
199,1727693351201,1548,2499,2569,1920,2567,1798,2099,2824,2043,2499,2499,2499,2499,2000,2499,2499,1934,1728,2820,2819,1990,2818,1901,2500,2100,2509,2000,2499,2500,1880,1290,2577,4.761904716491699,100,0,0,0,0,0,0,0,0,100,100,0,0,100,0,0,0,100,100,0,100,0,0,0,100,0,0,100,0,100,0,259721.68585205078,109909.40924072266,0,404334895104,8589930496,66026332160,0
199,1727693351401,1548,2499,2569,1920,2567,1798,2099,2824,2043,2499,2499,2499,2499,2000,2499,2499,1934,1728,2820,2819,1990,2818,1901,2500,2100,2509,2000,2499,2500,1880,1290,2577,0,100,0,0,0,0,0,0,0,0,100,100,0,0,100,0,0,0,100,100,0,100,0,0,0,100,0,0,100,0,100,0,259724.48193359375,109918.84173583984,0,404334895104,8589930496,66026332160,0
199,1727693351601,1548,2499,2569,1920,2567,1798,2099,2824,2043,2499,2499,2499,2499,2000,2499,2499,1934,1728,2820,2819,1990,2818,1901,2500,2100,2509,2000,2499,2500,1880,1290,2577,0,100,0,0,0,0,0,0,0,0,100,100,0,0,100,0,0,0,100,100,0,100,0,0,0,100,0,0,100,0,100,0,259727.3848876953,109928.20709228516,0,404334895104,8589930496,66026078208,0
199,1727693351801,1548,2499,2569,1920,2567,1798,2099,2824,2043,2499,2499,2499,2499,2000,2499,2499,1934,1728,2820,2819,1990,2818,1901,2500,2100,2509,2000,2499,2500,1880,1290,2577,0,100,0,0,0,0,0,0,0,0,100,100,0,0,100,0,0,0,100,100,0,100,0,0,0,100,0,0,100,0,100,0,259730.22045898438,109937.6181640625,0,404334895104,8589930496,66026115072,0
199,1727693352001,1548,2499,2569,1920,2567,1798,2099,2824,2043,2499,2499,2499,2499,2000,2499,2499,1934,1728,2820,2819,1990,2818,1901,2500,2100,2509,2000,2499,2500,1880,1290,2577,0,100,0,0,0,0,0,0,0,0,100,100,0,0,100,0,0,0,100,100,0,100,0,0,0,100,0,0,100,0,100,0,259733.0355834961,109947.04418945313,0,404334895104,8589930496,66026188800,0
199,1727693352201,1548,2499,2569,1920,2567,1798,2099,2824,2043,2499,2499,2499,2499,2000,2499,2499,1934,1728,2820,2819,1990,2818,1901,2500,2100,2509,2000,2499,2500,1880,1290,2577,4.761904716491699,100,0,0,0,0,0,0,0,0,100,100,0,0,100,0,0,0,100,100,0,100,0,0,0,100,0,0,100,0,100,0,259735.79705810547,109956.43005371094,0,404334895104,8589930496,66026336256,0
199,1727693352401,1548,2499,2569,1920,2567,1798,2099,2824,2043,2499,2499,2499,2499,2000,2499,2499,1934,1728,2820,2819,1990,2818,1901,2500,2100,2509,2000,2499,2500,1880,1290,2577,0,100,0,0,0,4.761904716491699,0,0,0,0,100,100,0,0,100,0,0,0,100,100,0,100,0,0,0,100,0,0,100,0,100,0,259738.57550048828,109965.86547851563,0,404334895104,8589930496,66026336256,0
199,1727693352602,1548,2499,2569,1920,2567,1798,2099,2824,2043,2499,2499,2499,2499,2000,2499,2499,1934,1728,2820,2819,1990,2818,1901,2500,2100,2509,2000,2499,2500,1880,1290,2577,0,100,0,0,0,0,0,0,0,0,100,100,0,0,100,0,0,0,100,100,0,100,0,0,0,100,0,0,100,0,100,0,259741.38806152344,109975.3032836914,0,404334895104,8589930496,66026336256,0
199,1727693352802,1548,2499,2569,1920,2567,1798,2099,2824,2043,2499,2499,2499,2499,2000,2499,2499,1934,1728,2820,2819,1990,2818,1901,2500,2100,2509,2000,2499,2500,1880,1290,2577,0,100,0,0,0,0,0,0,0,0,100,100,0,0,100,0,0,0,100,100,0,100,0,0,0,100,0,0,100,0,100,0,259744.27117919922,109984.70788574219,0,404334895104,8589930496,66005684224,0
199,1727693353002,1548,2499,2569,1920,2567,1798,2099,2824,2043,2499,2499,2499,2499,2000,2499,2499,1934,1728,2820,2819,1990,2818,1901,2500,2100,2509,2000,2499,2500,1880,1290,2577,0,100,0,0,0,0,0,0,0,0,100,100,0,4.761904716491699,100,0,0,0,100,100,0,100,0,0,0,100,0,0,100,0,100,0,259747.11993408203,109994.14001464844,0,404334895104,8589930496,66026115072,0
199,1727693353202,1548,2499,2569,1920,2567,1798,2099,2824,2043,2499,2499,2499,2499,2000,2499,2499,1934,1728,2820,2819,1990,2818,1901,2500,2100,2509,2000,2499,2500,1880,1290,2577,0,100,0,0,0,0,0,0,0,0,100,100,0,4.761904716491699,100,0,0,0,100,100,0,100,0,0,0,100,0,0,100,0,100,0,259749.9473876953,110003.56408691406,0,404334895104,8589930496,66026188800,0
199,1727693353402,1548,2499,2569,1920,2567,1798,2099,2824,2043,2499,2499,2499,2499,2000,2499,2499,1934,1728,2820,2819,1990,2818,1901,2500,2100,2509,2000,2499,2500,1880,1290,2577,0,100,0,0,0,0,0,0,0,0,100,100,0,0,100,0,0,0,100,100,0,100,0,0,0,100,0,0,100,0,100,0,259752.70111083984,110013.01177978516,0,404334895104,8589930496,66026188800,0
199,1727693353602,1548,2499,2569,1920,2567,1798,2099,2824,2043,2499,2499,2499,2499,2000,2499,2499,1934,1728,2820,2819,1990,2818,1901,2500,2100,2509,2000,2499,2500,1880,1290,2577,0,100,0,0,0,0,4.761904716491699,0,0,0,100,100,0,0,100,0,0,0,100,100,0,100,0,0,0,100,0,0,100,0,100,0,259755.52960205078,110022.45428466797,0,404334895104,8589930496,66026336256,0
199,1727693353802,1548,2499,2569,1920,2567,1798,2099,2824,2043,2499,2499,2499,2499,2000,2499,2499,1934,1728,2820,2819,1990,2818,1901,2500,2100,2509,2000,2499,2500,1880,1290,2577,0,100,0,0,0,0,0,0,0,0,100,100,0,0,100,0,0,0,100,100,0,100,0,0,0,100,0,0,100,0,100,0,259758.34533691406,110031.89660644531,0,404334895104,8589930496,66026340352,0
199,1727693354002,1548,2499,2569,1920,2567,1798,2099,2824,2043,2499,2499,2499,2499,2000,2499,2499,1934,1728,2820,2819,1990,2818,1901,2500,2100,2509,2000,2499,2500,1880,1290,2577,0,100,0,0,0,0,0,0,0,0,100,100,0,0,100,0,0,0,100,100,0,100,0,0,0,100,0,0,100,0,100,0,259761.1494140625,110041.333984375,0,404334895104,8589930496,66026340352,0
199,1727693354202,1548,2499,2569,1920,2567,1798,2099,2824,2043,2499,2499,2499,2499,2000,2499,2499,1934,1728,2820,2819,1990,2818,1901,2500,2100,2509,2000,2499,2500,1880,1290,2577,0,100,0,0,0,0,0,0,4.761904716491699,0,100,100,0,0,100,0,0,0,100,100,0,100,0,0,0,100,0,0,100,0,100,0,259764.0648803711,110050.72875976563,0,404334895104,8589930496,66026049536,0
199,1727693354403,1548,2499,2569,1920,2567,1798,2099,2824,2043,2499,2499,2499,2499,2000,2499,2499,1934,1728,2820,2819,1990,2818,1901,2500,2100,2509,2000,2499,2500,1880,1290,2577,0,100,0,0,0,0,0,0,0,0,100,100,0,0,100,0,0,0,100,100,0,100,0,0,0,100,0,0,100,0,100,0,259766.87493896484,110060.17364501953,0,404334895104,8589930496,66026102784,0
199,1727693354603,1548,2499,2569,1920,2567,1798,2099,2824,2043,2499,2499,2499,2499,2000,2499,2499,1934,1728,2820,2819,1990,2818,1901,2500,2100,2509,2000,2499,2500,1880,1290,2577,4.761904716491699,100,0,0,0,0,0,0,0,0,100,100,0,0,100,0,0,0,100,100,0,100,0,0,0,100,0,0,100,0,100,0,259769.6421508789,110069.58489990234,0,404334895104,8589930496,66026176512,0
199,1727693354803,1548,2499,2569,1920,2567,1798,2099,2824,2043,2499,2499,2499,2499,2000,2499,2499,1934,1728,2820,2819,1990,2818,1901,2500,2100,2509,2000,2499,2500,1880,1290,2577,5.263157844543457,100,0,0,0,9.523809432983398,0,0,0,0,100,100,0,0,100,0,0,0,100,100,14.285715103149414,100,0,0,10.526315689086914,100,0,0,100,9.523809432983398,100,0,259772.4598388672,110079.08374023438,0,404334895104,8589930496,66026405888,0
199,1727693355003,1548,2499,2569,1920,2567,1798,2099,2824,2043,2499,2499,2499,2499,2000,2499,2499,1934,1728,2820,2819,1990,2818,1901,2500,2100,2509,2000,2499,2500,1880,1290,2577,4.761904716491699,100,0,0,0,0,0,0,0,0,100,100,0,0,100,0,0,0,100,100,0,100,0,0,0,100,0,0,100,0,100,0,259775.2603149414,110088.5396118164,0,404334895104,8589930496,66026553344,0
199,1727693355203,1548,2499,2569,1920,2567,1798,2099,2824,2043,2499,2499,2499,2499,2000,2499,2499,1934,1728,2820,2819,1990,2818,1901,2500,2100,2509,2000,2499,2500,1880,1290,2577,4.761904716491699,100,0,0,0,0,0,0,0,0,100,100,0,0,100,0,0,0,100,100,0,100,0,0,0,100,0,0,100,0,100,0,259778.05560302734,110097.99743652344,0,404334895104,8589930496,66026553344,0
199,1727693355403,1548,2499,2569,1920,2567,1798,2099,2824,2043,2499,2499,2499,2499,2000,2499,2499,1934,1728,2820,2819,1990,2818,1901,2500,2100,2509,2000,2499,2500,1880,1290,2577,2.4390242099761963,100,0,0,0,0,0,0,0,0,100,100,0,0,100,0,0,0,100,100,0,100,0,0,0,100,0,0,100,0,100,0,259780.81182861328,110107.4482421875,0,404334895104,8589930496,65953263616,0
199,1727693355603,1548,2499,2569,1920,2567,1798,2099,2824,2043,2499,2499,2499,2499,2000,2499,2499,1934,1728,2820,2819,1990,2818,1901,2500,2100,2509,2000,2499,2500,1880,1290,2577,0,100,0,0,0,0,0,0,0,0,100,100,0,0,100,5.263157844543457,0,0,100,100,0,100,0,0,0,100,4.761904716491699,0,90,0,100,0,259783.6884765625,110116.86883544922,0,404334895104,8589930496,66026295296,0
199,1727693355803,1548,2499,2569,1920,2567,1798,2099,2824,2043,2499,2499,2499,2499,2000,2499,2499,1934,1728,2820,2819,1990,2818,1901,2500,2100,2509,2000,2499,2500,1880,1290,2577,5,100,0,0,0,0,0,0,0,0,100,100,0,0,100,100,0,0,100,100,4.761904716491699,100,5,0,0,100,0,0,0,0,100,0,259786.51202392578,110126.27862548828,0,404334895104,8589930496,66026405888,0
199,1727693356004,1548,2499,2569,1920,2567,1798,2099,2824,2043,2499,2499,2499,2499,2000,2499,2499,1934,1728,2820,2819,1990,2818,1901,2500,2100,2509,2000,2499,2500,1880,1290,2577,0,100,0,0,0,0,0,0,0,0,100,100,0,0,100,100,0,0,100,100,0,100,0,0,0,100,0,0,0,0,100,0,259789.3413696289,110135.78741455078,0,404334895104,8589930496,66026405888,0
199,1727693356204,1548,2499,2569,1920,2567,1798,2099,2824,2043,2499,2499,2499,2499,2000,2499,2499,1934,1728,2820,2819,1990,2818,1901,2500,2100,2509,2000,2499,2500,1880,1290,2577,0,100,0,0,0,0,0,0,0,0,100,100,0,0,100,100,0,0,100,100,0,100,0,0,0,100,0,0,0,0,100,0,259792.1607055664,110145.23559570313,0,404334895104,8589930496,66026557440,0
199,1727693356404,1548,2499,2569,1920,2567,1798,2099,2824,2043,2499,2499,2499,2499,2000,2499,2499,1934,1728,2820,2819,1990,2818,1901,2500,2100,2509,2000,2499,2500,1880,1290,2577,0,100,0,0,0,0,0,0,0,0,100,100,0,0,100,100,4.761904716491699,0,100,100,0,100,0,0,0,100,0,0,0,0,100,0,259794.96466064453,110154.69750976563,0,404334895104,8589930496,66026557440,0
199,1727693356604,1548,2499,2569,1920,2567,1798,2099,2824,2043,2499,2499,2499,2499,2000,2499,2499,1934,1728,2820,2819,1990,2818,1901,2500,2100,2509,2000,2499,2500,1880,1290,2577,0,100,0,0,0,0,0,0,0,0,100,100,0,0,100,100,0,0,100,100,0,100,0,0,0,100,0,0,0,0,100,0,259797.78643798828,110164.1611328125,0,404334895104,8589930496,66026557440,0
199,1727693356804,1548,2499,2569,1920,2567,1798,2099,2824,2043,2499,2499,2499,2499,2000,2499,2499,1934,1728,2820,2819,1990,2818,1901,2500,2100,2509,2000,2499,2500,1880,1290,2577,0,100,0,0,0,0,0,0,0,0,100,100,0,0,100,100,0,0,100,100,0,100,0,0,0,100,0,0,0,0,100,0,259800.6856689453,110173.58435058594,0,404334895104,8589930496,66026283008,0
199,1727693357004,1548,2499,2569,1920,2567,1798,2099,2824,2043,2499,2499,2499,2499,2000,2499,2499,1934,1728,2820,2819,1990,2818,1901,2500,2100,2509,2000,2499,2500,1880,1290,2577,0,100,0,0,0,0,0,0,0,0,100,100,0,0,100,100,0,0,100,100,0,100,0,0,0,100,0,0,0,0,100,0,259803.49029541016,110183.05004882813,0,404334895104,8589930496,66026336256,0
199,1727693357204,1548,2499,2569,1920,2567,1798,2099,2824,2043,2499,2499,2499,2499,2000,2499,2499,1934,1728,2820,2819,1990,2818,1901,2500,2100,2509,2000,2499,2500,1880,1290,2577,0,100,0,0,0,0,0,0,0,0,100,100,0,0,100,100,0,0,100,100,0,100,0,0,0,100,0,0,0,0,100,0,259806.2954711914,110192.5298461914,0,404334895104,8589930496,66026409984,0
199,1727693357404,1548,2499,2569,1920,2567,1798,2099,2824,2043,2499,2499,2499,2499,2000,2499,2499,1934,1728,2820,2819,1990,2818,1901,2500,2100,2509,2000,2499,2500,1880,1290,2577,0,100,0,0,0,0,0,0,0,0,100,100,0,0,100,100,0,0,100,100,0,100,0,0,0,100,0,0,0,0,100,0,259809.09985351563,110201.95928955078,0,404334895104,8589930496,66026409984,0
199,1727693357604,1548,2499,2569,1920,2567,1798,2099,2824,2043,2499,2499,2499,2499,2000,2499,2499,1934,1728,2820,2819,1990,2818,1901,2500,2100,2509,2000,2499,2500,1880,1290,2577,4.761904716491699,100,0,0,0,0,0,0,0,0,100,100,0,0,100,100,0,0,100,100,0,100,0,0,4.761904716491699,100,0,0,0,0,100,0,259811.93182373047,110211.42486572266,0,404334895104,8589930496,66026557440,0
199,1727693357804,1548,2499,2569,1920,2567,1798,2099,2824,2043,2499,2499,2499,2499,2000,2499,2499,1934,1728,2820,2819,1990,2818,1901,2500,2100,2509,2000,2499,2500,1880,1290,2577,0,100,0,0,0,0,0,0,0,0,100,100,0,0,100,100,0,0,100,100,0,100,0,0,0,100,0,0,0,0,100,0,259814.75067138672,110220.89184570313,0,404334895104,8589930496,66026557440,0
199,1727693358005,1548,2499,2569,1920,2567,1798,2099,2824,2043,2499,2499,2499,2499,2000,2499,2499,1934,1728,2820,2819,1990,2818,1901,2500,2100,2509,2000,2499,2500,1880,1290,2577,0,100,0,0,0,0,0,0,0,0,100,100,0,0,100,100,0,0,100,100,0,100,0,0,0,100,0,0,0,0,100,0,259817.56872558594,110230.35943603516,0,404334895104,8589930496,66026557440,0
199,1727693358204,1548,2499,2569,1920,2567,1798,2099,2824,2043,2499,2499,2499,2499,2000,2499,2499,1934,1728,2820,2819,1990,2818,1901,2500,2100,2509,2000,2499,2500,1880,1290,2577,0,100,0,0,0,0,0,0,0,0,100,100,0,0,100,100,0,0,100,100,0,100,0,0,0,100,0,0,0,0,100,0,259820.49291992188,110239.82037353516,0,404334895104,8589930496,66026299392,0
199,1727693358405,1548,2499,2569,1920,2567,1798,2099,2824,2043,2499,2499,2499,2499,2000,2499,2499,1934,1728,2820,2819,1990,2818,1901,2500,2100,2509,2000,2499,2500,1880,1290,2577,4.761904716491699,100,0,0,0,0,0,0,0,0,100,100,0,0,100,100,0,0,100,100,0,100,0,0,0,100,0,0,0,0,100,0,259823.3497314453,110249.30700683594,0,404334895104,8589930496,66026336256,0
199,1727693358605,1548,2499,2569,1920,2567,1798,2099,2824,2043,2499,2499,2499,2499,2000,2499,2499,1934,1728,2820,2819,1990,2818,1901,2500,2100,2509,2000,2499,2500,1880,1290,2577,0,100,0,0,0,0,0,0,0,0,100,100,0,0,100,100,2.4390242099761963,0,100,100,0,100,0,0,0,100,0,0,0,0,100,0,259826.20391845703,110258.78887939453,0,404334895104,8589930496,66026414080,0
199,1727693358805,1548,2499,2569,1920,2567,1798,2099,2824,2043,2499,2499,2499,2499,2000,2499,2499,1934,1728,2820,2819,1990,2818,1901,2500,2100,2509,2000,2499,2500,1880,1290,2577,0,100,0,0,0,0,0,0,0,0,100,100,0,0,100,100,0,0,100,100,0,100,0,0,0,100,0,0,0,0,100,0,259829.02142333984,110268.26556396484,0,404334895104,8589930496,66026561536,0
199,1727693359005,1548,2499,2569,1920,2567,1798,2099,2824,2043,2499,2499,2499,2499,2000,2499,2499,1934,1728,2820,2819,1990,2818,1901,2500,2100,2509,2000,2499,2500,1880,1290,2577,4.761904716491699,100,0,0,0,0,0,0,0,0,100,100,0,0,100,100,0,0,100,100,0,100,0,0,0,100,0,0,0,0,100,0,259831.84576416016,110277.73583984375,0,404334895104,8589930496,66026561536,0
199,1727693359205,1548,2499,2569,1920,2567,1798,2099,2824,2043,2499,2499,2499,2499,2000,2499,2499,1934,1728,2820,2819,1990,2818,1901,2500,2100,2509,2000,2499,2500,1880,1290,2577,0,100,0,0,0,0,0,0,0,0,100,100,0,0,100,100,0,0,100,100,0,100,0,0,0,100,0,0,0,0,100,0,259834.6353149414,110287.20538330078,0,404334895104,8589930496,66026549248,0
199,1727693359405,1548,2499,2569,1920,2567,1798,2099,2824,2043,2499,2499,2499,2499,2000,2499,2499,1934,1728,2820,2819,1990,2818,1901,2500,2100,2509,2000,2499,2500,1880,1290,2577,4.761904716491699,100,0,0,0,0,0,0,0,0,100,100,0,0,100,100,0,0,100,100,0,100,0,0,0,100,0,0,0,0,100,0,259837.50146484375,110296.6517944336,0,404334895104,8589930496,66025857024,0
199,1727693359605,1548,2499,2569,1920,2567,1798,2099,2824,2043,2499,2499,2499,2499,2000,2499,2499,1934,1728,2820,2819,1990,2818,1901,2500,2100,2509,2000,2499,2500,1880,1290,2577,0,100,0,0,0,0,0,0,0,0,100,100,0,0,100,100,0,21.052631378173828,100,100,0,100,0,0,0,100,0,0,0,0,80,0,259840.31524658203,110306.06701660156,0,404334895104,8589930496,66026328064,0
199,1727693359805,1548,2499,2569,1920,2567,1798,2099,2824,2043,2499,2499,2499,2499,2000,2499,2499,1934,1728,2820,2819,1990,2818,1901,2500,2100,2509,2000,2499,2500,1880,1290,2577,0,100,0,0,0,0,0,0,0,0,100,100,0,0,100,100,0,21.052631378173828,100,100,0,100,0,0,0,100,0,0,0,0,80,0,259843.11822509766,110315.5484008789,0,404334895104,8589930496,66029072384,0
199,1727693360005,1548,2499,2569,1920,2567,1798,2099,2824,2043,2499,2499,2499,2499,2000,2499,2499,1934,1728,2820,2819,1990,2818,1901,2500,2100,2509,2000,2499,2500,1880,1290,2577,2.6315789222717285,100,0,12.5,0,0,4.878048419952393,0,2.5,2.5,100,100,2.4390242099761963,2.5,100,100,0,100,100,100,2.5641026496887207,100,2.4390242099761963,0,9.756096839904785,100,0,2.5,2.5,2.5,0,0,259845.95947265625,110325.25854492188,0,404334895104,8589930496,66026520576,0
199,1727693360205,1548,2499,2569,1920,2567,1798,2099,2824,2043,2499,2499,2499,2499,2000,2499,2499,1934,1728,2820,2819,1990,2818,1901,2500,2100,2509,2000,2499,2500,1880,1290,2577,0,100,0,0,0,0,0,0,0,0,100,100,0,0,100,100,0,100,100,100,0,100,0,0,0,100,0,0,0,0,0,0,259848.75518798828,110334.73181152344,0,404334895104,8589930496,66026668032,0
199,1727693360405,1548,2499,2569,1920,2567,1798,2099,2824,2043,2499,2499,2499,2499,2000,2499,2499,1934,1728,2820,2819,1990,2818,1901,2500,2100,2509,2000,2499,2500,1880,1290,2577,0,100,0,0,0,0,0,0,0,0,100,100,0,0,100,100,0,100,100,100,0,100,0,0,0,100,0,0,0,0,0,0,259851.5064086914,110344.21240234375,0,404334895104,8589930496,66026668032,0
199,1727693360606,1548,2499,2569,1920,2567,1798,2099,2824,2043,2499,2499,2499,2499,2000,2499,2499,1934,1728,2820,2819,1990,2818,1901,2500,2100,2509,2000,2499,2500,1880,1290,2577,9.090909004211426,100,0,0,0,0,0,0,0,0,100,100,0,0,100,9.523809432983398,0,100,100,100,0,100,0,0,0,100,0,0,90,0,0,0,259854.26953125,110353.6953125,0,404334895104,8589930496,66026668032,0
199,1727693360806,1548,2499,2569,1920,2567,1798,2099,2824,2043,2499,2499,2499,2499,2000,2499,2499,1934,1728,2820,2819,1990,2818,1901,2500,2100,2509,2000,2499,2500,1880,1290,2577,0,100,0,0,0,0,0,0,0,0,100,100,0,0,100,0,0,100,100,100,0,100,0,0,0,100,0,0,100,0,0,0,259857.1279296875,110363.15600585938,0,404334895104,8589930496,66026397696,0
199,1727693361006,1548,2499,2569,1920,2567,1798,2099,2824,2043,2499,2499,2499,2499,2000,2499,2499,1934,1728,2820,2819,1990,2818,1901,2500,2100,2509,2000,2499,2500,1880,1290,2577,0,100,0,0,0,0,0,0,0,0,100,100,0,0,100,0,0,100,100,100,4.761904716491699,100,0,0,0,100,0,0,100,0,0,0,259859.94482421875,110372.63250732422,0,404334895104,8589930496,66026450944,0
199,1727693361206,1548,2499,2569,1920,2567,1798,2099,2824,2043,2499,2499,2499,2499,2000,2499,2499,1934,1728,2820,2819,1990,2818,1901,2500,2100,2509,2000,2499,2500,1880,1290,2577,0,100,0,0,0,0,0,0,0,0,100,100,0,0,100,0,0,100,100,100,0,100,0,0,0,100,0,0,100,0,0,0,259862.74237060547,110382.10345458984,0,404334895104,8589930496,66026524672,0
199,1727693361406,1548,2499,2569,1920,2567,1798,2099,2824,2043,2499,2499,2499,2499,2000,2499,2499,1934,1728,2820,2819,1990,2818,1901,2500,2100,2509,2000,2499,2500,1880,1290,2577,0,100,0,0,0,0,0,0,0,0,100,100,0,0,100,0,0,100,100,100,0,100,0,0,0,100,0,0,100,0,0,0,259865.5889892578,110391.57244873047,0,404334895104,8589930496,66026524672,0
199,1727693361606,1548,2499,2569,1920,2567,1798,2099,2824,2043,2499,2499,2499,2499,2000,2499,2499,1934,1728,2820,2819,1990,2818,1901,2500,2100,2509,2000,2499,2500,1880,1290,2577,0,100,0,0,0,0,0,0,0,0,100,100,0,0,100,0,0,100,100,100,0,100,0,0,0,100,0,0,100,0,0,0,259868.42767333984,110401.03979492188,0,404334895104,8589930496,66026672128,0
199,1727693361806,1548,2499,2569,1920,2567,1798,2099,2824,2043,2499,2499,2499,2499,2000,2499,2499,1934,1728,2820,2819,1990,2818,1901,2500,2100,2509,2000,2499,2500,1880,1290,2577,0,100,0,0,0,4.761904716491699,0,0,0,0,100,100,0,0,100,0,0,100,100,100,0,100,0,0,0,100,0,0,100,0,0,0,259871.23291015625,110410.51556396484,0,404334895104,8589930496,66026672128,0
199,1727693362006,1548,2499,2569,1920,2567,1798,2099,2824,2043,2499,2499,2499,2499,2000,2499,2499,1934,1728,2820,2819,1990,2818,1901,2500,2100,2509,2000,2499,2500,1880,1290,2577,0,100,0,0,0,0,0,0,0,0,100,100,0,0,100,0,0,100,100,100,0,100,0,0,0,100,0,0,100,0,0,0,259874.09057617188,110419.97467041016,0,404334895104,8589930496,65967362048,0
199,1727693362206,1548,2499,2569,1920,2567,1798,2099,2824,2043,2499,2499,2499,2499,2000,2499,2499,1934,1728,2820,2819,1990,2818,1901,2500,2100,2509,2000,2499,2500,1880,1290,2577,0,100,0,0,0,0,0,0,0,0,100,100,0,0,100,0,0,100,100,100,4.761904716491699,100,0,0,0,100,0,0,100,0,0,0,259876.96954345703,110429.40612792969,0,404334895104,8589930496,66026414080,0
199,1727693362407,1548,2499,2569,1920,2567,1798,2099,2824,2043,2499,2499,2499,2499,2000,2499,2499,1934,1728,2820,2819,1990,2818,1901,2500,2100,2509,2000,2499,2500,1880,1290,2577,0,100,0,0,0,0,0,0,0,0,100,100,0,0,100,0,0,100,25,100,0,100,0,0,0,100,0,0,100,0,0,80,259879.78155517578,110438.86499023438,0,404334895104,8589930496,66026524672,0
199,1727693362607,1548,2499,2569,1920,2567,1798,2099,2824,2043,2499,2499,2499,2499,2000,2499,2499,1934,1728,2820,2819,1990,2818,1901,2500,2100,2509,2000,2499,2500,1880,1290,2577,4.761904716491699,100,0,0,0,0,0,0,0,0,100,100,0,0,100,0,0,100,0,100,0,100,0,0,0,100,0,0,100,0,0,100,259882.6221923828,110448.33215332031,0,404334895104,8589930496,66026524672,0
199,1727693362807,1548,2499,2569,1920,2567,1798,2099,2824,2043,2499,2499,2499,2499,2000,2499,2499,1934,1728,2820,2819,1990,2818,1901,2500,2100,2509,2000,2499,2500,1880,1290,2577,4.761904716491699,100,0,0,0,0,0,0,0,0,100,100,0,0,100,0,0,100,0,100,0,100,0,0,0,100,0,0,100,0,0,100,259885.494140625,110457.7866821289,0,404334895104,8589930496,66026672128,0
199,1727693363007,1548,2499,2569,1920,2567,1798,2099,2824,2043,2499,2499,2499,2499,2000,2499,2499,1934,1728,2820,2819,1990,2818,1901,2500,2100,2509,2000,2499,2500,1880,1290,2577,5,100,0,0,0,0,0,0,0,0,100,100,0,0,100,0,0,100,0,100,0,100,0,0,0,100,0,0,100,0,0,100,259888.3402709961,110467.24633789063,0,404334895104,8589930496,66026672128,0
199,1727693363207,1548,2499,2569,1920,2567,1798,2099,2824,2043,2499,2499,2499,2499,2000,2499,2499,1934,1728,2820,2819,1990,2818,1901,2500,2100,2509,2000,2499,2500,1880,1290,2577,0,100,0,0,0,0,0,0,0,0,100,100,0,0,100,0,0,100,0,100,0,100,0,0,0,100,0,0,100,0,0,100,259891.19165039063,110476.71411132813,0,404334895104,8589930496,66026708992,0
199,1727693363407,1548,2499,2569,1920,2567,1798,2099,2824,2043,2499,2499,2499,2499,2000,2499,2499,1934,1728,2820,2819,1990,2818,1901,2500,2100,2509,2000,2499,2500,1880,1290,2577,4.761904716491699,100,0,0,0,0,0,0,0,0,100,100,0,0,100,0,0,100,0,100,0,100,0,0,0,100,0,0,100,0,0,100,259894.08654785156,110486.10485839844,0,404334895104,8589930496,66026434560,0
199,1727693363607,1548,2499,2569,1920,2567,1798,2099,2824,2043,2499,2499,2499,2499,2000,2499,2499,1934,1728,2820,2819,1990,2818,1901,2500,2100,2509,2000,2499,2500,1880,1290,2577,0,100,0,0,0,0,0,0,0,0,100,100,0,0,100,0,0,100,0,100,0,100,0,0,0,100,0,0,100,0,0,100,259896.90649414063,110495.5629272461,0,404334895104,8589930496,66026487808,0
199,1727693363808,1548,2499,2569,1920,2567,1798,2099,2824,2043,2499,2499,2499,2499,2000,2499,2499,1934,1728,2820,2819,1990,2818,1901,2500,2100,2509,2000,2499,2500,1880,1290,2577,0,100,0,0,0,0,0,0,0,0,100,100,0,0,100,0,0,100,0,100,4.761904716491699,100,0,0,0,100,0,0,100,0,0,100,259899.7371826172,110505.0107421875,0,404334895104,8589930496,66026561536,0
199,1727693364008,1548,2499,2569,1920,2567,1798,2099,2824,2043,2499,2499,2499,2499,2000,2499,2499,1934,1728,2820,2819,1990,2818,1901,2500,2100,2509,2000,2499,2500,1880,1290,2577,0,100,0,0,0,0,0,0,4.761904716491699,0,100,100,0,0,100,0,0,84.21052551269531,0,100,0,100,0,0,0,100,0,0,100,0,15.000000953674316,100,259902.6083984375,110514.46881103516,0,404334895104,8589930496,66026561536,0
199,1727693364208,1548,2499,2569,1920,2567,1798,2099,2824,2043,2499,2499,2499,2499,2000,2499,2499,1934,1728,2820,2819,1990,2818,1901,2500,2100,2509,2000,2499,2500,1880,1290,2577,0,100,0,0,0,0,0,0,0,0,100,100,0,0,100,0,0,0,0,100,0,100,0,0,0,100,0,0,100,0,100,100,259905.44232177734,110523.84338378906,0,404334895104,8589930496,66026708992,0
199,1727693364408,1548,2499,2569,1920,2567,1798,2099,2824,2043,2499,2499,2499,2499,2000,2499,2499,1934,1728,2820,2819,1990,2818,1901,2500,2100,2509,2000,2499,2500,1880,1290,2577,5,100,0,0,0,0,0,0,0,0,100,100,0,0,100,0,0,0,0,100,0,100,0,0,0,100,0,0,100,0,100,100,259908.2485961914,110533.30432128906,0,404334895104,8589930496,66026692608,0
199,1727693364608,1548,2499,2569,1920,2567,1798,2099,2824,2043,2499,2499,2499,2499,2000,2499,2499,1934,1728,2820,2819,1990,2818,1901,2500,2100,2509,2000,2499,2500,1880,1290,2577,0,100,0,0,0,0,0,0,0,0,100,100,0,0,100,0,0,0,0,100,0,100,0,0,0,100,0,0,100,0,100,100,259911.04821777344,110542.76696777344,0,404334895104,8589930496,66026692608,0
199,1727693364808,1548,2499,2569,1920,2567,1798,2099,2824,2043,2499,2499,2499,2499,2000,2499,2499,1934,1728,2820,2819,1990,2818,1901,2500,2100,2509,2000,2499,2500,1880,1290,2577,0,100,0,0,0,0,0,0,0,0,100,100,0,0,100,0,0,0,0,100,0,100,0,0,0,100,0,0,100,0,100,100,259914.00561523438,110552.23486328125,0,404334895104,8589930496,66026434560,0
199,1727693365008,1548,2499,2569,1920,2567,1798,2099,2824,2043,2499,2499,2499,2499,2000,2499,2499,1934,1728,2820,2819,1990,2818,1901,2500,2100,2509,2000,2499,2500,1880,1290,2577,5,100,0,0,4.761904716491699,15.000000953674316,0,0,4.761904716491699,0,100,100,0,5,100,5,5,4.761904716491699,0,100,5.263157844543457,100,5,5,0,100,9.523809432983398,0,100,9.523809432983398,100,100,259916.8829345703,110561.85974121094,0,404334895104,8589930496,66026549248,0
199,1727693365208,1548,2499,2569,1920,2567,1798,2099,2824,2043,2499,2499,2499,2499,2000,2499,2499,1934,1728,2820,2819,1990,2818,1901,2500,2100,2509,2000,2499,2500,1880,1290,2577,5,100,0,0,4.761904716491699,15.000000953674316,0,0,4.761904716491699,0,100,100,0,5,100,5,5,4.761904716491699,0,100,5.263157844543457,100,5,5,0,100,9.523809432983398,0,100,9.523809432983398,100,100,259919.74633789063,110571.26501464844,0,404334895104,8589930496,66026622976,0
199,1727693365409,1548,2499,2569,1920,2567,1798,2099,2824,2043,2499,2499,2499,2499,2000,2499,2499,1934,1728,2820,2819,1990,2818,1901,2500,2100,2509,2000,2499,2500,1880,1290,2577,2.4390242099761963,100,0,0,0,0,0,0,0,0,100,100,0,0,100,0,0,0,0,100,0,100,0,0,0,100,0,0,100,0,100,100,259922.59375,110580.71099853516,0,404334895104,8589930496,66026774528,0
199,1727693365609,1548,2499,2569,1920,2567,1798,2099,2824,2043,2499,2499,2499,2499,2000,2499,2499,1934,1728,2820,2819,1990,2818,1901,2500,2100,2509,2000,2499,2500,1880,1290,2577,0,100,0,0,0,0,0,0,0,0,100,100,0,0,100,0,0,0,0,100,0,100,0,0,0,100,0,0,100,0,100,100,259925.42266845703,110590.1537475586,0,404334895104,8589930496,66026774528,0
199,1727693365809,1548,2499,2569,1920,2567,1798,2099,2824,2043,2499,2499,2499,2499,2000,2499,2499,1934,1728,2820,2819,1990,2818,1901,2500,2100,2509,2000,2499,2500,1880,1290,2577,0,100,0,0,0,0,0,0,0,0,100,100,0,0,100,0,0,0,20,100,0,100,0,0,0,100,0,0,100,0,100,80,259928.23138427734,110599.591796875,0,404334895104,8589930496,66026774528,0
199,1727693366009,1548,2499,2569,1920,2567,1798,2099,2824,2043,2499,2499,2499,2499,2000,2499,2499,1934,1728,2820,2819,1990,2818,1901,2500,2100,2509,2000,2499,2500,1880,1290,2577,0,100,0,0,0,0,0,0,0,0,100,100,0,0,100,0,0,0,100,100,0,100,0,0,0,100,0,0,100,0,100,0,259931.14501953125,110608.9896850586,0,404334895104,8589930496,66026500096,0
199,1727693366209,1548,2499,2569,1920,2567,1798,2099,2824,2043,2499,2499,2499,2499,2000,2499,2499,1934,1728,2820,2819,1990,2818,1901,2500,2100,2509,2000,2499,2500,1880,1290,2577,0,100,0,0,0,0,0,0,0,0,100,100,0,0,100,0,0,0,100,100,0,100,0,0,0,100,4.761904716491699,0,100,0,100,0,259933.95330810547,110618.43139648438,0,404334895104,8589930496,66026553344,0
199,1727693366409,1548,2499,2569,1920,2567,1798,2099,2824,2043,2499,2499,2499,2499,2000,2499,2499,1934,1728,2820,2819,1990,2818,1901,2500,2100,2509,2000,2499,2500,1880,1290,2577,4.761904716491699,100,0,0,0,0,0,0,0,0,100,100,0,0,100,0,0,0,100,100,0,100,0,0,0,100,0,0,100,0,100,0,259936.7607421875,110627.87274169922,0,404334895104,8589930496,66026627072,0
199,1727693366609,1548,2499,2569,1920,2567,1798,2099,2824,2043,2499,2499,2499,2499,2000,2499,2499,1934,1728,2820,2819,1990,2818,1901,2500,2100,2509,2000,2499,2500,1880,1290,2577,4.761904716491699,100,0,0,0,0,0,0,0,0,100,100,0,0,100,0,0,0,100,100,0,100,0,0,0,100,0,0,100,0,100,0,259939.5535888672,110637.3071899414,0,404334895104,8589930496,66026627072,0
199,1727693366809,1548,2499,2569,1920,2567,1798,2099,2824,2043,2499,2499,2499,2499,2000,2499,2499,1934,1728,2820,2819,1990,2818,1901,2500,2100,2509,2000,2499,2500,1880,1290,2577,0,100,0,0,0,0,0,0,0,0,100,100,0,0,100,0,0,0,100,100,0,100,0,0,0,100,0,0,100,0,100,0,259942.36486816406,110646.74743652344,0,404334895104,8589930496,66026774528,0
199,1727693367009,1548,2499,2569,1920,2567,1798,2099,2824,2043,2499,2499,2499,2499,2000,2499,2499,1934,1728,2820,2819,1990,2818,1901,2500,2100,2509,2000,2499,2500,1880,1290,2577,4.761904716491699,100,0,0,0,0,0,0,0,0,100,100,0,0,100,0,0,0,100,100,0,100,0,0,0,100,0,0,100,0,100,0,259945.16381835938,110656.17846679688,0,404334895104,8589930496,66026774528,0
199,1727693367210,1548,2499,2569,1920,2567,1798,2099,2824,2043,2499,2499,2499,2499,2000,2499,2499,1934,1728,2820,2819,1990,2818,1901,2500,2100,2509,2000,2499,2500,1880,1290,2577,0,100,0,0,0,0,0,0,0,0,100,100,0,0,100,0,0,0,100,100,0,100,0,0,0,100,0,0,100,0,100,0,259947.96478271484,110665.6142578125,0,404334895104,8589930496,66026774528,0
199,1727693367410,1548,2499,2569,1920,2567,1798,2099,2824,2043,2499,2499,2499,2499,2000,2499,2499,1934,1728,2820,2819,1990,2818,1901,2500,2100,2509,2000,2499,2500,1880,1290,2577,4.761904716491699,100,0,0,0,0,0,0,0,0,100,100,0,0,100,0,4.761904716491699,0,100,100,0,100,0,0,0,100,0,0,100,0,100,0,259950.84295654297,110674.99499511719,0,404334895104,8589930496,66026516480,0
199,1727693367610,1548,2499,2569,1920,2567,1798,2099,2824,2043,2499,2499,2499,2499,2000,2499,2499,1934,1728,2820,2819,1990,2818,1901,2500,2100,2509,2000,2499,2500,1880,1290,2577,0,100,0,0,0,0,0,0,0,0,100,100,0,0,100,0,0,73.68421173095703,100,100,0,100,0,0,0,100,0,0,100,0,30.000001907348633,0,259953.6060180664,110684.42797851563,0,404334895104,8589930496,66026553344,0
199,1727693367810,1548,2499,2569,1920,2567,1798,2099,2824,2043,2499,2499,2499,2499,2000,2499,2499,1934,1728,2820,2819,1990,2818,1901,2500,2100,2509,2000,2499,2500,1880,1290,2577,4.761904716491699,100,0,0,0,0,0,0,0,0,100,100,0,0,100,0,0,100,100,100,0,100,0,0,0,100,4.761904716491699,0,100,0,0,0,259956.34075927734,110693.86486816406,0,404334895104,8589930496,66026631168,0
199,1727693368010,1548,2499,2569,1920,2567,1798,2099,2824,2043,2499,2499,2499,2499,2000,2499,2499,1934,1728,2820,2819,1990,2818,1901,2500,2100,2509,2000,2499,2500,1880,1290,2577,0,100,4.761904716491699,0,4.761904716491699,0,0,0,0,0,100,100,0,5,100,0,4.761904716491699,85,100,100,4.761904716491699,100,0,0,0,100,0,4.761904716491699,100,0,15.000000953674316,0,259959.11767578125,110703.32983398438,0,404334895104,8589930496,66026635264,0
199,1727693368210,1548,2499,2569,1920,2567,1798,2099,2824,2043,2499,2499,2499,2499,2000,2499,2499,1934,1728,2820,2819,1990,2818,1901,2500,2100,2509,2000,2499,2500,1880,1290,2577,0,100,4.761904716491699,0,4.761904716491699,0,0,0,0,0,100,100,0,5,100,0,4.761904716491699,85,100,100,4.761904716491699,100,0,0,0,100,0,4.761904716491699,100,0,15.000000953674316,0,259961.8836669922,110712.7172241211,0,404334895104,8589930496,66026782720,0
199,1727693368410,1548,2499,2569,1920,2567,1798,2099,2824,2043,2499,2499,2499,2499,2000,2499,2499,1934,1728,2820,2819,1990,2818,1901,2500,2100,2509,2000,2499,2500,1880,1290,2577,0,100,0,0,0,0,0,0,0,0,56.41025924682617,100,43.589744567871094,0,100,0,2.4390242099761963,0,100,100,0,100,0,0,0,100,0,0,100,2.4390242099761963,100,0,259964.7049560547,110722.16748046875,0,404334895104,8589930496,66026782720,0
199,1727693368610,1548,2499,2569,1920,2567,1798,2099,2824,2043,2499,2499,2499,2499,2000,2499,2499,1934,1728,2820,2819,1990,2818,1901,2500,2100,2509,2000,2499,2500,1880,1290,2577,0,100,0,0,0,0,0,0,0,0,0,100,100,0,100,0,0,0,100,100,0,100,0,0,0,100,0,0,100,0,100,0,259967.47430419922,110731.57586669922,0,404334895104,8589930496,65973829632,0
199,1727693368811,1548,2499,2569,1920,2567,1798,2099,2824,2043,2499,2499,2499,2499,2000,2499,2499,1934,1728,2820,2819,1990,2818,1901,2500,2100,2509,2000,2499,2500,1880,1290,2577,0,100,0,0,0,0,0,0,0,0,0,100,100,0,100,0,0,0,100,100,0,100,0,0,0,100,0,0,100,0,100,0,259970.2964477539,110740.95391845703,0,404334895104,8589930496,66026528768,0
199,1727693369011,1548,2499,2569,1920,2567,1798,2099,2824,2043,2499,2499,2499,2499,2000,2499,2499,1934,1728,2820,2819,1990,2818,1901,2500,2100,2509,2000,2499,2500,1880,1290,2577,0,100,0,0,0,0,0,0,0,0,0,100,100,0,100,0,0,0,100,100,0,100,0,0,0,100,0,0,100,0,100,0,259973.11114501953,110750.29791259766,0,404334895104,8589930496,66026639360,0
199,1727693369211,1548,2499,2569,1920,2567,1798,2099,2824,2043,2499,2499,2499,2499,2000,2499,2499,1934,1728,2820,2819,1990,2818,1901,2500,2100,2509,2000,2499,2500,1880,1290,2577,2.4390242099761963,100,0,0,0,0,0,0,0,0,0,100,100,0,100,0,0,0,100,100,0,100,0,0,0,100,0,0,100,2.4390242099761963,100,0,259975.8851928711,110759.66711425781,0,404334895104,8589930496,66026639360,0
199,1727693369411,1548,2499,2569,1920,2567,1798,2099,2824,2043,2499,2499,2499,2499,2000,2499,2499,1934,1728,2820,2819,1990,2818,1901,2500,2100,2509,2000,2499,2500,1880,1290,2577,0,100,0,0,0,0,0,0,0,0,0,100,100,0,100,0,0,0,100,100,0,100,0,0,0,100,0,0,100,0,100,0,259978.65173339844,110769.04949951172,0,404334895104,8589930496,66026770432,0
199,1727693369611,1548,2499,2569,1920,2567,1798,2099,2824,2043,2499,2499,2499,2499,2000,2499,2499,1934,1728,2820,2819,1990,2818,1901,2500,2100,2509,2000,2499,2500,1880,1290,2577,4.761904716491699,100,0,0,0,0,0,0,0,0,0,100,100,0,100,0,0,0,100,100,0,100,4.761904716491699,0,0,100,0,0,100,5,100,0,259981.40454101563,110778.46520996094,0,404334895104,8589930496,66026770432,0
199,1727693369811,1548,2499,2569,1920,2567,1798,2099,2824,2043,2499,2499,2499,2499,2000,2499,2499,1934,1728,2820,2819,1990,2818,1901,2500,2100,2509,2000,2499,2500,1880,1290,2577,0,100,0,0,0,0,0,0,0,0,0,100,100,0,100,0,0,0,100,100,0,100,0,0,0,100,0,0,100,0,100,0,259984.15631103516,110787.85369873047,0,404334895104,8589930496,66026770432,0
199,1727693370011,1548,2499,2569,1920,2567,1798,2099,2824,2043,2499,2499,2499,2499,2000,2499,2499,1934,1728,2820,2819,1990,2818,1901,2500,2100,2509,2000,2499,2500,1880,1290,2577,20,100,0,0,0,5,10,20,0,5,0,100,100,0,100,0,0,0,100,100,5.263157844543457,100,5,0,0,100,14.285715103149414,0,100,5,100,0,259987.06103515625,110797.45904541016,0,404334895104,8589930496,66026635264,0
199,1727693370211,1548,2499,2569,1920,2567,1798,2099,2824,2043,2499,2499,2499,2499,2000,2499,2499,1934,1728,2820,2819,1990,2818,1901,2500,2100,2509,2000,2499,2500,1880,1290,2577,20,100,0,0,0,5,10,20,0,5,0,100,100,0,100,0,0,0,100,100,5.263157844543457,100,5,0,0,100,14.285715103149414,0,100,5,100,0,259989.8272705078,110806.88348388672,0,404334895104,8589930496,66026688512,0
199,1727693370412,1548,2499,2569,1920,2567,1798,2099,2824,2043,2499,2499,2499,2499,2000,2499,2499,1934,1728,2820,2819,1990,2818,1901,2500,2100,2509,2000,2499,2500,1880,1290,2577,0,100,0,0,0,0,0,0,0,0,0,100,100,0,100,0,0,0,100,100,0,100,0,0,0,100,0,0,100,2.5,100,0,259992.609375,110816.29479980469,0,404334895104,8589930496,66026762240,0
199,1727693370612,1548,2499,2569,1920,2567,1798,2099,2824,2043,2499,2499,2499,2499,2000,2499,2499,1934,1728,2820,2819,1990,2818,1901,2500,2100,2509,2000,2499,2500,1880,1290,2577,0,100,0,0,0,0,0,0,0,0,0,100,100,0,100,0,0,0,100,100,0,100,0,0,0,100,0,0,100,0,100,0,259995.41162109375,110825.66912841797,0,404334895104,8589930496,66026762240,0
199,1727693370812,1548,2499,2569,1920,2567,1798,2099,2824,2043,2499,2499,2499,2499,2000,2499,2499,1934,1728,2820,2819,1990,2818,1901,2500,2100,2509,2000,2499,2500,1880,1290,2577,0,100,0,0,0,0,0,0,0,0,0,100,100,0,100,0,0,0,100,100,0,100,0,0,0,100,0,0,100,0,100,0,259998.17156982422,110835.0595703125,0,404334895104,8589930496,66026909696,0
199,1727693371012,1548,2499,2569,1920,2567,1798,2099,2824,2043,2499,2499,2499,2499,2000,2499,2499,1934,1728,2820,2819,1990,2818,1901,2500,2100,2509,2000,2499,2500,1880,1290,2577,0,100,0,0,0,0,4.761904716491699,0,0,0,0,100,100,0,100,0,0,0,100,100,0,100,0,0,0,100,0,4.761904716491699,100,0,100,0,260000.95178222656,110844.45654296875,0,404334895104,8589930496,66026909696,0
199,1727693371212,1548,2499,2569,1920,2567,1798,2099,2824,2043,2499,2499,2499,2499,2000,2499,2499,1934,1728,2820,2819,1990,2818,1901,2500,2100,2509,2000,2499,2500,1880,1290,2577,0,100,0,0,0,4.761904716491699,0,0,0,0,0,100,100,0,100,0,0,0,100,100,0,100,0,0,0,100,0,0,100,0,100,0,260003.7423095703,110853.86352539063,0,404334895104,8589930496,66026909696,0
199,1727693371412,1548,2499,2569,1920,2567,1798,2099,2824,2043,2499,2499,2499,2499,2000,2499,2499,1934,1728,2820,2819,1990,2818,1901,2500,2100,2509,2000,2499,2500,1880,1290,2577,0,100,0,0,0,0,0,0,0,0,0,100,100,0,100,0,0,0,100,100,0,100,0,0,0,100,0,0,100,0,100,0,260006.60668945313,110863.22106933594,0,404334895104,8589930496,66026651648,0
199,1727693371612,1548,2499,2569,1920,2567,1798,2099,2824,2043,2499,2499,2499,2499,2000,2499,2499,1934,1728,2820,2819,1990,2818,1901,2500,2100,2509,2000,2499,2500,1880,1290,2577,4.761904716491699,100,0,0,0,0,0,0,0,0,0,100,100,0,100,0,0,0,100,100,0,100,0,0,0,100,0,0,100,0,100,0,260009.37615966797,110872.62683105469,0,404334895104,8589930496,66026688512,0
199,1727693371812,1548,2499,2569,1920,2567,1798,2099,2824,2043,2499,2499,2499,2499,2000,2499,2499,1934,1728,2820,2819,1990,2818,1901,2500,2100,2509,2000,2499,2500,1880,1290,2577,0,100,0,0,0,0,0,0,0,0,0,100,100,0,100,0,0,0,100,100,0,100,0,0,0,100,0,0,100,0,100,0,260012.1640625,110881.99279785156,0,404334895104,8589930496,66026762240,0
199,1727693372012,1548,2499,2569,1920,2567,1798,2099,2824,2043,2499,2499,2499,2499,2000,2499,2499,1934,1728,2820,2819,1990,2818,1901,2500,2100,2509,2000,2499,2500,1880,1290,2577,0,100,0,0,0,0,0,0,0,0,0,100,100,0,100,0,0,0,100,100,0,100,0,0,0,100,0,0,100,0,100,0,260014.919921875,110891.37408447266,0,404334895104,8589930496,66026909696,0
199,1727693372213,1548,2499,2569,1920,2567,1798,2099,2824,2043,2499,2499,2499,2499,2000,2499,2499,1934,1728,2820,2819,1990,2818,1901,2500,2100,2509,2000,2499,2500,1880,1290,2577,0,100,0,0,0,0,0,0,0,0,0,100,100,0,100,0,0,0,100,100,0,100,0,0,0,100,0,0,100,0,100,0,260017.7196044922,110900.78479003906,0,404334895104,8589930496,66026909696,0
199,1727693372413,1548,2499,2569,1920,2567,1798,2099,2824,2043,2499,2499,2499,2499,2000,2499,2499,1934,1728,2820,2819,1990,2818,1901,2500,2100,2509,2000,2499,2500,1880,1290,2577,0,100,0,0,0,0,0,0,0,0,0,100,100,0,100,0,0,0,100,100,0,100,0,0,0,100,0,0,100,0,100,0,260020.51416015625,110910.21209716797,0,404334895104,8589930496,66026913792,0
199,1727693372613,1548,2499,2569,1920,2567,1798,2099,2824,2043,2499,2499,2499,2499,2000,2499,2499,1934,1728,2820,2819,1990,2818,1901,2500,2100,2509,2000,2499,2500,1880,1290,2577,0,100,0,0,0,0,0,0,0,0,0,100,100,0,100,0,0,0,100,100,0,100,0,0,0,100,0,0,100,0,100,0,260023.41412353516,110919.59582519531,0,404334895104,8589930496,66026639360,0
199,1727693372813,1548,2499,2569,1920,2567,1798,2099,2824,2043,2499,2499,2499,2499,2000,2499,2499,1934,1728,2820,2819,1990,2818,1901,2500,2100,2509,2000,2499,2500,1880,1290,2577,4.761904716491699,100,0,0,0,0,0,0,0,0,0,100,100,0,100,0,0,0,100,100,0,100,0,0,0,100,0,0,100,0,100,0,260026.23596191406,110929.0205078125,0,404334895104,8589930496,66026692608,0
199,1727693373013,1548,2499,2569,1920,2567,1798,2099,2824,2043,2499,2499,2499,2499,2000,2499,2499,1934,1728,2820,2819,1990,2818,1901,2500,2100,2509,2000,2499,2500,1880,1290,2577,0,100,0,0,0,0,0,0,0,0,0,100,100,0,100,0,0,0,100,100,0,100,0,0,0,100,0,0,100,0,100,0,260029.05151367188,110938.4457397461,0,404334895104,8589930496,66026766336,0
199,1727693373213,1548,2499,2569,1920,2567,1798,2099,2824,2043,2499,2499,2499,2499,2000,2499,2499,1934,1728,2820,2819,1990,2818,1901,2500,2100,2509,2000,2499,2500,1880,1290,2577,0,100,0,0,0,0,0,0,0,0,0,100,100,0,100,0,0,0,100,100,0,100,0,0,0,100,0,0,100,0,100,0,260031.82745361328,110947.8447265625,0,404334895104,8589930496,66026766336,0
199,1727693373413,1548,2499,2569,1920,2567,1798,2099,2824,2043,2499,2499,2499,2499,2000,2499,2499,1934,1728,2820,2819,1990,2818,1901,2500,2100,2509,2000,2499,2500,1880,1290,2577,0,100,0,0,0,0,0,2.4390242099761963,0,0,0,100,100,0,100,0,0,0,100,100,0,100,0,0,0,100,0,0,100,0,100,0,260034.60675048828,110957.34948730469,0,404334895104,8589930496,66026913792,0
199,1727693373613,1548,2499,2569,1920,2567,1798,2099,2824,2043,2499,2499,2499,2499,2000,2499,2499,1934,1728,2820,2819,1990,2818,1901,2500,2100,2509,2000,2499,2500,1880,1290,2577,0,100,0,0,0,0,0,0,0,0,0,100,100,0,100,0,0,0,100,100,0,100,0,0,0,100,0,0,100,0,100,0,260037.35668945313,110966.75622558594,0,404334895104,8589930496,66026913792,0
199,1727693373814,1548,2499,2569,1920,2567,1798,2099,2824,2043,2499,2499,2499,2499,2000,2499,2499,1934,1728,2820,2819,1990,2818,1901,2500,2100,2509,2000,2499,2500,1880,1290,2577,0,100,0,0,0,0,0,0,0,0,0,100,100,0,100,0,0,0,100,100,0,100,0,0,0,100,0,0,100,0,100,0,260040.15032958984,110976.24621582031,0,404334895104,8589930496,66026913792,0
199,1727693374014,1548,2499,2569,1920,2567,1798,2099,2824,2043,2499,2499,2499,2499,2000,2499,2499,1934,1728,2820,2819,1990,2818,1901,2500,2100,2509,2000,2499,2500,1880,1290,2577,0,100,0,0,0,0,0,0,0,0,0,100,100,0,100,0,0,0,100,100,0,100,0,0,0,100,0,0,100,0,100,0,260042.98272705078,110985.59582519531,0,404334895104,8589930496,66026655744,0
199,1727693374214,1548,2499,2569,1920,2567,1798,2099,2824,2043,2499,2499,2499,2499,2000,2499,2499,1934,1728,2820,2819,1990,2818,1901,2500,2100,2509,2000,2499,2500,1880,1290,2577,0,100,0,0,0,0,0,0,0,0,0,100,100,0,100,0,0,0,100,100,0,100,0,0,0,100,0,0,100,0,100,0,260045.7359008789,110995.01867675781,0,404334895104,8589930496,66026692608,0
199,1727693374414,1548,2499,2569,1920,2567,1798,2099,2824,2043,2499,2499,2499,2499,2000,2499,2499,1934,1728,2820,2819,1990,2818,1901,2500,2100,2509,2000,2499,2500,1880,1290,2577,0,100,0,0,0,0,0,0,4.761904716491699,0,0,100,100,0,100,0,0,0,100,100,0,100,0,0,0,100,4.761904716491699,0,100,0,100,0,260048.5203857422,111004.40185546875,0,404334895104,8589930496,66026754048,0
199,1727693374614,1548,2499,2569,1920,2567,1798,2099,2824,2043,2499,2499,2499,2499,2000,2499,2499,1934,1728,2820,2819,1990,2818,1901,2500,2100,2509,2000,2499,2500,1880,1290,2577,0,100,0,0,0,4.761904716491699,0,0,0,0,0,100,100,0,100,0,0,0,100,100,0,100,0,0,0,100,0,0,100,0,100,0,260051.30249023438,111013.83532714844,0,404334895104,8589930496,66026905600,0
199,1727693374814,1548,2499,2569,1920,2567,1798,2099,2824,2043,2499,2499,2499,2499,2000,2499,2499,1934,1728,2820,2819,1990,2818,1901,2500,2100,2509,2000,2499,2500,1880,1290,2577,0,100,0,0,0,0,0,0,0,0,0,100,100,0,100,0,0,0,100,100,0,100,0,0,0,100,0,0,100,0,100,0,260054.08349609375,111023.26843261719,0,404334895104,8589930496,66026905600,0
199,1727693375014,1548,2499,2569,1920,2567,1798,2099,2824,2043,2499,2499,2499,2499,2000,2499,2499,1934,1728,2820,2819,1990,2818,1901,2500,2100,2509,2000,2499,2500,1880,1290,2577,0,100,0,0,0,0,0,0,0,0,0,100,100,0,100,0,0,0,100,100,0,100,0,0,0,100,0,0,100,0,100,0,260056.87615966797,111032.76483154297,0,404334895104,8589930496,66026827776,0
199,1727693375214,1548,2499,2569,1920,2567,1798,2099,2824,2043,2499,2499,2499,2499,2000,2499,2499,1934,1728,2820,2819,1990,2818,1901,2500,2100,2509,2000,2499,2500,1880,1290,2577,2.5,97.56097412109375,0,0,0,5,0,0,52.499996185302734,0,0,100,100,0,100,0,0,0,100,100,5,100,2.4390242099761963,0,4.878048419952393,100,2.5,0,100,2.5641026496887207,48.780487060546875,2.4390242099761963,260059.6541748047,111042.84191894531,0,404334895104,8589930496,65987289088,0
199,1727693375414,1548,2499,2569,1920,2567,1798,2099,2824,2043,2499,2499,2499,2499,2000,2499,2499,1934,1728,2820,2819,1990,2818,1901,2500,2100,2509,2000,2499,2500,1880,1290,2577,2.5,97.56097412109375,0,0,0,5,0,0,52.499996185302734,0,0,100,100,0,100,0,0,0,100,100,5,100,2.4390242099761963,0,4.878048419952393,100,2.5,0,100,2.5641026496887207,48.780487060546875,2.4390242099761963,260062.51513671875,111052.46466064453,0,404334895104,8589930496,66026606592,0
199,1727693375615,1548,2499,2569,1920,2567,1798,2099,2824,2043,2499,2499,2499,2499,2000,2499,2499,1934,1728,2820,2819,1990,2818,1901,2500,2100,2509,2000,2499,2500,1880,1290,2577,0,0,0,0,0,0,0,0,100,100,0,100,15.000000953674316,0,100,0,0,0,100,100,0,100,0,0,0,100,0,0,100,2.4390242099761963,85,0,260065.30389404297,111061.8803100586,0,404334895104,8589930496,66026680320,0
199,1727693375815,1548,2499,2569,1920,2567,1798,2099,2824,2043,2499,2499,2499,2499,2000,2499,2499,1934,1728,2820,2819,1990,2818,1901,2500,2100,2509,2000,2499,2500,1880,1290,2577,0,0,0,0,0,0,5,0,100,100,0,100,0,0,23.809524536132813,0,0,0,100,100,0,100,5,0,0,100,0,76.19047546386719,100,0,100,0,260068.0762939453,111071.30828857422,0,404334895104,8589930496,66026713088,0
199,1727693376015,1548,2499,2569,1920,2567,1798,2099,2824,2043,2499,2499,2499,2499,2000,2499,2499,1934,1728,2820,2819,1990,2818,1901,2500,2100,2509,2000,2499,2500,1880,1290,2577,0,0,0,0,0,0,0,0,100,100,0,100,0,0,0,0,0,0,100,100,0,100,0,0,0,100,0,100,100,4.761904716491699,100,0,260070.85235595703,111080.74676513672,0,404334895104,8589930496,66026860544,0
199,1727693376215,1548,2499,2569,1920,2567,1798,2099,2824,2043,2499,2499,2499,2499,2000,2499,2499,1934,1728,2820,2819,1990,2818,1901,2500,2100,2509,2000,2499,2500,1880,1290,2577,0,0,0,0,0,0,0,0,100,100,0,100,0,0,0,0,0,0,100,100,0,100,0,0,0,100,0,100,100,4.761904716491699,100,0,260073.65692138672,111090.197265625,0,404334895104,8589930496,66026860544,0
199,1727693376415,1548,2499,2569,1920,2567,1798,2099,2824,2043,2499,2499,2499,2499,2000,2499,2499,1934,1728,2820,2819,1990,2818,1901,2500,2100,2509,2000,2499,2500,1880,1290,2577,0,0,0,0,0,0,0,0,100,100,0,100,0,0,0,0,0,0,100,100,0,100,0,0,0,100,0,100,100,0,100,0,260076.4468383789,111099.64721679688,0,404334895104,8589930496,66026860544,0
199,1727693376615,1548,2499,2569,1920,2567,1798,2099,2824,2043,2499,2499,2499,2499,2000,2499,2499,1934,1728,2820,2819,1990,2818,1901,2500,2100,2509,2000,2499,2500,1880,1290,2577,0,0,0,0,0,0,0,0,100,100,0,100,0,0,0,0,0,0,100,100,0,100,0,0,0,100,0,100,100,4.761904716491699,100,0,260079.32403564453,111109.03094482422,0,404334895104,8589930496,66026586112,0
199,1727693376815,1548,2499,2569,1920,2567,1798,2099,2824,2043,2499,2499,2499,2499,2000,2499,2499,1934,1728,2820,2819,1990,2818,1901,2500,2100,2509,2000,2499,2500,1880,1290,2577,0,0,0,0,0,0,0,0,100,100,0,100,0,0,0,0,0,0,100,100,0,100,0,0,0,100,0,100,100,0,100,0,260082.12548828125,111118.45904541016,0,404334895104,8589930496,66026643456,0
199,1727693377015,1548,2499,2569,1920,2567,1798,2099,2824,2043,2499,2499,2499,2499,2000,2499,2499,1934,1728,2820,2819,1990,2818,1901,2500,2100,2509,2000,2499,2500,1880,1290,2577,4.761904716491699,0,0,0,0,0,0,0,100,100,0,100,0,0,0,0,0,0,100,100,0,100,0,0,0,100,0,100,100,4.761904716491699,100,0,260084.93536376953,111127.86450195313,0,404334895104,8589930496,66026717184,0
199,1727693377216,1548,2499,2569,1920,2567,1798,2099,2824,2043,2499,2499,2499,2499,2000,2499,2499,1934,1728,2820,2819,1990,2818,1901,2500,2100,2509,2000,2499,2500,1880,1290,2577,0,0,0,0,0,0,0,0,100,100,0,100,0,0,0,0,0,0,100,100,0,100,0,0,0,100,0,100,100,0,100,0,260087.71466064453,111137.27752685547,0,404334895104,8589930496,66026717184,0
199,1727693377416,1548,2499,2569,1920,2567,1798,2099,2824,2043,2499,2499,2499,2499,2000,2499,2499,1934,1728,2820,2819,1990,2818,1901,2500,2100,2509,2000,2499,2500,1880,1290,2577,0,0,0,0,0,0,0,0,100,100,0,100,0,0,0,0,0,0,100,100,0,100,0,0,0,100,0,100,100,0,100,0,260090.5174560547,111146.7060546875,0,404334895104,8589930496,66026864640,0
199,1727693377616,1548,2499,2569,1920,2567,1798,2099,2824,2043,2499,2499,2499,2499,2000,2499,2499,1934,1728,2820,2819,1990,2818,1901,2500,2100,2509,2000,2499,2500,1880,1290,2577,0,0,0,0,0,0,0,0,100,100,0,100,0,0,0,0,4.761904716491699,0,100,100,0,100,0,0,0,100,0,100,100,0,100,0,260093.33374023438,111156.14123535156,0,404334895104,8589930496,66026864640,0
199,1727693377816,1548,2499,2569,1920,2567,1798,2099,2824,2043,2499,2499,2499,2499,2000,2499,2499,1934,1728,2820,2819,1990,2818,1901,2500,2100,2509,2000,2499,2500,1880,1290,2577,4.761904716491699,0,0,0,0,0,0,0,100,100,0,100,0,0,0,0,0,0,100,100,0,100,0,0,0,100,0,100,100,0,100,0,260096.1484375,111165.52166748047,0,404334895104,8589930496,65951223808,0
199,1727693378016,1548,2499,2569,1920,2567,1798,2099,2824,2043,2499,2499,2499,2499,2000,2499,2499,1934,1728,2820,2819,1990,2818,1901,2500,2100,2509,2000,2499,2500,1880,1290,2577,0,0,0,0,0,0,0,4.761904716491699,100,100,0,100,0,4.761904716491699,0,0,0,0,100,100,0,100,0,0,0,100,0,100,100,0,100,0,260099.03680419922,111174.96282958984,0,404334895104,8589930496,66026606592,0
199,1727693378216,1548,2499,2569,1920,2567,1798,2099,2824,2043,2499,2499,2499,2499,2000,2499,2499,1934,1728,2820,2819,1990,2818,1901,2500,2100,2509,2000,2499,2500,1880,1290,2577,0,0,0,0,0,0,0,4.761904716491699,100,100,0,100,0,4.761904716491699,0,0,0,0,100,100,0,100,0,0,0,100,0,100,100,0,100,0,260101.83813476563,111184.32537841797,0,404334895104,8589930496,66026717184,0
199,1727693378416,1548,2499,2569,1920,2567,1798,2099,2824,2043,2499,2499,2499,2499,2000,2499,2499,1934,1728,2820,2819,1990,2818,1901,2500,2100,2509,2000,2499,2500,1880,1290,2577,0,0,0,0,0,0,0,0,100,100,0,100,0,0,0,0,0,0,100,100,2.4390242099761963,100,0,0,0,100,0,100,100,0,100,0,260104.63262939453,111193.75177001953,0,404334895104,8589930496,66026270720,0
199,1727693378616,1548,2499,2569,1920,2567,1798,2099,2824,2043,2499,2499,2499,2499,2000,2499,2499,1934,1728,2820,2819,1990,2818,1901,2500,2100,2509,2000,2499,2500,1880,1290,2577,0,0,0,0,0,0,0,0,100,100,0,100,0,0,0,0,0,0,100,100,0,100,0,0,0,100,0,100,100,0,100,0,260107.46356201172,111203.1841430664,0,404334895104,8589930496,66026418176,0
199,1727693378817,1548,2499,2569,1920,2567,1798,2099,2824,2043,2499,2499,2499,2499,2000,2499,2499,1934,1728,2820,2819,1990,2818,1901,2500,2100,2509,2000,2499,2500,1880,1290,2577,0,0,0,0,0,0,0,0,100,100,0,100,0,0,0,0,0,0,100,100,0,100,0,0,0,100,0,100,100,0,100,0,260110.22674560547,111212.5786743164,0,404334895104,8589930496,66026418176,0
199,1727693379017,1548,2499,2569,1920,2567,1798,2099,2824,2043,2499,2499,2499,2499,2000,2499,2499,1934,1728,2820,2819,1990,2818,1901,2500,2100,2509,2000,2499,2500,1880,1290,2577,0,0,0,0,0,0,0,0,100,100,0,100,0,0,0,0,0,0,100,100,0,100,0,0,0,100,0,100,100,0,100,0,260113.03118896484,111222.01110839844,0,404334895104,8589930496,66026418176,0
199,1727693379217,1548,2499,2569,1920,2567,1798,2099,2824,2043,2499,2499,2499,2499,2000,2499,2499,1934,1728,2820,2819,1990,2818,1901,2500,2100,2509,2000,2499,2500,1880,1290,2577,0,0,0,0,0,0,0,0,100,100,0,100,0,0,0,0,0,0,100,100,0,100,0,0,0,100,0,100,100,0,100,0,260115.88940429688,111231.38024902344,0,404334895104,8589930496,66026147840,0
199,1727693379417,1548,2499,2569,1920,2567,1798,2099,2824,2043,2499,2499,2499,2499,2000,2499,2499,1934,1728,2820,2819,1990,2818,1901,2500,2100,2509,2000,2499,2500,1880,1290,2577,0,0,0,0,0,0,4.761904716491699,0,100,100,0,100,0,0,0,0,0,0,100,100,0,100,0,0,0,100,4.761904716491699,100,100,0,100,0,260118.66326904297,111240.8056640625,0,404334895104,8589930496,66026188800,0
199,1727693379617,1548,2499,2569,1920,2567,1798,2099,2824,2043,2499,2499,2499,2499,2000,2499,2499,1934,1728,2820,2819,1990,2818,1901,2500,2100,2509,2000,2499,2500,1880,1290,2577,0,0,0,0,0,0,0,0,100,100,0,100,0,0,0,0,0,0,100,100,0,100,0,0,0,100,0,100,100,0,100,0,260121.41381835938,111250.22155761719,0,404334895104,8589930496,66026262528,0
199,1727693379817,1548,2499,2569,1920,2567,1798,2099,2824,2043,2499,2499,2499,2499,2000,2499,2499,1934,1728,2820,2819,1990,2818,1901,2500,2100,2509,2000,2499,2500,1880,1290,2577,0,0,0,0,0,0,0,0,100,100,0,100,0,0,0,0,0,0,100,100,0,100,0,0,0,100,0,100,100,0,100,0,260124.21350097656,111259.62951660156,0,404334895104,8589930496,66026262528,0
199,1727693380017,1548,2499,2569,1920,2567,1798,2099,2824,2043,2499,2499,2499,2499,2000,2499,2499,1934,1728,2820,2819,1990,2818,1901,2500,2100,2509,2000,2499,2500,1880,1290,2577,0,0,0,0,0,5,0,0,100,100,0,100,0,0,0,0,0,0,100,100,0,100,0,0,0,100,0,100,100,0,100,0,260126.99993896484,111269.0463256836,0,404334895104,8589930496,66026442752,0
199,1727693380217,1548,2499,2569,1920,2567,1798,2099,2824,2043,2499,2499,2499,2499,2000,2499,2499,1934,1728,2820,2819,1990,2818,1901,2500,2100,2509,2000,2499,2500,1880,1290,2577,0,15.000000953674316,0,0,0,19.047618865966797,0,0,100,85.71428680419922,0,100,0,4.761904716491699,0,0,0,0,100,100,26.3157901763916,100,0,0,9.523809432983398,100,10.526315689086914,100,100,5.263157844543457,100,4.761904716491699,260129.841796875,111278.68328857422,0,404334895104,8589930496,66026565632,0
199,1727693380417,1548,2499,2569,1920,2567,1798,2099,2824,2043,2499,2499,2499,2499,2000,2499,2499,1934,1728,2820,2819,1990,2818,1901,2500,2100,2509,2000,2499,2500,1880,1290,2577,0,15.000000953674316,0,0,0,19.047618865966797,0,0,100,85.71428680419922,0,100,0,4.761904716491699,0,0,0,0,100,100,26.3157901763916,100,0,0,9.523809432983398,100,10.526315689086914,100,100,5.263157844543457,100,4.761904716491699,260132.64276123047,111288.03607177734,0,404334895104,8589930496,66026565632,0
199,1727693380618,1548,2499,2569,1920,2567,1798,2099,2824,2043,2499,2499,2499,2499,2000,2499,2499,1934,1728,2820,2819,1990,2818,1901,2500,2100,2509,2000,2499,2500,1880,1290,2577,0,100,0,0,0,0,0,0,100,0,0,100,0,0,7.500000476837158,0,0,0,100,100,0,100,0,0,0,100,0,92.5,100,0,100,0,260135.55694580078,111297.3910522461,0,404334895104,8589930496,66026307584,0
199,1727693380818,1548,2499,2569,1920,2567,1798,2099,2824,2043,2499,2499,2499,2499,2000,2499,2499,1934,1728,2820,2819,1990,2818,1901,2500,2100,2509,2000,2499,2500,1880,1290,2577,0,100,0,0,0,0,0,0,100,0,0,100,0,0,100,0,0,0,100,100,0,100,0,0,0,100,0,0,100,0,100,0,260138.36920166016,111306.80340576172,0,404334895104,8589930496,66026344448,0
199,1727693381018,1548,2499,2569,1920,2567,1798,2099,2824,2043,2499,2499,2499,2499,2000,2499,2499,1934,1728,2820,2819,1990,2818,1901,2500,2100,2509,2000,2499,2500,1880,1290,2577,0,100,0,0,0,0,0,0,100,0,0,100,0,0,100,0,0,0,100,100,0,100,0,0,0,100,0,0,100,0,100,0,260141.15234375,111316.21759033203,0,404334895104,8589930496,66026418176,0
199,1727693381218,1548,2499,2569,1920,2567,1798,2099,2824,2043,2499,2499,2499,2499,2000,2499,2499,1934,1728,2820,2819,1990,2818,1901,2500,2100,2509,2000,2499,2500,1880,1290,2577,0,100,0,0,0,0,0,0,100,0,0,100,0,0,70,0,0,75,100,100,0,100,0,0,0,100,0,30.000001907348633,100,0,28.571430206298828,0,260143.98046875,111325.60906982422,0,404334895104,8589930496,66026565632,0
199,1727693381418,1548,2499,2569,1920,2567,1798,2099,2824,2043,2499,2499,2499,2499,2000,2499,2499,1934,1728,2820,2819,1990,2818,1901,2500,2100,2509,2000,2499,2500,1880,1290,2577,0,100,0,0,0,0,0,0,100,0,0,100,0,0,0,0,0,100,100,100,0,100,0,0,0,100,0,100,100,0,0,0,260146.8094482422,111335.02319335938,0,404334895104,8589930496,66026569728,0
199,1727693381618,1548,2499,2569,1920,2567,1798,2099,2824,2043,2499,2499,2499,2499,2000,2499,2499,1934,1728,2820,2819,1990,2818,1901,2500,2100,2509,2000,2499,2500,1880,1290,2577,0,100,0,0,0,0,0,0,100,0,0,100,0,0,0,0,0,100,100,100,0,100,0,0,0,100,0,100,100,0,0,0,260149.5947265625,111344.41632080078,0,404334895104,8589930496,66026569728,0
199,1727693381818,1548,2499,2569,1920,2567,1798,2099,2824,2043,2499,2499,2499,2499,2000,2499,2499,1934,1728,2820,2819,1990,2818,1901,2500,2100,2509,2000,2499,2500,1880,1290,2577,0,100,0,0,0,0,0,0,100,0,0,100,0,0,0,0,0,100,100,100,0,100,0,0,0,100,0,100,100,0,0,0,260152.45623779297,111353.76068115234,0,404334895104,8589930496,66018385920,0
199,1727693382019,1548,2499,2569,1920,2567,1798,2099,2824,2043,2499,2499,2499,2499,2000,2499,2499,1934,1728,2820,2819,1990,2818,1901,2500,2100,2509,2000,2499,2500,1880,1290,2577,0,100,0,0,0,0,0,0,100,0,0,100,0,0,0,0,0,100,100,100,0,100,0,0,0,100,0,100,100,4.761904716491699,0,0,260155.25048828125,111363.16149902344,0,404334895104,8589930496,66026348544,0
199,1727693382219,1548,2499,2569,1920,2567,1798,2099,2824,2043,2499,2499,2499,2499,2000,2499,2499,1934,1728,2820,2819,1990,2818,1901,2500,2100,2509,2000,2499,2500,1880,1290,2577,0,100,0,0,0,0,0,0,100,0,0,100,0,0,0,0,0,100,100,100,0,100,0,0,0,100,0,100,100,0,0,0,260158.0128173828,111372.54553222656,0,404334895104,8589930496,66026422272,0
199,1727693382419,1548,2499,2569,1920,2567,1798,2099,2824,2043,2499,2499,2499,2499,2000,2499,2499,1934,1728,2820,2819,1990,2818,1901,2500,2100,2509,2000,2499,2500,1880,1290,2577,0,100,0,0,0,0,0,0,100,0,0,100,0,0,0,0,0,100,100,100,0,100,0,0,0,100,0,100,100,0,0,0,260160.77404785156,111381.93621826172,0,404334895104,8589930496,66026422272,0
199,1727693382619,1548,2499,2569,1920,2567,1798,2099,2824,2043,2499,2499,2499,2499,2000,2499,2499,1934,1728,2820,2819,1990,2818,1901,2500,2100,2509,2000,2499,2500,1880,1290,2577,0,100,0,0,0,0,0,0,100,0,0,100,0,0,0,0,0,100,100,100,0,100,0,0,0,100,0,100,100,0,0,0,260163.53131103516,111391.32049560547,0,404334895104,8589930496,66026569728,0
199,1727693382819,1548,2499,2569,1920,2567,1798,2099,2824,2043,2499,2499,2499,2499,2000,2499,2499,1934,1728,2820,2819,1990,2818,1901,2500,2100,2509,2000,2499,2500,1880,1290,2577,0,100,0,0,0,0,0,0,100,0,4.761904716491699,100,0,0,0,0,0,100,100,100,0,100,0,0,0,100,0,100,100,5,0,0,260166.27655029297,111400.73822021484,0,404334895104,8589930496,66026569728,0
199,1727693383019,1548,2499,2569,1920,2567,1798,2099,2824,2043,2499,2499,2499,2499,2000,2499,2499,1934,1728,2820,2819,1990,2818,1901,2500,2100,2509,2000,2499,2500,1880,1290,2577,0,100,0,4.761904716491699,0,0,0,0,100,0,0,100,0,0,0,0,4.761904716491699,80,100,100,0,100,0,0,0,100,0,100,100,4.761904716491699,20,0,260169.03839111328,111410.20263671875,0,404334895104,8589930496,66026569728,0
199,1727693383219,1548,2499,2569,1920,2567,1798,2099,2824,2043,2499,2499,2499,2499,2000,2499,2499,1934,1728,2820,2819,1990,2818,1901,2500,2100,2509,2000,2499,2500,1880,1290,2577,0,100,0,4.761904716491699,0,0,0,0,100,0,0,100,0,0,0,0,4.761904716491699,80,100,100,0,100,0,0,0,100,0,100,100,4.761904716491699,20,0,260171.9302368164,111419.54321289063,0,404334895104,8589930496,66026295296,0
199,1727693383419,1548,2499,2569,1920,2567,1798,2099,2824,2043,2499,2499,2499,2499,2000,2499,2499,1934,1728,2820,2819,1990,2818,1901,2500,2100,2509,2000,2499,2500,1880,1290,2577,0,100,0,0,0,0,0,0,100,0,0,100,0,0,0,0,0,0,100,100,0,100,0,0,0,100,0,100,100,4.761904716491699,100,0,260174.7103881836,111428.91973876953,0,404334895104,8589930496,66026348544,0
199,1727693383620,1548,2499,2569,1920,2567,1798,2099,2824,2043,2499,2499,2499,2499,2000,2499,2499,1934,1728,2820,2819,1990,2818,1901,2500,2100,2509,2000,2499,2500,1880,1290,2577,0,100,0,0,0,0,0,0,100,0,0,100,0,0,4.761904716491699,0,0,0,100,100,0,100,0,0,4.761904716491699,100,0,100,100,0,100,0,260177.49920654297,111438.3291015625,0,404334895104,8589930496,66024517632,0
199,1727693383820,1548,2499,2569,1920,2567,1798,2099,2824,2043,2499,2499,2499,2499,2000,2499,2499,1934,1728,2820,2819,1990,2818,1901,2500,2100,2509,2000,2499,2500,1880,1290,2577,0,100,0,0,0,0,0,0,100,0,0,100,0,0,0,0,0,0,100,100,0,100,0,0,0,100,0,100,100,0,100,0,260180.27532958984,111447.6683959961,0,404334895104,8589930496,66024521728,0
199,1727693384019,1548,2499,2569,1920,2567,1798,2099,2824,2043,2499,2499,2499,2499,2000,2499,2499,1934,1728,2820,2819,1990,2818,1901,2500,2100,2509,2000,2499,2500,1880,1290,2577,0,100,0,0,0,0,0,0,100,0,0,100,0,0,0,0,0,0,100,100,0,100,0,0,0,100,0,100,100,0,100,0,260183.11376953125,111457.09686279297,0,404334895104,8589930496,66024669184,0
199,1727693384220,1548,2499,2569,1920,2567,1798,2099,2824,2043,2499,2499,2499,2499,2000,2499,2499,1934,1728,2820,2819,1990,2818,1901,2500,2100,2509,2000,2499,2500,1880,1290,2577,0,100,0,0,0,0,0,0,100,0,0,100,2.4390242099761963,0,0,0,0,0,100,100,2.5,100,0,0,0,100,0,100,100,0,100,0,260185.91247558594,111466.51013183594,0,404334895104,8589930496,66024669184,0
199,1727693384420,1548,2499,2569,1920,2567,1798,2099,2824,2043,2499,2499,2499,2499,2000,2499,2499,1934,1728,2820,2819,1990,2818,1901,2500,2100,2509,2000,2499,2500,1880,1290,2577,0,100,0,0,0,0,0,0,100,0,0,100,0,0,0,0,0,0,100,100,0,100,0,0,0,100,0,100,100,0,100,0,260188.7152709961,111475.90234375,0,404334895104,8589930496,65968922624,0
199,1727693384620,1548,2499,2569,1920,2567,1798,2099,2824,2043,2499,2499,2499,2499,2000,2499,2499,1934,1728,2820,2819,1990,2818,1901,2500,2100,2509,2000,2499,2500,1880,1290,2577,0,100,0,0,0,0,0,0,100,0,0,100,0,0,19.047618865966797,0,0,0,100,100,0,100,0,0,0,100,0,85,100,0,100,0,260191.5238647461,111485.30841064453,0,404334895104,8589930496,66024398848,0
199,1727693384820,1548,2499,2569,1920,2567,1798,2099,2824,2043,2499,2499,2499,2499,2000,2499,2499,1934,1728,2820,2819,1990,2818,1901,2500,2100,2509,2000,2499,2500,1880,1290,2577,0,100,0,0,0,0,0,0,100,0,0,100,4.761904716491699,0,100,0,0,0,100,100,0,100,0,0,0,100,0,0,100,0,100,0,260194.2947998047,111494.73333740234,0,404334895104,8589930496,66024509440,0
199,1727693385020,1548,2499,2569,1920,2567,1798,2099,2824,2043,2499,2499,2499,2499,2000,2499,2499,1934,1728,2820,2819,1990,2818,1901,2500,2100,2509,2000,2499,2500,1880,1290,2577,0,100,0,0,0,0,0,0,100,0,0,100,0,0,100,0,0,0,100,100,0,100,0,0,0,100,0,0,100,0,100,0,260197.0577392578,111504.14575195313,0,404334895104,8589930496,66024509440,0
199,1727693385220,1548,2499,2569,1920,2567,1798,2099,2824,2043,2499,2499,2499,2499,2000,2499,2499,1934,1728,2820,2819,1990,2818,1901,2500,2100,2509,2000,2499,2500,1880,1290,2577,0,100,0,0,0,0,0,0,100,0,0,100,0,0,100,0,0,0,100,100,0,100,0,0,0,100,0,0,100,0,100,0,260199.8553466797,111513.6812133789,0,404334895104,8589930496,66024833024,0
199,1727693385421,1548,2499,2569,1920,2567,1798,2099,2824,2043,2499,2499,2499,2499,2000,2499,2499,1934,1728,2820,2819,1990,2818,1901,2500,2100,2509,2000,2499,2500,1880,1290,2577,0,0,0,0,0,0,0,0,100,100,0,100,0,0,100,0,0,0,100,100,0,100,0,0,0,100,0,0,100,0,100,0,260202.5799560547,111523.1342163086,0,404334895104,8589930496,66024833024,0
199,1727693385621,1548,2499,2569,1920,2567,1798,2099,2824,2043,2499,2499,2499,2499,2000,2499,2499,1934,1728,2820,2819,1990,2818,1901,2500,2100,2509,2000,2499,2500,1880,1290,2577,0,0,0,0,0,0,0,0,100,100,0,100,0,0,100,0,0,0,100,100,0,100,0,0,0,100,0,0,100,0,100,0,260205.31829833984,111532.58227539063,0,404334895104,8589930496,66024833024,0
199,1727693385821,1548,2499,2569,1920,2567,1798,2099,2824,2043,2499,2499,2499,2499,2000,2499,2499,1934,1728,2820,2819,1990,2818,1901,2500,2100,2509,2000,2499,2500,1880,1290,2577,0,0,0,0,0,0,0,0,100,100,0,100,0,0,100,0,0,0,100,100,0,100,4.761904716491699,0,0,100,0,0,100,0,100,0,260208.19885253906,111541.9633178711,0,404334895104,8589930496,66024558592,0
199,1727693386021,1548,2499,2569,1920,2567,1798,2099,2824,2043,2499,2499,2499,2499,2000,2499,2499,1934,1728,2820,2819,1990,2818,1901,2500,2100,2509,2000,2499,2500,1880,1290,2577,0,0,0,0,0,0,0,0,100,100,0,100,0,0,100,0,0,20,100,100,0,100,0,0,0,100,0,0,100,0,80,0,260210.9810180664,111551.4086303711,0,404334895104,8589930496,66024611840,0
199,1727693386221,1548,2499,2569,1920,2567,1798,2099,2824,2043,2499,2499,2499,2499,2000,2499,2499,1934,1728,2820,2819,1990,2818,1901,2500,2100,2509,2000,2499,2500,1880,1290,2577,0,0,0,0,0,0,0,0,100,100,0,100,0,0,100,0,0,100,100,100,0,100,0,0,0,100,0,0,100,0,0,0,260213.72338867188,111560.86102294922,0,404334895104,8589930496,66024689664,0
199,1727693386421,1548,2499,2569,1920,2567,1798,2099,2824,2043,2499,2499,2499,2499,2000,2499,2499,1934,1728,2820,2819,1990,2818,1901,2500,2100,2509,2000,2499,2500,1880,1290,2577,20,0,0,0,0,0,0,0,76.19047546386719,100,0,100,0,0,100,0,0,100,100,100,0,100,0,0,0,100,0,0,100,0,0,0,260216.49139404297,111570.306640625,0,404334895104,8589930496,66024689664,0
199,1727693386621,1548,2499,2569,1920,2567,1798,2099,2824,2043,2499,2499,2499,2499,2000,2499,2499,1934,1728,2820,2819,1990,2818,1901,2500,2100,2509,2000,2499,2500,1880,1290,2577,100,0,0,0,0,0,0,0,0,100,0,100,0,0,100,0,0,100,100,100,0,100,0,0,0,100,0,0,100,0,0,0,260219.2730102539,111579.76586914063,0,404334895104,8589930496,66024837120,0
199,1727693386821,1548,2499,2569,1920,2567,1798,2099,2824,2043,2499,2499,2499,2499,2000,2499,2499,1934,1728,2820,2819,1990,2818,1901,2500,2100,2509,2000,2499,2500,1880,1290,2577,100,0,0,0,0,4.761904716491699,0,0,0,100,0,100,0,0,100,0,0,100,100,100,0,100,0,0,0,100,0,0,100,0,0,0,260222.05712890625,111589.22058105469,0,404334895104,8589930496,66024837120,0
199,1727693387022,1548,2499,2569,1920,2567,1798,2099,2824,2043,2499,2499,2499,2499,2000,2499,2499,1934,1728,2820,2819,1990,2818,1901,2500,2100,2509,2000,2499,2500,1880,1290,2577,100,0,0,0,0,0,0,0,0,100,0,100,0,0,100,0,0,100,100,100,0,100,0,0,0,100,0,0,100,0,0,0,260224.83325195313,111598.66369628906,0,404334895104,8589930496,66024837120,0
199,1727693387222,1548,2499,2569,1920,2567,1798,2099,2824,2043,2499,2499,2499,2499,2000,2499,2499,1934,1728,2820,2819,1990,2818,1901,2500,2100,2509,2000,2499,2500,1880,1290,2577,100,0,0,0,0,0,0,0,0,100,0,100,0,0,60.000003814697266,0,0,45,100,100,0,100,0,0,0,100,0,40,100,0,52.6315803527832,0,260227.68035888672,111608.05487060547,0,404334895104,8589930496,66024579072,0
199,1727693387422,1548,2499,2569,1920,2567,1798,2099,2824,2043,2499,2499,2499,2499,2000,2499,2499,1934,1728,2820,2819,1990,2818,1901,2500,2100,2509,2000,2499,2500,1880,1290,2577,100,0,0,0,0,0,0,0,0,100,0,100,0,0,0,0,0,0,100,100,0,100,0,0,0,100,0,100,100,0,100,0,260230.4520263672,111617.47900390625,0,404334895104,8589930496,66024615936,0
199,1727693387622,1548,2499,2569,1920,2567,1798,2099,2824,2043,2499,2499,2499,2499,2000,2499,2499,1934,1728,2820,2819,1990,2818,1901,2500,2100,2509,2000,2499,2500,1880,1290,2577,100,0,0,0,0,0,0,0,0,100,4.761904716491699,100,0,0,0,0,0,0,100,100,0,100,0,0,0,100,0,100,100,0,100,0,260233.20306396484,111626.8876953125,0,404334895104,8589930496,66024689664,0
199,1727693387822,1548,2499,2569,1920,2567,1798,2099,2824,2043,2499,2499,2499,2499,2000,2499,2499,1934,1728,2820,2819,1990,2818,1901,2500,2100,2509,2000,2499,2500,1880,1290,2577,100,0,0,0,0,0,0,0,0,100,0,100,0,0,0,0,0,0,100,100,0,100,0,0,0,100,0,100,100,0,100,0,260235.9653930664,111636.3310546875,0,404334895104,8589930496,66024837120,0
199,1727693388022,1548,2499,2569,1920,2567,1798,2099,2824,2043,2499,2499,2499,2499,2000,2499,2499,1934,1728,2820,2819,1990,2818,1901,2500,2100,2509,2000,2499,2500,1880,1290,2577,100,0,0,0,4.761904716491699,0,0,0,0,100,0,100,0,0,0,0,0,0,100,100,0,95,0,0,0,100,0,100,100,0,100,0,260238.71661376953,111645.81567382813,0,404334895104,8589930496,66024837120,0
199,1727693388222,1548,2499,2569,1920,2567,1798,2099,2824,2043,2499,2499,2499,2499,2000,2499,2499,1934,1728,2820,2819,1990,2818,1901,2500,2100,2509,2000,2499,2500,1880,1290,2577,100,0,0,0,4.761904716491699,0,0,0,0,100,0,100,0,0,0,0,0,0,100,100,0,95,0,0,0,100,0,100,100,0,100,0,260241.4906616211,111655.158203125,0,404334895104,8589930496,66024837120,0
199,1727693388423,1548,2499,2569,1920,2567,1798,2099,2824,2043,2499,2499,2499,2499,2000,2499,2499,1934,1728,2820,2819,1990,2818,1901,2500,2100,2509,2000,2499,2500,1880,1290,2577,100,53.84615707397461,0,0,0,0,0,0,0,45,0,100,0,0,0,0,0,0,100,100,0,100,0,0,0,100,0,100,100,0,100,0,260244.33557128906,111664.66119384766,0,404334895104,8589930496,66024566784,0
199,1727693388623,1548,2499,2569,1920,2567,1798,2099,2824,2043,2499,2499,2499,2499,2000,2499,2499,1934,1728,2820,2819,1990,2818,1901,2500,2100,2509,2000,2499,2500,1880,1290,2577,100,100,0,0,0,0,0,0,0,0,0,100,0,0,0,0,0,0,100,100,0,100,0,0,0,100,0,100,100,0,100,0,260247.0799560547,111674.0726928711,0,404334895104,8589930496,66024620032,0
199,1727693388823,1548,2499,2569,1920,2567,1798,2099,2824,2043,2499,2499,2499,2499,2000,2499,2499,1934,1728,2820,2819,1990,2818,1901,2500,2100,2509,2000,2499,2500,1880,1290,2577,100,100,0,0,0,0,0,0,0,0,0,100,0,0,0,0,0,0,100,100,0,100,0,0,0,100,0,100,100,4.761904716491699,100,0,260249.88983154297,111683.51373291016,0,404334895104,8589930496,66024693760,0
199,1727693389023,1548,2499,2569,1920,2567,1798,2099,2824,2043,2499,2499,2499,2499,2000,2499,2499,1934,1728,2820,2819,1990,2818,1901,2500,2100,2509,2000,2499,2500,1880,1290,2577,100,100,0,0,0,0,0,0,0,0,0,100,0,0,0,0,0,0,100,100,0,100,0,0,0,100,0,100,100,4.761904716491699,100,0,260252.7035522461,111692.95532226563,0,404334895104,8589930496,66024693760,0
199,1727693389223,1548,2499,2569,1920,2567,1798,2099,2824,2043,2499,2499,2499,2499,2000,2499,2499,1934,1728,2820,2819,1990,2818,1901,2500,2100,2509,2000,2499,2500,1880,1290,2577,100,100,0,0,0,0,0,0,0,0,0,100,0,0,0,0,0,0,100,100,0,100,0,0,0,100,0,100,100,0,100,0,260255.48657226563,111702.41473388672,0,404334895104,8589930496,66024841216,0
199,1727693389423,1548,2499,2569,1920,2567,1798,2099,2824,2043,2499,2499,2499,2499,2000,2499,2499,1934,1728,2820,2819,1990,2818,1901,2500,2100,2509,2000,2499,2500,1880,1290,2577,100,100,0,0,0,0,0,0,0,0,0,100,0,0,0,0,0,0,100,100,0,100,0,0,0,100,0,100,100,4.761904716491699,100,0,260258.2583618164,111711.84832763672,0,404334895104,8589930496,66024841216,0
199,1727693389623,1548,2499,2569,1920,2567,1798,2099,2824,2043,2499,2499,2499,2499,2000,2499,2499,1934,1728,2820,2819,1990,2818,1901,2500,2100,2509,2000,2499,2500,1880,1290,2577,100,100,0,0,0,0,0,0,0,0,0,100,0,0,0,0,0,0,100,100,0,100,0,0,0,100,0,100,100,0,100,0,260261.0535888672,111721.29809570313,0,404334895104,8589930496,66024828928,0
199,1727693389823,1548,2499,2569,1920,2567,1798,2099,2824,2043,2499,2499,2499,2499,2000,2499,2499,1934,1728,2820,2819,1990,2818,1901,2500,2100,2509,2000,2499,2500,1880,1290,2577,100,100,0,0,0,0,0,0,0,0,0,100,0,0,0,0,0,0,100,100,0,100,0,0,0,100,0,100,100,0,100,0,260263.96508789063,111730.69470214844,0,404334895104,8589930496,66024570880,0
199,1727693390024,1548,2499,2569,1920,2567,1798,2099,2824,2043,2499,2499,2499,2499,2000,2499,2499,1934,1728,2820,2819,1990,2818,1901,2500,2100,2509,2000,2499,2500,1880,1290,2577,100,100,0,0,0,0,0,0,0,0,0,100,0,0,0,0,0,0,100,100,0,100,0,0,0,100,0,100,100,0,100,0,260266.79223632813,111740.11804199219,0,404334895104,8589930496,66024607744,0
199,1727693390223,1548,2499,2569,1920,2567,1798,2099,2824,2043,2499,2499,2499,2499,2000,2499,2499,1934,1728,2820,2819,1990,2818,1901,2500,2100,2509,2000,2499,2500,1880,1290,2577,100,100,0,0,10.526315689086914,10,5.263157844543457,0,0,0,0,100,5,10,0,0,10,0,100,100,10,100,0,0,15.000000953674316,100,14.285715103149414,100,100,9.523809432983398,100,0,260269.63024902344,111749.78002929688,0,404334895104,8589930496,66024775680,0
199,1727693390424,1548,2499,2569,1920,2567,1798,2099,2824,2043,2499,2499,2499,2499,2000,2499,2499,1934,1728,2820,2819,1990,2818,1901,2500,2100,2509,2000,2499,2500,1880,1290,2577,100,100,0,0,0,0,0,0,0,0,0,100,0,0,0,0,0,0,100,100,0,100,0,0,0,100,0,100,100,0,100,0,260272.41564941406,111759.2221069336,0,404334895104,8589930496,66024923136,0
199,1727693390624,1548,2499,2569,1920,2567,1798,2099,2824,2043,2499,2499,2499,2499,2000,2499,2499,1934,1728,2820,2819,1990,2818,1901,2500,2100,2509,2000,2499,2500,1880,1290,2577,100,100,0,0,0,0,0,0,0,0,0,100,0,0,0,0,0,0,100,100,0,100,0,0,0,100,0,100,100,0,100,0,260275.2095336914,111768.67846679688,0,404334895104,8589930496,66024923136,0
199,1727693390824,1548,2499,2569,1920,2567,1798,2099,2824,2043,2499,2499,2499,2499,2000,2499,2499,1934,1728,2820,2819,1990,2818,1901,2500,2100,2509,2000,2499,2500,1880,1290,2577,100,100,0,0,0,2.4390242099761963,0,0,0,0,0,100,0,0,0,0,0,0,100,100,0,100,0,0,0,100,0,100,100,0,100,0,260278.0140991211,111778.14263916016,0,404334895104,8589930496,66023702528,0
199,1727693391024,1548,2499,2569,1920,2567,1798,2099,2824,2043,2499,2499,2499,2499,2000,2499,2499,1934,1728,2820,2819,1990,2818,1901,2500,2100,2509,2000,2499,2500,1880,1290,2577,100,100,0,0,0,0,0,0,0,0,0,100,0,0,0,0,0,0,100,100,0,100,0,0,0,100,0,100,100,0,100,0,260280.8735961914,111787.56634521484,0,404334895104,8589930496,65995489280,0
199,1727693391224,1548,2499,2569,1920,2567,1798,2099,2824,2043,2499,2499,2499,2499,2000,2499,2499,1934,1728,2820,2819,1990,2818,1901,2500,2100,2509,2000,2499,2500,1880,1290,2577,100,100,0,0,0,0,0,0,0,0,0,100,0,0,0,0,0,0,100,100,0,100,0,0,0,100,0,100,100,0,100,4.761904716491699,260283.69329833984,111797.01629638672,0,404334895104,8589930496,66023481344,0
199,1727693391424,1548,2499,2569,1920,2567,1798,2099,2824,2043,2499,2499,2499,2499,2000,2499,2499,1934,1728,2820,2819,1990,2818,1901,2500,2100,2509,2000,2499,2500,1880,1290,2577,100,100,0,0,0,0,0,0,0,0,0,100,0,0,0,0,0,0,100,100,0,100,0,0,0,100,0,100,100,0,100,0,260286.45068359375,111806.45880126953,0,404334895104,8589930496,66023555072,0
199,1727693391624,1548,2499,2569,1920,2567,1798,2099,2824,2043,2499,2499,2499,2499,2000,2499,2499,1934,1728,2820,2819,1990,2818,1901,2500,2100,2509,2000,2499,2500,1880,1290,2577,100,100,0,0,0,0,0,0,0,0,0,100,0,0,0,0,4.761904716491699,0,100,100,0,100,0,0,0,100,0,100,100,0,100,0,260289.21966552734,111815.8955078125,0,404334895104,8589930496,66023555072,0
199,1727693391825,1548,2499,2569,1920,2567,1798,2099,2824,2043,2499,2499,2499,2499,2000,2499,2499,1934,1728,2820,2819,1990,2818,1901,2500,2100,2509,2000,2499,2500,1880,1290,2577,100,100,0,0,0,0,0,0,0,0,0,100,0,0,0,0,0,0,100,100,0,100,4.761904716491699,0,0,100,0,100,100,0,100,0,260291.96716308594,111825.33905029297,0,404334895104,8589930496,66023702528,0
199,1727693392025,1548,2499,2569,1920,2567,1798,2099,2824,2043,2499,2499,2499,2499,2000,2499,2499,1934,1728,2820,2819,1990,2818,1901,2500,2100,2509,2000,2499,2500,1880,1290,2577,100,100,0,0,0,0,0,0,0,0,0,100,0,0,0,0,0,0,100,100,0,100,0,0,0,100,0,100,100,0,100,0,260294.74291992188,111834.77911376953,0,404334895104,8589930496,66023702528,0
199,1727693392225,1548,2499,2569,1920,2567,1798,2099,2824,2043,2499,2499,2499,2499,2000,2499,2499,1934,1728,2820,2819,1990,2818,1901,2500,2100,2509,2000,2499,2500,1880,1290,2577,100,100,0,0,0,0,0,0,0,0,0,100,0,0,0,0,0,0,100,100,0,100,0,0,0,100,0,100,100,0,100,0,260297.49407958984,111844.2152709961,0,404334895104,8589930496,66023702528,0
199,1727693392425,1548,2499,2569,1920,2567,1798,2099,2824,2043,2499,2499,2499,2499,2000,2499,2499,1934,1728,2820,2819,1990,2818,1901,2500,2100,2509,2000,2499,2500,1880,1290,2577,100,100,0,0,0,0,0,0,0,0,0,100,0,0,0,0,0,0,100,100,0,100,0,0,0,100,0,100,100,0,100,0,260300.29614257813,111853.60028076172,0,404334895104,8589930496,66023428096,0
199,1727693392625,1548,2499,2569,1920,2567,1798,2099,2824,2043,2499,2499,2499,2499,2000,2499,2499,1934,1728,2820,2819,1990,2818,1901,2500,2100,2509,2000,2499,2500,1880,1290,2577,100,100,0,0,0,0,0,0,0,0,0,100,0,0,0,0,0,0,100,100,0,100,0,0,0,100,0,100,100,0,100,0,260303.04315185547,111863.02502441406,0,404334895104,8589930496,66023481344,0
199,1727693392825,1548,2499,2569,1920,2567,1798,2099,2824,2043,2499,2499,2499,2499,2000,2499,2499,1934,1728,2820,2819,1990,2818,1901,2500,2100,2509,2000,2499,2500,1880,1290,2577,100,100,0,0,0,0,0,0,0,0,0,100,0,0,0,0,0,0,100,100,0,100,0,0,0,100,0,100,100,0,100,0,260305.80950927734,111872.42010498047,0,404334895104,8589930496,66023555072,0
199,1727693393025,1548,2499,2569,1920,2567,1798,2099,2824,2043,2499,2499,2499,2499,2000,2499,2499,1934,1728,2820,2819,1990,2818,1901,2500,2100,2509,2000,2499,2500,1880,1290,2577,100,100,0,0,0,0,0,0,0,0,0,100,0,0,0,0,0,0,100,100,0,100,0,0,0,100,0,100,100,0,100,0,260308.56622314453,111881.88018798828,0,404334895104,8589930496,66023555072,0
199,1727693393225,1548,2499,2569,1920,2567,1798,2099,2824,2043,2499,2499,2499,2499,2000,2499,2499,1934,1728,2820,2819,1990,2818,1901,2500,2100,2509,2000,2499,2500,1880,1290,2577,100,100,0,0,0,0,0,0,0,0,0,100,0,0,0,0,0,0,100,100,0,100,0,0,0,100,0,100,100,0,100,0,260311.2919921875,111891.23913574219,0,404334895104,8589930496,66023673856,0
199,1727693393426,1548,2499,2569,1920,2567,1798,2099,2824,2043,2499,2499,2499,2499,2000,2499,2499,1934,1728,2820,2819,1990,2818,1901,2500,2100,2509,2000,2499,2500,1880,1290,2577,100,100,0,0,0,0,0,0,0,0,0,100,0,0,0,0,0,0,100,100,0,100,0,0,0,100,0,100,100,0,100,0,260314.0802001953,111900.6792602539,0,404334895104,8589930496,66023673856,0
199,1727693393626,1548,2499,2569,1920,2567,1798,2099,2824,2043,2499,2499,2499,2499,2000,2499,2499,1934,1728,2820,2819,1990,2818,1901,2500,2100,2509,2000,2499,2500,1880,1290,2577,100,100,0,0,0,0,0,0,0,0,0,100,4.761904716491699,0,0,0,0,0,100,100,0,100,0,0,0,100,4.761904716491699,100,100,0,100,0,260316.8846435547,111910.17602539063,0,404334895104,8589930496,66023677952,0
199,1727693393826,1548,2499,2569,1920,2567,1798,2099,2824,2043,2499,2499,2499,2499,2000,2499,2499,1934,1728,2820,2819,1990,2818,1901,2500,2100,2509,2000,2499,2500,1880,1290,2577,100,100,0,0,0,0,0,0,0,0,0,100,0,0,0,0,0,0,100,100,0,100,0,0,0,100,0,100,100,0,100,0,260319.7310180664,111919.54248046875,0,404334895104,8589930496,66023419904,0
199,1727693394026,1548,2499,2569,1920,2567,1798,2099,2824,2043,2499,2499,2499,2499,2000,2499,2499,1934,1728,2820,2819,1990,2818,1901,2500,2100,2509,2000,2499,2500,1880,1290,2577,100,100,0,0,0,0,0,0,0,0,0,100,0,0,0,0,0,0,100,100,0,100,0,0,0,100,0,100,100,0,100,0,260322.4765625,111929.00030517578,0,404334895104,8589930496,66023530496,0
199,1727693394226,1548,2499,2569,1920,2567,1798,2099,2824,2043,2499,2499,2499,2499,2000,2499,2499,1934,1728,2820,2819,1990,2818,1901,2500,2100,2509,2000,2499,2500,1880,1290,2577,100,100,0,0,0,0,0,0,0,0,0,100,0,0,0,0,0,0,100,100,0,100,0,0,0,100,0,100,100,0,100,0,260325.25537109375,111938.44555664063,0,404334895104,8589930496,66023530496,0
199,1727693394426,1548,2499,2569,1920,2567,1798,2099,2824,2043,2499,2499,2499,2499,2000,2499,2499,1934,1728,2820,2819,1990,2818,1901,2500,2100,2509,2000,2499,2500,1880,1290,2577,100,100,0,0,0,0,0,0,0,0,0,100,0,0,0,0,0,0,100,100,0,100,0,0,0,100,0,100,100,0,100,0,260328.0487060547,111947.90692138672,0,404334895104,8589930496,66023677952,0
199,1727693394626,1548,2499,2569,1920,2567,1798,2099,2824,2043,2499,2499,2499,2499,2000,2499,2499,1934,1728,2820,2819,1990,2818,1901,2500,2100,2509,2000,2499,2500,1880,1290,2577,100,100,0,0,0,0,0,0,0,0,0,100,0,0,0,0,0,0,100,100,0,100,0,0,0,100,0,100,100,0,100,0,260330.8247680664,111957.34741210938,0,404334895104,8589930496,66023661568,0
199,1727693394826,1548,2499,2569,1920,2567,1798,2099,2824,2043,2499,2499,2499,2499,2000,2499,2499,1934,1728,2820,2819,1990,2818,1901,2500,2100,2509,2000,2499,2500,1880,1290,2577,100,100,0,0,0,0,0,0,0,0,0,100,0,0,0,0,0,0,100,100,0,100,0,0,0,100,0,100,100,0,100,4.761904716491699,260333.61297607422,111966.7553100586,0,404334895104,8589930496,66023661568,0
199,1727693395027,1548,2499,2569,1920,2567,1798,2099,2824,2043,2499,2499,2499,2499,2000,2499,2499,1934,1728,2820,2819,1990,2818,1901,2500,2100,2509,2000,2499,2500,1880,1290,2577,100,100,0,0,0,0,0,0,0,0,0,100,4.761904716491699,0,0,0,0,0,100,100,0,100,0,0,0,100,0,100,100,0,100,0,260336.47241210938,111976.11254882813,0,404334895104,8589930496,66023387136,0
199,1727693395226,1548,2499,2569,1920,2567,1798,2099,2824,2043,2499,2499,2499,2499,2000,2499,2499,1934,1728,2820,2819,1990,2818,1901,2500,2100,2509,2000,2499,2500,1880,1290,2577,100,100,0,0,0,0,0,0,0,0,0,100,4.761904716491699,0,0,0,0,0,100,100,0,100,0,0,0,100,0,100,100,0,100,0,260339.302734375,111985.6357421875,0,404334895104,8589930496,66023714816,0
199,1727693395427,1548,2499,2569,1920,2567,1798,2099,2824,2043,2499,2499,2499,2499,2000,2499,2499,1934,1728,2820,2819,1990,2818,1901,2500,2100,2509,2000,2499,2500,1880,1290,2577,95,100,0,2.5,0,5.128205299377441,2.4390242099761963,0,7.500000476837158,0,2.5,100,0,0,0,0,2.5,0,100,100,2.4390242099761963,100,2.4390242099761963,2.4390242099761963,2.4390242099761963,100,0,100,100,4.878048419952393,100,0,260342.1117553711,111995.09997558594,0,404334895104,8589930496,66023600128,0
199,1727693395627,1548,2499,2569,1920,2567,1798,2099,2824,2043,2499,2499,2499,2499,2000,2499,2499,1934,1728,2820,2819,1990,2818,1901,2500,2100,2509,2000,2499,2500,1880,1290,2577,0,100,0,0,0,0,0,0,100,0,0,100,0,0,0,0,0,0,100,100,0,100,0,0,0,100,0,100,100,5,100,0,260344.90759277344,112004.51611328125,0,404334895104,8589930496,66023604224,0
199,1727693395827,1548,2499,2569,1920,2567,1798,2099,2824,2043,2499,2499,2499,2499,2000,2499,2499,1934,1728,2820,2819,1990,2818,1901,2500,2100,2509,2000,2499,2500,1880,1290,2577,0,100,0,0,0,0,0,0,100,0,0,100,0,0,0,0,0,0,100,100,0,100,5,0,0,100,0,100,100,0,100,0,260347.7123413086,112013.95043945313,0,404334895104,8589930496,66023751680,0
199,1727693396027,1548,2499,2569,1920,2567,1798,2099,2824,2043,2499,2499,2499,2499,2000,2499,2499,1934,1728,2820,2819,1990,2818,1901,2500,2100,2509,2000,2499,2500,1880,1290,2577,0,100,0,0,0,0,0,0,100,0,0,100,0,0,0,0,0,0,100,100,0,100,0,0,0,100,0,100,100,4.761904716491699,100,0,260350.48260498047,112023.38214111328,0,404334895104,8589930496,66023751680,0
199,1727693396227,1548,2499,2569,1920,2567,1798,2099,2824,2043,2499,2499,2499,2499,2000,2499,2499,1934,1728,2820,2819,1990,2818,1901,2500,2100,2509,2000,2499,2500,1880,1290,2577,0,100,0,0,0,0,0,0,100,0,0,100,0,0,0,0,0,0,100,100,0,100,0,0,0,100,0,100,100,0,100,0,260353.27349853516,112032.80920410156,0,404334895104,8589930496,66023751680,0
199,1727693396427,1548,2499,2569,1920,2567,1798,2099,2824,2043,2499,2499,2499,2499,2000,2499,2499,1934,1728,2820,2819,1990,2818,1901,2500,2100,2509,2000,2499,2500,1880,1290,2577,0,80,0,0,0,0,0,0,100,19.047618865966797,0,100,0,0,0,0,0,0,100,100,0,100,0,0,0,100,0,100,100,0,100,0,260356.16961669922,112042.2084350586,0,404334895104,8589930496,66023493632,0
199,1727693396628,1548,2499,2569,1920,2567,1798,2099,2824,2043,2499,2499,2499,2499,2000,2499,2499,1934,1728,2820,2819,1990,2818,1901,2500,2100,2509,2000,2499,2500,1880,1290,2577,0,80,0,0,0,0,0,0,100,19.047618865966797,0,100,0,0,0,0,0,0,100,100,0,100,0,0,0,100,0,100,100,0,100,0,260358.97198486328,112051.63439941406,0,404334895104,8589930496,66023530496,0
199,1727693396828,1548,2499,2569,1920,2567,1798,2099,2824,2043,2499,2499,2499,2499,2000,2499,2499,1934,1728,2820,2819,1990,2818,1901,2500,2100,2509,2000,2499,2500,1880,1290,2577,0,0,0,0,0,0,0,0,100,100,0,100,0,0,0,0,0,0,100,100,0,100,0,0,0,100,0,100,100,0,100,0,260361.77111816406,112061.06866455078,0,404334895104,8589930496,66023604224,0
199,1727693397028,1548,2499,2569,1920,2567,1798,2099,2824,2043,2499,2499,2499,2499,2000,2499,2499,1934,1728,2820,2819,1990,2818,1901,2500,2100,2509,2000,2499,2500,1880,1290,2577,0,0,0,0,0,0,0,0,100,100,0,100,0,0,0,0,0,0,100,100,0,100,0,0,0,100,0,100,100,0,100,0,260364.55822753906,112070.50524902344,0,404334895104,8589930496,66023751680,0
199,1727693397228,1548,2499,2569,1920,2567,1798,2099,2824,2043,2499,2499,2499,2499,2000,2499,2499,1934,1728,2820,2819,1990,2818,1901,2500,2100,2509,2000,2499,2500,1880,1290,2577,0,0,0,0,0,0,0,0,100,100,0,100,0,0,0,0,0,0,100,100,0,100,0,0,0,100,0,100,100,0,100,0,260367.36462402344,112079.93273925781,0,404334895104,8589930496,66023751680,0
199,1727693397428,1548,2499,2569,1920,2567,1798,2099,2824,2043,2499,2499,2499,2499,2000,2499,2499,1934,1728,2820,2819,1990,2818,1901,2500,2100,2509,2000,2499,2500,1880,1290,2577,0,0,0,0,0,0,0,0,100,100,0,100,0,0,0,4.761904716491699,0,0,100,100,0,100,0,0,0,100,0,100,100,0,100,0,260370.1664428711,112089.38159179688,0,404334895104,8589930496,66023751680,0
199,1727693397628,1548,2499,2569,1920,2567,1798,2099,2824,2043,2499,2499,2499,2499,2000,2499,2499,1934,1728,2820,2819,1990,2818,1901,2500,2100,2509,2000,2499,2500,1880,1290,2577,0,0,0,0,0,0,0,0,100,100,0,100,0,0,0,0,0,0,100,100,0,100,0,0,0,100,0,100,100,0,100,0,260373.0200805664,112098.78198242188,0,404334895104,8589930496,66013532160,0
199,1727693397828,1548,2499,2569,1920,2567,1798,2099,2824,2043,2499,2499,2499,2499,2000,2499,2499,1934,1728,2820,2819,1990,2818,1901,2500,2100,2509,2000,2499,2500,1880,1290,2577,0,0,0,0,0,0,0,0,100,100,0,100,0,0,0,0,0,0,100,100,0,100,0,0,0,100,0,100,100,0,100,0,260375.78173828125,112108.21948242188,0,404334895104,8589930496,66023534592,0
199,1727693398029,1548,2499,2569,1920,2567,1798,2099,2824,2043,2499,2499,2499,2499,2000,2499,2499,1934,1728,2820,2819,1990,2818,1901,2500,2100,2509,2000,2499,2500,1880,1290,2577,0,0,0,0,0,0,0,0,100,100,0,100,0,0,0,0,0,0,100,100,0,100,0,0,0,100,0,100,100,0,100,0,260378.5474243164,112117.65942382813,0,404334895104,8589930496,66023608320,0
199,1727693398229,1548,2499,2569,1920,2567,1798,2099,2824,2043,2499,2499,2499,2499,2000,2499,2499,1934,1728,2820,2819,1990,2818,1901,2500,2100,2509,2000,2499,2500,1880,1290,2577,0,0,0,0,0,0,0,0,100,100,0,100,0,0,0,0,0,0,100,100,0,100,0,0,0,100,0,100,100,0,100,0,260381.30346679688,112127.04760742188,0,404334895104,8589930496,66023608320,0
199,1727693398429,1548,2499,2569,1920,2567,1798,2099,2824,2043,2499,2499,2499,2499,2000,2499,2499,1934,1728,2820,2819,1990,2818,1901,2500,2100,2509,2000,2499,2500,1880,1290,2577,0,0,0,0,0,0,0,0,100,100,0,100,0,0,0,0,0,0,100,100,0,100,0,0,0,100,0,100,100,0,100,0,260384.0653076172,112136.46667480469,0,404334895104,8589930496,66023755776,0
199,1727693398629,1548,2499,2569,1920,2567,1798,2099,2824,2043,2499,2499,2499,2499,2000,2499,2499,1934,1728,2820,2819,1990,2818,1901,2500,2100,2509,2000,2499,2500,1880,1290,2577,0,0,0,4.761904716491699,0,0,0,0,100,100,0,100,4.761904716491699,4.761904716491699,0,0,0,0,100,100,0,100,4.761904716491699,0,0,100,0,100,100,0,100,0,260386.83813476563,112145.94024658203,0,404334895104,8589930496,66023768064,0
199,1727693398829,1548,2499,2569,1920,2567,1798,2099,2824,2043,2499,2499,2499,2499,2000,2499,2499,1934,1728,2820,2819,1990,2818,1901,2500,2100,2509,2000,2499,2500,1880,1290,2577,0,0,0,4.761904716491699,0,0,0,0,100,100,0,100,4.761904716491699,4.761904716491699,0,0,0,0,100,100,0,100,4.761904716491699,0,0,100,0,100,100,0,100,0,260389.576171875,112155.31512451172,0,404334895104,8589930496,66023768064,0
199,1727693399029,1548,2499,2569,1920,2567,1798,2099,2824,2043,2499,2499,2499,2499,2000,2499,2499,1934,1728,2820,2819,1990,2818,1901,2500,2100,2509,2000,2499,2500,1880,1290,2577,0,0,0,0,2.4390242099761963,2.4390242099761963,0,2.5,100,100,0,100,0,0,2.4390242099761963,0,2.5,2.4390242099761963,100,100,2.4390242099761963,100,0,0,0,100,2.5,100,100,4.878048419952393,100,0,260392.4412841797,112164.7886352539,0,404334895104,8589930496,66023038976,0
199,1727693399229,1548,2499,2569,1920,2567,1798,2099,2824,2043,2499,2499,2499,2499,2000,2499,2499,1934,1728,2820,2819,1990,2818,1901,2500,2100,2509,2000,2499,2500,1880,1290,2577,0,0,0,0,2.4390242099761963,2.4390242099761963,0,2.5,100,100,0,100,0,0,2.4390242099761963,0,2.5,2.4390242099761963,100,100,2.4390242099761963,100,0,0,0,100,2.5,100,100,4.878048419952393,100,0,260395.19403076172,112174.16729736328,0,404334895104,8589930496,66023092224,0
199,1727693399429,1548,2499,2569,1920,2567,1798,2099,2824,2043,2499,2499,2499,2499,2000,2499,2499,1934,1728,2820,2819,1990,2818,1901,2500,2100,2509,2000,2499,2500,1880,1290,2577,0,0,0,0,0,0,0,0,100,100,0,100,0,0,0,0,0,0,100,100,0,100,0,0,0,100,0,100,100,0,100,0,260398.00079345703,112183.615234375,0,404334895104,8589930496,66023165952,0
199,1727693399629,1548,2499,2569,1920,2567,1798,2099,2824,2043,2499,2499,2499,2499,2000,2499,2499,1934,1728,2820,2819,1990,2818,1901,2500,2100,2509,2000,2499,2500,1880,1290,2577,0,0,0,0,0,0,0,0,100,100,0,100,0,0,0,0,0,0,100,100,0,100,0,0,0,100,0,100,100,0,100,0,260400.767578125,112193.04791259766,0,404334895104,8589930496,66023153664,0
199,1727693399830,1548,2499,2569,1920,2567,1798,2099,2824,2043,2499,2499,2499,2499,2000,2499,2499,1934,1728,2820,2819,1990,2818,1901,2500,2100,2509,2000,2499,2500,1880,1290,2577,0,0,0,0,0,0,0,0,100,100,0,100,0,0,28.205129623413086,33.333335876464844,0,52.499996185302734,100,100,0,100,2.4390242099761963,0,0,100,0,70.73170471191406,65.8536605834961,0,48.780487060546875,0,260403.57025146484,112202.50549316406,0,404334895104,8589930496,66023301120,0
199,1727693400030,1548,2499,2569,1920,2567,1798,2099,2824,2043,2499,2499,2499,2499,2000,2499,2499,1934,1728,2820,2819,1990,2818,1901,2500,2100,2509,2000,2499,2500,1880,1290,2577,40,0,0,0,0,0,0,0,57.142860412597656,100,0,100,0,0,100,100,0,100,100,100,0,100,4.761904716491699,0,0,100,0,0,0,0,0,0,260406.31518554688,112211.962890625,0,404334895104,8589930496,66023305216,0
199,1727693400230,1548,2499,2569,1920,2567,1798,2099,2824,2043,2499,2499,2499,2499,2000,2499,2499,1934,1728,2820,2819,1990,2818,1901,2500,2100,2509,2000,2499,2500,1880,1290,2577,100,0,0,0,0,0,0,0,0,100,0,100,0,0,100,100,0,100,100,100,0,100,0,0,0,100,0,0,0,0,0,0,260409.07690429688,112221.41375732422,0,404334895104,8589930496,65957543936,0
199,1727693400430,1548,2499,2569,1920,2567,1798,2099,2824,2043,2499,2499,2499,2499,2000,2499,2499,1934,1728,2820,2819,1990,2818,1901,2500,2100,2509,2000,2499,2500,1880,1290,2577,100,0,0,19.047618865966797,33.333335876464844,9.523809432983398,4.761904716491699,0,5.263157844543457,100,5,100,9.523809432983398,4.761904716491699,100,100,10,100,100,100,0,100,5,0,19.047618865966797,100,19.047618865966797,0,0,0,0,9.090909004211426,260412.0106201172,112231.12121582031,0,404334895104,8589930496,66023084032,0
199,1727693400630,1548,2499,2569,1920,2567,1798,2099,2824,2043,2499,2499,2499,2499,2000,2499,2499,1934,1728,2820,2819,1990,2818,1901,2500,2100,2509,2000,2499,2500,1880,1290,2577,100,0,0,19.047618865966797,33.333335876464844,9.523809432983398,4.761904716491699,0,5.263157844543457,100,5,100,9.523809432983398,4.761904716491699,100,100,10,100,100,100,0,100,5,0,19.047618865966797,100,19.047618865966797,0,0,0,0,9.090909004211426,260414.75537109375,112240.55157470703,0,404334895104,8589930496,66023194624,0
199,1727693400830,1548,2499,2569,1920,2567,1798,2099,2824,2043,2499,2499,2499,2499,2000,2499,2499,1934,1728,2820,2819,1990,2818,1901,2500,2100,2509,2000,2499,2500,1880,1290,2577,100,0,0,0,0,0,0,2.4390242099761963,0,100,0,100,0,0,100,100,0,100,100,100,0,100,2.5,0,0,100,0,0,0,0,0,0,260417.5341796875,112250.02990722656,0,404334895104,8589930496,66023194624,0
199,1727693401030,1548,2499,2569,1920,2567,1798,2099,2824,2043,2499,2499,2499,2499,2000,2499,2499,1934,1728,2820,2819,1990,2818,1901,2500,2100,2509,2000,2499,2500,1880,1290,2577,100,5,0,0,0,0,4.761904716491699,0,0,100,0,100,0,0,100,100,0,100,100,100,0,100,0,0,0,100,0,0,0,0,0,0,260420.3110961914,112259.47290039063,0,404334895104,8589930496,66023342080,0
199,1727693401230,1548,2499,2569,1920,2567,1798,2099,2824,2043,2499,2499,2499,2499,2000,2499,2499,1934,1728,2820,2819,1990,2818,1901,2500,2100,2509,2000,2499,2500,1880,1290,2577,100,0,0,0,0,0,0,0,0,100,0,100,0,0,100,70,0,100,100,100,0,100,0,0,0,100,0,0,31.57894515991211,0,0,0,260423.05743408203,112268.90606689453,0,404334895104,8589930496,66023342080,0
199,1727693401431,1548,2499,2569,1920,2567,1798,2099,2824,2043,2499,2499,2499,2499,2000,2499,2499,1934,1728,2820,2819,1990,2818,1901,2500,2100,2509,2000,2499,2500,1880,1290,2577,100,0,0,0,0,0,0,0,0,100,0,100,0,0,100,0,0,100,100,100,0,100,0,0,0,100,0,0,100,0,0,0,260425.8330078125,112278.35809326172,0,404334895104,8589930496,66023342080,0
199,1727693401631,1548,2499,2569,1920,2567,1798,2099,2824,2043,2499,2499,2499,2499,2000,2499,2499,1934,1728,2820,2819,1990,2818,1901,2500,2100,2509,2000,2499,2500,1880,1290,2577,100,0,0,0,0,0,0,0,0,100,5,100,0,0,100,0,0,100,100,100,0,100,0,0,0,100,0,0,100,0,0,0,260428.70776367188,112287.7578125,0,404334895104,8589930496,66023067648,0
199,1727693401831,1548,2499,2569,1920,2567,1798,2099,2824,2043,2499,2499,2499,2499,2000,2499,2499,1934,1728,2820,2819,1990,2818,1901,2500,2100,2509,2000,2499,2500,1880,1290,2577,100,0,0,0,0,0,0,0,0,100,0,100,0,0,36.842105865478516,0,0,100,100,100,0,100,4.761904716491699,0,0,100,0,60.000003814697266,100,0,0,0,260431.4818725586,112297.2094116211,0,404334895104,8589930496,66023120896,0
199,1727693402031,1548,2499,2569,1920,2567,1798,2099,2824,2043,2499,2499,2499,2499,2000,2499,2499,1934,1728,2820,2819,1990,2818,1901,2500,2100,2509,2000,2499,2500,1880,1290,2577,100,0,0,0,0,0,0,0,0,100,4.761904716491699,100,0,0,0,0,0,100,100,100,0,100,0,0,0,100,0,100,100,0,0,0,260434.27557373047,112306.68017578125,0,404334895104,8589930496,66023194624,0
199,1727693402231,1548,2499,2569,1920,2567,1798,2099,2824,2043,2499,2499,2499,2499,2000,2499,2499,1934,1728,2820,2819,1990,2818,1901,2500,2100,2509,2000,2499,2500,1880,1290,2577,100,0,0,0,0,0,0,0,0,100,4.761904716491699,100,0,0,0,0,0,100,100,100,0,100,0,0,0,100,0,100,100,0,0,0,260437.06091308594,112316.14630126953,0,404334895104,8589930496,66023198720,0
199,1727693402431,1548,2499,2569,1920,2567,1798,2099,2824,2043,2499,2499,2499,2499,2000,2499,2499,1934,1728,2820,2819,1990,2818,1901,2500,2100,2509,2000,2499,2500,1880,1290,2577,26.3157901763916,0,0,0,0,0,0,0,75,100,0,100,0,0,0,0,0,100,40,100,0,100,0,0,0,100,0,100,100,0,0,57.894737243652344,260439.869140625,112325.61389160156,0,404334895104,8589930496,66023346176,0
199,1727693402631,1548,2499,2569,1920,2567,1798,2099,2824,2043,2499,2499,2499,2499,2000,2499,2499,1934,1728,2820,2819,1990,2818,1901,2500,2100,2509,2000,2499,2500,1880,1290,2577,0,0,0,0,0,0,0,0,100,100,0,100,0,0,0,0,0,100,0,100,0,100,0,0,0,100,0,100,100,0,0,100,260442.6405029297,112335.08605957031,0,404334895104,8589930496,66023346176,0
199,1727693402831,1548,2499,2569,1920,2567,1798,2099,2824,2043,2499,2499,2499,2499,2000,2499,2499,1934,1728,2820,2819,1990,2818,1901,2500,2100,2509,2000,2499,2500,1880,1290,2577,95.23809814453125,0,0,0,0,0,0,0,0,100,4.761904716491699,100,0,0,0,0,0,100,0,100,0,100,0,0,0,100,0,100,100,0,0,100,260445.4052734375,112344.5101928711,0,404334895104,8589930496,66023346176,0
199,1727693403032,1548,2499,2569,1920,2567,1798,2099,2824,2043,2499,2499,2499,2499,2000,2499,2499,1934,1728,2820,2819,1990,2818,1901,2500,2100,2509,2000,2499,2500,1880,1290,2577,100,55,0,0,0,0,0,0,0,45,0,100,0,0,0,0,0,100,0,100,0,100,0,0,0,100,0,100,100,0,0,100,260448.23779296875,112353.9838256836,0,404334895104,8589930496,66023088128,0
199,1727693403232,1548,2499,2569,1920,2567,1798,2099,2824,2043,2499,2499,2499,2499,2000,2499,2499,1934,1728,2820,2819,1990,2818,1901,2500,2100,2509,2000,2499,2500,1880,1290,2577,100,55,0,0,0,0,0,0,0,45,0,100,0,0,0,0,0,100,0,100,0,100,0,0,0,100,0,100,100,0,0,100,260451.01165771484,112363.4037475586,0,404334895104,8589930496,66023124992,0
199,1727693403432,1548,2499,2569,1920,2567,1798,2099,2824,2043,2499,2499,2499,2499,2000,2499,2499,1934,1728,2820,2819,1990,2818,1901,2500,2100,2509,2000,2499,2500,1880,1290,2577,100,100,0,0,0,0,0,0,0,0,0,100,0,0,0,0,0,100,0,100,0,100,0,0,0,100,0,100,100,0,0,100,260453.78454589844,112372.8765258789,0,404334895104,8589930496,66023198720,0
199,1727693403632,1548,2499,2569,1920,2567,1798,2099,2824,2043,2499,2499,2499,2499,2000,2499,2499,1934,1728,2820,2819,1990,2818,1901,2500,2100,2509,2000,2499,2500,1880,1290,2577,100,100,0,0,0,0,0,0,0,0,0,100,0,0,0,0,0,100,0,100,0,100,0,0,0,100,0,100,100,0,0,100,260456.55731201172,112382.34149169922,0,404334895104,8589930496,66023346176,0
199,1727693403832,1548,2499,2569,1920,2567,1798,2099,2824,2043,2499,2499,2499,2499,2000,2499,2499,1934,1728,2820,2819,1990,2818,1901,2500,2100,2509,2000,2499,2500,1880,1290,2577,100,100,0,0,0,0,0,0,0,0,0,100,0,0,0,0,0,100,0,100,0,100,0,4.761904716491699,0,100,0,100,100,0,0,100,260459.30975341797,112391.8125,0,404334895104,8589930496,66023346176,0
199,1727693404032,1548,2499,2569,1920,2567,1798,2099,2824,2043,2499,2499,2499,2499,2000,2499,2499,1934,1728,2820,2819,1990,2818,1901,2500,2100,2509,2000,2499,2500,1880,1290,2577,100,100,0,0,0,0,5,0,0,0,0,100,0,0,0,0,0,100,4.761904716491699,100,0,100,0,0,0,100,0,100,100,4.761904716491699,4.761904716491699,100,260462.10430908203,112401.27044677734,0,404334895104,8589930496,66023346176,0
199,1727693404232,1548,2499,2569,1920,2567,1798,2099,2824,2043,2499,2499,2499,2499,2000,2499,2499,1934,1728,2820,2819,1990,2818,1901,2500,2100,2509,2000,2499,2500,1880,1290,2577,100,100,0,0,0,0,0,0,0,0,0,100,0,0,0,0,0,100,0,100,0,100,0,0,0,100,0,100,100,0,0,100,260464.98681640625,112410.69689941406,0,404334895104,8589930496,66023071744,0
199,1727693404432,1548,2499,2569,1920,2567,1798,2099,2824,2043,2499,2499,2499,2499,2000,2499,2499,1934,1728,2820,2819,1990,2818,1901,2500,2100,2509,2000,2499,2500,1880,1290,2577,100,100,0,0,0,0,0,0,0,0,0,100,0,0,0,0,0,100,0,100,0,100,0,0,0,100,0,100,100,0,0,100,260467.81762695313,112420.16241455078,0,404334895104,8589930496,66023129088,0
199,1727693404632,1548,2499,2569,1920,2567,1798,2099,2824,2043,2499,2499,2499,2499,2000,2499,2499,1934,1728,2820,2819,1990,2818,1901,2500,2100,2509,2000,2499,2500,1880,1290,2577,100,100,0,0,0,0,0,0,0,0,0,100,0,0,0,0,0,100,0,100,0,100,0,0,0,100,0,100,100,0,0,100,260470.6734008789,112429.6303100586,0,404334895104,8589930496,66023202816,0
199,1727693404832,1548,2499,2569,1920,2567,1798,2099,2824,2043,2499,2499,2499,2499,2000,2499,2499,1934,1728,2820,2819,1990,2818,1901,2500,2100,2509,2000,2499,2500,1880,1290,2577,100,100,0,0,0,0,0,0,0,0,0,100,0,0,0,0,0,100,0,100,0,100,0,0,0,100,0,100,100,0,0,100,260473.48614501953,112439.09826660156,0,404334895104,8589930496,66023186432,0
199,1727693405032,1548,2499,2569,1920,2567,1798,2099,2824,2043,2499,2499,2499,2499,2000,2499,2499,1934,1728,2820,2819,1990,2818,1901,2500,2100,2509,2000,2499,2500,1880,1290,2577,100,100,0,0,0,0,0,0,0,0,0,100,0,0,0,0,0,100,0,100,0,100,0,0,0,100,0,100,100,0,0,100,260476.2857055664,112448.5620727539,0,404334895104,8589930496,66023333888,0
199,1727693405232,1548,2499,2569,1920,2567,1798,2099,2824,2043,2499,2499,2499,2499,2000,2499,2499,1934,1728,2820,2819,1990,2818,1901,2500,2100,2509,2000,2499,2500,1880,1290,2577,100,100,0,0,0,0,0,0,0,0,0,100,0,0,0,0,0,100,0,100,0,100,0,0,0,100,0,100,100,0,0,100,260479.07348632813,112457.97296142578,0,404334895104,8589930496,66023333888,0
199,1727693405432,1548,2499,2569,1920,2567,1798,2099,2824,2043,2499,2499,2499,2499,2000,2499,2499,1934,1728,2820,2819,1990,2818,1901,2500,2100,2509,2000,2499,2500,1880,1290,2577,100,100,0,5,0,5,19.047618865966797,0,5,0,0,100,0,0,0,0,0,100,0,100,4.761904716491699,100,4.761904716491699,0,0,100,4.761904716491699,100,100,10,0,100,260481.84790039063,112467.4990234375,0,404334895104,8589930496,66023493632,0
199,1727693405633,1548,2499,2569,1920,2567,1798,2099,2824,2043,2499,2499,2499,2499,2000,2499,2499,1934,1728,2820,2819,1990,2818,1901,2500,2100,2509,2000,2499,2500,1880,1290,2577,100,100,0,0,0,0,0,0,0,0,0,100,0,0,0,0,0,100,0,100,0,100,0,0,0,100,0,100,100,0,0,100,260484.7211303711,112476.97857666016,0,404334895104,8589930496,66023235584,0
199,1727693405833,1548,2499,2569,1920,2567,1798,2099,2824,2043,2499,2499,2499,2499,2000,2499,2499,1934,1728,2820,2819,1990,2818,1901,2500,2100,2509,2000,2499,2500,1880,1290,2577,100,100,0,0,0,0,0,0,0,0,0,100,0,0,0,0,0,100,0,100,4.761904716491699,100,0,0,4.761904716491699,100,0,100,100,0,0,100,260487.48309326172,112486.39514160156,0,404334895104,8589930496,66023239680,0
199,1727693406033,1548,2499,2569,1920,2567,1798,2099,2824,2043,2499,2499,2499,2499,2000,2499,2499,1934,1728,2820,2819,1990,2818,1901,2500,2100,2509,2000,2499,2500,1880,1290,2577,100,100,0,0,0,0,0,0,0,0,0,100,0,0,0,0,0,100,0,100,0,100,0,0,0,100,0,100,100,0,0,100,260490.25366210938,112495.8598022461,0,404334895104,8589930496,66023313408,0
199,1727693406233,1548,2499,2569,1920,2567,1798,2099,2824,2043,2499,2499,2499,2499,2000,2499,2499,1934,1728,2820,2819,1990,2818,1901,2500,2100,2509,2000,2499,2500,1880,1290,2577,100,100,0,0,0,0,0,0,0,0,0,100,0,0,0,0,0,100,0,100,0,100,0,0,0,100,0,100,100,0,0,100,260492.9966430664,112505.32806396484,0,404334895104,8589930496,66023313408,0
199,1727693406433,1548,2499,2569,1920,2567,1798,2099,2824,2043,2499,2499,2499,2499,2000,2499,2499,1934,1728,2820,2819,1990,2818,1901,2500,2100,2509,2000,2499,2500,1880,1290,2577,100,100,0,0,0,0,0,0,0,0,0,100,0,0,0,0,4.761904716491699,100,0,100,0,100,0,0,0,100,0,100,100,0,0,100,260495.7525024414,112514.79907226563,0,404334895104,8589930496,66023460864,0
199,1727693406633,1548,2499,2569,1920,2567,1798,2099,2824,2043,2499,2499,2499,2499,2000,2499,2499,1934,1728,2820,2819,1990,2818,1901,2500,2100,2509,2000,2499,2500,1880,1290,2577,100,100,0,0,0,0,0,0,0,0,0,100,0,0,0,0,4.761904716491699,100,0,100,0,100,0,0,0,100,0,100,100,0,0,100,260498.50329589844,112524.27026367188,0,404334895104,8589930496,66023460864,0
199,1727693406833,1548,2499,2569,1920,2567,1798,2099,2824,2043,2499,2499,2499,2499,2000,2499,2499,1934,1728,2820,2819,1990,2818,1901,2500,2100,2509,2000,2499,2500,1880,1290,2577,100,100,0,0,0,0,0,0,0,0,0,100,0,0,0,0,0,100,0,100,0,100,0,0,0,100,0,100,100,0,0,100,260501.28845214844,112533.72644042969,0,404334895104,8589930496,65980715008,0
199,1727693407033,1548,2499,2569,1920,2567,1798,2099,2824,2043,2499,2499,2499,2499,2000,2499,2499,1934,1728,2820,2819,1990,2818,1901,2500,2100,2509,2000,2499,2500,1880,1290,2577,100,100,4.761904716491699,0,0,0,0,0,0,0,0,100,0,0,0,0,0,100,0,100,0,100,0,0,0,100,0,100,100,0,0,100,260504.06579589844,112543.18817138672,0,404334895104,8589930496,66023243776,0
199,1727693407234,1548,2499,2569,1920,2567,1798,2099,2824,2043,2499,2499,2499,2499,2000,2499,2499,1934,1728,2820,2819,1990,2818,1901,2500,2100,2509,2000,2499,2500,1880,1290,2577,100,100,0,0,0,0,0,0,0,0,0,100,4.761904716491699,0,0,0,0,100,0,100,0,100,0,0,0,100,0,100,100,0,0,100,260506.8226928711,112552.65838623047,0,404334895104,8589930496,66023317504,0
199,1727693407434,1548,2499,2569,1920,2567,1798,2099,2824,2043,2499,2499,2499,2499,2000,2499,2499,1934,1728,2820,2819,1990,2818,1901,2500,2100,2509,2000,2499,2500,1880,1290,2577,100,100,0,0,0,0,0,0,0,0,0,100,0,4.761904716491699,0,0,0,100,0,100,0,100,0,0,0,100,0,100,100,0,0,100,260509.56103515625,112562.13055419922,0,404334895104,8589930496,66023317504,0
199,1727693407634,1548,2499,2569,1920,2567,1798,2099,2824,2043,2499,2499,2499,2499,2000,2499,2499,1934,1728,2820,2819,1990,2818,1901,2500,2100,2509,2000,2499,2500,1880,1290,2577,100,100,0,0,0,0,0,0,0,0,0,100,0,0,0,0,0,100,0,100,0,100,0,0,0,100,0,100,100,0,0,100,260512.31658935547,112571.603515625,0,404334895104,8589930496,66023464960,0
199,1727693407834,1548,2499,2569,1920,2567,1798,2099,2824,2043,2499,2499,2499,2499,2000,2499,2499,1934,1728,2820,2819,1990,2818,1901,2500,2100,2509,2000,2499,2500,1880,1290,2577,100,100,0,0,0,0,0,0,0,0,0,100,0,0,0,0,0,100,0,100,0,100,4.761904716491699,0,0,100,0,100,100,0,0,100,260515.1024169922,112581.06970214844,0,404334895104,8589930496,66023464960,0
199,1727693408034,1548,2499,2569,1920,2567,1798,2099,2824,2043,2499,2499,2499,2499,2000,2499,2499,1934,1728,2820,2819,1990,2818,1901,2500,2100,2509,2000,2499,2500,1880,1290,2577,100,100,4.761904716491699,0,0,0,0,0,0,0,0,100,0,0,0,0,0,70,0,100,0,100,0,0,0,100,0,100,100,0,30.000001907348633,100,260517.87823486328,112590.53295898438,0,404334895104,8589930496,66023464960,0
199,1727693408234,1548,2499,2569,1920,2567,1798,2099,2824,2043,2499,2499,2499,2499,2000,2499,2499,1934,1728,2820,2819,1990,2818,1901,2500,2100,2509,2000,2499,2500,1880,1290,2577,100,100,4.761904716491699,0,0,0,0,0,0,0,0,100,0,0,0,0,0,70,0,100,0,100,0,0,0,100,0,100,100,0,30.000001907348633,100,260520.76202392578,112599.9779663086,0,404334895104,8589930496,66023190528,0
199,1727693408434,1548,2499,2569,1920,2567,1798,2099,2824,2043,2499,2499,2499,2499,2000,2499,2499,1934,1728,2820,2819,1990,2818,1901,2500,2100,2509,2000,2499,2500,1880,1290,2577,100,100,0,0,0,0,0,0,0,0,0,100,2.4390242099761963,0,0,0,0,0,0,100,0,100,0,0,0,100,0,100,100,0,100,100,260523.5689086914,112609.4467163086,0,404334895104,8589930496,66022580224,0
199,1727693408634,1548,2499,2569,1920,2567,1798,2099,2824,2043,2499,2499,2499,2499,2000,2499,2499,1934,1728,2820,2819,1990,2818,1901,2500,2100,2509,2000,2499,2500,1880,1290,2577,0,100,0,0,0,0,0,0,100,0,0,100,0,0,0,0,0,0,0,100,0,100,0,0,4.761904716491699,100,0,100,100,0,100,100,260526.35876464844,112618.9067993164,0,404334895104,8589930496,66022653952,0
199,1727693408835,1548,2499,2569,1920,2567,1798,2099,2824,2043,2499,2499,2499,2499,2000,2499,2499,1934,1728,2820,2819,1990,2818,1901,2500,2100,2509,2000,2499,2500,1880,1290,2577,0,100,0,0,0,0,0,0,100,0,0,100,0,0,0,0,0,0,0,100,0,100,0,0,0,100,0,100,100,0,100,100,260529.15460205078,112628.35272216797,0,404334895104,8589930496,66022653952,0
199,1727693409035,1548,2499,2569,1920,2567,1798,2099,2824,2043,2499,2499,2499,2499,2000,2499,2499,1934,1728,2820,2819,1990,2818,1901,2500,2100,2509,2000,2499,2500,1880,1290,2577,0,100,0,0,0,0,0,0,100,0,0,100,0,0,0,0,0,0,0,100,0,100,0,0,0,100,0,100,100,0,100,100,260531.947265625,112637.80694580078,0,404334895104,8589930496,66022801408,0
199,1727693409235,1548,2499,2569,1920,2567,1798,2099,2824,2043,2499,2499,2499,2499,2000,2499,2499,1934,1728,2820,2819,1990,2818,1901,2500,2100,2509,2000,2499,2500,1880,1290,2577,0,100,0,0,0,0,0,0,95.23809814453125,0,5,100,0,0,0,0,0,0,0,100,0,100,0,0,0,100,0,100,100,0,100,100,260534.71185302734,112647.26062011719,0,404334895104,8589930496,66022805504,0
199,1727693409435,1548,2499,2569,1920,2567,1798,2099,2824,2043,2499,2499,2499,2499,2000,2499,2499,1934,1728,2820,2819,1990,2818,1901,2500,2100,2509,2000,2499,2500,1880,1290,2577,100,100,0,0,0,0,0,0,0,0,0,100,0,0,0,0,0,0,0,100,0,100,0,0,0,100,0,100,100,0,100,100,260537.41802978516,112656.67211914063,0,404334895104,8589930496,66022805504,0
199,1727693409635,1548,2499,2569,1920,2567,1798,2099,2824,2043,2499,2499,2499,2499,2000,2499,2499,1934,1728,2820,2819,1990,2818,1901,2500,2100,2509,2000,2499,2500,1880,1290,2577,100,100,0,0,0,0,4.761904716491699,0,0,0,0,100,0,0,0,0,0,0,0,100,0,100,0,0,0,100,0,100,100,0,100,100,260540.26831054688,112666.1675415039,0,404334895104,8589930496,66022547456,0
199,1727693409835,1548,2499,2569,1920,2567,1798,2099,2824,2043,2499,2499,2499,2499,2000,2499,2499,1934,1728,2820,2819,1990,2818,1901,2500,2100,2509,2000,2499,2500,1880,1290,2577,100,100,0,0,0,0,0,0,0,0,4.761904716491699,100,0,0,0,0,0,0,0,100,0,100,0,0,0,100,0,100,100,0,100,100,260543.00213623047,112675.63092041016,0,404334895104,8589930496,66022567936,0
199,1727693410035,1548,2499,2569,1920,2567,1798,2099,2824,2043,2499,2499,2499,2499,2000,2499,2499,1934,1728,2820,2819,1990,2818,1901,2500,2100,2509,2000,2499,2500,1880,1290,2577,100,100,0,0,0,0,0,0,0,0,4.761904716491699,100,0,0,0,0,0,0,0,100,0,100,0,0,0,100,0,100,100,0,100,100,260545.74786376953,112685.0400390625,0,404334895104,8589930496,66022641664,0
199,1727693410236,1548,2499,2569,1920,2567,1798,2099,2824,2043,2499,2499,2499,2499,2000,2499,2499,1934,1728,2820,2819,1990,2818,1901,2500,2100,2509,2000,2499,2500,1880,1290,2577,100,100,0,0,0,0,0,0,0,0,0,100,0,0,0,0,0,0,0,100,0,100,0,0,0,100,0,100,100,0,100,100,260548.49591064453,112694.50402832031,0,404334895104,8589930496,66022789120,0
199,1727693410435,1548,2499,2569,1920,2567,1798,2099,2824,2043,2499,2499,2499,2499,2000,2499,2499,1934,1728,2820,2819,1990,2818,1901,2500,2100,2509,2000,2499,2500,1880,1290,2577,85.71428680419922,100,0,10,0,5,15.789472579956055,0,23.809524536132813,0,0,100,5,5.263157844543457,5,0,10,0,0,100,0,100,5,0,5,100,25,100,100,5,100,100,260551.36712646484,112704.3070678711,0,404334895104,8589930496,66022985728,0
199,1727693410636,1548,2499,2569,1920,2567,1798,2099,2824,2043,2499,2499,2499,2499,2000,2499,2499,1934,1728,2820,2819,1990,2818,1901,2500,2100,2509,2000,2499,2500,1880,1290,2577,0,20,0,0,0,0,0,0,100,80,0,100,0,0,0,0,0,0,0,100,0,100,0,0,0,100,0,100,100,0,100,100,260554.15881347656,112713.794921875,0,404334895104,8589930496,66022985728,0
199,1727693410836,1548,2499,2569,1920,2567,1798,2099,2824,2043,2499,2499,2499,2499,2000,2499,2499,1934,1728,2820,2819,1990,2818,1901,2500,2100,2509,2000,2499,2500,1880,1290,2577,0,20,0,0,0,0,0,0,100,80,0,100,0,0,0,0,0,0,0,100,0,100,0,0,0,100,0,100,100,0,100,100,260557.04412841797,112723.21649169922,0,404334895104,8589930496,66022711296,0
199,1727693411036,1548,2499,2569,1920,2567,1798,2099,2824,2043,2499,2499,2499,2499,2000,2499,2499,1934,1728,2820,2819,1990,2818,1901,2500,2100,2509,2000,2499,2500,1880,1290,2577,100,30.000001907348633,0,0,0,0,0,0,0,71.42857360839844,0,100,0,0,0,0,0,0,0,100,0,100,0,0,0,100,0,100,100,0,100,100,260559.8480834961,112732.67974853516,0,404334895104,8589930496,66022764544,0
199,1727693411236,1548,2499,2569,1920,2567,1798,2099,2824,2043,2499,2499,2499,2499,2000,2499,2499,1934,1728,2820,2819,1990,2818,1901,2500,2100,2509,2000,2499,2500,1880,1290,2577,100,100,0,0,0,0,0,0,0,0,0,100,0,0,0,0,0,0,0,100,0,100,0,0,0,100,0,100,100,0,100,100,260562.65698242188,112742.14050292969,0,404334895104,8589930496,66022838272,0
199,1727693411436,1548,2499,2569,1920,2567,1798,2099,2824,2043,2499,2499,2499,2499,2000,2499,2499,1934,1728,2820,2819,1990,2818,1901,2500,2100,2509,2000,2499,2500,1880,1290,2577,100,100,0,0,0,0,0,0,0,0,0,100,0,0,0,0,0,0,0,100,0,100,0,0,0,100,0,100,100,0,100,100,260565.43170166016,112751.59356689453,0,404334895104,8589930496,66022842368,0
199,1727693411636,1548,2499,2569,1920,2567,1798,2099,2824,2043,2499,2499,2499,2499,2000,2499,2499,1934,1728,2820,2819,1990,2818,1901,2500,2100,2509,2000,2499,2500,1880,1290,2577,100,100,0,0,0,0,0,0,0,0,0,100,0,0,0,0,0,0,0,100,0,100,0,0,0,100,0,100,100,0,100,100,260568.22045898438,112761.06604003906,0,404334895104,8589930496,66022989824,0
199,1727693411836,1548,2499,2569,1920,2567,1798,2099,2824,2043,2499,2499,2499,2499,2000,2499,2499,1934,1728,2820,2819,1990,2818,1901,2500,2100,2509,2000,2499,2500,1880,1290,2577,100,100,0,0,0,0,0,0,0,0,4.761904716491699,100,4.761904716491699,0,0,0,0,0,0,100,0,100,0,0,0,100,0,100,100,0,100,100,260571.01098632813,112770.53399658203,0,404334895104,8589930496,66022989824,0
199,1727693412036,1548,2499,2569,1920,2567,1798,2099,2824,2043,2499,2499,2499,2499,2000,2499,2499,1934,1728,2820,2819,1990,2818,1901,2500,2100,2509,2000,2499,2500,1880,1290,2577,100,100,0,0,0,0,0,0,0,0,0,100,0,0,0,0,0,0,0,100,0,100,0,0,0,100,0,100,100,0,100,100,260573.8226928711,112779.99920654297,0,404334895104,8589930496,66022989824,0
199,1727693412236,1548,2499,2569,1920,2567,1798,2099,2824,2043,2499,2499,2499,2499,2000,2499,2499,1934,1728,2820,2819,1990,2818,1901,2500,2100,2509,2000,2499,2500,1880,1290,2577,100,100,0,0,0,0,0,0,0,0,0,100,0,0,0,0,4.761904716491699,0,0,100,0,100,0,0,0,100,0,100,100,0,100,100,260576.74938964844,112789.42205810547,0,404334895104,8589930496,66022715392,0
199,1727693412437,1548,2499,2569,1920,2567,1798,2099,2824,2043,2499,2499,2499,2499,2000,2499,2499,1934,1728,2820,2819,1990,2818,1901,2500,2100,2509,2000,2499,2500,1880,1290,2577,100,100,0,0,0,0,0,0,0,0,0,100,0,0,0,0,0,0,0,100,0,100,0,0,0,100,0,100,100,0,100,100,260579.55798339844,112798.83654785156,0,404334895104,8589930496,66022768640,0
199,1727693412637,1548,2499,2569,1920,2567,1798,2099,2824,2043,2499,2499,2499,2499,2000,2499,2499,1934,1728,2820,2819,1990,2818,1901,2500,2100,2509,2000,2499,2500,1880,1290,2577,100,100,0,0,0,0,0,0,0,0,0,100,0,0,0,0,0,0,0,100,0,100,0,0,0,100,0,100,100,0,100,100,260582.37524414063,112808.29180908203,0,404334895104,8589930496,66022842368,0
199,1727693412837,1548,2499,2569,1920,2567,1798,2099,2824,2043,2499,2499,2499,2499,2000,2499,2499,1934,1728,2820,2819,1990,2818,1901,2500,2100,2509,2000,2499,2500,1880,1290,2577,100,100,0,0,0,0,0,0,0,0,0,100,0,0,0,0,0,0,0,100,0,100,0,0,0,100,0,100,100,0,100,100,260585.15161132813,112817.72186279297,0,404334895104,8589930496,66022842368,0
199,1727693413037,1548,2499,2569,1920,2567,1798,2099,2824,2043,2499,2499,2499,2499,2000,2499,2499,1934,1728,2820,2819,1990,2818,1901,2500,2100,2509,2000,2499,2500,1880,1290,2577,100,100,0,0,0,0,0,0,0,0,0,100,0,0,0,0,4.761904716491699,0,0,100,0,100,0,0,0,100,0,100,100,0,100,100,260587.88470458984,112827.18524169922,0,404334895104,8589930496,66022989824,0
199,1727693413237,1548,2499,2569,1920,2567,1798,2099,2824,2043,2499,2499,2499,2499,2000,2499,2499,1934,1728,2820,2819,1990,2818,1901,2500,2100,2509,2000,2499,2500,1880,1290,2577,100,100,0,0,0,0,0,0,0,0,0,100,0,0,0,0,4.761904716491699,0,0,100,0,100,0,0,0,100,0,100,100,0,100,100,260590.62139892578,112836.65435791016,0,404334895104,8589930496,66022989824,0
199,1727693413437,1548,2499,2569,1920,2567,1798,2099,2824,2043,2499,2499,2499,2499,2000,2499,2499,1934,1728,2820,2819,1990,2818,1901,2500,2100,2509,2000,2499,2500,1880,1290,2577,100,100,0,0,0,0,0,0,0,0,0,100,0,0,0,0,0,0,0,100,0,100,0,0,0,100,0,100,100,0,100,100,260593.41259765625,112846.10229492188,0,404334895104,8589930496,65964544000,0
199,1727693413637,1548,2499,2569,1920,2567,1798,2099,2824,2043,2499,2499,2499,2499,2000,2499,2499,1934,1728,2820,2819,1990,2818,1901,2500,2100,2509,2000,2499,2500,1880,1290,2577,100,100,0,0,0,0,0,0,0,0,0,100,0,0,0,0,0,0,0,100,0,100,0,0,0,100,0,100,100,0,100,100,260596.25396728516,112855.52947998047,0,404334895104,8589930496,66022731776,0
199,1727693413837,1548,2499,2569,1920,2567,1798,2099,2824,2043,2499,2499,2499,2499,2000,2499,2499,1934,1728,2820,2819,1990,2818,1901,2500,2100,2509,2000,2499,2500,1880,1290,2577,100,100,0,0,0,0,0,0,0,0,0,100,0,0,0,0,0,0,0,100,0,100,0,0,0,100,0,100,100,0,100,100,260599.00805664063,112864.98132324219,0,404334895104,8589930496,66022846464,0
199,1727693414037,1548,2499,2569,1920,2567,1798,2099,2824,2043,2499,2499,2499,2499,2000,2499,2499,1934,1728,2820,2819,1990,2818,1901,2500,2100,2509,2000,2499,2500,1880,1290,2577,100,100,0,0,0,0,0,0,0,0,0,100,0,4.761904716491699,0,0,4.761904716491699,0,0,100,0,100,0,0,4.761904716491699,100,0,100,100,0,100,100,260601.7739868164,112874.45635986328,0,404334895104,8589930496,66022846464,0
199,1727693414237,1548,2499,2569,1920,2567,1798,2099,2824,2043,2499,2499,2499,2499,2000,2499,2499,1934,1728,2820,2819,1990,2818,1901,2500,2100,2509,2000,2499,2500,1880,1290,2577,100,100,0,0,0,0,0,0,0,0,0,100,0,0,0,0,0,0,0,100,0,100,0,0,0,100,0,100,100,0,100,100,260604.51385498047,112883.90600585938,0,404334895104,8589930496,66022993920,0
199,1727693414438,1548,2499,2569,1920,2567,1798,2099,2824,2043,2499,2499,2499,2499,2000,2499,2499,1934,1728,2820,2819,1990,2818,1901,2500,2100,2509,2000,2499,2500,1880,1290,2577,100,100,0,0,0,0,0,0,0,0,0,100,0,0,0,0,0,0,0,100,0,100,0,0,0,100,0,100,100,0,100,100,260607.22918701172,112893.35620117188,0,404334895104,8589930496,66022993920,0
199,1727693414638,1548,2499,2569,1920,2567,1798,2099,2824,2043,2499,2499,2499,2499,2000,2499,2499,1934,1728,2820,2819,1990,2818,1901,2500,2100,2509,2000,2499,2500,1880,1290,2577,100,100,0,0,0,0,0,0,0,0,0,100,4.761904716491699,0,0,0,0,0,0,100,0,100,0,0,0,100,0,100,100,0,100,100,260609.95178222656,112902.8002319336,0,404334895104,8589930496,66022993920,0
199,1727693414838,1548,2499,2569,1920,2567,1798,2099,2824,2043,2499,2499,2499,2499,2000,2499,2499,1934,1728,2820,2819,1990,2818,1901,2500,2100,2509,2000,2499,2500,1880,1290,2577,100,100,0,0,0,0,0,0,0,0,0,100,0,0,0,0,0,0,0,100,0,100,0,0,0,100,0,100,100,0,100,100,260612.7264404297,112912.23028564453,0,404334895104,8589930496,66022707200,0
199,1727693415038,1548,2499,2569,1920,2567,1798,2099,2824,2043,2499,2499,2499,2499,2000,2499,2499,1934,1728,2820,2819,1990,2818,1901,2500,2100,2509,2000,2499,2500,1880,1290,2577,100,100,0,0,0,0,0,0,0,0,0,100,0,0,0,0,0,0,0,100,0,100,0,0,0,100,0,100,100,0,100,100,260615.4727783203,112921.67626953125,0,404334895104,8589930496,66022760448,0
199,1727693415238,1548,2499,2569,1920,2567,1798,2099,2824,2043,2499,2499,2499,2499,2000,2499,2499,1934,1728,2820,2819,1990,2818,1901,2500,2100,2509,2000,2499,2500,1880,1290,2577,100,100,0,0,0,0,0,0,0,0,0,100,0,0,0,0,0,0,0,100,0,100,2.4390242099761963,0,0,100,0,100,100,0,100,100,260618.24334716797,112931.15112304688,0,404334895104,8589930496,66022834176,0
199,1727693415438,1548,2499,2569,1920,2567,1798,2099,2824,2043,2499,2499,2499,2499,2000,2499,2499,1934,1728,2820,2819,1990,2818,1901,2500,2100,2509,2000,2499,2500,1880,1290,2577,100,100,0,0,0,0,0,0,0,0,0,100,0,0,0,0,0,0,0,100,0,100,2.4390242099761963,0,0,100,0,100,100,0,100,100,260621.02124023438,112940.60437011719,0,404334895104,8589930496,66023206912,0
199,1727693415638,1548,2499,2569,1920,2567,1798,2099,2824,2043,2499,2499,2499,2499,2000,2499,2499,1934,1728,2820,2819,1990,2818,1901,2500,2100,2509,2000,2499,2500,1880,1290,2577,40,100,0,10,0,0,4.878048419952393,0,58.974361419677734,2.5,0,100,0,0,0,0,0,2.5,0,100,0,100,0,2.4390242099761963,0,100,5,100,100,5,100,100,260623.80462646484,112950.1435546875,0,404334895104,8589930496,66023264256,0
199,1727693415838,1548,2499,2569,1920,2567,1798,2099,2824,2043,2499,2499,2499,2499,2000,2499,2499,1934,1728,2820,2819,1990,2818,1901,2500,2100,2509,2000,2499,2500,1880,1290,2577,40,100,0,10,0,0,4.878048419952393,0,58.974361419677734,2.5,0,100,0,0,0,0,0,2.5,0,100,0,100,0,2.4390242099761963,0,100,5,100,100,5,100,100,260626.5903930664,112959.5863647461,0,404334895104,8589930496,66023264256,0
199,1727693416039,1548,2499,2569,1920,2567,1798,2099,2824,2043,2499,2499,2499,2499,2000,2499,2499,1934,1728,2820,2819,1990,2818,1901,2500,2100,2509,2000,2499,2500,1880,1290,2577,0,100,0,0,0,0,0,0,100,0,4.761904716491699,100,0,4.761904716491699,0,0,0,30.000001907348633,0,100,0,100,0,0,0,100,0,100,100,0,70,100,260629.34564208984,112969.03771972656,0,404334895104,8589930496,66023268352,0
199,1727693416239,1548,2499,2569,1920,2567,1798,2099,2824,2043,2499,2499,2499,2499,2000,2499,2499,1934,1728,2820,2819,1990,2818,1901,2500,2100,2509,2000,2499,2500,1880,1290,2577,0,100,0,0,0,0,0,0,100,0,0,100,0,0,0,0,4.761904716491699,100,0,100,0,100,0,0,0,100,0,100,100,0,0,100,260632.216796875,112978.43530273438,0,404334895104,8589930496,66023010304,0
199,1727693416439,1548,2499,2569,1920,2567,1798,2099,2824,2043,2499,2499,2499,2499,2000,2499,2499,1934,1728,2820,2819,1990,2818,1901,2500,2100,2509,2000,2499,2500,1880,1290,2577,0,100,0,0,0,0,0,0,100,0,4.761904716491699,100,0,0,0,0,0,100,0,100,0,100,0,0,0,100,0,100,100,0,0,100,260634.99768066406,112987.87823486328,0,404334895104,8589930496,66023047168,0
199,1727693416639,1548,2499,2569,1920,2567,1798,2099,2824,2043,2499,2499,2499,2499,2000,2499,2499,1934,1728,2820,2819,1990,2818,1901,2500,2100,2509,2000,2499,2500,1880,1290,2577,0,100,0,0,0,0,0,0,100,0,0,100,0,0,0,0,0,100,0,100,0,100,0,0,0,100,0,100,100,0,0,100,260637.74682617188,112997.29760742188,0,404334895104,8589930496,66023120896,0
199,1727693416839,1548,2499,2569,1920,2567,1798,2099,2824,2043,2499,2499,2499,2499,2000,2499,2499,1934,1728,2820,2819,1990,2818,1901,2500,2100,2509,2000,2499,2500,1880,1290,2577,0,100,0,0,0,0,0,0,100,0,5,100,0,0,0,0,0,100,0,100,0,100,0,0,0,100,0,100,100,0,0,100,260640.46551513672,113006.7455444336,0,404334895104,8589930496,66023268352,0
199,1727693417039,1548,2499,2569,1920,2567,1798,2099,2824,2043,2499,2499,2499,2499,2000,2499,2499,1934,1728,2820,2819,1990,2818,1901,2500,2100,2509,2000,2499,2500,1880,1290,2577,0,100,0,0,0,0,0,0,100,0,4.761904716491699,100,0,0,0,0,0,70,0,100,0,100,0,0,0,100,0,100,100,0,33.333335876464844,100,260643.22039794922,113016.18389892578,0,404334895104,8589930496,66023268352,0
199,1727693417239,1548,2499,2569,1920,2567,1798,2099,2824,2043,2499,2499,2499,2499,2000,2499,2499,1934,1728,2820,2819,1990,2818,1901,2500,2100,2509,2000,2499,2500,1880,1290,2577,0,100,0,0,0,0,0,0,100,0,0,100,0,0,0,0,0,0,0,100,0,100,0,0,0,100,0,100,100,0,100,100,260645.9867553711,113025.64373779297,0,404334895104,8589930496,66023272448,0
199,1727693417439,1548,2499,2569,1920,2567,1798,2099,2824,2043,2499,2499,2499,2499,2000,2499,2499,1934,1728,2820,2819,1990,2818,1901,2500,2100,2509,2000,2499,2500,1880,1290,2577,0,72.7272720336914,0,0,0,0,0,0,100,25,0,100,0,0,0,0,0,0,0,100,0,100,0,0,0,100,0,100,100,0,100,100,260648.84448242188,113035.0913696289,0,404334895104,8589930496,66022998016,0
199,1727693417640,1548,2499,2569,1920,2567,1798,2099,2824,2043,2499,2499,2499,2499,2000,2499,2499,1934,1728,2820,2819,1990,2818,1901,2500,2100,2509,2000,2499,2500,1880,1290,2577,0,0,0,0,0,0,0,0,100,100,0,100,0,4.761904716491699,0,0,0,0,0,100,0,100,0,0,0,100,0,100,100,0,100,100,260651.56811523438,113044.47741699219,0,404334895104,8589930496,66023051264,0
199,1727693417840,1548,2499,2569,1920,2567,1798,2099,2824,2043,2499,2499,2499,2499,2000,2499,2499,1934,1728,2820,2819,1990,2818,1901,2500,2100,2509,2000,2499,2500,1880,1290,2577,0,0,0,0,0,0,0,0,100,100,0,100,0,0,0,0,0,0,0,100,0,100,0,0,0,100,0,100,100,0,100,100,260654.30499267578,113053.9214477539,0,404334895104,8589930496,66023124992,0
199,1727693418040,1548,2499,2569,1920,2567,1798,2099,2824,2043,2499,2499,2499,2499,2000,2499,2499,1934,1728,2820,2819,1990,2818,1901,2500,2100,2509,2000,2499,2500,1880,1290,2577,0,0,0,0,0,0,0,0,100,100,0,100,0,0,0,0,0,0,0,100,0,100,0,0,0,100,0,100,100,0,100,100,260657.0189819336,113063.3861694336,0,404334895104,8589930496,66023124992,0
199,1727693418240,1548,2499,2569,1920,2567,1798,2099,2824,2043,2499,2499,2499,2499,2000,2499,2499,1934,1728,2820,2819,1990,2818,1901,2500,2100,2509,2000,2499,2500,1880,1290,2577,0,0,0,0,0,0,0,0,100,100,0,100,0,0,0,0,0,0,0,100,0,100,0,0,0,100,0,100,100,0,100,100,260659.74969482422,113072.85485839844,0,404334895104,8589930496,66023272448,0
199,1727693418440,1548,2499,2569,1920,2567,1798,2099,2824,2043,2499,2499,2499,2499,2000,2499,2499,1934,1728,2820,2819,1990,2818,1901,2500,2100,2509,2000,2499,2500,1880,1290,2577,0,55,0,0,0,0,0,0,100,45,0,100,0,0,30.000001907348633,0,0,0,0,100,0,100,0,0,0,100,0,70,100,0,100,100,260662.50610351563,113082.30517578125,0,404334895104,8589930496,66023276544,0
199,1727693418640,1548,2499,2569,1920,2567,1798,2099,2824,2043,2499,2499,2499,2499,2000,2499,2499,1934,1728,2820,2819,1990,2818,1901,2500,2100,2509,2000,2499,2500,1880,1290,2577,0,100,0,0,0,0,0,0,100,0,0,100,0,0,100,0,0,0,0,100,0,100,0,0,0,100,0,0,100,0,100,100,260665.27117919922,113091.76556396484,0,404334895104,8589930496,66023276544,0
199,1727693418840,1548,2499,2569,1920,2567,1798,2099,2824,2043,2499,2499,2499,2499,2000,2499,2499,1934,1728,2820,2819,1990,2818,1901,2500,2100,2509,2000,2499,2500,1880,1290,2577,0,100,0,0,0,0,0,0,100,0,0,100,0,0,100,0,0,0,0,100,0,100,0,0,0,100,0,0,100,0,100,100,260668.0869140625,113101.16143798828,0,404334895104,8589930496,66023018496,0
199,1727693419040,1548,2499,2569,1920,2567,1798,2099,2824,2043,2499,2499,2499,2499,2000,2499,2499,1934,1728,2820,2819,1990,2818,1901,2500,2100,2509,2000,2499,2500,1880,1290,2577,0,100,0,0,0,0,0,0,100,0,0,100,0,4.761904716491699,100,0,0,0,0,100,0,100,0,0,0,100,0,0,100,0,100,100,260670.86883544922,113110.61260986328,0,404334895104,8589930496,66023055360,0
199,1727693419241,1548,2499,2569,1920,2567,1798,2099,2824,2043,2499,2499,2499,2499,2000,2499,2499,1934,1728,2820,2819,1990,2818,1901,2500,2100,2509,2000,2499,2500,1880,1290,2577,0,52.6315803527832,0,0,0,0,0,0,100,45,0,100,0,0,100,0,0,0,0,100,0,100,0,0,0,100,0,0,100,0,100,100,260673.63891601563,113120.0556640625,0,404334895104,8589930496,66023129088,0
199,1727693419441,1548,2499,2569,1920,2567,1798,2099,2824,2043,2499,2499,2499,2499,2000,2499,2499,1934,1728,2820,2819,1990,2818,1901,2500,2100,2509,2000,2499,2500,1880,1290,2577,0,0,0,0,0,0,0,0,100,100,0,100,0,0,100,0,4.761904716491699,0,0,100,0,100,0,0,0,100,0,0,100,0,100,100,260676.3819580078,113129.5068359375,0,404334895104,8589930496,66023276544,0
199,1727693419641,1548,2499,2569,1920,2567,1798,2099,2824,2043,2499,2499,2499,2499,2000,2499,2499,1934,1728,2820,2819,1990,2818,1901,2500,2100,2509,2000,2499,2500,1880,1290,2577,0,0,0,0,0,0,0,0,100,100,0,100,0,0,100,0,0,0,0,100,0,100,0,0,0,100,0,0,100,0,100,100,260679.06127929688,113138.97650146484,0,404334895104,8589930496,66023276544,0
199,1727693419841,1548,2499,2569,1920,2567,1798,2099,2824,2043,2499,2499,2499,2499,2000,2499,2499,1934,1728,2820,2819,1990,2818,1901,2500,2100,2509,2000,2499,2500,1880,1290,2577,0,0,0,0,0,4.761904716491699,0,0,100,100,0,100,0,0,40,0,0,0,0,100,0,100,0,0,0,100,0,60.000003814697266,100,0,100,100,260681.74291992188,113148.42474365234,0,404334895104,8589930496,66023276544,0
199,1727693420041,1548,2499,2569,1920,2567,1798,2099,2824,2043,2499,2499,2499,2499,2000,2499,2499,1934,1728,2820,2819,1990,2818,1901,2500,2100,2509,2000,2499,2500,1880,1290,2577,0,0,0,0,0,0,0,0,100,100,0,100,0,0,0,0,0,0,0,100,0,100,0,0,0,100,0,100,100,0,100,100,260684.55517578125,113157.83953857422,0,404334895104,8589930496,66018172928,0
199,1727693420241,1548,2499,2569,1920,2567,1798,2099,2824,2043,2499,2499,2499,2499,2000,2499,2499,1934,1728,2820,2819,1990,2818,1901,2500,2100,2509,2000,2499,2500,1880,1290,2577,0,0,0,0,0,0,0,0,100,100,0,100,0,0,0,0,0,0,0,100,0,100,0,0,0,100,0,100,100,0,100,100,260687.3212890625,113167.3099975586,0,404334895104,8589930496,66023043072,0
199,1727693420441,1548,2499,2569,1920,2567,1798,2099,2824,2043,2499,2499,2499,2499,2000,2499,2499,1934,1728,2820,2819,1990,2818,1901,2500,2100,2509,2000,2499,2500,1880,1290,2577,0,0,0,0,0,0,0,0,100,100,0,100,0,0,0,0,0,0,0,100,2.4390242099761963,100,0,0,0,100,0,100,100,0,100,100,260690.04260253906,113176.78436279297,0,404334895104,8589930496,66023116800,0
199,1727693420641,1548,2499,2569,1920,2567,1798,2099,2824,2043,2499,2499,2499,2499,2000,2499,2499,1934,1728,2820,2819,1990,2818,1901,2500,2100,2509,2000,2499,2500,1880,1290,2577,0,10,0,5.555555820465088,0,5.263157844543457,4.761904716491699,4.761904716491699,100,94.73684692382813,5,100,0,0,4.761904716491699,4.761904716491699,5,27.272727966308594,0,100,5,100,5,0,15.000000953674316,100,15.789472579956055,100,100,10,100,100,260692.79278564453,113186.49841308594,0,404334895104,8589930496,66023149568,0
199,1727693420842,1548,2499,2569,1920,2567,1798,2099,2824,2043,2499,2499,2499,2499,2000,2499,2499,1934,1728,2820,2819,1990,2818,1901,2500,2100,2509,2000,2499,2500,1880,1290,2577,0,10,0,5.555555820465088,0,5.263157844543457,4.761904716491699,4.761904716491699,100,94.73684692382813,5,100,0,0,4.761904716491699,4.761904716491699,5,27.272727966308594,0,100,5,100,5,0,15.000000953674316,100,15.789472579956055,100,100,10,100,100,260695.47033691406,113195.96563720703,0,404334895104,8589930496,66023301120,0
199,1727693421042,1548,2499,2569,1920,2567,1798,2099,2824,2043,2499,2499,2499,2499,2000,2499,2499,1934,1728,2820,2819,1990,2818,1901,2500,2100,2509,2000,2499,2500,1880,1290,2577,0,0,0,0,0,0,0,0,100,100,0,100,2.4390242099761963,0,0,0,0,15.384615898132324,0,100,0,100,0,0,0,100,0,100,100,0,84.61538696289063,100,260698.16424560547,113205.42108154297,0,404334895104,8589930496,66023301120,0
199,1727693421242,1548,2499,2569,1920,2567,1798,2099,2824,2043,2499,2499,2499,2499,2000,2499,2499,1934,1728,2820,2819,1990,2818,1901,2500,2100,2509,2000,2499,2500,1880,1290,2577,0,0,0,0,0,0,0,0,100,100,0,100,0,4.761904716491699,0,0,0,100,0,100,0,100,0,0,0,100,0,100,100,0,0,100,260700.85485839844,113214.87292480469,0,404334895104,8589930496,66023301120,0
199,1727693421442,1548,2499,2569,1920,2567,1798,2099,2824,2043,2499,2499,2499,2499,2000,2499,2499,1934,1728,2820,2819,1990,2818,1901,2500,2100,2509,2000,2499,2500,1880,1290,2577,0,0,0,0,0,0,0,0,100,100,0,100,0,0,0,0,0,100,0,100,0,100,0,0,0,100,0,100,100,0,0,100,260703.6273803711,113224.26574707031,0,404334895104,8589930496,66023026688,0
199,1727693421642,1548,2499,2569,1920,2567,1798,2099,2824,2043,2499,2499,2499,2499,2000,2499,2499,1934,1728,2820,2819,1990,2818,1901,2500,2100,2509,2000,2499,2500,1880,1290,2577,0,0,0,0,0,0,0,0,100,100,0,100,0,0,0,0,0,100,0,100,0,100,0,0,0,100,0,100,100,0,0,100,260706.33544921875,113233.71704101563,0,404334895104,8589930496,66023079936,0
199,1727693421842,1548,2499,2569,1920,2567,1798,2099,2824,2043,2499,2499,2499,2499,2000,2499,2499,1934,1728,2820,2819,1990,2818,1901,2500,2100,2509,2000,2499,2500,1880,1290,2577,0,0,0,0,0,0,0,0,100,100,0,100,0,0,0,0,0,100,0,100,0,100,0,0,0,100,0,100,100,0,0,100,260709.07153320313,113243.15625,0,404334895104,8589930496,66023153664,0
199,1727693422042,1548,2499,2569,1920,2567,1798,2099,2824,2043,2499,2499,2499,2499,2000,2499,2499,1934,1728,2820,2819,1990,2818,1901,2500,2100,2509,2000,2499,2500,1880,1290,2577,0,0,0,0,0,0,0,0,100,100,0,100,0,0,0,0,0,100,0,100,0,100,0,0,0,100,0,100,100,4.761904716491699,0,100,260711.8178100586,113252.58312988281,0,404334895104,8589930496,66023153664,0
199,1727693422243,1548,2499,2569,1920,2567,1798,2099,2824,2043,2499,2499,2499,2499,2000,2499,2499,1934,1728,2820,2819,1990,2818,1901,2500,2100,2509,2000,2499,2500,1880,1290,2577,0,0,0,0,0,0,0,0,100,100,0,100,0,0,0,0,0,100,0,100,0,100,0,0,0,100,0,100,100,0,0,100,260714.59106445313,113262.03771972656,0,404334895104,8589930496,66023301120,0
199,1727693422443,1548,2499,2569,1920,2567,1798,2099,2824,2043,2499,2499,2499,2499,2000,2499,2499,1934,1728,2820,2819,1990,2818,1901,2500,2100,2509,2000,2499,2500,1880,1290,2577,80,0,0,0,0,0,0,0,20,100,0,100,0,0,30.000001907348633,0,0,100,0,100,0,100,0,0,0,100,0,66.66667175292969,100,0,0,100,260717.35040283203,113271.44696044922,0,404334895104,8589930496,66023301120,0
199,1727693422643,1548,2499,2569,1920,2567,1798,2099,2824,2043,2499,2499,2499,2499,2000,2499,2499,1934,1728,2820,2819,1990,2818,1901,2500,2100,2509,2000,2499,2500,1880,1290,2577,100,0,0,0,0,0,0,0,0,100,9.090909004211426,100,0,4.761904716491699,100,0,0,100,0,100,0,100,0,0,0,100,0,0,100,0,0,100,260720.09118652344,113280.91809082031,0,404334895104,8589930496,65960194048,0
199,1727693422843,1548,2499,2569,1920,2567,1798,2099,2824,2043,2499,2499,2499,2499,2000,2499,2499,1934,1728,2820,2819,1990,2818,1901,2500,2100,2509,2000,2499,2500,1880,1290,2577,100,0,0,0,0,4.761904716491699,0,0,0,100,0,100,0,0,100,0,0,100,0,100,0,100,0,0,0,100,0,0,100,0,0,100,260722.9564819336,113290.41027832031,0,404334895104,8589930496,66023047168,0
199,1727693423043,1548,2499,2569,1920,2567,1798,2099,2824,2043,2499,2499,2499,2499,2000,2499,2499,1934,1728,2820,2819,1990,2818,1901,2500,2100,2509,2000,2499,2500,1880,1290,2577,100,0,0,0,0,0,0,0,0,100,0,100,0,0,100,0,0,66.66667175292969,0,100,0,100,0,0,0,100,0,0,100,0,35,100,260725.71466064453,113299.88397216797,0,404334895104,8589930496,66023157760,0
199,1727693423243,1548,2499,2569,1920,2567,1798,2099,2824,2043,2499,2499,2499,2499,2000,2499,2499,1934,1728,2820,2819,1990,2818,1901,2500,2100,2509,2000,2499,2500,1880,1290,2577,100,0,0,0,0,0,0,0,0,100,0,100,0,0,100,0,0,66.66667175292969,0,100,0,100,0,0,0,100,0,0,100,0,35,100,260728.44396972656,113309.30194091797,0,404334895104,8589930496,66023157760,0
199,1727693423443,1548,2499,2569,1920,2567,1798,2099,2824,2043,2499,2499,2499,2499,2000,2499,2499,1934,1728,2820,2819,1990,2818,1901,2500,2100,2509,2000,2499,2500,1880,1290,2577,100,57.5,0,0,0,0,0,0,0,41.46341323852539,2.4390242099761963,100,0,0,100,0,0,0,0,100,0,100,0,0,0,100,0,0,100,0,100,100,260731.15991210938,113318.76416015625,0,404334895104,8589930496,66023305216,0
199,1727693423643,1548,2499,2569,1920,2567,1798,2099,2824,2043,2499,2499,2499,2499,2000,2499,2499,1934,1728,2820,2819,1990,2818,1901,2500,2100,2509,2000,2499,2500,1880,1290,2577,100,100,0,0,0,5,0,0,0,0,0,100,0,5,100,0,0,0,0,100,5,100,4.761904716491699,0,4.761904716491699,100,5,0,100,0,100,100,260733.87438964844,113328.27166748047,0,404334895104,8589930496,65988046848,0
199,1727693423843,1548,2499,2569,1920,2567,1798,2099,2824,2043,2499,2499,2499,2499,2000,2499,2499,1934,1728,2820,2819,1990,2818,1901,2500,2100,2509,2000,2499,2500,1880,1290,2577,100,100,0,0,0,5,0,0,0,0,0,100,0,5,100,0,0,0,0,100,5,100,4.761904716491699,0,4.761904716491699,100,5,0,100,0,100,100,260736.66180419922,113337.90454101563,0,404334895104,8589930496,65990254592,0
199,1727693424043,1548,2499,2569,1920,2567,1798,2099,2824,2043,2499,2499,2499,2499,2000,2499,2499,1934,1728,2820,2819,1990,2818,1901,2500,2100,2509,2000,2499,2500,1880,1290,2577,100,100,0,2.5,0,0,2.5,2.4390242099761963,0,0,2.5,100,0,0,100,2.5,0,0,0,100,0,100,0,2.5,2.5,100,0,0,100,0,100,100,260739.4585571289,113347.44757080078,0,404334895104,8589930496,65989951488,0
199,1727693424243,1548,2499,2569,1920,2567,1798,2099,2824,2043,2499,2499,2499,2499,2000,2499,2499,1934,1728,2820,2819,1990,2818,1901,2500,2100,2509,2000,2499,2500,1880,1290,2577,100,100,0,5,0,4.761904716491699,5,0,0,0,0,100,9.523809432983398,10.526315689086914,100,5.263157844543457,0,0,0,100,0,100,0,0,0,100,0,0,100,0,100,100,260742.21911621094,113357.01794433594,0,404334895104,8589930496,65990606848,0
199,1727693424444,1548,2499,2569,1920,2567,1798,2099,2824,2043,2499,2499,2499,2499,2000,2499,2499,1934,1728,2820,2819,1990,2818,1901,2500,2100,2509,2000,2499,2500,1880,1290,2577,90,100,0,5.263157844543457,0,5,0,0,10,5.263157844543457,4.761904716491699,100,0,0,100,0,10,0,0,100,5,100,5,0,4.761904716491699,100,0,0,100,0,100,100,260745.02728271484,113366.66595458984,0,404334895104,8589930496,65991159808,0
199,1727693424644,1548,2499,2569,1920,2567,1798,2099,2824,2043,2499,2499,2499,2499,2000,2499,2499,1934,1728,2820,2819,1990,2818,1901,2500,2100,2509,2000,2499,2500,1880,1290,2577,90,100,0,5.263157844543457,0,5,0,0,10,5.263157844543457,4.761904716491699,100,0,0,100,0,10,0,0,100,5,100,5,0,4.761904716491699,100,0,0,100,0,100,100,260747.7596435547,113376.07092285156,0,404334895104,8589930496,65991159808,0
199,1727693424844,1548,2499,2569,1920,2567,1798,2099,2824,2043,2499,2499,2499,2499,2000,2499,2499,1934,1728,2820,2819,1990,2818,1901,2500,2100,2509,2000,2499,2500,1880,1290,2577,0,100,0,5,0,2.5,2.5,2.4390242099761963,100,5,0,100,0,0,100,0,5.128205299377441,0,0,100,2.5641026496887207,100,0,0,0,100,0,0,100,0,100,100,260750.48474121094,113385.56042480469,0,404334895104,8589930496,65991548928,0
199,1727693425044,1548,2499,2569,1920,2567,1798,2099,2824,2043,2499,2499,2499,2499,2000,2499,2499,1934,1728,2820,2819,1990,2818,1901,2500,2100,2509,2000,2499,2500,1880,1290,2577,0,100,0,5,0,2.5,2.5,2.4390242099761963,100,5,0,100,0,0,100,0,5.128205299377441,0,0,100,2.5641026496887207,100,0,0,0,100,0,0,100,0,100,100,260753.2144165039,113395.01153564453,0,404334895104,8589930496,65991950336,0
199,1727693425244,1548,2499,2569,1920,2567,1798,2099,2824,2043,2499,2499,2499,2499,2000,2499,2499,1934,1728,2820,2819,1990,2818,1901,2500,2100,2509,2000,2499,2500,1880,1290,2577,0,100,0,0,0,0,0,0,100,0,0,100,0,0,100,0,0,28.205129623413086,0,100,0,100,0,0,0,100,0,0,100,0,72.5,100,260755.94366455078,113404.4779663086,0,404334895104,8589930496,65991950336,0
199,1727693425444,1548,2499,2569,1920,2567,1798,2099,2824,2043,2499,2499,2499,2499,2000,2499,2499,1934,1728,2820,2819,1990,2818,1901,2500,2100,2509,2000,2499,2500,1880,1290,2577,0,100,0,0,0,0,0,0,100,0,0,100,0,0,100,0,0,100,0,100,0,100,0,0,0,100,0,0,100,0,0,100,260758.77124023438,113413.88018798828,0,404334895104,8589930496,65991692288,0
199,1727693425644,1548,2499,2569,1920,2567,1798,2099,2824,2043,2499,2499,2499,2499,2000,2499,2499,1934,1728,2820,2819,1990,2818,1901,2500,2100,2509,2000,2499,2500,1880,1290,2577,0,100,0,0,0,0,0,0,100,0,0,100,0,0,100,0,0,100,0,100,0,100,0,0,0,100,0,0,100,0,0,100,260761.52197265625,113423.34582519531,0,404334895104,8589930496,65991794688,0
199,1727693425845,1548,2499,2569,1920,2567,1798,2099,2824,2043,2499,2499,2499,2499,2000,2499,2499,1934,1728,2820,2819,1990,2818,1901,2500,2100,2509,2000,2499,2500,1880,1290,2577,0,100,0,4.878048419952393,2.5,0,0,0,100,2.4390242099761963,2.5,100,0,0,100,0,2.5,100,0,100,2.5,100,5.263157844543457,0,2.5,100,2.5,0,100,0,0,100,260764.2543334961,113432.85070800781,0,404334895104,8589930496,65991868416,0
199,1727693426045,1548,2499,2569,1920,2567,1798,2099,2824,2043,2499,2499,2499,2499,2000,2499,2499,1934,1728,2820,2819,1990,2818,1901,2500,2100,2509,2000,2499,2500,1880,1290,2577,0,100,0,0,0,0,0,0,100,0,0,100,0,0,100,0,0,100,0,100,0,100,0,0,0,100,0,0,100,0,0,100,260766.96423339844,113442.32580566406,0,404334895104,8589930496,65992155136,0
199,1727693426245,1548,2499,2569,1920,2567,1798,2099,2824,2043,2499,2499,2499,2499,2000,2499,2499,1934,1728,2820,2819,1990,2818,1901,2500,2100,2509,2000,2499,2500,1880,1290,2577,0,100,0,0,0,0,0,0,100,0,0,100,0,0,100,0,0,100,0,100,0,100,0,0,0,100,0,0,100,0,0,100,260769.65563964844,113451.75372314453,0,404334895104,8589930496,65992155136,0
199,1727693426445,1548,2499,2569,1920,2567,1798,2099,2824,2043,2499,2499,2499,2499,2000,2499,2499,1934,1728,2820,2819,1990,2818,1901,2500,2100,2509,2000,2499,2500,1880,1290,2577,0,100,0,0,0,0,0,0,100,0,0,100,0,0,100,0,0,100,0,100,0,100,0,0,0,100,4.761904716491699,0,100,0,0,100,260772.38470458984,113461.22778320313,0,404334895104,8589930496,65992294400,0
199,1727693426645,1548,2499,2569,1920,2567,1798,2099,2824,2043,2499,2499,2499,2499,2000,2499,2499,1934,1728,2820,2819,1990,2818,1901,2500,2100,2509,2000,2499,2500,1880,1290,2577,0,100,0,0,0,0,0,0,100,0,0,100,0,0,100,0,0,100,0,100,0,100,0,0,0,100,0,0,100,0,0,100,260775.12463378906,113470.67224121094,0,404334895104,8589930496,65967476736,0
199,1727693426845,1548,2499,2569,1920,2567,1798,2099,2824,2043,2499,2499,2499,2499,2000,2499,2499,1934,1728,2820,2819,1990,2818,1901,2500,2100,2509,2000,2499,2500,1880,1290,2577,0,100,0,0,0,4.761904716491699,0,0,100,0,0,100,0,0,100,0,0,100,0,100,0,100,0,0,0,100,0,0,100,0,0,100,260777.8355102539,113480.14172363281,0,404334895104,8589930496,65992073216,0
199,1727693427045,1548,2499,2569,1920,2567,1798,2099,2824,2043,2499,2499,2499,2499,2000,2499,2499,1934,1728,2820,2819,1990,2818,1901,2500,2100,2509,2000,2499,2500,1880,1290,2577,0,100,0,0,0,0,0,9.090909004211426,100,0,0,100,0,0,100,0,0,100,0,100,0,100,0,0,0,100,0,0,100,0,0,100,260780.55438232422,113489.62127685547,0,404334895104,8589930496,65992298496,0
199,1727693427246,1548,2499,2569,1920,2567,1798,2099,2824,2043,2499,2499,2499,2499,2000,2499,2499,1934,1728,2820,2819,1990,2818,1901,2500,2100,2509,2000,2499,2500,1880,1290,2577,0,100,0,0,0,0,0,0,100,0,0,100,0,0,100,0,0,100,0,100,0,100,0,0,0,100,0,0,100,0,0,100,260783.24938964844,113499.10650634766,0,404334895104,8589930496,65992298496,0
199,1727693427446,1548,2499,2569,1920,2567,1798,2099,2824,2043,2499,2499,2499,2499,2000,2499,2499,1934,1728,2820,2819,1990,2818,1901,2500,2100,2509,2000,2499,2500,1880,1290,2577,0,100,0,0,0,0,0,0,100,0,0,100,0,0,100,0,0,100,0,100,4.761904716491699,100,0,0,0,100,0,0,100,0,0,100,260786.03125,113508.5933227539,0,404334895104,8589930496,65988964352,0
199,1727693427646,1548,2499,2569,1920,2567,1798,2099,2824,2043,2499,2499,2499,2499,2000,2499,2499,1934,1728,2820,2819,1990,2818,1901,2500,2100,2509,2000,2499,2500,1880,1290,2577,0,100,0,0,0,0,0,0,100,0,0,100,0,0,100,0,0,100,0,100,4.761904716491699,100,0,0,0,100,0,0,100,0,0,100,260788.7700805664,113518.07885742188,0,404334895104,8589930496,65988964352,0
199,1727693427846,1548,2499,2569,1920,2567,1798,2099,2824,2043,2499,2499,2499,2499,2000,2499,2499,1934,1728,2820,2819,1990,2818,1901,2500,2100,2509,2000,2499,2500,1880,1290,2577,0,100,0,0,0,0,0,0,100,0,0,100,0,0,55,0,0,100,0,100,0,100,0,0,0,100,0,42.105262756347656,100,0,0,100,260791.51177978516,113527.56561279297,0,404334895104,8589930496,65988964352,0
199,1727693428046,1548,2499,2569,1920,2567,1798,2099,2824,2043,2499,2499,2499,2499,2000,2499,2499,1934,1728,2820,2819,1990,2818,1901,2500,2100,2509,2000,2499,2500,1880,1290,2577,0,100,0,0,0,0,0,0,100,0,0,100,0,0,0,0,0,100,0,100,0,100,0,0,0,100,0,100,100,0,0,100,260794.3173828125,113537.00592041016,0,404334895104,8589930496,65988829184,0
199,1727693428246,1548,2499,2569,1920,2567,1798,2099,2824,2043,2499,2499,2499,2499,2000,2499,2499,1934,1728,2820,2819,1990,2818,1901,2500,2100,2509,2000,2499,2500,1880,1290,2577,0,100,0,0,0,0,0,0,100,0,0,100,0,0,0,0,0,100,0,100,0,100,0,0,0,100,0,100,100,0,0,100,260797.03735351563,113546.48077392578,0,404334895104,8589930496,65988882432,0
199,1727693428446,1548,2499,2569,1920,2567,1798,2099,2824,2043,2499,2499,2499,2499,2000,2499,2499,1934,1728,2820,2819,1990,2818,1901,2500,2100,2509,2000,2499,2500,1880,1290,2577,0,100,0,0,0,0,0,0,100,0,0,100,0,0,0,0,0,100,0,100,0,100,0,0,0,100,0,100,100,0,0,100,260799.76287841797,113555.94787597656,0,404334895104,8589930496,65988956160,0
199,1727693428646,1548,2499,2569,1920,2567,1798,2099,2824,2043,2499,2499,2499,2499,2000,2499,2499,1934,1728,2820,2819,1990,2818,1901,2500,2100,2509,2000,2499,2500,1880,1290,2577,0,100,0,0,0,0,0,0,100,0,0,100,0,0,0,0,0,100,0,100,0,100,0,0,0,100,0,100,100,0,0,100,260802.50427246094,113565.40936279297,0,404334895104,8589930496,65988956160,0
199,1727693428847,1548,2499,2569,1920,2567,1798,2099,2824,2043,2499,2499,2499,2499,2000,2499,2499,1934,1728,2820,2819,1990,2818,1901,2500,2100,2509,2000,2499,2500,1880,1290,2577,0,100,0,0,0,0,0,0,100,0,0,100,0,0,0,0,0,100,0,100,0,100,0,0,0,100,0,100,100,0,0,100,260805.26696777344,113574.88885498047,0,404334895104,8589930496,65989103616,0
199,1727693429047,1548,2499,2569,1920,2567,1798,2099,2824,2043,2499,2499,2499,2499,2000,2499,2499,1934,1728,2820,2819,1990,2818,1901,2500,2100,2509,2000,2499,2500,1880,1290,2577,4.761904716491699,100,0,9.523809432983398,4.761904716491699,4.761904716491699,4.761904716491699,0,100,0,4.761904716491699,100,0,4.761904716491699,4.761904716491699,4.761904716491699,4.761904716491699,65,4.761904716491699,100,5,100,4.761904716491699,5,0,100,0,100,100,4.761904716491699,35,100,260808.03607177734,113584.37896728516,0,404334895104,8589930496,65989255168,0
199,1727693429247,1548,2499,2569,1920,2567,1798,2099,2824,2043,2499,2499,2499,2499,2000,2499,2499,1934,1728,2820,2819,1990,2818,1901,2500,2100,2509,2000,2499,2500,1880,1290,2577,4.761904716491699,100,0,9.523809432983398,4.761904716491699,4.761904716491699,4.761904716491699,0,100,0,4.761904716491699,100,0,4.761904716491699,4.761904716491699,4.761904716491699,4.761904716491699,65,4.761904716491699,100,5,100,4.761904716491699,5,0,100,0,100,100,4.761904716491699,35,100,260810.80249023438,113593.81939697266,0,404334895104,8589930496,65957793792,0
199,1727693429447,1548,2499,2569,1920,2567,1798,2099,2824,2043,2499,2499,2499,2499,2000,2499,2499,1934,1728,2820,2819,1990,2818,1901,2500,2100,2509,2000,2499,2500,1880,1290,2577,0,100,0,0,0,0,0,0,100,0,0,100,0,0,0,0,2.5,0,0,100,0,100,0,0,0,100,0,100,100,0,100,100,260813.65490722656,113603.23828125,0,404334895104,8589930496,65988997120,0
199,1727693429647,1548,2499,2569,1920,2567,1798,2099,2824,2043,2499,2499,2499,2499,2000,2499,2499,1934,1728,2820,2819,1990,2818,1901,2500,2100,2509,2000,2499,2500,1880,1290,2577,5,100,4.761904716491699,5.263157844543457,4.761904716491699,5,9.090909004211426,4.761904716491699,100,0,9.523809432983398,100,5,10,0,0,10,4.761904716491699,0,100,0,100,4.761904716491699,0,0,100,15.000000953674316,100,100,10,100,100,260816.43493652344,113612.82360839844,0,404334895104,8589930496,65993506816,0
199,1727693429847,1548,2499,2569,1920,2567,1798,2099,2824,2043,2499,2499,2499,2499,2000,2499,2499,1934,1728,2820,2819,1990,2818,1901,2500,2100,2509,2000,2499,2500,1880,1290,2577,25,100,15.789472579956055,25,16.666667938232422,33.333335876464844,35,28.571430206298828,100,20,30.000001907348633,100,28.571430206298828,35,23.809524536132813,28.571430206298828,26.3157901763916,21.052631378173828,28.571430206298828,100,31.57894515991211,100,22.22222328186035,20,20,100,38.095237731933594,100,100,55,100,100,260819.62274169922,113623.357421875,0,404334895104,8589930496,66137415680,0
199,1727693430047,1548,2499,2569,1920,2567,1798,2099,2824,2043,2499,2499,2499,2499,2000,2499,2499,1934,1728,2820,2819,1990,2818,1901,2500,2100,2509,2000,2499,2500,1880,1290,2577,10.526315689086914,100,18.18181800842285,21.052631378173828,10.526315689086914,5.263157844543457,5.263157844543457,5.263157844543457,100,15.000000953674316,10.526315689086914,100,10,10.526315689086914,5.263157844543457,10.526315689086914,19.047618865966797,5,10.526315689086914,100,5.263157844543457,100,11.111111640930176,19.047618865966797,10.526315689086914,100,10,100,100,15.000000953674316,100,100,260822.57830810547,113633.30310058594,0,404334895104,8589930496,66163077120,0
199,1727693430247,1548,2499,2569,1920,2567,1798,2099,2824,2043,2499,2499,2499,2499,2000,2499,2499,1934,1728,2820,2819,1990,2818,1901,2500,2100,2509,2000,2499,2500,1880,1290,2577,10.526315689086914,100,18.18181800842285,21.052631378173828,10.526315689086914,5.263157844543457,5.263157844543457,5.263157844543457,100,15.000000953674316,10.526315689086914,100,10,10.526315689086914,5.263157844543457,10.526315689086914,19.047618865966797,5,10.526315689086914,100,5.263157844543457,100,11.111111640930176,19.047618865966797,10.526315689086914,100,10,100,100,15.000000953674316,100,100,260825.3175048828,113642.79235839844,0,404334895104,8589930496,66147610624,0
199,1727693430447,1548,2499,2569,1920,2567,1798,2099,2824,2043,2499,2499,2499,2499,2000,2499,2499,1934,1728,2820,2819,1990,2818,1901,2500,2100,2509,2000,2499,2500,1880,1290,2577,0,100,0,0,0,5,12.820513725280762,5,100,0,2.5,100,0,0,0,0,57.894737243652344,7.692307949066162,0,100,5.128205299377441,100,5,0,0,100,0,100,100,0,53.84615707397461,100,260828.11517333984,113653.08575439453,0,404334895104,8589930496,66171785216,0
199,1727693430647,1548,2499,2569,1920,2567,1798,2099,2824,2043,2499,2499,2499,2499,2000,2499,2499,1934,1728,2820,2819,1990,2818,1901,2500,2100,2509,2000,2499,2500,1880,1290,2577,0,100,0,0,0,5,12.820513725280762,5,100,0,2.5,100,0,0,0,0,57.894737243652344,7.692307949066162,0,100,5.128205299377441,100,5,0,0,100,0,100,100,0,53.84615707397461,100,260830.94171142578,113663.34167480469,0,404334895104,8589930496,66167660544,0
199,1727693430848,1548,2499,2569,1920,2567,1798,2099,2824,2043,2499,2499,2499,2499,2000,2499,2499,1934,1728,2820,2819,1990,2818,1901,2500,2100,2509,2000,2499,2500,1880,1290,2577,5,100,0,0,5,0,2.4390242099761963,0,100,0,5,100,2.5,0,2.4390242099761963,0,90,7.500000476837158,15.384615898132324,100,2.5,100,0,2.5,5.128205299377441,100,2.4390242099761963,100,100,2.5,7.692307949066162,100,260833.70819091797,113673.48315429688,0,404334895104,8589930496,66171699200,0
199,1727693431048,1548,2499,2569,1920,2567,1798,2099,2824,2043,2499,2499,2499,2499,2000,2499,2499,1934,1728,2820,2819,1990,2818,1901,2500,2100,2509,2000,2499,2500,1880,1290,2577,5,100,0,0,5,0,2.4390242099761963,0,100,0,5,100,2.5,0,2.4390242099761963,0,90,7.500000476837158,15.384615898132324,100,2.5,100,0,2.5,5.128205299377441,100,2.4390242099761963,100,100,2.5,7.692307949066162,100,260836.42541503906,113682.92175292969,0,404334895104,8589930496,66171772928,0
199,1727693431248,1548,2499,2569,1920,2567,1798,2099,2824,2043,2499,2499,2499,2499,2000,2499,2499,1934,1728,2820,2819,1990,2818,1901,2500,2100,2509,2000,2499,2500,1880,1290,2577,0,100,0,0,0,0,0,0,100,0,0,100,0,0,0,0,0,0,0,100,0,100,0,0,0,100,2.5,100,100,0,100,100,260839.15264892578,113692.3861694336,0,404334895104,8589930496,66171777024,0
199,1727693431448,1548,2499,2569,1920,2567,1798,2099,2824,2043,2499,2499,2499,2499,2000,2499,2499,1934,1728,2820,2819,1990,2818,1901,2500,2100,2509,2000,2499,2500,1880,1290,2577,20,100,0,0,0,0,0,0,84.21052551269531,0,0,100,0,0,0,0,0,0,0,100,0,100,0,0,0,100,0,100,100,0,100,100,260841.89880371094,113701.85125732422,0,404334895104,8589930496,66171924480,0
199,1727693431648,1548,2499,2569,1920,2567,1798,2099,2824,2043,2499,2499,2499,2499,2000,2499,2499,1934,1728,2820,2819,1990,2818,1901,2500,2100,2509,2000,2499,2500,1880,1290,2577,100,100,0,0,0,0,0,0,0,0,0,100,0,0,0,0,0,0,0,100,0,100,0,0,0,100,0,100,100,0,100,100,260844.64489746094,113711.32452392578,0,404334895104,8589930496,66171924480,0
199,1727693431848,1548,2499,2569,1920,2567,1798,2099,2824,2043,2499,2499,2499,2499,2000,2499,2499,1934,1728,2820,2819,1990,2818,1901,2500,2100,2509,2000,2499,2500,1880,1290,2577,100,100,0,0,0,0,0,0,0,0,0,100,0,0,0,0,0,0,0,100,0,100,0,0,0,100,0,100,100,0,100,100,260847.40203857422,113720.79516601563,0,404334895104,8589930496,66171924480,0
199,1727693432048,1548,2499,2569,1920,2567,1798,2099,2824,2043,2499,2499,2499,2499,2000,2499,2499,1934,1728,2820,2819,1990,2818,1901,2500,2100,2509,2000,2499,2500,1880,1290,2577,100,100,0,0,0,0,0,0,0,0,0,100,0,0,0,0,0,0,0,100,0,100,0,0,0,100,0,100,100,0,100,100,260850.25756835938,113730.23999023438,0,404334895104,8589930496,66171703296,0
199,1727693432248,1548,2499,2569,1920,2567,1798,2099,2824,2043,2499,2499,2499,2499,2000,2499,2499,1934,1728,2820,2819,1990,2818,1901,2500,2100,2509,2000,2499,2500,1880,1290,2577,100,100,0,0,0,0,0,0,0,0,0,100,0,0,0,0,0,0,0,100,0,100,0,0,0,100,0,100,100,0,100,100,260853.02282714844,113739.71655273438,0,404334895104,8589930496,66171756544,0
199,1727693432448,1548,2499,2569,1920,2567,1798,2099,2824,2043,2499,2499,2499,2499,2000,2499,2499,1934,1728,2820,2819,1990,2818,1901,2500,2100,2509,2000,2499,2500,1880,1290,2577,100,100,0,0,0,0,0,0,0,0,0,100,0,0,0,0,0,0,0,100,0,100,0,0,0,100,0,100,100,0,100,100,260855.80993652344,113749.19366455078,0,404334895104,8589930496,66171830272,0
199,1727693432649,1548,2499,2569,1920,2567,1798,2099,2824,2043,2499,2499,2499,2499,2000,2499,2499,1934,1728,2820,2819,1990,2818,1901,2500,2100,2509,2000,2499,2500,1880,1290,2577,100,100,0,0,0,0,0,0,0,0,0,100,0,0,0,0,0,0,0,100,0,100,0,0,0,100,0,100,100,0,100,100,260858.58612060547,113758.67803955078,0,404334895104,8589930496,66171830272,0
199,1727693432849,1548,2499,2569,1920,2567,1798,2099,2824,2043,2499,2499,2499,2499,2000,2499,2499,1934,1728,2820,2819,1990,2818,1901,2500,2100,2509,2000,2499,2500,1880,1290,2577,100,100,0,0,0,0,0,0,0,0,0,100,0,0,0,0,0,0,0,100,0,100,0,0,0,100,0,100,100,4.761904716491699,100,100,260861.3543701172,113768.1591796875,0,404334895104,8589930496,66171977728,0
199,1727693433049,1548,2499,2569,1920,2567,1798,2099,2824,2043,2499,2499,2499,2499,2000,2499,2499,1934,1728,2820,2819,1990,2818,1901,2500,2100,2509,2000,2499,2500,1880,1290,2577,100,100,0,5,0,0,0,4.761904716491699,0,4.761904716491699,0,100,0,0,0,0,4.761904716491699,5,4.761904716491699,100,0,100,5,4.761904716491699,0,100,0,100,100,0,100,100,260864.1558227539,113777.64611816406,0,404334895104,8589930496,66171977728,0
199,1727693433249,1548,2499,2569,1920,2567,1798,2099,2824,2043,2499,2499,2499,2499,2000,2499,2499,1934,1728,2820,2819,1990,2818,1901,2500,2100,2509,2000,2499,2500,1880,1290,2577,100,100,0,0,0,0,0,0,0,0,0,100,0,0,0,0,0,0,0,100,0,100,0,0,0,100,0,100,100,0,100,100,260866.97692871094,113787.10943603516,0,404334895104,8589930496,66100269056,0
199,1727693433449,1548,2499,2569,1920,2567,1798,2099,2824,2043,2499,2499,2499,2499,2000,2499,2499,1934,1728,2820,2819,1990,2818,1901,2500,2100,2509,2000,2499,2500,1880,1290,2577,100,100,0,0,0,0,0,0,0,0,0,100,0,0,0,0,0,0,0,100,0,100,0,0,0,100,0,100,100,0,100,100,260869.9614868164,113796.61706542969,0,404334895104,8589930496,66028220416,0
199,1727693433649,1548,2499,2569,1920,2567,1798,2099,2824,2043,2499,2499,2499,2499,2000,2499,2499,1934,1728,2820,2819,1990,2818,1901,2500,2100,2509,2000,2499,2500,1880,1290,2577,0,100,0,0,0,0,0,0,100,0,0,100,0,0,0,0,0,0,0,100,0,100,0,0,0,100,0,100,100,0,100,100,260872.75524902344,113806.14068603516,0,404334895104,8589930496,66028331008,0
199,1727693433849,1548,2499,2569,1920,2567,1798,2099,2824,2043,2499,2499,2499,2499,2000,2499,2499,1934,1728,2820,2819,1990,2818,1901,2500,2100,2509,2000,2499,2500,1880,1290,2577,0,100,0,0,0,0,0,0,100,0,0,100,0,0,0,0,0,0,0,100,0,100,0,0,0,100,0,100,100,0,100,100,260875.501953125,113815.56140136719,0,404334895104,8589930496,66028331008,0
199,1727693434049,1548,2499,2569,1920,2567,1798,2099,2824,2043,2499,2499,2499,2499,2000,2499,2499,1934,1728,2820,2819,1990,2818,1901,2500,2100,2509,2000,2499,2500,1880,1290,2577,0,100,0,0,0,0,0,0,100,0,0,100,0,0,0,0,0,35,0,100,0,100,0,0,0,100,0,100,100,4.761904716491699,65,100,260878.26013183594,113825.02380371094,0,404334895104,8589930496,66028478464,0
199,1727693434249,1548,2499,2569,1920,2567,1798,2099,2824,2043,2499,2499,2499,2499,2000,2499,2499,1934,1728,2820,2819,1990,2818,1901,2500,2100,2509,2000,2499,2500,1880,1290,2577,0,100,0,0,0,0,0,0,100,0,0,100,0,0,0,0,0,100,0,100,0,100,0,0,0,100,0,100,100,0,0,100,260881.0164794922,113834.47918701172,0,404334895104,8589930496,66028478464,0
199,1727693434450,1548,2499,2569,1920,2567,1798,2099,2824,2043,2499,2499,2499,2499,2000,2499,2499,1934,1728,2820,2819,1990,2818,1901,2500,2100,2509,2000,2499,2500,1880,1290,2577,0,80.95238494873047,0,5,0,0,0,0,100,15.000000953674316,0,100,0,0,0,0,0,100,0,100,0,100,0,0,0,100,0,100,100,5,0,100,260883.8247680664,113843.95849609375,0,404334895104,8589930496,66030833664,0
199,1727693434650,1548,2499,2569,1920,2567,1798,2099,2824,2043,2499,2499,2499,2499,2000,2499,2499,1934,1728,2820,2819,1990,2818,1901,2500,2100,2509,2000,2499,2500,1880,1290,2577,0,0,0,0,0,0,0,0,100,100,0,100,0,0,0,0,0,100,0,100,0,100,0,0,0,100,0,100,100,0,0,100,260886.68225097656,113853.38458251953,0,404334895104,8589930496,66030559232,0
199,1727693434850,1548,2499,2569,1920,2567,1798,2099,2824,2043,2499,2499,2499,2499,2000,2499,2499,1934,1728,2820,2819,1990,2818,1901,2500,2100,2509,2000,2499,2500,1880,1290,2577,78.94737243652344,0,0,0,0,0,0,0,25,100,0,100,0,0,0,0,0,100,0,100,0,100,0,0,0,100,0,100,100,0,0,100,260889.4888305664,113862.81768798828,0,404334895104,8589930496,66030612480,0
199,1727693435050,1548,2499,2569,1920,2567,1798,2099,2824,2043,2499,2499,2499,2499,2000,2499,2499,1934,1728,2820,2819,1990,2818,1901,2500,2100,2509,2000,2499,2500,1880,1290,2577,100,0,0,0,0,0,0,0,0,100,0,100,0,0,0,0,0,100,0,100,0,100,0,0,0,100,0,100,100,0,0,100,260892.27868652344,113872.26446533203,0,404334895104,8589930496,66030669824,0
199,1727693435250,1548,2499,2569,1920,2567,1798,2099,2824,2043,2499,2499,2499,2499,2000,2499,2499,1934,1728,2820,2819,1990,2818,1901,2500,2100,2509,2000,2499,2500,1880,1290,2577,100,0,0,0,0,0,0,0,0,100,0,100,0,0,0,0,0,100,0,100,0,100,0,0,0,100,0,100,100,0,0,100,260895.06030273438,113881.72491455078,0,404334895104,8589930496,66030669824,0
199,1727693435450,1548,2499,2569,1920,2567,1798,2099,2824,2043,2499,2499,2499,2499,2000,2499,2499,1934,1728,2820,2819,1990,2818,1901,2500,2100,2509,2000,2499,2500,1880,1290,2577,100,0,0,0,0,0,0,0,0,100,0,100,0,0,0,0,0,100,0,100,0,100,0,0,0,100,0,100,100,0,0,100,260897.82836914063,113891.2007446289,0,404334895104,8589930496,66030817280,0
199,1727693435650,1548,2499,2569,1920,2567,1798,2099,2824,2043,2499,2499,2499,2499,2000,2499,2499,1934,1728,2820,2819,1990,2818,1901,2500,2100,2509,2000,2499,2500,1880,1290,2577,100,0,0,0,0,0,0,0,0,100,0,100,0,0,0,0,0,100,0,100,0,100,0,0,0,100,0,100,100,0,0,100,260900.60705566406,113900.73583984375,0,404334895104,8589930496,66037698560,0
199,1727693435850,1548,2499,2569,1920,2567,1798,2099,2824,2043,2499,2499,2499,2499,2000,2499,2499,1934,1728,2820,2819,1990,2818,1901,2500,2100,2509,2000,2499,2500,1880,1290,2577,31.707317352294922,0,0,0,4.878048419952393,2.5,2.5,0,72.5,100,5,100,0,0,2.4390242099761963,0,0,100,7.500000476837158,100,2.5,100,0,0,2.5,100,0,100,100,0,0,100,260903.37310791016,113910.2984008789,0,404334895104,8589930496,66030878720,0
199,1727693436051,1548,2499,2569,1920,2567,1798,2099,2824,2043,2499,2499,2499,2499,2000,2499,2499,1934,1728,2820,2819,1990,2818,1901,2500,2100,2509,2000,2499,2500,1880,1290,2577,31.707317352294922,0,0,0,4.878048419952393,2.5,2.5,0,72.5,100,5,100,0,0,2.4390242099761963,0,0,100,7.500000476837158,100,2.5,100,0,0,2.5,100,0,100,100,0,0,100,260906.25158691406,113919.74230957031,0,404334895104,8589930496,66030620672,0
199,1727693436251,1548,2499,2569,1920,2567,1798,2099,2824,2043,2499,2499,2499,2499,2000,2499,2499,1934,1728,2820,2819,1990,2818,1901,2500,2100,2509,2000,2499,2500,1880,1290,2577,0,0,0,0,0,0,0,0,100,100,0,100,0,0,0,0,0,100,0,100,0,100,0,0,0,100,0,100,100,0,0,100,260909.02905273438,113929.21710205078,0,404334895104,8589930496,66030657536,0
199,1727693436451,1548,2499,2569,1920,2567,1798,2099,2824,2043,2499,2499,2499,2499,2000,2499,2499,1934,1728,2820,2819,1990,2818,1901,2500,2100,2509,2000,2499,2500,1880,1290,2577,0,0,0,0,0,0,0,0,100,100,0,100,0,0,0,0,0,100,0,100,0,100,0,0,0,100,0,100,100,0,0,100,260911.8212890625,113938.69189453125,0,404334895104,8589930496,66030731264,0
199,1727693436651,1548,2499,2569,1920,2567,1798,2099,2824,2043,2499,2499,2499,2499,2000,2499,2499,1934,1728,2820,2819,1990,2818,1901,2500,2100,2509,2000,2499,2500,1880,1290,2577,0,0,0,0,0,0,0,0,100,100,5,100,0,0,0,0,0,100,0,100,0,100,0,4.761904716491699,0,100,0,100,100,0,0,100,260914.61419677734,113948.16912841797,0,404334895104,8589930496,66030878720,0
199,1727693436851,1548,2499,2569,1920,2567,1798,2099,2824,2043,2499,2499,2499,2499,2000,2499,2499,1934,1728,2820,2819,1990,2818,1901,2500,2100,2509,2000,2499,2500,1880,1290,2577,85,0,0,0,0,0,0,0,15.000000953674316,100,0,100,0,0,0,0,0,100,0,100,0,100,0,0,0,100,0,100,100,0,0,100,260917.41674804688,113957.6449584961,0,404334895104,8589930496,66030878720,0
199,1727693437051,1548,2499,2569,1920,2567,1798,2099,2824,2043,2499,2499,2499,2499,2000,2499,2499,1934,1728,2820,2819,1990,2818,1901,2500,2100,2509,2000,2499,2500,1880,1290,2577,100,0,0,0,0,0,0,0,0,100,4.761904716491699,100,0,0,0,0,0,100,0,100,0,100,0,0,0,100,0,100,100,4.761904716491699,0,100,260920.17419433594,113967.12518310547,0,404334895104,8589930496,66030878720,0
199,1727693437251,1548,2499,2569,1920,2567,1798,2099,2824,2043,2499,2499,2499,2499,2000,2499,2499,1934,1728,2820,2819,1990,2818,1901,2500,2100,2509,2000,2499,2500,1880,1290,2577,100,0,0,0,0,0,0,0,0,100,0,100,0,0,0,0,0,100,0,100,0,100,0,0,0,100,0,100,100,0,0,100,260923.05084228516,113976.56280517578,0,404334895104,8589930496,66030604288,0
199,1727693437451,1548,2499,2569,1920,2567,1798,2099,2824,2043,2499,2499,2499,2499,2000,2499,2499,1934,1728,2820,2819,1990,2818,1901,2500,2100,2509,2000,2499,2500,1880,1290,2577,15.000000953674316,0,0,0,0,0,0,0,80,100,0,100,0,0,0,0,0,100,0,100,0,100,0,0,0,100,0,100,100,4.761904716491699,0,100,260925.86291503906,113986.033203125,0,404334895104,8589930496,66030657536,0
199,1727693437652,1548,2499,2569,1920,2567,1798,2099,2824,2043,2499,2499,2499,2499,2000,2499,2499,1934,1728,2820,2819,1990,2818,1901,2500,2100,2509,2000,2499,2500,1880,1290,2577,0,0,0,0,0,0,0,0,100,100,0,100,0,0,0,0,0,100,0,100,0,100,4.761904716491699,0,0,100,0,100,100,5.263157844543457,0,100,260928.6981201172,113995.5502319336,0,404334895104,8589930496,66030276608,0
199,1727693437852,1548,2499,2569,1920,2567,1798,2099,2824,2043,2499,2499,2499,2499,2000,2499,2499,1934,1728,2820,2819,1990,2818,1901,2500,2100,2509,2000,2499,2500,1880,1290,2577,0,0,0,0,0,0,0,0,100,100,0,100,0,0,0,0,0,100,0,100,0,100,4.761904716491699,0,0,100,0,100,100,5.263157844543457,0,100,260931.49603271484,114004.98034667969,0,404334895104,8589930496,66030731264,0
199,1727693438052,1548,2499,2569,1920,2567,1798,2099,2824,2043,2499,2499,2499,2499,2000,2499,2499,1934,1728,2820,2819,1990,2818,1901,2500,2100,2509,2000,2499,2500,1880,1290,2577,2.4390242099761963,0,0,0,0,0,0,0,100,100,0,100,0,0,0,0,0,100,0,100,0,100,0,0,0,100,0,100,100,0,0,100,260934.30206298828,114014.50268554688,0,404334895104,8589930496,66030882816,0
199,1727693438252,1548,2499,2569,1920,2567,1798,2099,2824,2043,2499,2499,2499,2499,2000,2499,2499,1934,1728,2820,2819,1990,2818,1901,2500,2100,2509,2000,2499,2500,1880,1290,2577,0,0,0,0,0,9.090909004211426,0,0,100,100,4.761904716491699,100,0,0,0,0,0,100,0,100,4.761904716491699,100,0,0,4.761904716491699,100,4.761904716491699,100,100,0,0,100,260937.09216308594,114023.93225097656,0,404334895104,8589930496,66030886912,0
199,1727693438452,1548,2499,2569,1920,2567,1798,2099,2824,2043,2499,2499,2499,2499,2000,2499,2499,1934,1728,2820,2819,1990,2818,1901,2500,2100,2509,2000,2499,2500,1880,1290,2577,0,0,0,0,0,0,0,0,100,100,0,100,0,0,0,0,0,100,0,100,0,100,0,0,0,100,0,100,100,0,0,100,260939.86975097656,114033.40808105469,0,404334895104,8589930496,66030309376,0
199,1727693438652,1548,2499,2569,1920,2567,1798,2099,2824,2043,2499,2499,2499,2499,2000,2499,2499,1934,1728,2820,2819,1990,2818,1901,2500,2100,2509,2000,2499,2500,1880,1290,2577,0,0,0,0,0,0,0,0,100,100,0,100,0,0,0,0,0,100,0,100,0,100,0,0,0,100,4.761904716491699,100,100,0,0,100,260942.76342773438,114042.8344116211,0,404334895104,8589930496,66030034944,0
199,1727693438852,1548,2499,2569,1920,2567,1798,2099,2824,2043,2499,2499,2499,2499,2000,2499,2499,1934,1728,2820,2819,1990,2818,1901,2500,2100,2509,2000,2499,2500,1880,1290,2577,75,0,0,0,0,0,0,0,25,100,0,100,0,0,0,0,0,100,0,100,0,100,0,0,0,100,0,100,100,0,0,100,260945.53350830078,114052.30090332031,0,404334895104,8589930496,66030088192,0
199,1727693439052,1548,2499,2569,1920,2567,1798,2099,2824,2043,2499,2499,2499,2499,2000,2499,2499,1934,1728,2820,2819,1990,2818,1901,2500,2100,2509,2000,2499,2500,1880,1290,2577,100,31.57894515991211,0,0,0,0,0,0,0,68.42105102539063,0,100,0,0,0,0,0,100,0,100,0,100,0,0,0,100,0,100,100,0,0,100,260948.34393310547,114061.77270507813,0,404334895104,8589930496,66030161920,0
199,1727693439252,1548,2499,2569,1920,2567,1798,2099,2824,2043,2499,2499,2499,2499,2000,2499,2499,1934,1728,2820,2819,1990,2818,1901,2500,2100,2509,2000,2499,2500,1880,1290,2577,100,100,0,0,0,0,0,0,0,0,0,100,4.761904716491699,0,0,0,0,100,0,100,0,100,0,0,0,100,0,100,100,0,0,100,260951.13446044922,114071.2494506836,0,404334895104,8589930496,66030161920,0
199,1727693439452,1548,2499,2569,1920,2567,1798,2099,2824,2043,2499,2499,2499,2499,2000,2499,2499,1934,1728,2820,2819,1990,2818,1901,2500,2100,2509,2000,2499,2500,1880,1290,2577,100,100,0,0,0,0,0,0,0,0,0,100,0,0,0,0,0,100,0,100,0,100,0,0,0,100,0,100,100,0,0,100,260953.93920898438,114080.73175048828,0,404334895104,8589930496,66030309376,0
199,1727693439652,1548,2499,2569,1920,2567,1798,2099,2824,2043,2499,2499,2499,2499,2000,2499,2499,1934,1728,2820,2819,1990,2818,1901,2500,2100,2509,2000,2499,2500,1880,1290,2577,100,100,0,0,0,0,0,0,0,0,0,100,0,0,0,0,0,100,0,100,0,100,0,0,0,100,0,100,100,0,0,100,260956.7481689453,114090.2046508789,0,404334895104,8589930496,66030309376,0
199,1727693439852,1548,2499,2569,1920,2567,1798,2099,2824,2043,2499,2499,2499,2499,2000,2499,2499,1934,1728,2820,2819,1990,2818,1901,2500,2100,2509,2000,2499,2500,1880,1290,2577,100,100,0,0,0,0,0,0,0,0,0,100,0,0,0,0,0,100,0,100,0,100,0,0,0,100,0,100,100,0,0,100,260959.52362060547,114099.6572265625,0,404334895104,8589930496,65970470912,0
199,1727693440053,1548,2499,2569,1920,2567,1798,2099,2824,2043,2499,2499,2499,2499,2000,2499,2499,1934,1728,2820,2819,1990,2818,1901,2500,2100,2509,2000,2499,2500,1880,1290,2577,100,100,0,0,0,0,4.761904716491699,0,0,0,0,100,0,0,0,0,0,100,0,100,0,100,0,0,0,100,0,100,100,0,0,100,260962.4028930664,114109.11920166016,0,404334895104,8589930496,66030051328,0
199,1727693440253,1548,2499,2569,1920,2567,1798,2099,2824,2043,2499,2499,2499,2499,2000,2499,2499,1934,1728,2820,2819,1990,2818,1901,2500,2100,2509,2000,2499,2500,1880,1290,2577,100,100,0,0,0,0,0,0,0,0,0,100,0,0,0,0,0,100,0,100,0,100,0,0,0,100,0,100,100,0,0,100,260965.19372558594,114118.5908203125,0,404334895104,8589930496,66030149632,0
199,1727693440453,1548,2499,2569,1920,2567,1798,2099,2824,2043,2499,2499,2499,2499,2000,2499,2499,1934,1728,2820,2819,1990,2818,1901,2500,2100,2509,2000,2499,2500,1880,1290,2577,100,100,0,0,0,0,0,0,0,0,0,100,4.761904716491699,0,0,0,0,100,0,100,0,100,0,0,0,100,0,100,100,0,0,100,260967.97686767578,114128.05578613281,0,404334895104,8589930496,66030153728,0
199,1727693440653,1548,2499,2569,1920,2567,1798,2099,2824,2043,2499,2499,2499,2499,2000,2499,2499,1934,1728,2820,2819,1990,2818,1901,2500,2100,2509,2000,2499,2500,1880,1290,2577,100,100,0,0,0,0,0,0,0,0,0,100,4.761904716491699,0,0,0,0,100,0,100,0,100,0,0,0,100,0,100,100,0,0,100,260970.7456665039,114137.48553466797,0,404334895104,8589930496,66030301184,0
199,1727693440853,1548,2499,2569,1920,2567,1798,2099,2824,2043,2499,2499,2499,2499,2000,2499,2499,1934,1728,2820,2819,1990,2818,1901,2500,2100,2509,2000,2499,2500,1880,1290,2577,100,100,2.4390242099761963,4.878048419952393,7.317072868347168,15.000000953674316,4.878048419952393,2.4390242099761963,0,2.4390242099761963,7.500000476837158,100,5,5.128205299377441,2.5,2.5,2.5641026496887207,100,2.4390242099761963,100,2.4390242099761963,100,2.5,2.4390242099761963,2.5,100,2.5641026496887207,100,100,2.5,2.4390242099761963,100,260973.56713867188,114147.2269897461,0,404334895104,8589930496,66030510080,0
199,1727693441053,1548,2499,2569,1920,2567,1798,2099,2824,2043,2499,2499,2499,2499,2000,2499,2499,1934,1728,2820,2819,1990,2818,1901,2500,2100,2509,2000,2499,2500,1880,1290,2577,100,100,0,0,0,0,0,0,0,0,0,100,0,0,0,0,0,100,0,100,0,100,0,0,0,100,0,100,100,0,0,100,260976.34967041016,114156.7163696289,0,404334895104,8589930496,66028163072,0
199,1727693441253,1548,2499,2569,1920,2567,1798,2099,2824,2043,2499,2499,2499,2499,2000,2499,2499,1934,1728,2820,2819,1990,2818,1901,2500,2100,2509,2000,2499,2500,1880,1290,2577,100,100,0,0,0,0,0,0,0,0,0,100,0,0,0,0,0,100,0,100,5,100,0,0,0,100,0,100,100,0,0,100,260979.27032470703,114166.16931152344,0,404334895104,8589930496,66029805568,0
199,1727693441453,1548,2499,2569,1920,2567,1798,2099,2824,2043,2499,2499,2499,2499,2000,2499,2499,1934,1728,2820,2819,1990,2818,1901,2500,2100,2509,2000,2499,2500,1880,1290,2577,100,100,0,0,0,0,0,0,0,0,0,100,0,0,0,0,0,100,0,100,5,100,0,0,0,100,0,100,100,0,0,100,260982.048828125,114175.65704345703,0,404334895104,8589930496,66029871104,0
199,1727693441653,1548,2499,2569,1920,2567,1798,2099,2824,2043,2499,2499,2499,2499,2000,2499,2499,1934,1728,2820,2819,1990,2818,1901,2500,2100,2509,2000,2499,2500,1880,1290,2577,100,100,0,0,0,0,0,0,0,0,0,100,2.5,0,0,0,2.5,100,0,100,0,100,0,0,0,100,0,100,100,0,0,100,260984.84832763672,114185.15649414063,0,404334895104,8589930496,66030374912,0
199,1727693441854,1548,2499,2569,1920,2567,1798,2099,2824,2043,2499,2499,2499,2499,2000,2499,2499,1934,1728,2820,2819,1990,2818,1901,2500,2100,2509,2000,2499,2500,1880,1290,2577,100,100,0,0,0,0,0,0,0,0,0,100,0,0,0,0,0,100,0,100,0,100,0,0,0,100,0,100,100,0,0,100,260987.60498046875,114194.62896728516,0,404334895104,8589930496,66030374912,0
199,1727693442054,1548,2499,2569,1920,2567,1798,2099,2824,2043,2499,2499,2499,2499,2000,2499,2499,1934,1728,2820,2819,1990,2818,1901,2500,2100,2509,2000,2499,2500,1880,1290,2577,100,100,0,0,0,0,0,0,0,0,0,100,0,0,0,0,0,100,0,100,4.761904716491699,100,4.761904716491699,0,0,100,0,100,100,0,0,100,260990.42083740234,114204.10192871094,0,404334895104,8589930496,66030522368,0
199,1727693442254,1548,2499,2569,1920,2567,1798,2099,2824,2043,2499,2499,2499,2499,2000,2499,2499,1934,1728,2820,2819,1990,2818,1901,2500,2100,2509,2000,2499,2500,1880,1290,2577,100,100,0,0,0,0,0,0,0,0,0,100,0,0,0,0,0,100,0,100,0,100,0,0,0,100,4.761904716491699,100,100,0,0,100,260993.19757080078,114213.56750488281,0,404334895104,8589930496,66030522368,0
199,1727693442454,1548,2499,2569,1920,2567,1798,2099,2824,2043,2499,2499,2499,2499,2000,2499,2499,1934,1728,2820,2819,1990,2818,1901,2500,2100,2509,2000,2499,2500,1880,1290,2577,100,100,0,0,0,0,0,0,0,0,0,100,0,0,0,0,0,100,0,100,0,100,0,0,0,100,0,100,100,0,0,100,260995.91986083984,114223.03326416016,0,404334895104,8589930496,66030522368,0
199,1727693442654,1548,2499,2569,1920,2567,1798,2099,2824,2043,2499,2499,2499,2499,2000,2499,2499,1934,1728,2820,2819,1990,2818,1901,2500,2100,2509,2000,2499,2500,1880,1290,2577,100,100,0,0,0,0,0,0,0,0,0,100,0,0,0,0,0,100,0,100,0,100,0,0,0,100,0,100,100,0,0,100,260998.75701904297,114232.45123291016,0,404334895104,8589930496,66030268416,0
199,1727693442854,1548,2499,2569,1920,2567,1798,2099,2824,2043,2499,2499,2499,2499,2000,2499,2499,1934,1728,2820,2819,1990,2818,1901,2500,2100,2509,2000,2499,2500,1880,1290,2577,100,100,0,0,0,0,0,0,0,0,0,100,0,0,0,0,0,100,0,100,0,100,0,0,0,100,0,100,100,0,0,100,261001.54095458984,114241.9047241211,0,404334895104,8589930496,66030305280,0
199,1727693443054,1548,2499,2569,1920,2567,1798,2099,2824,2043,2499,2499,2499,2499,2000,2499,2499,1934,1728,2820,2819,1990,2818,1901,2500,2100,2509,2000,2499,2500,1880,1290,2577,100,100,0,0,0,0,0,0,0,0,0,100,0,0,0,0,0,63.15789031982422,0,100,0,100,0,0,0,100,0,100,100,0,40,100,261004.29815673828,114251.37292480469,0,404334895104,8589930496,66030379008,0
199,1727693443254,1548,2499,2569,1920,2567,1798,2099,2824,2043,2499,2499,2499,2499,2000,2499,2499,1934,1728,2820,2819,1990,2818,1901,2500,2100,2509,2000,2499,2500,1880,1290,2577,100,100,0,0,0,0,0,0,0,0,0,100,0,0,0,0,0,0,0,100,0,100,0,0,0,100,0,100,100,0,100,100,261007.01397705078,114260.85272216797,0,404334895104,8589930496,66030526464,0
199,1727693443455,1548,2499,2569,1920,2567,1798,2099,2824,2043,2499,2499,2499,2499,2000,2499,2499,1934,1728,2820,2819,1990,2818,1901,2500,2100,2509,2000,2499,2500,1880,1290,2577,100,100,0,0,0,0,0,0,0,0,0,100,5,0,0,0,0,0,0,100,0,100,0,0,0,100,0,100,100,0,100,100,261009.7501220703,114270.32788085938,0,404334895104,8589930496,66030526464,0
199,1727693443655,1548,2499,2569,1920,2567,1798,2099,2824,2043,2499,2499,2499,2499,2000,2499,2499,1934,1728,2820,2819,1990,2818,1901,2500,2100,2509,2000,2499,2500,1880,1290,2577,100,100,0,0,0,0,0,0,0,0,0,100,4.761904716491699,0,0,0,0,0,0,100,0,100,0,0,0,100,0,100,100,0,100,100,261012.49102783203,114279.80743408203,0,404334895104,8589930496,66030526464,0
199,1727693443855,1548,2499,2569,1920,2567,1798,2099,2824,2043,2499,2499,2499,2499,2000,2499,2499,1934,1728,2820,2819,1990,2818,1901,2500,2100,2509,2000,2499,2500,1880,1290,2577,100,100,0,0,0,0,0,0,0,0,4.761904716491699,100,0,0,0,0,0,0,0,100,0,100,0,0,0,100,0,100,100,0,100,100,261015.3666381836,114289.24102783203,0,404334895104,8589930496,66030252032,0
199,1727693444055,1548,2499,2569,1920,2567,1798,2099,2824,2043,2499,2499,2499,2499,2000,2499,2499,1934,1728,2820,2819,1990,2818,1901,2500,2100,2509,2000,2499,2500,1880,1290,2577,100,100,0,0,0,0,0,0,0,0,0,100,0,0,0,0,0,0,0,100,4.761904716491699,100,0,0,0,100,0,100,100,0,100,100,261018.13525390625,114298.7103881836,0,404334895104,8589930496,66030305280,0
199,1727693444255,1548,2499,2569,1920,2567,1798,2099,2824,2043,2499,2499,2499,2499,2000,2499,2499,1934,1728,2820,2819,1990,2818,1901,2500,2100,2509,2000,2499,2500,1880,1290,2577,100,100,0,0,0,0,0,0,0,0,0,100,0,0,0,0,0,0,0,100,4.761904716491699,100,0,0,0,100,0,100,100,0,100,100,261020.86193847656,114308.12200927734,0,404334895104,8589930496,66030379008,0
199,1727693444455,1548,2499,2569,1920,2567,1798,2099,2824,2043,2499,2499,2499,2499,2000,2499,2499,1934,1728,2820,2819,1990,2818,1901,2500,2100,2509,2000,2499,2500,1880,1290,2577,100,100,0,0,0,0,0,0,0,0,2.4390242099761963,100,0,0,0,0,0,0,0,100,0,100,0,0,0,100,0,100,100,0,100,100,261023.63525390625,114317.6332397461,0,404334895104,8589930496,66030379008,0
199,1727693444655,1548,2499,2569,1920,2567,1798,2099,2824,2043,2499,2499,2499,2499,2000,2499,2499,1934,1728,2820,2819,1990,2818,1901,2500,2100,2509,2000,2499,2500,1880,1290,2577,100,100,0,0,0,0,0,0,0,0,0,100,0,0,0,0,0,0,0,100,0,100,0,0,0,100,0,100,100,0,100,100,261026.4090576172,114327.10327148438,0,404334895104,8589930496,66030530560,0
199,1727693444855,1548,2499,2569,1920,2567,1798,2099,2824,2043,2499,2499,2499,2499,2000,2499,2499,1934,1728,2820,2819,1990,2818,1901,2500,2100,2509,2000,2499,2500,1880,1290,2577,100,100,0,0,0,0,0,0,0,0,5,100,0,0,0,0,4.761904716491699,0,0,100,0,100,0,0,0,100,9.523809432983398,100,100,0,100,100,261029.19177246094,114336.58898925781,0,404334895104,8589930496,66029801472,0
199,1727693445056,1548,2499,2569,1920,2567,1798,2099,2824,2043,2499,2499,2499,2499,2000,2499,2499,1934,1728,2820,2819,1990,2818,1901,2500,2100,2509,2000,2499,2500,1880,1290,2577,100,100,0,0,0,0,0,0,0,0,5,100,0,0,0,0,4.761904716491699,0,0,100,0,100,0,0,0,100,9.523809432983398,100,100,0,100,100,261031.96057128906,114346.02233886719,0,404334895104,8589930496,66030104576,0
199,1727693445256,1548,2499,2569,1920,2567,1798,2099,2824,2043,2499,2499,2499,2499,2000,2499,2499,1934,1728,2820,2819,1990,2818,1901,2500,2100,2509,2000,2499,2500,1880,1290,2577,100,100,0,2.5,0,2.5,0,0,0,0,0,100,0,0,0,0,0,0,0,100,0,100,0,0,0,100,0,100,100,0,100,100,261034.85357666016,114355.51977539063,0,404334895104,8589930496,66030231552,0
199,1727693445456,1548,2499,2569,1920,2567,1798,2099,2824,2043,2499,2499,2499,2499,2000,2499,2499,1934,1728,2820,2819,1990,2818,1901,2500,2100,2509,2000,2499,2500,1880,1290,2577,100,100,0,0,0,0,0,0,0,0,0,100,0,0,0,0,0,0,0,100,0,100,0,0,0,100,0,100,100,0,100,100,261037.63250732422,114364.94482421875,0,404334895104,8589930496,66030292992,0
199,1727693445656,1548,2499,2569,1920,2567,1798,2099,2824,2043,2499,2499,2499,2499,2000,2499,2499,1934,1728,2820,2819,1990,2818,1901,2500,2100,2509,2000,2499,2500,1880,1290,2577,100,100,0,0,0,0,0,0,0,0,0,100,0,0,0,0,0,0,0,100,0,100,0,0,0,100,0,100,100,0,100,100,261040.45343017578,114374.421875,0,404334895104,8589930496,66030366720,0
199,1727693445856,1548,2499,2569,1920,2567,1798,2099,2824,2043,2499,2499,2499,2499,2000,2499,2499,1934,1728,2820,2819,1990,2818,1901,2500,2100,2509,2000,2499,2500,1880,1290,2577,100,100,2.5,2.4390242099761963,2.5,0,5,0,0,0,2.6315789222717285,100,0,4.761904716491699,0,0,7.500000476837158,0,0,100,4.761904716491699,100,2.5,0,2.4390242099761963,100,2.5641026496887207,100,100,2.4390242099761963,100,100,261043.31744384766,114384.13073730469,0,404334895104,8589930496,66030669824,0
199,1727693446056,1548,2499,2569,1920,2567,1798,2099,2824,2043,2499,2499,2499,2499,2000,2499,2499,1934,1728,2820,2819,1990,2818,1901,2500,2100,2509,2000,2499,2500,1880,1290,2577,100,100,2.5,2.4390242099761963,2.5,0,5,0,0,0,2.6315789222717285,100,0,4.761904716491699,0,0,7.500000476837158,0,0,100,4.761904716491699,100,2.5,0,2.4390242099761963,100,2.5641026496887207,100,100,2.4390242099761963,100,100,261046.11346435547,114393.55017089844,0,404334895104,8589930496,66030669824,0
199,1727693446256,1548,2499,2569,1920,2567,1798,2099,2824,2043,2499,2499,2499,2499,2000,2499,2499,1934,1728,2820,2819,1990,2818,1901,2500,2100,2509,2000,2499,2500,1880,1290,2577,100,100,0,0,0,0,0,0,0,0,0,100,0,0,0,0,0,0,0,100,0,100,0,0,0,100,0,100,100,0,100,100,261048.86260986328,114403.01434326172,0,404334895104,8589930496,66030669824,0
199,1727693446456,1548,2499,2569,1920,2567,1798,2099,2824,2043,2499,2499,2499,2499,2000,2499,2499,1934,1728,2820,2819,1990,2818,1901,2500,2100,2509,2000,2499,2500,1880,1290,2577,100,100,0,0,0,0,0,0,0,0,0,100,0,0,0,0,0,0,0,100,0,100,0,0,0,100,0,100,100,0,100,100,261051.58630371094,114412.44940185547,0,404334895104,8589930496,65991032832,0
199,1727693446656,1548,2499,2569,1920,2567,1798,2099,2824,2043,2499,2499,2499,2499,2000,2499,2499,1934,1728,2820,2819,1990,2818,1901,2500,2100,2509,2000,2499,2500,1880,1290,2577,100,100,0,0,0,0,0,0,0,0,0,100,0,0,0,0,0,0,0,100,0,100,0,0,0,100,0,100,100,0,100,100,261054.3482055664,114421.9072265625,0,404334895104,8589930496,66030448640,0
199,1727693446856,1548,2499,2569,1920,2567,1798,2099,2824,2043,2499,2499,2499,2499,2000,2499,2499,1934,1728,2820,2819,1990,2818,1901,2500,2100,2509,2000,2499,2500,1880,1290,2577,100,100,0,0,0,0,0,0,0,0,0,100,0,0,0,0,0,0,0,100,0,100,4.761904716491699,0,0,100,0,100,100,4.761904716491699,100,100,261057.123046875,114431.37768554688,0,404334895104,8589930496,66030522368,0
199,1727693447056,1548,2499,2569,1920,2567,1798,2099,2824,2043,2499,2499,2499,2499,2000,2499,2499,1934,1728,2820,2819,1990,2818,1901,2500,2100,2509,2000,2499,2500,1880,1290,2577,100,100,0,0,0,0,0,0,0,0,0,100,0,0,0,0,0,4.761904716491699,0,100,0,100,0,0,0,100,0,100,100,0,100,100,261059.89068603516,114440.84814453125,0,404334895104,8589930496,66030526464,0
199,1727693447256,1548,2499,2569,1920,2567,1798,2099,2824,2043,2499,2499,2499,2499,2000,2499,2499,1934,1728,2820,2819,1990,2818,1901,2500,2100,2509,2000,2499,2500,1880,1290,2577,100,100,0,0,0,0,0,0,0,0,0,100,0,0,0,0,0,0,0,100,0,100,0,0,0,100,0,100,100,0,100,100,261062.67755126953,114450.32543945313,0,404334895104,8589930496,66030673920,0
199,1727693447457,1548,2499,2569,1920,2567,1798,2099,2824,2043,2499,2499,2499,2499,2000,2499,2499,1934,1728,2820,2819,1990,2818,1901,2500,2100,2509,2000,2499,2500,1880,1290,2577,100,100,0,0,0,0,0,0,0,0,0,100,4.761904716491699,0,0,0,0,0,0,100,0,100,4.761904716491699,0,0,100,0,100,100,0,100,100,261065.43603515625,114459.75329589844,0,404334895104,8589930496,66030673920,0
199,1727693447657,1548,2499,2569,1920,2567,1798,2099,2824,2043,2499,2499,2499,2499,2000,2499,2499,1934,1728,2820,2819,1990,2818,1901,2500,2100,2509,2000,2499,2500,1880,1290,2577,100,100,0,0,0,0,0,0,0,0,0,100,0,0,0,0,0,0,0,100,0,100,0,0,0,100,0,100,100,0,100,100,261068.2325439453,114469.24279785156,0,404334895104,8589930496,66030673920,0
199,1727693447857,1548,2499,2569,1920,2567,1798,2099,2824,2043,2499,2499,2499,2499,2000,2499,2499,1934,1728,2820,2819,1990,2818,1901,2500,2100,2509,2000,2499,2500,1880,1290,2577,100,100,0,0,0,4.761904716491699,0,0,0,0,4.761904716491699,100,0,0,0,0,0,0,0,100,0,100,0,0,0,100,0,100,100,0,100,100,261071.1337890625,114478.74237060547,0,404334895104,8589930496,66030399488,0
199,1727693448057,1548,2499,2569,1920,2567,1798,2099,2824,2043,2499,2499,2499,2499,2000,2499,2499,1934,1728,2820,2819,1990,2818,1901,2500,2100,2509,2000,2499,2500,1880,1290,2577,100,100,0,0,0,0,0,0,0,0,0,100,4.761904716491699,0,0,0,0,0,0,100,0,100,0,0,0,100,0,100,100,0,100,100,261073.92950439453,114488.17639160156,0,404334895104,8589930496,66030452736,0
199,1727693448257,1548,2499,2569,1920,2567,1798,2099,2824,2043,2499,2499,2499,2499,2000,2499,2499,1934,1728,2820,2819,1990,2818,1901,2500,2100,2509,2000,2499,2500,1880,1290,2577,100,100,0,0,0,0,0,0,0,0,0,100,0,0,0,0,0,0,0,100,0,100,0,0,0,100,0,100,100,0,100,100,261076.7283935547,114497.64599609375,0,404334895104,8589930496,66030526464,0
199,1727693448457,1548,2499,2569,1920,2567,1798,2099,2824,2043,2499,2499,2499,2499,2000,2499,2499,1934,1728,2820,2819,1990,2818,1901,2500,2100,2509,2000,2499,2500,1880,1290,2577,100,100,0,0,0,0,0,0,0,0,0,100,0,0,0,0,0,0,0,100,0,100,0,0,0,100,0,100,100,0,100,100,261079.52960205078,114507.12121582031,0,404334895104,8589930496,66030526464,0
199,1727693448657,1548,2499,2569,1920,2567,1798,2099,2824,2043,2499,2499,2499,2499,2000,2499,2499,1934,1728,2820,2819,1990,2818,1901,2500,2100,2509,2000,2499,2500,1880,1290,2577,100,100,0,0,0,4.761904716491699,0,0,0,0,0,100,0,0,0,0,0,0,0,100,0,100,5,0,0,100,0,100,100,0,100,100,261082.33282470703,114516.60174560547,0,404334895104,8589930496,66029973504,0
199,1727693448857,1548,2499,2569,1920,2567,1798,2099,2824,2043,2499,2499,2499,2499,2000,2499,2499,1934,1728,2820,2819,1990,2818,1901,2500,2100,2509,2000,2499,2500,1880,1290,2577,100,100,0,0,0,5,0,0,0,0,0,100,4.761904716491699,0,0,0,0,0,0,100,0,100,0,0,0,100,0,100,100,0,100,100,261085.1616821289,114526.07751464844,0,404334895104,8589930496,66030247936,0
199,1727693449057,1548,2499,2569,1920,2567,1798,2099,2824,2043,2499,2499,2499,2499,2000,2499,2499,1934,1728,2820,2819,1990,2818,1901,2500,2100,2509,2000,2499,2500,1880,1290,2577,100,100,0,0,0,0,0,0,0,0,0,100,0,0,0,0,5,0,0,100,0,100,0,0,0,100,0,100,100,0,100,100,261087.9887084961,114535.56005859375,0,404334895104,8589930496,66030673920,0
199,1727693449258,1548,2499,2569,1920,2567,1798,2099,2824,2043,2499,2499,2499,2499,2000,2499,2499,1934,1728,2820,2819,1990,2818,1901,2500,2100,2509,2000,2499,2500,1880,1290,2577,100,100,0,0,0,0,0,0,0,0,0,100,0,0,0,0,0,0,0,100,0,100,0,0,0,100,0,100,100,0,100,100,261090.90460205078,114544.99926757813,0,404334895104,8589930496,66030415872,0
199,1727693449458,1548,2499,2569,1920,2567,1798,2099,2824,2043,2499,2499,2499,2499,2000,2499,2499,1934,1728,2820,2819,1990,2818,1901,2500,2100,2509,2000,2499,2500,1880,1290,2577,100,100,0,0,0,0,0,0,0,0,0,100,4.761904716491699,0,0,0,0,0,0,100,0,100,0,0,0,100,0,100,100,0,100,100,261093.6918334961,114554.47497558594,0,404334895104,8589930496,66030456832,0
199,1727693449658,1548,2499,2569,1920,2567,1798,2099,2824,2043,2499,2499,2499,2499,2000,2499,2499,1934,1728,2820,2819,1990,2818,1901,2500,2100,2509,2000,2499,2500,1880,1290,2577,100,100,0,0,0,0,0,0,0,0,0,100,0,0,0,0,0,0,0,100,0,100,0,0,0,100,0,100,100,0,100,100,261096.45831298828,114563.94604492188,0,404334895104,8589930496,66030530560,0
199,1727693449858,1548,2499,2569,1920,2567,1798,2099,2824,2043,2499,2499,2499,2499,2000,2499,2499,1934,1728,2820,2819,1990,2818,1901,2500,2100,2509,2000,2499,2500,1880,1290,2577,100,100,0,0,0,0,0,0,0,0,0,100,0,0,0,0,0,0,0,100,0,100,0,0,0,100,0,100,100,0,100,100,261099.25354003906,114573.4242553711,0,404334895104,8589930496,66030678016,0
199,1727693450058,1548,2499,2569,1920,2567,1798,2099,2824,2043,2499,2499,2499,2499,2000,2499,2499,1934,1728,2820,2819,1990,2818,1901,2500,2100,2509,2000,2499,2500,1880,1290,2577,100,100,0,0,0,0,0,0,0,0,4.761904716491699,100,0,0,0,10.526315689086914,0,0,0,100,0,100,0,0,0,100,0,100,85,0,100,100,261102.033203125,114582.89337158203,0,404334895104,8589930496,66030678016,0
199,1727693450258,1548,2499,2569,1920,2567,1798,2099,2824,2043,2499,2499,2499,2499,2000,2499,2499,1934,1728,2820,2819,1990,2818,1901,2500,2100,2509,2000,2499,2500,1880,1290,2577,100,100,0,0,0,0,0,0,0,0,0,100,0,0,0,100,0,0,0,100,0,100,0,0,0,100,0,100,0,0,100,100,261104.78540039063,114592.36743164063,0,404334895104,8589930496,66030661632,0
199,1727693450459,1548,2499,2569,1920,2567,1798,2099,2824,2043,2499,2499,2499,2499,2000,2499,2499,1934,1728,2820,2819,1990,2818,1901,2500,2100,2509,2000,2499,2500,1880,1290,2577,100,100,0,0,0,0,0,0,0,0,0,100,0,0,0,100,0,0,0,100,0,100,0,0,0,100,0,100,0,0,100,100,261107.6785888672,114601.8662109375,0,404334895104,8589930496,66030387200,0
199,1727693450659,1548,2499,2569,1920,2567,1798,2099,2824,2043,2499,2499,2499,2499,2000,2499,2499,1934,1728,2820,2819,1990,2818,1901,2500,2100,2509,2000,2499,2500,1880,1290,2577,100,100,0,0,0,0,0,0,0,0,0,100,0,0,0,100,0,0,0,100,0,100,0,0,0,100,0,100,0,0,100,100,261110.46502685547,114611.28631591797,0,404334895104,8589930496,66030440448,0
199,1727693450858,1548,2499,2569,1920,2567,1798,2099,2824,2043,2499,2499,2499,2499,2000,2499,2499,1934,1728,2820,2819,1990,2818,1901,2500,2100,2509,2000,2499,2500,1880,1290,2577,100,100,2.4390242099761963,0,2.5641026496887207,0,2.6315789222717285,2.5,2.4390242099761963,0,5,100,2.5641026496887207,0,7.500000476837158,100,0,0,2.5,100,0,100,7.317072868347168,0,9.756096839904785,100,2.5,100,0,0,100,100,261113.3384399414,114620.947265625,0,404334895104,8589930496,66030637056,0
199,1727693451058,1548,2499,2569,1920,2567,1798,2099,2824,2043,2499,2499,2499,2499,2000,2499,2499,1934,1728,2820,2819,1990,2818,1901,2500,2100,2509,2000,2499,2500,1880,1290,2577,100,100,2.4390242099761963,0,2.5641026496887207,0,2.6315789222717285,2.5,2.4390242099761963,0,5,100,2.5641026496887207,0,7.500000476837158,100,0,0,2.5,100,0,100,7.317072868347168,0,9.756096839904785,100,2.5,100,0,0,100,100,261116.0780029297,114630.40899658203,0,404334895104,8589930496,66030632960,0
199,1727693451259,1548,2499,2569,1920,2567,1798,2099,2824,2043,2499,2499,2499,2499,2000,2499,2499,1934,1728,2820,2819,1990,2818,1901,2500,2100,2509,2000,2499,2500,1880,1290,2577,100,100,0,0,0,0,4.761904716491699,2.4390242099761963,0,0,0,100,0,0,0,100,0,70,0,100,0,100,0,0,0,100,0,100,0,0,31.707317352294922,100,261118.87225341797,114639.92779541016,0,404334895104,8589930496,66030780416,0
199,1727693451459,1548,2499,2569,1920,2567,1798,2099,2824,2043,2499,2499,2499,2499,2000,2499,2499,1934,1728,2820,2819,1990,2818,1901,2500,2100,2509,2000,2499,2500,1880,1290,2577,71.42857360839844,100,0,0,0,0,0,0,28.571430206298828,0,4.761904716491699,100,0,0,0,100,0,100,0,100,0,100,0,0,0,100,0,100,0,0,0,100,261121.66326904297,114649.3988647461,0,404334895104,8589930496,66030780416,0
199,1727693451659,1548,2499,2569,1920,2567,1798,2099,2824,2043,2499,2499,2499,2499,2000,2499,2499,1934,1728,2820,2819,1990,2818,1901,2500,2100,2509,2000,2499,2500,1880,1290,2577,0,100,0,0,0,0,0,0,100,0,4.761904716491699,100,0,0,0,100,0,100,0,100,0,100,0,4.761904716491699,0,100,0,100,0,0,0,100,261124.4312133789,114658.83038330078,0,404334895104,8589930496,66030784512,0
199,1727693451859,1548,2499,2569,1920,2567,1798,2099,2824,2043,2499,2499,2499,2499,2000,2499,2499,1934,1728,2820,2819,1990,2818,1901,2500,2100,2509,2000,2499,2500,1880,1290,2577,0,100,0,0,0,0,0,0,100,0,0,100,0,0,0,100,0,100,0,100,0,100,0,0,0,100,0,100,0,0,0,100,261127.31829833984,114668.30859375,0,404334895104,8589930496,66030526464,0
199,1727693452059,1548,2499,2569,1920,2567,1798,2099,2824,2043,2499,2499,2499,2499,2000,2499,2499,1934,1728,2820,2819,1990,2818,1901,2500,2100,2509,2000,2499,2500,1880,1290,2577,0,100,0,0,0,0,0,0,100,0,4.761904716491699,100,0,0,0,100,0,100,0,100,0,100,0,0,0,100,0,100,0,0,0,100,261130.09478759766,114677.73760986328,0,404334895104,8589930496,66030563328,0
199,1727693452259,1548,2499,2569,1920,2567,1798,2099,2824,2043,2499,2499,2499,2499,2000,2499,2499,1934,1728,2820,2819,1990,2818,1901,2500,2100,2509,2000,2499,2500,1880,1290,2577,0,100,0,0,0,0,0,0,100,0,0,100,0,0,0,100,0,100,0,100,0,100,0,0,0,100,0,100,0,0,0,100,261132.89739990234,114687.25463867188,0,404334895104,8589930496,66028281856,0
199,1727693452460,1548,2499,2569,1920,2567,1798,2099,2824,2043,2499,2499,2499,2499,2000,2499,2499,1934,1728,2820,2819,1990,2818,1901,2500,2100,2509,2000,2499,2500,1880,1290,2577,0,100,0,0,0,0,0,0,100,0,5,100,0,0,0,100,0,100,0,100,0,100,0,0,5,100,0,100,0,0,0,100,261135.69989013672,114696.75219726563,0,404334895104,8589930496,66030362624,0
199,1727693452660,1548,2499,2569,1920,2567,1798,2099,2824,2043,2499,2499,2499,2499,2000,2499,2499,1934,1728,2820,2819,1990,2818,1901,2500,2100,2509,2000,2499,2500,1880,1290,2577,0,100,0,0,0,0,0,0,100,0,5,100,0,0,0,100,0,100,0,100,0,100,0,0,5,100,0,100,0,0,0,100,261138.4521484375,114706.1791381836,0,404334895104,8589930496,66030764032,0
199,1727693452860,1548,2499,2569,1920,2567,1798,2099,2824,2043,2499,2499,2499,2499,2000,2499,2499,1934,1728,2820,2819,1990,2818,1901,2500,2100,2509,2000,2499,2500,1880,1290,2577,0,100,0,0,0,0,0,0,100,0,0,100,0,0,0,100,0,100,0,100,0,100,0,0,0,100,0,100,0,0,0,100,261141.22479248047,114715.6587524414,0,404334895104,8589930496,66030788608,0
199,1727693453060,1548,2499,2569,1920,2567,1798,2099,2824,2043,2499,2499,2499,2499,2000,2499,2499,1934,1728,2820,2819,1990,2818,1901,2500,2100,2509,2000,2499,2500,1880,1290,2577,0,100,0,0,0,0,0,0,100,0,0,100,0,0,0,100,0,100,0,100,0,100,0,0,0,100,0,100,0,0,0,100,261144.03771972656,114725.1162109375,0,404334895104,8589930496,66010845184,0
199,1727693453260,1548,2499,2569,1920,2567,1798,2099,2824,2043,2499,2499,2499,2499,2000,2499,2499,1934,1728,2820,2819,1990,2818,1901,2500,2100,2509,2000,2499,2500,1880,1290,2577,0,100,0,0,0,0,0,0,100,0,0,100,0,0,0,100,0,100,0,100,0,100,0,0,0,100,0,100,0,0,0,100,261146.8468017578,114734.5654296875,0,404334895104,8589930496,66030575616,0
199,1727693453460,1548,2499,2569,1920,2567,1798,2099,2824,2043,2499,2499,2499,2499,2000,2499,2499,1934,1728,2820,2819,1990,2818,1901,2500,2100,2509,2000,2499,2500,1880,1290,2577,0,100,0,0,0,0,0,0,100,0,0,100,0,0,0,100,0,100,0,100,0,100,0,0,0,100,0,100,0,0,0,100,261149.61987304688,114744.0385131836,0,404334895104,8589930496,66030649344,0
199,1727693453660,1548,2499,2569,1920,2567,1798,2099,2824,2043,2499,2499,2499,2499,2000,2499,2499,1934,1728,2820,2819,1990,2818,1901,2500,2100,2509,2000,2499,2500,1880,1290,2577,0,100,0,0,0,0,0,0,100,0,0,100,0,0,0,100,0,100,0,100,0,100,0,0,0,100,0,100,0,0,0,100,261152.43188476563,114753.5132446289,0,404334895104,8589930496,66030649344,0
199,1727693453860,1548,2499,2569,1920,2567,1798,2099,2824,2043,2499,2499,2499,2499,2000,2499,2499,1934,1728,2820,2819,1990,2818,1901,2500,2100,2509,2000,2499,2500,1880,1290,2577,0,100,0,0,0,0,0,0,100,0,0,100,0,0,0,100,0,100,0,100,0,100,0,0,0,100,0,100,0,0,0,100,261155.23107910156,114762.99139404297,0,404334895104,8589930496,66030796800,0
199,1727693454061,1548,2499,2569,1920,2567,1798,2099,2824,2043,2499,2499,2499,2499,2000,2499,2499,1934,1728,2820,2819,1990,2818,1901,2500,2100,2509,2000,2499,2500,1880,1290,2577,0,66.66667175292969,0,0,0,0,0,0,100,33.333335876464844,0,100,0,0,0,100,0,60.000003814697266,0,100,0,100,0,0,0,100,0,100,0,0,42.105262756347656,100,261158.03546142578,114772.47564697266,0,404334895104,8589930496,66030800896,0
199,1727693454261,1548,2499,2569,1920,2567,1798,2099,2824,2043,2499,2499,2499,2499,2000,2499,2499,1934,1728,2820,2819,1990,2818,1901,2500,2100,2509,2000,2499,2500,1880,1290,2577,0,0,0,0,0,0,0,0,100,100,0,100,0,0,0,100,0,0,0,100,0,100,0,0,0,100,0,100,0,0,100,100,261160.82354736328,114781.951171875,0,404334895104,8589930496,66030800896,0
199,1727693454461,1548,2499,2569,1920,2567,1798,2099,2824,2043,2499,2499,2499,2499,2000,2499,2499,1934,1728,2820,2819,1990,2818,1901,2500,2100,2509,2000,2499,2500,1880,1290,2577,0,0,0,0,0,0,0,0,100,100,0,100,0,0,0,100,0,0,0,100,0,100,0,0,0,100,0,100,0,0,100,100,261163.69799804688,114791.38287353516,0,404334895104,8589930496,66030526464,0
199,1727693454661,1548,2499,2569,1920,2567,1798,2099,2824,2043,2499,2499,2499,2499,2000,2499,2499,1934,1728,2820,2819,1990,2818,1901,2500,2100,2509,2000,2499,2500,1880,1290,2577,0,0,0,0,0,0,0,0,100,100,0,100,0,0,0,100,0,0,0,100,0,100,0,0,0,100,0,100,0,0,100,100,261166.48126220703,114800.8558959961,0,404334895104,8589930496,66030579712,0
199,1727693454861,1548,2499,2569,1920,2567,1798,2099,2824,2043,2499,2499,2499,2499,2000,2499,2499,1934,1728,2820,2819,1990,2818,1901,2500,2100,2509,2000,2499,2500,1880,1290,2577,0,0,0,0,0,0,0,0,100,100,0,100,0,0,0,100,0,0,0,100,0,100,0,0,0,100,0,100,0,0,100,100,261169.28979492188,114810.32421875,0,404334895104,8589930496,66030653440,0
199,1727693455061,1548,2499,2569,1920,2567,1798,2099,2824,2043,2499,2499,2499,2499,2000,2499,2499,1934,1728,2820,2819,1990,2818,1901,2500,2100,2509,2000,2499,2500,1880,1290,2577,0,0,0,0,0,0,0,0,100,100,0,100,0,0,0,100,0,0,0,100,0,100,0,0,0,100,0,100,0,0,100,100,261172.0453491211,114819.79412841797,0,404334895104,8589930496,66030710784,0
199,1727693455261,1548,2499,2569,1920,2567,1798,2099,2824,2043,2499,2499,2499,2499,2000,2499,2499,1934,1728,2820,2819,1990,2818,1901,2500,2100,2509,2000,2499,2500,1880,1290,2577,0,0,0,0,0,0,0,0,100,100,0,100,0,0,0,100,0,0,0,100,0,100,0,0,0,100,0,100,0,0,100,100,261174.83715820313,114829.25384521484,0,404334895104,8589930496,66030845952,0
199,1727693455462,1548,2499,2569,1920,2567,1798,2099,2824,2043,2499,2499,2499,2499,2000,2499,2499,1934,1728,2820,2819,1990,2818,1901,2500,2100,2509,2000,2499,2500,1880,1290,2577,0,0,0,0,0,0,0,0,100,100,0,100,0,0,0,100,0,0,0,100,0,100,0,0,0,100,0,100,0,0,100,100,261177.6356201172,114838.72729492188,0,404334895104,8589930496,66030845952,0
199,1727693455662,1548,2499,2569,1920,2567,1798,2099,2824,2043,2499,2499,2499,2499,2000,2499,2499,1934,1728,2820,2819,1990,2818,1901,2500,2100,2509,2000,2499,2500,1880,1290,2577,0,0,0,0,0,0,0,0,100,100,0,100,0,0,0,100,0,0,0,100,0,100,0,0,0,100,0,100,0,0,100,100,261180.43701171875,114848.18048095703,0,404334895104,8589930496,66006900736,0
199,1727693455861,1548,2499,2569,1920,2567,1798,2099,2824,2043,2499,2499,2499,2499,2000,2499,2499,1934,1728,2820,2819,1990,2818,1901,2500,2100,2509,2000,2499,2500,1880,1290,2577,0,66.66667175292969,0,0,2.5,2.4390242099761963,2.5641026496887207,0,100,35,0,100,0,2.4390242099761963,2.5,100,0,0,0,100,0,100,0,4.878048419952393,0,100,0,100,0,2.4390242099761963,100,100,261183.3306274414,114857.67749023438,0,404334895104,8589930496,66037305344,0
199,1727693456062,1548,2499,2569,1920,2567,1798,2099,2824,2043,2499,2499,2499,2499,2000,2499,2499,1934,1728,2820,2819,1990,2818,1901,2500,2100,2509,2000,2499,2500,1880,1290,2577,0,100,0,0,4.761904716491699,0,0,0,100,0,4.761904716491699,100,0,0,4.761904716491699,100,0,4.761904716491699,0,100,0,100,0,5.263157844543457,0,100,9.090909004211426,100,0,0,100,100,261186.10473632813,114867.23162841797,0,404334895104,8589930496,66030186496,0
199,1727693456262,1548,2499,2569,1920,2567,1798,2099,2824,2043,2499,2499,2499,2499,2000,2499,2499,1934,1728,2820,2819,1990,2818,1901,2500,2100,2509,2000,2499,2500,1880,1290,2577,0,100,0,0,4.761904716491699,0,0,0,100,0,4.761904716491699,100,0,0,4.761904716491699,100,0,4.761904716491699,0,100,0,100,0,5.263157844543457,0,100,9.090909004211426,100,0,0,100,100,261188.8341064453,114876.65240478516,0,404334895104,8589930496,66030465024,0
199,1727693456462,1548,2499,2569,1920,2567,1798,2099,2824,2043,2499,2499,2499,2499,2000,2499,2499,1934,1728,2820,2819,1990,2818,1901,2500,2100,2509,2000,2499,2500,1880,1290,2577,0,100,0,0,0,0,0,0,100,0,0,90.243896484375,0,0,0,100,2.5,0,0,100,2.4390242099761963,100,2.4390242099761963,9.756096839904785,0,100,0,100,0,0,100,100,261191.61962890625,114886.18463134766,0,404334895104,8589930496,66031017984,0
199,1727693456662,1548,2499,2569,1920,2567,1798,2099,2824,2043,2499,2499,2499,2499,2000,2499,2499,1934,1728,2820,2819,1990,2818,1901,2500,2100,2509,2000,2499,2500,1880,1290,2577,0,100,0,0,0,0,0,0,100,0,0,0,0,0,0,100,0,0,0,100,0,100,0,100,0,100,0,100,0,0,100,100,261194.36352539063,114895.63220214844,0,404334895104,8589930496,66031042560,0
199,1727693456862,1548,2499,2569,1920,2567,1798,2099,2824,2043,2499,2499,2499,2499,2000,2499,2499,1934,1728,2820,2819,1990,2818,1901,2500,2100,2509,2000,2499,2500,1880,1290,2577,0,100,0,0,0,0,0,0,100,0,0,0,0,0,0,100,0,0,0,100,0,100,0,100,0,100,0,100,0,0,100,100,261197.13500976563,114905.0140991211,0,404334895104,8589930496,66031042560,0
199,1727693457062,1548,2499,2569,1920,2567,1798,2099,2824,2043,2499,2499,2499,2499,2000,2499,2499,1934,1728,2820,2819,1990,2818,1901,2500,2100,2509,2000,2499,2500,1880,1290,2577,0,100,0,0,0,0,0,0,100,0,0,0,0,0,0,100,4.761904716491699,0,0,100,0,100,0,100,4.761904716491699,100,0,100,0,0,100,100,261200.01831054688,114914.45233154297,0,404334895104,8589930496,66030768128,0
199,1727693457262,1548,2499,2569,1920,2567,1798,2099,2824,2043,2499,2499,2499,2499,2000,2499,2499,1934,1728,2820,2819,1990,2818,1901,2500,2100,2509,2000,2499,2500,1880,1290,2577,0,100,0,0,0,0,0,0,100,0,0,0,0,0,0,100,4.761904716491699,0,0,100,0,100,0,100,4.761904716491699,100,0,100,0,0,100,100,261202.8037109375,114923.85363769531,0,404334895104,8589930496,66030821376,0
199,1727693457463,1548,2499,2569,1920,2567,1798,2099,2824,2043,2499,2499,2499,2499,2000,2499,2499,1934,1728,2820,2819,1990,2818,1901,2500,2100,2509,2000,2499,2500,1880,1290,2577,0,100,0,0,0,0,0,0,100,0,2.4390242099761963,0,0,0,0,100,0,66.66667175292969,0,100,0,100,0,100,0,100,0,100,0,0,32.5,100,261205.60906982422,114933.29602050781,0,404334895104,8589930496,66030895104,0
199,1727693457663,1548,2499,2569,1920,2567,1798,2099,2824,2043,2499,2499,2499,2499,2000,2499,2499,1934,1728,2820,2819,1990,2818,1901,2500,2100,2509,2000,2499,2500,1880,1290,2577,0,100,0,0,0,0,0,0,100,0,0,0,0,0,0,100,0,100,0,100,0,100,0,100,0,100,0,100,0,0,0,100,261208.42291259766,114942.76452636719,0,404334895104,8589930496,66030895104,0
199,1727693457863,1548,2499,2569,1920,2567,1798,2099,2824,2043,2499,2499,2499,2499,2000,2499,2499,1934,1728,2820,2819,1990,2818,1901,2500,2100,2509,2000,2499,2500,1880,1290,2577,0,100,0,0,0,0,0,0,100,0,4.761904716491699,0,0,0,0,100,0,100,0,100,0,100,0,100,0,100,0,100,0,0,0,100,261211.2055053711,114952.2241821289,0,404334895104,8589930496,66031042560,0
199,1727693458063,1548,2499,2569,1920,2567,1798,2099,2824,2043,2499,2499,2499,2499,2000,2499,2499,1934,1728,2820,2819,1990,2818,1901,2500,2100,2509,2000,2499,2500,1880,1290,2577,0,80,0,0,100,4.761904716491699,0,0,100,15.000000953674316,0,0,0,0,0,100,0,100,0,100,0,0,0,100,0,100,0,100,0,0,0,100,261214.0076904297,114961.69543457031,0,404334895104,8589930496,66031046656,0
199,1727693458263,1548,2499,2569,1920,2567,1798,2099,2824,2043,2499,2499,2499,2499,2000,2499,2499,1934,1728,2820,2819,1990,2818,1901,2500,2100,2509,2000,2499,2500,1880,1290,2577,0,0,0,0,100,0,0,0,100,100,4.761904716491699,0,4.761904716491699,0,0,100,4.761904716491699,100,0,100,0,0,0,100,0,100,0,100,0,9.523809432983398,0,100,261216.81146240234,114971.25390625,0,404334895104,8589930496,66030608384,0
199,1727693458463,1548,2499,2569,1920,2567,1798,2099,2824,2043,2499,2499,2499,2499,2000,2499,2499,1934,1728,2820,2819,1990,2818,1901,2500,2100,2509,2000,2499,2500,1880,1290,2577,0,0,0,0,100,4.761904716491699,0,0,100,100,0,0,0,0,0,100,0,100,0,100,0,0,0,100,0,100,0,100,0,0,0,100,261219.67193603516,114980.65411376953,0,404334895104,8589930496,66030768128,0
199,1727693458663,1548,2499,2569,1920,2567,1798,2099,2824,2043,2499,2499,2499,2499,2000,2499,2499,1934,1728,2820,2819,1990,2818,1901,2500,2100,2509,2000,2499,2500,1880,1290,2577,0,0,0,0,100,4.761904716491699,0,0,100,100,0,0,0,0,0,100,0,100,0,100,0,0,0,100,0,100,0,100,0,0,0,100,261222.4291381836,114990.13751220703,0,404334895104,8589930496,66030829568,0
199,1727693458864,1548,2499,2569,1920,2567,1798,2099,2824,2043,2499,2499,2499,2499,2000,2499,2499,1934,1728,2820,2819,1990,2818,1901,2500,2100,2509,2000,2499,2500,1880,1290,2577,0,0,0,0,100,0,0,0,100,100,0,0,0,0,0,100,0,100,0,100,0,0,0,100,0,100,0,100,0,0,0,100,261225.21185302734,114999.61627197266,0,404334895104,8589930496,66030903296,0
199,1727693459064,1548,2499,2569,1920,2567,1798,2099,2824,2043,2499,2499,2499,2499,2000,2499,2499,1934,1728,2820,2819,1990,2818,1901,2500,2100,2509,2000,2499,2500,1880,1290,2577,0,0,0,0,100,0,0,0,100,100,0,0,0,0,0,100,0,100,0,100,0,0,0,100,0,100,0,100,0,0,0,100,261227.97357177734,115009.08123779297,0,404334895104,8589930496,66031050752,0
199,1727693459264,1548,2499,2569,1920,2567,1798,2099,2824,2043,2499,2499,2499,2499,2000,2499,2499,1934,1728,2820,2819,1990,2818,1901,2500,2100,2509,2000,2499,2500,1880,1290,2577,0,0,0,0,100,4.761904716491699,0,0,100,100,0,0,0,0,0,100,0,100,0,100,0,0,0,100,0,100,4.761904716491699,100,0,0,0,100,261230.74877929688,115018.54638671875,0,404334895104,8589930496,66031050752,0
199,1727693459464,1548,2499,2569,1920,2567,1798,2099,2824,2043,2499,2499,2499,2499,2000,2499,2499,1934,1728,2820,2819,1990,2818,1901,2500,2100,2509,2000,2499,2500,1880,1290,2577,0,0,0,0,100,0,0,0,100,100,0,0,0,0,0,100,0,100,0,100,0,0,0,100,0,100,0,100,0,0,0,100,261233.49932861328,115028.01232910156,0,404334895104,8589930496,66031050752,0
199,1727693459664,1548,2499,2569,1920,2567,1798,2099,2824,2043,2499,2499,2499,2499,2000,2499,2499,1934,1728,2820,2819,1990,2818,1901,2500,2100,2509,2000,2499,2500,1880,1290,2577,0,0,0,4.761904716491699,100,0,4.761904716491699,0,100,100,0,0,0,0,0,100,4.761904716491699,100,0,100,0,0,0,100,0,100,0,100,0,0,0,100,261236.3306274414,115037.44580078125,0,404334895104,8589930496,66027700224,0
199,1727693459864,1548,2499,2569,1920,2567,1798,2099,2824,2043,2499,2499,2499,2499,2000,2499,2499,1934,1728,2820,2819,1990,2818,1901,2500,2100,2509,2000,2499,2500,1880,1290,2577,0,0,0,4.761904716491699,100,0,4.761904716491699,0,100,100,0,0,0,0,0,100,4.761904716491699,100,0,100,0,0,0,100,0,100,0,100,0,0,0,100,261239.08935546875,115046.89471435547,0,404334895104,8589930496,66030837760,0
199,1727693460064,1548,2499,2569,1920,2567,1798,2099,2824,2043,2499,2499,2499,2499,2000,2499,2499,1934,1728,2820,2819,1990,2818,1901,2500,2100,2509,2000,2499,2500,1880,1290,2577,0,0,0,0,100,0,0,0,100,100,0,0,0,0,0,100,0,100,0,100,2.5,0,0,100,0,100,2.5,100,0,2.4390242099761963,0,100,261241.85845947266,115056.35681152344,0,404334895104,8589930496,66030600192,0
199,1727693460264,1548,2499,2569,1920,2567,1798,2099,2824,2043,2499,2499,2499,2499,2000,2499,2499,1934,1728,2820,2819,1990,2818,1901,2500,2100,2509,2000,2499,2500,1880,1290,2577,0,0,0,0,100,0,0,0,100,100,0,0,0,0,0,100,0,100,0,100,2.5,0,0,100,0,100,2.5,100,0,2.4390242099761963,0,100,261244.65447998047,115065.82989501953,0,404334895104,8589930496,66030600192,0
199,1727693460465,1548,2499,2569,1920,2567,1798,2099,2824,2043,2499,2499,2499,2499,2000,2499,2499,1934,1728,2820,2819,1990,2818,1901,2500,2100,2509,2000,2499,2500,1880,1290,2577,0,0,0,0,100,0,0,0,100,100,0,0,0,0,0,100,0,100,0,100,0,0,0,100,0,100,0,100,0,0,0,100,261247.43072509766,115075.29583740234,0,404334895104,8589930496,66030772224,0
199,1727693460665,1548,2499,2569,1920,2567,1798,2099,2824,2043,2499,2499,2499,2499,2000,2499,2499,1934,1728,2820,2819,1990,2818,1901,2500,2100,2509,2000,2499,2500,1880,1290,2577,0,0,0,0,100,0,0,0,100,100,0,0,0,0,0,100,0,100,0,100,0,0,0,100,0,100,0,100,0,0,0,100,261250.19006347656,115084.75927734375,0,404334895104,8589930496,66030772224,0
199,1727693460865,1548,2499,2569,1920,2567,1798,2099,2824,2043,2499,2499,2499,2499,2000,2499,2499,1934,1728,2820,2819,1990,2818,1901,2500,2100,2509,2000,2499,2500,1880,1290,2577,0,0,0,0,100,0,0,0,100,100,0,0,0,0,0,100,0,100,0,100,0,0,0,100,0,100,0,100,0,0,0,100,261252.97259521484,115094.23406982422,0,404334895104,8589930496,66030776320,0
199,1727693461065,1548,2499,2569,1920,2567,1798,2099,2824,2043,2499,2499,2499,2499,2000,2499,2499,1934,1728,2820,2819,1990,2818,1901,2500,2100,2509,2000,2499,2500,1880,1290,2577,15.000000953674316,4.761904716491699,4.761904716491699,10,100,0,23.809524536132813,5,100,100,0,0,10,10,0,100,10,100,0,100,19.047618865966797,5.263157844543457,0,100,0,100,5,100,0,0,4.761904716491699,100,261255.8609008789,115103.9116821289,0,404334895104,8589930496,66030514176,0
199,1727693461265,1548,2499,2569,1920,2567,1798,2099,2824,2043,2499,2499,2499,2499,2000,2499,2499,1934,1728,2820,2819,1990,2818,1901,2500,2100,2509,2000,2499,2500,1880,1290,2577,0,0,0,0,100,0,0,0,100,100,0,0,0,0,0,100,0,100,0,100,0,0,0,100,0,100,0,100,0,0,0,100,261258.6241455078,115113.38549804688,0,404334895104,8589930496,66030567424,0
199,1727693461465,1548,2499,2569,1920,2567,1798,2099,2824,2043,2499,2499,2499,2499,2000,2499,2499,1934,1728,2820,2819,1990,2818,1901,2500,2100,2509,2000,2499,2500,1880,1290,2577,0,0,0,0,100,0,0,0,100,100,0,100,0,0,0,100,0,100,0,100,0,0,0,0,0,100,0,100,0,0,0,100,261261.41119384766,115122.85382080078,0,404334895104,8589930496,66030641152,0
199,1727693461665,1548,2499,2569,1920,2567,1798,2099,2824,2043,2499,2499,2499,2499,2000,2499,2499,1934,1728,2820,2819,1990,2818,1901,2500,2100,2509,2000,2499,2500,1880,1290,2577,0,0,0,0,100,0,0,0,100,100,0,100,9.523809432983398,0,0,100,0,100,0,100,0,0,4.761904716491699,0,0,100,0,100,0,0,0,100,261264.1983642578,115132.36682128906,0,404334895104,8589930496,66030194688,0
199,1727693461865,1548,2499,2569,1920,2567,1798,2099,2824,2043,2499,2499,2499,2499,2000,2499,2499,1934,1728,2820,2819,1990,2818,1901,2500,2100,2509,2000,2499,2500,1880,1290,2577,0,0,0,0,100,0,0,0,100,100,0,100,0,0,0,100,0,100,0,100,0,0,0,0,0,100,0,100,0,0,0,100,261267.0093383789,115141.8784790039,0,404334895104,8589930496,66030354432,0
199,1727693462065,1548,2499,2569,1920,2567,1798,2099,2824,2043,2499,2499,2499,2499,2000,2499,2499,1934,1728,2820,2819,1990,2818,1901,2500,2100,2509,2000,2499,2500,1880,1290,2577,0,0,0,0,100,0,0,0,100,100,0,100,0,0,0,100,0,100,0,100,0,0,0,0,0,100,0,100,0,0,0,100,261269.77770996094,115151.31005859375,0,404334895104,8589930496,66030354432,0
199,1727693462266,1548,2499,2569,1920,2567,1798,2099,2824,2043,2499,2499,2499,2499,2000,2499,2499,1934,1728,2820,2819,1990,2818,1901,2500,2100,2509,2000,2499,2500,1880,1290,2577,0,0,0,0,100,0,0,0,100,100,0,100,0,0,0,100,0,100,0,100,0,0,0,0,0,100,0,100,0,0,0,100,261272.5668334961,115160.77215576172,0,404334895104,8589930496,65958944768,0
199,1727693462466,1548,2499,2569,1920,2567,1798,2099,2824,2043,2499,2499,2499,2499,2000,2499,2499,1934,1728,2820,2819,1990,2818,1901,2500,2100,2509,2000,2499,2500,1880,1290,2577,57.894737243652344,0,0,0,100,0,0,0,42.105262756347656,100,0,100,0,0,0,100,0,100,4.761904716491699,100,0,0,0,0,0,100,0,100,0,0,0,100,261275.4419555664,115170.26788330078,0,404334895104,8589930496,66030096384,0
199,1727693462666,1548,2499,2569,1920,2567,1798,2099,2824,2043,2499,2499,2499,2499,2000,2499,2499,1934,1728,2820,2819,1990,2818,1901,2500,2100,2509,2000,2499,2500,1880,1290,2577,100,0,0,0,100,0,0,0,0,100,0,100,0,0,0,100,0,100,0,100,0,0,0,0,0,100,0,100,0,0,0,100,261278.1636352539,115179.69543457031,0,404334895104,8589930496,66030206976,0
199,1727693462866,1548,2499,2569,1920,2567,1798,2099,2824,2043,2499,2499,2499,2499,2000,2499,2499,1934,1728,2820,2819,1990,2818,1901,2500,2100,2509,2000,2499,2500,1880,1290,2577,100,0,0,0,100,4.761904716491699,0,0,0,100,0,100,0,0,0,100,0,100,0,100,0,0,0,0,0,100,0,100,0,0,0,100,261280.89190673828,115189.18054199219,0,404334895104,8589930496,66030206976,0
199,1727693463066,1548,2499,2569,1920,2567,1798,2099,2824,2043,2499,2499,2499,2499,2000,2499,2499,1934,1728,2820,2819,1990,2818,1901,2500,2100,2509,2000,2499,2500,1880,1290,2577,100,0,0,0,100,0,0,0,0,100,0,100,0,0,0,100,0,100,0,100,0,0,0,0,0,100,0,100,5,0,0,100,261283.6785888672,115198.64111328125,0,404334895104,8589930496,66030358528,0
199,1727693463266,1548,2499,2569,1920,2567,1798,2099,2824,2043,2499,2499,2499,2499,2000,2499,2499,1934,1728,2820,2819,1990,2818,1901,2500,2100,2509,2000,2499,2500,1880,1290,2577,100,0,0,0,100,0,0,0,0,100,0,100,0,0,0,100,0,28.571430206298828,0,100,0,0,0,0,0,100,0,100,0,0,78.94737243652344,100,261286.46435546875,115208.11102294922,0,404334895104,8589930496,66030764032,0
199,1727693463466,1548,2499,2569,1920,2567,1798,2099,2824,2043,2499,2499,2499,2499,2000,2499,2499,1934,1728,2820,2819,1990,2818,1901,2500,2100,2509,2000,2499,2500,1880,1290,2577,66.66667175292969,0,0,0,100,4.761904716491699,0,0,30.000001907348633,100,0,100,0,0,0,100,0,0,0,100,0,0,0,0,0,100,0,100,0,0,100,100,261289.23114013672,115217.57000732422,0,404334895104,8589930496,66030764032,0
199,1727693463666,1548,2499,2569,1920,2567,1798,2099,2824,2043,2499,2499,2499,2499,2000,2499,2499,1934,1728,2820,2819,1990,2818,1901,2500,2100,2509,2000,2499,2500,1880,1290,2577,0,0,0,0,100,0,0,0,100,100,0,100,0,0,0,100,0,0,0,100,0,0,0,0,0,100,0,100,0,0,100,100,261292.09423828125,115227.005859375,0,404334895104,8589930496,66030514176,0
199,1727693463867,1548,2499,2569,1920,2567,1798,2099,2824,2043,2499,2499,2499,2499,2000,2499,2499,1934,1728,2820,2819,1990,2818,1901,2500,2100,2509,2000,2499,2500,1880,1290,2577,0,0,0,0,100,0,0,0,100,100,0,100,0,0,0,100,0,0,0,100,0,0,0,0,0,100,0,100,0,0,100,100,261294.9093017578,115236.46533203125,0,404334895104,8589930496,66030567424,0
199,1727693464067,1548,2499,2569,1920,2567,1798,2099,2824,2043,2499,2499,2499,2499,2000,2499,2499,1934,1728,2820,2819,1990,2818,1901,2500,2100,2509,2000,2499,2500,1880,1290,2577,0,0,0,4.761904716491699,100,0,0,0,100,100,4.761904716491699,100,0,0,0,100,0,0,30.000001907348633,100,0,0,0,0,0,100,0,100,0,0,100,70,261297.70330810547,115245.93817138672,0,404334895104,8589930496,66030641152,0
199,1727693464267,1548,2499,2569,1920,2567,1798,2099,2824,2043,2499,2499,2499,2499,2000,2499,2499,1934,1728,2820,2819,1990,2818,1901,2500,2100,2509,2000,2499,2500,1880,1290,2577,0,0,0,4.761904716491699,100,0,0,0,100,100,4.761904716491699,100,0,0,0,100,0,0,30.000001907348633,100,0,0,0,0,0,100,0,100,0,0,100,70,261300.47790527344,115255.39428710938,0,404334895104,8589930496,66030641152,0
199,1727693464467,1548,2499,2569,1920,2567,1798,2099,2824,2043,2499,2499,2499,2499,2000,2499,2499,1934,1728,2820,2819,1990,2818,1901,2500,2100,2509,2000,2499,2500,1880,1290,2577,0,0,0,0,100,0,0,0,100,100,0,100,0,0,0,100,0,0,100,100,0,0,0,0,0,100,0,100,0,0,100,0,261303.2523803711,115264.8515625,0,404334895104,8589930496,66030788608,0
199,1727693464667,1548,2499,2569,1920,2567,1798,2099,2824,2043,2499,2499,2499,2499,2000,2499,2499,1934,1728,2820,2819,1990,2818,1901,2500,2100,2509,2000,2499,2500,1880,1290,2577,0,0,0,0,100,0,0,0,100,100,0,100,0,0,0,100,9.090909004211426,0,100,100,0,0,0,0,0,100,0,100,0,0,100,0,261306.01556396484,115274.30938720703,0,404334895104,8589930496,66030788608,0
199,1727693464867,1548,2499,2569,1920,2567,1798,2099,2824,2043,2499,2499,2499,2499,2000,2499,2499,1934,1728,2820,2819,1990,2818,1901,2500,2100,2509,2000,2499,2500,1880,1290,2577,0,0,0,0,100,0,0,0,100,100,0,100,0,0,0,100,0,0,100,100,0,0,0,0,0,100,0,100,0,0,100,0,261308.77056884766,115283.76629638672,0,404334895104,8589930496,66030788608,0
199,1727693465067,1548,2499,2569,1920,2567,1798,2099,2824,2043,2499,2499,2499,2499,2000,2499,2499,1934,1728,2820,2819,1990,2818,1901,2500,2100,2509,2000,2499,2500,1880,1290,2577,0,0,0,0,100,0,0,0,100,100,4.761904716491699,100,0,0,0,100,0,0,100,100,0,0,0,0,0,100,0,100,0,0,100,0,261311.6416015625,115293.18377685547,0,404334895104,8589930496,66030530560,0
199,1727693465268,1548,2499,2569,1920,2567,1798,2099,2824,2043,2499,2499,2499,2499,2000,2499,2499,1934,1728,2820,2819,1990,2818,1901,2500,2100,2509,2000,2499,2500,1880,1290,2577,0,0,0,0,100,0,0,0,100,100,4.761904716491699,100,0,0,0,100,0,0,100,100,0,0,0,0,0,100,0,100,0,0,100,0,261314.39965820313,115302.66021728516,0,404334895104,8589930496,66030567424,0
199,1727693465468,1548,2499,2569,1920,2567,1798,2099,2824,2043,2499,2499,2499,2499,2000,2499,2499,1934,1728,2820,2819,1990,2818,1901,2500,2100,2509,2000,2499,2500,1880,1290,2577,0,0,0,0,100,0,0,0,100,100,0,100,0,0,0,100,0,0,100,100,0,0,0,0,4.761904716491699,100,0,100,0,0,100,0,261317.1668701172,115312.12664794922,0,404334895104,8589930496,66030632960,0
199,1727693465668,1548,2499,2569,1920,2567,1798,2099,2824,2043,2499,2499,2499,2499,2000,2499,2499,1934,1728,2820,2819,1990,2818,1901,2500,2100,2509,2000,2499,2500,1880,1290,2577,0,0,0,0,100,0,0,0,100,100,0,100,0,0,0,100,0,0,100,100,0,0,0,0,4.761904716491699,100,0,100,0,0,100,0,261319.9560546875,115321.57189941406,0,404334895104,8589930496,66030780416,0
199,1727693465868,1548,2499,2569,1920,2567,1798,2099,2824,2043,2499,2499,2499,2499,2000,2499,2499,1934,1728,2820,2819,1990,2818,1901,2500,2100,2509,2000,2499,2500,1880,1290,2577,65,0,0,0,100,2.4390242099761963,0,0,35,100,0,100,0,0,0,100,0,0,100,100,0,0,2.4390242099761963,0,2.4390242099761963,100,0,100,0,0,100,0,261322.7374267578,115331.02996826172,0,404334895104,8589930496,66030747648,0
199,1727693466068,1548,2499,2569,1920,2567,1798,2099,2824,2043,2499,2499,2499,2499,2000,2499,2499,1934,1728,2820,2819,1990,2818,1901,2500,2100,2509,2000,2499,2500,1880,1290,2577,65,0,0,0,100,2.4390242099761963,0,0,35,100,0,100,0,0,0,100,0,0,100,100,0,0,2.4390242099761963,0,2.4390242099761963,100,0,100,0,0,100,0,261325.5170288086,115340.59912109375,0,404334895104,8589930496,66030788608,0
199,1727693466268,1548,2499,2569,1920,2567,1798,2099,2824,2043,2499,2499,2499,2499,2000,2499,2499,1934,1728,2820,2819,1990,2818,1901,2500,2100,2509,2000,2499,2500,1880,1290,2577,100,0,0,2.5641026496887207,100,2.5,0,0,7.500000476837158,100,0,100,0,2.5,0,100,2.5,43.90243911743164,65,100,0,0,2.5,0,2.5,100,2.5,100,0,2.5,55,37.5,261328.42138671875,115350.09814453125,0,404334895104,8589930496,66030514176,0
199,1727693466468,1548,2499,2569,1920,2567,1798,2099,2824,2043,2499,2499,2499,2499,2000,2499,2499,1934,1728,2820,2819,1990,2818,1901,2500,2100,2509,2000,2499,2500,1880,1290,2577,100,0,0,2.5641026496887207,100,2.5,0,0,7.500000476837158,100,0,100,0,2.5,0,100,2.5,43.90243911743164,65,100,0,0,2.5,0,2.5,100,2.5,100,0,2.5,55,37.5,261331.21710205078,115359.52349853516,0,404334895104,8589930496,66030567424,0
199,1727693466668,1548,2499,2569,1920,2567,1798,2099,2824,2043,2499,2499,2499,2499,2000,2499,2499,1934,1728,2820,2819,1990,2818,1901,2500,2100,2509,2000,2499,2500,1880,1290,2577,97.5,0,0,0,100,0,0,0,0,100,0,100,0,0,0,100,0,100,0,100,0,0,0,0,0,100,0,100,0,0,0,100,261334.03741455078,115369.04174804688,0,404334895104,8589930496,66030641152,0
199,1727693466868,1548,2499,2569,1920,2567,1798,2099,2824,2043,2499,2499,2499,2499,2000,2499,2499,1934,1728,2820,2819,1990,2818,1901,2500,2100,2509,2000,2499,2500,1880,1290,2577,100,0,0,9.523809432983398,100,4.761904716491699,0,0,0,100,0,100,0,0,0,100,0,100,0,100,0,0,0,0,0,100,0,100,0,9.523809432983398,0,100,261336.8829345703,115378.53985595703,0,404334895104,8589930496,66030211072,0
199,1727693467069,1548,2499,2569,1920,2567,1798,2099,2824,2043,2499,2499,2499,2499,2000,2499,2499,1934,1728,2820,2819,1990,2818,1901,2500,2100,2509,2000,2499,2500,1880,1290,2577,100,0,0,9.523809432983398,100,4.761904716491699,0,0,0,100,0,100,0,0,0,100,0,100,0,100,0,0,0,0,0,100,0,100,0,9.523809432983398,0,100,261339.69311523438,115387.9780883789,0,404334895104,8589930496,66030788608,0
199,1727693467269,1548,2499,2569,1920,2567,1798,2099,2824,2043,2499,2499,2499,2499,2000,2499,2499,1934,1728,2820,2819,1990,2818,1901,2500,2100,2509,2000,2499,2500,1880,1290,2577,100,0,0,0,100,0,0,0,0,100,0,100,0,0,0,100,0,100,0,100,0,0,0,0,0,100,0,100,0,0,0,100,261342.48278808594,115397.49633789063,0,404334895104,8589930496,66030788608,0
199,1727693467469,1548,2499,2569,1920,2567,1798,2099,2824,2043,2499,2499,2499,2499,2000,2499,2499,1934,1728,2820,2819,1990,2818,1901,2500,2100,2509,2000,2499,2500,1880,1290,2577,70,0,0,0,100,0,0,0,31.57894515991211,100,0,100,0,0,0,100,0,100,0,100,0,0,0,0,0,100,0,100,0,0,0,100,261345.26165771484,115406.96447753906,0,404334895104,8589930496,66030788608,0
199,1727693467669,1548,2499,2569,1920,2567,1798,2099,2824,2043,2499,2499,2499,2499,2000,2499,2499,1934,1728,2820,2819,1990,2818,1901,2500,2100,2509,2000,2499,2500,1880,1290,2577,0,0,0,0,100,0,0,0,100,100,0,100,0,0,0,100,4.761904716491699,100,0,100,0,0,0,0,0,100,0,100,0,0,0,100,261348.1300048828,115416.3911743164,0,404334895104,8589930496,66030534656,0
199,1727693467869,1548,2499,2569,1920,2567,1798,2099,2824,2043,2499,2499,2499,2499,2000,2499,2499,1934,1728,2820,2819,1990,2818,1901,2500,2100,2509,2000,2499,2500,1880,1290,2577,0,0,0,0,100,0,0,0,100,100,0,100,0,0,0,100,0,100,0,100,0,0,0,0,0,100,0,100,0,0,0,100,261350.90985107422,115425.82232666016,0,404334895104,8589930496,66030571520,0
199,1727693468069,1548,2499,2569,1920,2567,1798,2099,2824,2043,2499,2499,2499,2499,2000,2499,2499,1934,1728,2820,2819,1990,2818,1901,2500,2100,2509,2000,2499,2500,1880,1290,2577,0,0,0,0,100,0,0,0,100,100,0,100,0,0,0,100,0,55,0,100,0,0,0,0,0,100,4.761904716491699,100,0,0,45,100,261353.69677734375,115435.30249023438,0,404334895104,8589930496,66030645248,0
199,1727693468269,1548,2499,2569,1920,2567,1798,2099,2824,2043,2499,2499,2499,2499,2000,2499,2499,1934,1728,2820,2819,1990,2818,1901,2500,2100,2509,2000,2499,2500,1880,1290,2577,0,0,0,0,100,0,0,0,100,100,0,100,4.761904716491699,0,0,100,0,0,0,100,0,0,4.761904716491699,0,0,100,0,100,0,0,100,100,261356.47772216797,115444.783203125,0,404334895104,8589930496,66030051328,0
199,1727693468469,1548,2499,2569,1920,2567,1798,2099,2824,2043,2499,2499,2499,2499,2000,2499,2499,1934,1728,2820,2819,1990,2818,1901,2500,2100,2509,2000,2499,2500,1880,1290,2577,0,0,0,0,100,0,0,0,100,100,0,100,0,0,0,100,0,0,0,100,0,0,0,0,4.761904716491699,100,0,100,0,0,100,100,261359.24688720703,115454.2465209961,0,404334895104,8589930496,66030198784,0
199,1727693468670,1548,2499,2569,1920,2567,1798,2099,2824,2043,2499,2499,2499,2499,2000,2499,2499,1934,1728,2820,2819,1990,2818,1901,2500,2100,2509,2000,2499,2500,1880,1290,2577,0,0,0,0,100,0,0,0,100,100,0,100,0,0,0,100,0,0,0,100,0,0,0,0,0,100,0,100,0,0,100,100,261362.0394897461,115463.72454833984,0,404334895104,8589930496,66030198784,0
199,1727693468870,1548,2499,2569,1920,2567,1798,2099,2824,2043,2499,2499,2499,2499,2000,2499,2499,1934,1728,2820,2819,1990,2818,1901,2500,2100,2509,2000,2499,2500,1880,1290,2577,0,0,0,0,100,0,0,0,100,100,0,100,0,0,0,100,0,0,63.15789031982422,100,0,0,0,0,0,100,0,100,0,0,100,38.095237731933594,261364.79815673828,115473.16369628906,0,404334895104,8589930496,65989505024,0
199,1727693469070,1548,2499,2569,1920,2567,1798,2099,2824,2043,2499,2499,2499,2499,2000,2499,2499,1934,1728,2820,2819,1990,2818,1901,2500,2100,2509,2000,2499,2500,1880,1290,2577,0,0,5,0,100,0,0,0,100,100,0,100,0,0,0,100,0,0,100,100,0,0,0,0,4.761904716491699,100,0,100,0,0,100,0,261367.59967041016,115482.62615966797,0,404334895104,8589930496,66029977600,0
199,1727693469270,1548,2499,2569,1920,2567,1798,2099,2824,2043,2499,2499,2499,2499,2000,2499,2499,1934,1728,2820,2819,1990,2818,1901,2500,2100,2509,2000,2499,2500,1880,1290,2577,0,0,0,0,100,0,0,0,100,100,0,100,0,0,0,100,0,0,100,100,0,0,0,0,0,100,0,100,0,0,100,0,261370.38549804688,115492.1064453125,0,404334895104,8589930496,66030051328,0
199,1727693469470,1548,2499,2569,1920,2567,1798,2099,2824,2043,2499,2499,2499,2499,2000,2499,2499,1934,1728,2820,2819,1990,2818,1901,2500,2100,2509,2000,2499,2500,1880,1290,2577,0,0,0,0,100,0,0,0,100,100,0,100,0,0,0,100,0,0,100,100,0,0,0,0,0,100,0,100,0,0,100,0,261373.14770507813,115501.58203125,0,404334895104,8589930496,66030051328,0
199,1727693469670,1548,2499,2569,1920,2567,1798,2099,2824,2043,2499,2499,2499,2499,2000,2499,2499,1934,1728,2820,2819,1990,2818,1901,2500,2100,2509,2000,2499,2500,1880,1290,2577,0,0,0,0,100,0,0,0,100,100,0,100,0,0,0,100,0,0,100,100,0,0,0,0,0,100,0,100,0,0,100,0,261375.91522216797,115511.0576171875,0,404334895104,8589930496,66030198784,0
199,1727693469870,1548,2499,2569,1920,2567,1798,2099,2824,2043,2499,2499,2499,2499,2000,2499,2499,1934,1728,2820,2819,1990,2818,1901,2500,2100,2509,2000,2499,2500,1880,1290,2577,0,0,0,0,100,0,0,0,100,100,0,100,0,0,0,100,0,0,100,100,0,0,0,0,0,100,0,100,0,0,100,0,261378.72576904297,115520.5376586914,0,404334895104,8589930496,66030202880,0
199,1727693470070,1548,2499,2569,1920,2567,1798,2099,2824,2043,2499,2499,2499,2499,2000,2499,2499,1934,1728,2820,2819,1990,2818,1901,2500,2100,2509,2000,2499,2500,1880,1290,2577,0,0,0,0,100,0,0,0,100,100,0,100,0,0,0,100,0,0,100,100,0,0,0,0,0,100,0,100,0,0,100,0,261381.5181274414,115529.99438476563,0,404334895104,8589930496,66030202880,0
199,1727693470271,1548,2499,2569,1920,2567,1798,2099,2824,2043,2499,2499,2499,2499,2000,2499,2499,1934,1728,2820,2819,1990,2818,1901,2500,2100,2509,2000,2499,2500,1880,1290,2577,0,0,0,0,100,0,0,0,100,100,0,100,0,0,0,100,0,0,100,100,0,0,0,0,0,100,0,100,0,0,100,0,261384.39337158203,115539.43701171875,0,404334895104,8589930496,66029928448,0
199,1727693470471,1548,2499,2569,1920,2567,1798,2099,2824,2043,2499,2499,2499,2499,2000,2499,2499,1934,1728,2820,2819,1990,2818,1901,2500,2100,2509,2000,2499,2500,1880,1290,2577,0,0,0,0,100,0,0,0,100,100,4.761904716491699,100,0,0,0,100,0,0,100,100,0,0,0,0,0,100,0,100,0,0,100,0,261387.21868896484,115548.921875,0,404334895104,8589930496,66029969408,0
199,1727693470671,1548,2499,2569,1920,2567,1798,2099,2824,2043,2499,2499,2499,2499,2000,2499,2499,1934,1728,2820,2819,1990,2818,1901,2500,2100,2509,2000,2499,2500,1880,1290,2577,0,0,0,0,100,0,0,0,100,100,4.761904716491699,100,0,0,0,100,0,0,100,100,0,0,0,0,0,100,0,100,0,0,100,0,261390.0128173828,115558.39935302734,0,404334895104,8589930496,66030043136,0
199,1727693470871,1548,2499,2569,1920,2567,1798,2099,2824,2043,2499,2499,2499,2499,2000,2499,2499,1934,1728,2820,2819,1990,2818,1901,2500,2100,2509,2000,2499,2500,1880,1290,2577,0,0,0,0,100,0,0,0,100,100,0,100,0,0,0,100,0,0,100,100,0,0,0,0,0,100,0,100,0,0,100,0,261392.85052490234,115567.87567138672,0,404334895104,8589930496,66030043136,0
199,1727693471071,1548,2499,2569,1920,2567,1798,2099,2824,2043,2499,2499,2499,2499,2000,2499,2499,1934,1728,2820,2819,1990,2818,1901,2500,2100,2509,2000,2499,2500,1880,1290,2577,0,0,0,10,100,10,5.263157844543457,4.761904716491699,100,100,10.526315689086914,100,0,15.000000953674316,0,100,4.761904716491699,0,100,100,10,0,0,0,0,100,4.761904716491699,100,0,5,100,0,261395.6904296875,115577.49432373047,0,404334895104,8589930496,66040684544,0
199,1727693471271,1548,2499,2569,1920,2567,1798,2099,2824,2043,2499,2499,2499,2499,2000,2499,2499,1934,1728,2820,2819,1990,2818,1901,2500,2100,2509,2000,2499,2500,1880,1290,2577,0,0,0,10,100,10,5.263157844543457,4.761904716491699,100,100,10.526315689086914,100,0,15.000000953674316,0,100,4.761904716491699,0,100,100,10,0,0,0,0,100,4.761904716491699,100,0,5,100,0,261398.4916381836,115587.05572509766,0,404334895104,8589930496,66029682688,0
199,1727693471471,1548,2499,2569,1920,2567,1798,2099,2824,2043,2499,2499,2499,2499,2000,2499,2499,1934,1728,2820,2819,1990,2818,1901,2500,2100,2509,2000,2499,2500,1880,1290,2577,0,0,0,0,100,0,0,0,100,100,0,100,0,2.4390242099761963,0,100,2.5,0,100,100,7.500000476837158,0,0,2.4390242099761963,0,100,0,100,0,0,100,0,261401.30297851563,115596.47979736328,0,404334895104,8589930496,66029682688,0
199,1727693471671,1548,2499,2569,1920,2567,1798,2099,2824,2043,2499,2499,2499,2499,2000,2499,2499,1934,1728,2820,2819,1990,2818,1901,2500,2100,2509,2000,2499,2500,1880,1290,2577,0,0,0,0,100,0,0,0,100,100,4.761904716491699,100,0,0,0,100,0,0,100,100,0,0,0,0,0,100,0,100,0,0,100,0,261404.17504882813,115605.93914794922,0,404334895104,8589930496,66029699072,0
199,1727693471871,1548,2499,2569,1920,2567,1798,2099,2824,2043,2499,2499,2499,2499,2000,2499,2499,1934,1728,2820,2819,1990,2818,1901,2500,2100,2509,2000,2499,2500,1880,1290,2577,0,0,0,0,100,0,0,0,100,100,4.761904716491699,100,0,0,0,100,0,0,100,100,0,0,0,0,0,100,0,100,0,0,100,0,261406.9243774414,115615.40911865234,0,404334895104,8589930496,66030137344,0
199,1727693472071,1548,2499,2569,1920,2567,1798,2099,2824,2043,2499,2499,2499,2499,2000,2499,2499,1934,1728,2820,2819,1990,2818,1901,2500,2100,2509,2000,2499,2500,1880,1290,2577,0,0,0,0,100,0,0,0,100,100,0,100,0,0,0,100,0,0,100,100,0,0,0,0,0,100,0,100,0,0,100,0,261409.68212890625,115624.87884521484,0,404334895104,8589930496,66030239744,0
199,1727693472271,1548,2499,2569,1920,2567,1798,2099,2824,2043,2499,2499,2499,2499,2000,2499,2499,1934,1728,2820,2819,1990,2818,1901,2500,2100,2509,2000,2499,2500,1880,1290,2577,0,0,0,0,100,0,0,0,100,100,0,100,0,0,0,100,0,0,100,100,0,0,0,4.761904716491699,0,100,0,100,0,0,100,0,261412.41326904297,115634.3491821289,0,404334895104,8589930496,66030387200,0
199,1727693472471,1548,2499,2569,1920,2567,1798,2099,2824,2043,2499,2499,2499,2499,2000,2499,2499,1934,1728,2820,2819,1990,2818,1901,2500,2100,2509,2000,2499,2500,1880,1290,2577,0,0,0,0,100,0,0,0,100,100,0,100,0,0,0,100,0,0,100,100,0,0,0,0,0,100,0,100,0,0,100,0,261415.1351928711,115643.7861328125,0,404334895104,8589930496,66030387200,0
199,1727693472671,1548,2499,2569,1920,2567,1798,2099,2824,2043,2499,2499,2499,2499,2000,2499,2499,1934,1728,2820,2819,1990,2818,1901,2500,2100,2509,2000,2499,2500,1880,1290,2577,0,0,0,0,100,0,0,0,100,100,0,100,0,0,0,100,0,0,100,100,0,0,0,0,0,100,0,100,0,0,100,0,261417.89239501953,115653.24731445313,0,404334895104,8589930496,66030387200,0
199,1727693472871,1548,2499,2569,1920,2567,1798,2099,2824,2043,2499,2499,2499,2499,2000,2499,2499,1934,1728,2820,2819,1990,2818,1901,2500,2100,2509,2000,2499,2500,1880,1290,2577,0,0,0,0,100,0,0,0,100,100,0,100,0,0,0,100,0,0,100,100,0,0,0,0,0,100,0,100,0,0,100,0,261420.7352294922,115662.66705322266,0,404334895104,8589930496,66030112768,0
199,1727693473072,1548,2499,2569,1920,2567,1798,2099,2824,2043,2499,2499,2499,2499,2000,2499,2499,1934,1728,2820,2819,1990,2818,1901,2500,2100,2509,2000,2499,2500,1880,1290,2577,0,0,0,0,100,0,0,0,100,100,0,95.23809814453125,0,0,0,100,0,15.789472579956055,100,100,0,0,0,0,0,100,0,100,0,0,80,0,261423.51861572266,115672.17449951172,0,404334895104,8589930496,66030166016,0
199,1727693473272,1548,2499,2569,1920,2567,1798,2099,2824,2043,2499,2499,2499,2499,2000,2499,2499,1934,1728,2820,2819,1990,2818,1901,2500,2100,2509,2000,2499,2500,1880,1290,2577,0,0,0,0,100,0,0,0,100,100,0,0,0,0,0,100,0,55,100,100,0,0,0,100,0,100,0,100,0,0,50,0,261426.28521728516,115681.62518310547,0,404334895104,8589930496,66030239744,0
199,1727693473472,1548,2499,2569,1920,2567,1798,2099,2824,2043,2499,2499,2499,2499,2000,2499,2499,1934,1728,2820,2819,1990,2818,1901,2500,2100,2509,2000,2499,2500,1880,1290,2577,0,0,0,0,100,0,0,0,100,100,0,0,0,0,0,100,0,100,100,100,0,0,0,100,0,100,0,100,0,0,0,0,261429.04626464844,115691.06829833984,0,404334895104,8589930496,66030239744,0
199,1727693473672,1548,2499,2569,1920,2567,1798,2099,2824,2043,2499,2499,2499,2499,2000,2499,2499,1934,1728,2820,2819,1990,2818,1901,2500,2100,2509,2000,2499,2500,1880,1290,2577,0,0,0,0,100,0,0,0,100,100,0,0,0,0,0,100,0,100,52.38095474243164,100,0,0,0,100,0,100,0,100,0,0,0,47.36842346191406,261431.7919921875,115700.48822021484,0,404334895104,8589930496,66030387200,0
199,1727693473872,1548,2499,2569,1920,2567,1798,2099,2824,2043,2499,2499,2499,2499,2000,2499,2499,1934,1728,2820,2819,1990,2818,1901,2500,2100,2509,2000,2499,2500,1880,1290,2577,50,0,0,0,100,0,0,0,45,100,0,0,0,0,0,100,0,100,0,100,0,0,0,100,0,100,0,100,0,0,0,100,261434.53845214844,115709.95275878906,0,404334895104,8589930496,66030387200,0
199,1727693474072,1548,2499,2569,1920,2567,1798,2099,2824,2043,2499,2499,2499,2499,2000,2499,2499,1934,1728,2820,2819,1990,2818,1901,2500,2100,2509,2000,2499,2500,1880,1290,2577,100,0,0,0,100,0,0,0,0,100,0,0,0,0,0,100,0,100,0,100,0,0,0,100,0,100,0,100,0,0,0,100,261437.29296875,115719.40771484375,0,404334895104,8589930496,66030387200,0
199,1727693474273,1548,2499,2569,1920,2567,1798,2099,2824,2043,2499,2499,2499,2499,2000,2499,2499,1934,1728,2820,2819,1990,2818,1901,2500,2100,2509,2000,2499,2500,1880,1290,2577,100,0,0,0,100,0,0,0,0,100,0,0,0,0,0,100,0,100,0,100,0,0,0,100,0,100,0,100,0,0,0,100,261440.15887451172,115728.84197998047,0,404334895104,8589930496,66030129152,0
199,1727693474473,1548,2499,2569,1920,2567,1798,2099,2824,2043,2499,2499,2499,2499,2000,2499,2499,1934,1728,2820,2819,1990,2818,1901,2500,2100,2509,2000,2499,2500,1880,1290,2577,70,0,0,0,100,0,0,0,31.57894515991211,100,0,0,0,0,0,100,0,100,0,100,0,0,0,100,0,100,0,100,0,0,0,100,261442.91680908203,115738.31079101563,0,404334895104,8589930496,66030170112,0
199,1727693474673,1548,2499,2569,1920,2567,1798,2099,2824,2043,2499,2499,2499,2499,2000,2499,2499,1934,1728,2820,2819,1990,2818,1901,2500,2100,2509,2000,2499,2500,1880,1290,2577,0,0,0,0,100,0,0,0,100,100,0,0,0,0,0,100,0,100,0,100,0,0,0,100,0,100,0,100,0,0,0,100,261445.67706298828,115747.76556396484,0,404334895104,8589930496,66030243840,0
199,1727693474873,1548,2499,2569,1920,2567,1798,2099,2824,2043,2499,2499,2499,2499,2000,2499,2499,1934,1728,2820,2819,1990,2818,1901,2500,2100,2509,2000,2499,2500,1880,1290,2577,0,0,0,0,100,0,0,0,100,100,0,0,0,0,0,100,0,100,0,100,0,0,0,100,4.761904716491699,100,0,100,0,0,0,100,261448.42938232422,115757.2275390625,0,404334895104,8589930496,66030391296,0
199,1727693475073,1548,2499,2569,1920,2567,1798,2099,2824,2043,2499,2499,2499,2499,2000,2499,2499,1934,1728,2820,2819,1990,2818,1901,2500,2100,2509,2000,2499,2500,1880,1290,2577,0,0,0,0,100,0,0,0,100,100,0,0,0,0,0,100,0,100,0,100,0,0,0,100,0,100,0,100,0,0,0,100,261451.1566772461,115766.69415283203,0,404334895104,8589930496,66030395392,0
199,1727693475273,1548,2499,2569,1920,2567,1798,2099,2824,2043,2499,2499,2499,2499,2000,2499,2499,1934,1728,2820,2819,1990,2818,1901,2500,2100,2509,2000,2499,2500,1880,1290,2577,0,0,0,0,100,0,0,0,100,100,0,0,0,0,0,100,0,100,0,100,0,0,0,100,0,100,0,100,0,0,0,100,261453.89715576172,115776.1449584961,0,404334895104,8589930496,66029694976,0
199,1727693475473,1548,2499,2569,1920,2567,1798,2099,2824,2043,2499,2499,2499,2499,2000,2499,2499,1934,1728,2820,2819,1990,2818,1901,2500,2100,2509,2000,2499,2500,1880,1290,2577,0,0,2.4390242099761963,37.5,66.66667175292969,0,2.4390242099761963,0,100,100,2.5641026496887207,0,0,0,0,100,2.4390242099761963,100,0,100,0,0,2.4390242099761963,100,0,100,0,100,0,0,0,100,261456.70111083984,115785.65844726563,0,404334895104,8589930496,65992351744,0
199,1727693475673,1548,2499,2569,1920,2567,1798,2099,2824,2043,2499,2499,2499,2499,2000,2499,2499,1934,1728,2820,2819,1990,2818,1901,2500,2100,2509,2000,2499,2500,1880,1290,2577,0,0,2.4390242099761963,37.5,66.66667175292969,0,2.4390242099761963,0,100,100,2.5641026496887207,0,0,0,0,100,2.4390242099761963,100,0,100,0,0,2.4390242099761963,100,0,100,0,100,0,0,0,100,261459.5108642578,115795.07244873047,0,404334895104,8589930496,66030157824,0
199,1727693475874,1548,2499,2569,1920,2567,1798,2099,2824,2043,2499,2499,2499,2499,2000,2499,2499,1934,1728,2820,2819,1990,2818,1901,2500,2100,2509,2000,2499,2500,1880,1290,2577,0,0,0,100,0,2.5,0,0,100,100,0,0,0,0,0,100,0,100,0,100,0,0,2.5641026496887207,100,0,100,0,100,0,0,0,100,261462.25537109375,115804.58044433594,0,404334895104,8589930496,66030231552,0
199,1727693476073,1548,2499,2569,1920,2567,1798,2099,2824,2043,2499,2499,2499,2499,2000,2499,2499,1934,1728,2820,2819,1990,2818,1901,2500,2100,2509,2000,2499,2500,1880,1290,2577,0,0,0,100,0,0,4.761904716491699,0,100,100,0,0,0,0,0,100,4.761904716491699,100,0,100,0,0,0,100,0,100,4.761904716491699,100,0,0,0,100,261464.9644165039,115814.0941772461,0,404334895104,8589930496,66033500160,0
199,1727693476273,1548,2499,2569,1920,2567,1798,2099,2824,2043,2499,2499,2499,2499,2000,2499,2499,1934,1728,2820,2819,1990,2818,1901,2500,2100,2509,2000,2499,2500,1880,1290,2577,0,15.789472579956055,0,100,0,0,5,0,100,85,0,15.000000953674316,0,5,0,100,0,100,80.95238494873047,100,0,5,5,100,0,100,5,100,0,0,0,19.047618865966797,261467.70037841797,115823.6683959961,0,404334895104,8589930496,66030608384,0
199,1727693476474,1548,2499,2569,1920,2567,1798,2099,2824,2043,2499,2499,2499,2499,2000,2499,2499,1934,1728,2820,2819,1990,2818,1901,2500,2100,2509,2000,2499,2500,1880,1290,2577,0,100,0,100,0,0,0,0,100,0,0,0,0,0,0,100,0,100,100,100,0,0,0,100,0,100,0,100,0,0,0,0,261470.4691772461,115833.12915039063,0,404334895104,8589930496,66030608384,0
199,1727693476674,1548,2499,2569,1920,2567,1798,2099,2824,2043,2499,2499,2499,2499,2000,2499,2499,1934,1728,2820,2819,1990,2818,1901,2500,2100,2509,2000,2499,2500,1880,1290,2577,0,100,0,100,0,0,0,0,100,0,0,0,0,0,0,100,0,100,100,100,0,0,0,100,0,100,0,100,0,4.761904716491699,0,0,261473.20892333984,115842.60656738281,0,404334895104,8589930496,66030612480,0
199,1727693476874,1548,2499,2569,1920,2567,1798,2099,2824,2043,2499,2499,2499,2499,2000,2499,2499,1934,1728,2820,2819,1990,2818,1901,2500,2100,2509,2000,2499,2500,1880,1290,2577,0,100,0,100,0,0,0,0,100,0,0,0,0,0,0,100,0,100,100,100,0,0,0,100,0,100,0,100,0,0,0,0,261476.04107666016,115852.00305175781,0,404334895104,8589930496,66030338048,0
199,1727693477074,1548,2499,2569,1920,2567,1798,2099,2824,2043,2499,2499,2499,2499,2000,2499,2499,1934,1728,2820,2819,1990,2818,1901,2500,2100,2509,2000,2499,2500,1880,1290,2577,0,100,0,100,0,0,0,0,100,0,0,0,0,0,0,100,0,100,100,100,0,0,0,100,0,100,0,100,0,0,0,0,261478.82415771484,115861.45794677734,0,404334895104,8589930496,66030391296,0
199,1727693477274,1548,2499,2569,1920,2567,1798,2099,2824,2043,2499,2499,2499,2499,2000,2499,2499,1934,1728,2820,2819,1990,2818,1901,2500,2100,2509,2000,2499,2500,1880,1290,2577,0,100,0,100,0,0,0,0,100,0,0,0,4.761904716491699,0,0,100,0,100,100,100,0,0,0,100,0,100,0,100,0,0,0,0,261481.65563964844,115870.92700195313,0,404334895104,8589930496,66030465024,0
199,1727693477474,1548,2499,2569,1920,2567,1798,2099,2824,2043,2499,2499,2499,2499,2000,2499,2499,1934,1728,2820,2819,1990,2818,1901,2500,2100,2509,2000,2499,2500,1880,1290,2577,4.761904716491699,100,0,100,0,0,0,0,100,0,0,0,0,0,0,100,0,100,100,100,0,0,0,100,0,100,0,100,0,0,0,0,261484.45642089844,115880.39184570313,0,404334895104,8589930496,66030465024,0
199,1727693477675,1548,2499,2569,1920,2567,1798,2099,2824,2043,2499,2499,2499,2499,2000,2499,2499,1934,1728,2820,2819,1990,2818,1901,2500,2100,2509,2000,2499,2500,1880,1290,2577,0,100,0,100,0,0,0,0,100,0,0,0,0,0,0,100,0,100,100,100,0,0,0,100,0,100,0,100,0,0,0,0,261487.26684570313,115889.85827636719,0,404334895104,8589930496,66030612480,0
199,1727693477875,1548,2499,2569,1920,2567,1798,2099,2824,2043,2499,2499,2499,2499,2000,2499,2499,1934,1728,2820,2819,1990,2818,1901,2500,2100,2509,2000,2499,2500,1880,1290,2577,0,100,0,100,0,0,0,0,100,0,4.761904716491699,0,0,0,0,100,0,100,100,100,0,0,0,100,0,100,0,100,0,0,0,0,261490.05004882813,115899.32513427734,0,404334895104,8589930496,66030612480,0
199,1727693478075,1548,2499,2569,1920,2567,1798,2099,2824,2043,2499,2499,2499,2499,2000,2499,2499,1934,1728,2820,2819,1990,2818,1901,2500,2100,2509,2000,2499,2500,1880,1290,2577,0,100,0,100,0,0,0,0,100,0,4.761904716491699,0,0,0,0,100,0,100,100,100,0,0,0,100,0,100,0,100,0,0,0,0,261492.82189941406,115908.78161621094,0,404334895104,8589930496,66030612480,0
199,1727693478275,1548,2499,2569,1920,2567,1798,2099,2824,2043,2499,2499,2499,2499,2000,2499,2499,1934,1728,2820,2819,1990,2818,1901,2500,2100,2509,2000,2499,2500,1880,1290,2577,14.285715103149414,100,0,100,0,0,0,0,85,0,0,0,0,0,0,100,0,100,100,100,0,0,0,100,0,100,0,100,0,0,0,0,261495.6478881836,115918.21099853516,0,404334895104,8589930496,66030354432,0
199,1727693478475,1548,2499,2569,1920,2567,1798,2099,2824,2043,2499,2499,2499,2499,2000,2499,2499,1934,1728,2820,2819,1990,2818,1901,2500,2100,2509,2000,2499,2500,1880,1290,2577,100,100,0,100,0,0,0,0,0,0,0,0,0,0,0,100,0,100,100,100,0,0,0,100,0,100,0,100,0,0,0,0,261498.42742919922,115927.68389892578,0,404334895104,8589930496,66030391296,0
199,1727693478675,1548,2499,2569,1920,2567,1798,2099,2824,2043,2499,2499,2499,2499,2000,2499,2499,1934,1728,2820,2819,1990,2818,1901,2500,2100,2509,2000,2499,2500,1880,1290,2577,100,100,0,100,0,0,0,0,0,0,0,0,0,0,0,100,0,100,100,100,0,0,0,100,0,100,0,100,0,0,0,0,261501.2110595703,115937.15551757813,0,404334895104,8589930496,66030465024,0
199,1727693478875,1548,2499,2569,1920,2567,1798,2099,2824,2043,2499,2499,2499,2499,2000,2499,2499,1934,1728,2820,2819,1990,2818,1901,2500,2100,2509,2000,2499,2500,1880,1290,2577,100,100,0,100,0,0,0,0,0,0,4.761904716491699,0,0,0,0,100,0,100,100,100,0,0,0,100,0,100,0,100,0,0,0,0,261503.96807861328,115946.62353515625,0,404334895104,8589930496,66030612480,0
199,1727693479076,1548,2499,2569,1920,2567,1798,2099,2824,2043,2499,2499,2499,2499,2000,2499,2499,1934,1728,2820,2819,1990,2818,1901,2500,2100,2509,2000,2499,2500,1880,1290,2577,100,100,0,100,0,0,0,0,0,0,0,0,0,0,0,100,4.761904716491699,100,100,100,0,0,0,100,10,100,0,100,0,0,0,0,261506.77752685547,115956.09271240234,0,404334895104,8589930496,66029912064,0
199,1727693479276,1548,2499,2569,1920,2567,1798,2099,2824,2043,2499,2499,2499,2499,2000,2499,2499,1934,1728,2820,2819,1990,2818,1901,2500,2100,2509,2000,2499,2500,1880,1290,2577,100,100,0,100,0,0,0,0,0,0,0,0,0,0,0,100,4.761904716491699,100,100,100,0,0,0,100,10,100,0,100,0,0,0,0,261509.58325195313,115965.5869140625,0,404334895104,8589930496,66030186496,0
199,1727693479476,1548,2499,2569,1920,2567,1798,2099,2824,2043,2499,2499,2499,2499,2000,2499,2499,1934,1728,2820,2819,1990,2818,1901,2500,2100,2509,2000,2499,2500,1880,1290,2577,100,100,0,100,0,0,0,0,0,0,0,0,0,0,0,100,4.761904716491699,100,100,100,0,0,0,100,0,100,0,100,0,0,0,0,261512.4691772461,115975.04425048828,0,404334895104,8589930496,66030342144,0
199,1727693479676,1548,2499,2569,1920,2567,1798,2099,2824,2043,2499,2499,2499,2499,2000,2499,2499,1934,1728,2820,2819,1990,2818,1901,2500,2100,2509,2000,2499,2500,1880,1290,2577,100,100,0,100,0,0,0,0,0,0,0,0,0,0,0,100,0,100,100,100,0,0,0,100,0,100,0,100,0,0,0,0,261515.25091552734,115984.51513671875,0,404334895104,8589930496,66030395392,0
199,1727693479876,1548,2499,2569,1920,2567,1798,2099,2824,2043,2499,2499,2499,2499,2000,2499,2499,1934,1728,2820,2819,1990,2818,1901,2500,2100,2509,2000,2499,2500,1880,1290,2577,100,100,0,100,0,0,0,0,0,0,0,0,0,0,0,100,0,100,100,100,0,0,0,100,0,100,0,100,0,0,0,0,261518.06640625,115993.99530029297,0,404334895104,8589930496,66030469120,0
199,1727693480076,1548,2499,2569,1920,2567,1798,2099,2824,2043,2499,2499,2499,2499,2000,2499,2499,1934,1728,2820,2819,1990,2818,1901,2500,2100,2509,2000,2499,2500,1880,1290,2577,100,100,0,100,0,0,0,0,0,0,0,0,0,0,0,100,0,100,100,100,0,0,0,100,0,100,0,100,0,0,0,0,261520.86108398438,116003.46490478516,0,404334895104,8589930496,66030469120,0
199,1727693480276,1548,2499,2569,1920,2567,1798,2099,2824,2043,2499,2499,2499,2499,2000,2499,2499,1934,1728,2820,2819,1990,2818,1901,2500,2100,2509,2000,2499,2500,1880,1290,2577,100,100,0,100,0,0,0,0,0,0,0,0,0,0,0,100,0,100,100,100,0,0,0,100,0,100,0,100,0,0,0,0,261523.67291259766,116012.89422607422,0,404334895104,8589930496,66030616576,0
199,1727693480476,1548,2499,2569,1920,2567,1798,2099,2824,2043,2499,2499,2499,2499,2000,2499,2499,1934,1728,2820,2819,1990,2818,1901,2500,2100,2509,2000,2499,2500,1880,1290,2577,100,100,0,100,0,0,0,0,0,0,0,0,0,0,0,100,0,100,100,100,0,0,0,100,0,100,0,100,0,0,0,0,261526.48712158203,116022.39819335938,0,404334895104,8589930496,66030616576,0
199,1727693480676,1548,2499,2569,1920,2567,1798,2099,2824,2043,2499,2499,2499,2499,2000,2499,2499,1934,1728,2820,2819,1990,2818,1901,2500,2100,2509,2000,2499,2500,1880,1290,2577,100,100,0,100,0,0,0,0,0,0,0,0,0,0,0,100,0,100,100,100,0,0,0,100,0,100,0,100,0,0,0,0,261529.26196289063,116031.81555175781,0,404334895104,8589930496,66030604288,0
199,1727693480876,1548,2499,2569,1920,2567,1798,2099,2824,2043,2499,2499,2499,2499,2000,2499,2499,1934,1728,2820,2819,1990,2818,1901,2500,2100,2509,2000,2499,2500,1880,1290,2577,100,100,0,100,0,0,0,0,0,0,0,0,0,0,0,100,0,100,100,100,0,0,0,100,0,100,0,100,0,0,0,0,261532.13403320313,116041.24633789063,0,404334895104,8589930496,66030346240,0
199,1727693481076,1548,2499,2569,1920,2567,1798,2099,2824,2043,2499,2499,2499,2499,2000,2499,2499,1934,1728,2820,2819,1990,2818,1901,2500,2100,2509,2000,2499,2500,1880,1290,2577,100,100,0,100,0,0,0,0,0,0,0,0,0,0,0,100,0,100,100,100,0,0,0,100,0,100,0,100,0,0,0,0,261534.9197998047,116050.72119140625,0,404334895104,8589930496,66030383104,0
199,1727693481276,1548,2499,2569,1920,2567,1798,2099,2824,2043,2499,2499,2499,2499,2000,2499,2499,1934,1728,2820,2819,1990,2818,1901,2500,2100,2509,2000,2499,2500,1880,1290,2577,80,100,0,100,9.523809432983398,5,14.285715103149414,9.523809432983398,35,0,5,4.761904716491699,9.523809432983398,15.000000953674316,4.761904716491699,100,5,100,100,100,0,0,19.047618865966797,100,9.090909004211426,100,9.523809432983398,100,5,5,28.571430206298828,0,261537.77099609375,116060.37158203125,0,404334895104,8589930496,66030563328,0
199,1727693481477,1548,2499,2569,1920,2567,1798,2099,2824,2043,2499,2499,2499,2499,2000,2499,2499,1934,1728,2820,2819,1990,2818,1901,2500,2100,2509,2000,2499,2500,1880,1290,2577,0,100,0,100,4.761904716491699,0,0,0,100,0,0,0,0,0,0,100,0,100,100,100,0,0,0,100,0,100,0,100,0,0,0,0,261540.5626220703,116069.83679199219,0,404334895104,8589930496,66030714880,0
199,1727693481677,1548,2499,2569,1920,2567,1798,2099,2824,2043,2499,2499,2499,2499,2000,2499,2499,1934,1728,2820,2819,1990,2818,1901,2500,2100,2509,2000,2499,2500,1880,1290,2577,0,100,0,100,0,0,0,0,100,0,0,0,0,0,0,100,0,100,100,100,0,0,0,100,0,100,0,100,0,0,0,0,261543.3917236328,116079.30389404297,0,404334895104,8589930496,66030714880,0
199,1727693481877,1548,2499,2569,1920,2567,1798,2099,2824,2043,2499,2499,2499,2499,2000,2499,2499,1934,1728,2820,2819,1990,2818,1901,2500,2100,2509,2000,2499,2500,1880,1290,2577,0,100,0,100,0,4.761904716491699,0,0,100,0,0,0,0,0,0,100,0,100,100,100,0,0,0,100,0,100,0,100,0,0,0,0,261546.17974853516,116088.77252197266,0,404334895104,8589930496,66030714880,0
199,1727693482077,1548,2499,2569,1920,2567,1798,2099,2824,2043,2499,2499,2499,2499,2000,2499,2499,1934,1728,2820,2819,1990,2818,1901,2500,2100,2509,2000,2499,2500,1880,1290,2577,0,90.47618865966797,0,100,0,0,0,0,100,10,0,0,0,0,0,100,0,100,100,100,0,0,0,100,0,100,0,100,0,0,0,0,261549.05548095703,116098.19653320313,0,404334895104,8589930496,66026438656,0
199,1727693482277,1548,2499,2569,1920,2567,1798,2099,2824,2043,2499,2499,2499,2499,2000,2499,2499,1934,1728,2820,2819,1990,2818,1901,2500,2100,2509,2000,2499,2500,1880,1290,2577,30.000001907348633,0,0,100,0,0,0,0,71.42857360839844,100,0,0,0,0,0,100,0,100,100,100,0,0,0,100,0,100,0,100,0,0,0,0,261551.8553466797,116107.65838623047,0,404334895104,8589930496,66030493696,0
199,1727693482477,1548,2499,2569,1920,2567,1798,2099,2824,2043,2499,2499,2499,2499,2000,2499,2499,1934,1728,2820,2819,1990,2818,1901,2500,2100,2509,2000,2499,2500,1880,1290,2577,100,0,0,100,0,0,0,0,0,100,0,0,0,0,0,100,0,100,100,100,0,0,0,100,0,100,0,100,0,0,0,0,261554.66705322266,116117.11547851563,0,404334895104,8589930496,66030567424,0
199,1727693482677,1548,2499,2569,1920,2567,1798,2099,2824,2043,2499,2499,2499,2499,2000,2499,2499,1934,1728,2820,2819,1990,2818,1901,2500,2100,2509,2000,2499,2500,1880,1290,2577,100,0,0,100,0,0,0,0,0,100,0,0,0,0,0,100,0,100,100,100,0,0,0,100,0,100,0,100,0,0,0,0,261557.4891357422,116126.57342529297,0,404334895104,8589930496,66028343296,0
199,1727693482877,1548,2499,2569,1920,2567,1798,2099,2824,2043,2499,2499,2499,2499,2000,2499,2499,1934,1728,2820,2819,1990,2818,1901,2500,2100,2509,2000,2499,2500,1880,1290,2577,100,0,0,100,0,0,0,0,0,100,0,0,0,0,0,100,5,100,100,100,0,0,5,100,0,100,0,100,0,0,0,0,261560.26849365234,116136.06561279297,0,404334895104,8589930496,66030415872,0
199,1727693483078,1548,2499,2569,1920,2567,1798,2099,2824,2043,2499,2499,2499,2499,2000,2499,2499,1934,1728,2820,2819,1990,2818,1901,2500,2100,2509,2000,2499,2500,1880,1290,2577,100,0,0,100,0,0,0,0,0,100,0,0,0,0,0,100,5,100,100,100,0,0,5,100,0,100,0,100,0,0,0,0,261563.06213378906,116145.48626708984,0,404334895104,8589930496,66030821376,0
199,1727693483278,1548,2499,2569,1920,2567,1798,2099,2824,2043,2499,2499,2499,2499,2000,2499,2499,1934,1728,2820,2819,1990,2818,1901,2500,2100,2509,2000,2499,2500,1880,1290,2577,100,0,0,100,0,0,0,0,0,100,0,0,2.4390242099761963,0,0,75,0,100,100,100,0,0,0,100,0,100,0,100,25,2.4390242099761963,0,0,261565.84197998047,116154.9819946289,0,404334895104,8589930496,66030845952,0
199,1727693483478,1548,2499,2569,1920,2567,1798,2099,2824,2043,2499,2499,2499,2499,2000,2499,2499,1934,1728,2820,2819,1990,2818,1901,2500,2100,2509,2000,2499,2500,1880,1290,2577,61.904762268066406,0,0,100,0,0,0,0,36.842105865478516,100,0,0,0,0,0,0,0,100,100,100,0,0,0,100,0,100,0,100,100,0,0,0,261568.72192382813,116164.3837890625,0,404334895104,8589930496,66030571520,0
199,1727693483678,1548,2499,2569,1920,2567,1798,2099,2824,2043,2499,2499,2499,2499,2000,2499,2499,1934,1728,2820,2819,1990,2818,1901,2500,2100,2509,2000,2499,2500,1880,1290,2577,5.263157844543457,0,0,100,4.761904716491699,0,0,0,90,100,0,0,5,0,0,0,0,100,100,100,0,0,0,100,0,100,0,100,100,0,0,0,261571.5050048828,116173.84423828125,0,404334895104,8589930496,66030628864,0
199,1727693483878,1548,2499,2569,1920,2567,1798,2099,2824,2043,2499,2499,2499,2499,2000,2499,2499,1934,1728,2820,2819,1990,2818,1901,2500,2100,2509,2000,2499,2500,1880,1290,2577,100,0,0,100,0,0,0,0,0,100,0,0,0,0,0,0,0,100,100,100,0,0,0,100,0,100,0,100,100,0,0,0,261574.32092285156,116183.2583618164,0,404334895104,8589930496,66030702592,0
199,1727693484078,1548,2499,2569,1920,2567,1798,2099,2824,2043,2499,2499,2499,2499,2000,2499,2499,1934,1728,2820,2819,1990,2818,1901,2500,2100,2509,2000,2499,2500,1880,1290,2577,100,0,0,100,0,0,0,0,0,100,0,0,0,0,0,0,4.761904716491699,100,100,100,0,5,0,100,0,100,0,100,100,0,0,0,261577.12145996094,116192.77941894531,0,404334895104,8589930496,66030702592,0
199,1727693484278,1548,2499,2569,1920,2567,1798,2099,2824,2043,2499,2499,2499,2499,2000,2499,2499,1934,1728,2820,2819,1990,2818,1901,2500,2100,2509,2000,2499,2500,1880,1290,2577,100,0,0,100,0,0,0,0,0,100,0,0,0,0,0,0,4.761904716491699,100,100,100,0,5,0,100,0,100,0,100,100,0,0,0,261579.91552734375,116202.19647216797,0,404334895104,8589930496,66030850048,0
199,1727693484478,1548,2499,2569,1920,2567,1798,2099,2824,2043,2499,2499,2499,2499,2000,2499,2499,1934,1728,2820,2819,1990,2818,1901,2500,2100,2509,2000,2499,2500,1880,1290,2577,87.5,0,0,100,0,0,0,0,12.5,100,0,0,0,0,0,0,0,100,100,100,0,0,0,100,0,100,0,100,100,0,0,0,261582.6981201172,116211.66259765625,0,404334895104,8589930496,66030850048,0
199,1727693484679,1548,2499,2569,1920,2567,1798,2099,2824,2043,2499,2499,2499,2499,2000,2499,2499,1934,1728,2820,2819,1990,2818,1901,2500,2100,2509,2000,2499,2500,1880,1290,2577,0,0,0,100,0,0,0,0,100,100,0,0,0,0,0,0,0,100,100,100,0,0,0,100,0,100,0,100,100,0,0,0,261585.49084472656,116221.10961914063,0,404334895104,8589930496,65955209216,0
199,1727693484879,1548,2499,2569,1920,2567,1798,2099,2824,2043,2499,2499,2499,2499,2000,2499,2499,1934,1728,2820,2819,1990,2818,1901,2500,2100,2509,2000,2499,2500,1880,1290,2577,0,0,0,4.761904716491699,0,0,0,0,100,100,4.761904716491699,0,0,0,0,0,0,100,100,100,100,0,0,100,0,100,0,100,100,0,0,0,261588.380859375,116230.59204101563,0,404334895104,8589930496,66030592000,0
199,1727693485079,1548,2499,2569,1920,2567,1798,2099,2824,2043,2499,2499,2499,2499,2000,2499,2499,1934,1728,2820,2819,1990,2818,1901,2500,2100,2509,2000,2499,2500,1880,1290,2577,0,0,0,0,0,0,0,0,100,100,5,0,0,0,0,0,0,100,100,100,100,0,4.761904716491699,100,0,100,0,100,100,0,0,0,261591.13946533203,116239.98852539063,0,404334895104,8589930496,66030702592,0
199,1727693485279,1548,2499,2569,1920,2567,1798,2099,2824,2043,2499,2499,2499,2499,2000,2499,2499,1934,1728,2820,2819,1990,2818,1901,2500,2100,2509,2000,2499,2500,1880,1290,2577,28.571430206298828,0,0,0,0,0,0,0,73.68421173095703,100,0,0,0,0,0,0,0,100,100,100,100,0,0,100,0,100,0,100,100,0,0,0,261593.89965820313,116249.45690917969,0,404334895104,8589930496,66030702592,0
199,1727693485479,1548,2499,2569,1920,2567,1798,2099,2824,2043,2499,2499,2499,2499,2000,2499,2499,1934,1728,2820,2819,1990,2818,1901,2500,2100,2509,2000,2499,2500,1880,1290,2577,70,0,0,0,0,0,0,0,30.000001907348633,100,0,0,0,0,0,0,0,100,100,100,100,0,0,100,0,100,0,100,100,0,0,0,261596.64068603516,116258.92669677734,0,404334895104,8589930496,66030850048,0
199,1727693485679,1548,2499,2569,1920,2567,1798,2099,2824,2043,2499,2499,2499,2499,2000,2499,2499,1934,1728,2820,2819,1990,2818,1901,2500,2100,2509,2000,2499,2500,1880,1290,2577,70,0,0,0,0,0,0,0,30.000001907348633,100,0,0,0,0,0,0,0,100,100,100,100,0,0,100,0,100,0,100,100,0,0,0,261599.3837890625,116268.39532470703,0,404334895104,8589930496,66030833664,0
199,1727693485879,1548,2499,2569,1920,2567,1798,2099,2824,2043,2499,2499,2499,2499,2000,2499,2499,1934,1728,2820,2819,1990,2818,1901,2500,2100,2509,2000,2499,2500,1880,1290,2577,0,0,0,0,0,0,0,0,100,100,0,0,0,0,0,0,0,100,100,100,100,0,0,100,0,100,0,100,100,0,0,0,261602.15356445313,116277.86169433594,0,404334895104,8589930496,66030833664,0
199,1727693486079,1548,2499,2569,1920,2567,1798,2099,2824,2043,2499,2499,2499,2499,2000,2499,2499,1934,1728,2820,2819,1990,2818,1901,2500,2100,2509,2000,2499,2500,1880,1290,2577,0,0,0,0,0,0,0,0,100,100,4.761904716491699,0,0,0,0,0,0,100,100,100,100,0,0,100,0,100,0,100,100,0,0,0,261605.0340576172,116287.29815673828,0,404334895104,8589930496,66030563328,0
199,1727693486279,1548,2499,2569,1920,2567,1798,2099,2824,2043,2499,2499,2499,2499,2000,2499,2499,1934,1728,2820,2819,1990,2818,1901,2500,2100,2509,2000,2499,2500,1880,1290,2577,0,0,0,0,0,0,0,0,100,100,4.761904716491699,0,0,0,0,0,0,100,100,100,100,0,0,100,0,100,0,100,100,0,0,0,261607.83563232422,116296.86944580078,0,404334895104,8589930496,66030063616,0
199,1727693486480,1548,2499,2569,1920,2567,1798,2099,2824,2043,2499,2499,2499,2499,2000,2499,2499,1934,1728,2820,2819,1990,2818,1901,2500,2100,2509,2000,2499,2500,1880,1290,2577,0,0,2.4390242099761963,0,0,7.317072868347168,2.5,0,100,100,0,0,2.5,5,0,0,0,100,100,100,100,2.5,5,100,0,100,0,100,100,5.128205299377441,0,0,261610.59399414063,116306.34063720703,0,404334895104,8589930496,66030137344,0
199,1727693486680,1548,2499,2569,1920,2567,1798,2099,2824,2043,2499,2499,2499,2499,2000,2499,2499,1934,1728,2820,2819,1990,2818,1901,2500,2100,2509,2000,2499,2500,1880,1290,2577,0,0,0,0,4.761904716491699,0,0,0,100,100,0,0,0,0,0,0,9.523809432983398,100,100,100,100,0,4.761904716491699,100,0,100,0,100,100,0,0,0,261613.38092041016,116315.82409667969,0,404334895104,8589930496,66029711360,0
199,1727693486880,1548,2499,2569,1920,2567,1798,2099,2824,2043,2499,2499,2499,2499,2000,2499,2499,1934,1728,2820,2819,1990,2818,1901,2500,2100,2509,2000,2499,2500,1880,1290,2577,0,0,0,0,4.761904716491699,0,0,0,100,100,0,0,0,0,0,0,9.523809432983398,100,100,100,100,0,4.761904716491699,100,0,100,0,100,100,0,0,0,261616.1788330078,116325.28454589844,0,404334895104,8589930496,66029858816,0
199,1727693487080,1548,2499,2569,1920,2567,1798,2099,2824,2043,2499,2499,2499,2499,2000,2499,2499,1934,1728,2820,2819,1990,2818,1901,2500,2100,2509,2000,2499,2500,1880,1290,2577,0,0,0,0,0,2.4390242099761963,0,0,100,100,0,0,0,0,0,0,0,100,100,100,100,0,2.5,100,2.4390242099761963,100,0,100,100,0,0,0,261618.9903564453,116334.7572631836,0,404334895104,8589930496,66030288896,0
199,1727693487280,1548,2499,2569,1920,2567,1798,2099,2824,2043,2499,2499,2499,2499,2000,2499,2499,1934,1728,2820,2819,1990,2818,1901,2500,2100,2509,2000,2499,2500,1880,1290,2577,0,0,0,0,0,0,0,0,100,100,0,0,0,0,0,0,0,100,100,100,100,0,0,100,0,100,0,100,100,0,0,0,261621.78576660156,116344.22076416016,0,404334895104,8589930496,66030288896,0
199,1727693487480,1548,2499,2569,1920,2567,1798,2099,2824,2043,2499,2499,2499,2499,2000,2499,2499,1934,1728,2820,2819,1990,2818,1901,2500,2100,2509,2000,2499,2500,1880,1290,2577,0,0,0,0,0,0,0,0,100,100,0,0,0,0,0,0,0,100,100,100,100,0,0,100,0,100,0,100,100,0,0,0,261624.65478515625,116353.65228271484,0,404334895104,8589930496,66030030848,0
199,1727693487680,1548,2499,2569,1920,2567,1798,2099,2824,2043,2499,2499,2499,2499,2000,2499,2499,1934,1728,2820,2819,1990,2818,1901,2500,2100,2509,2000,2499,2500,1880,1290,2577,0,0,0,0,0,0,0,0,100,100,0,0,0,0,0,0,0,100,100,100,100,0,0,100,0,100,0,100,100,0,0,0,261627.43829345703,116363.10290527344,0,404334895104,8589930496,66030067712,0
199,1727693487880,1548,2499,2569,1920,2567,1798,2099,2824,2043,2499,2499,2499,2499,2000,2499,2499,1934,1728,2820,2819,1990,2818,1901,2500,2100,2509,2000,2499,2500,1880,1290,2577,0,0,0,0,0,0,0,0,100,100,0,0,0,0,0,0,0,100,100,100,100,0,0,100,0,100,0,100,100,0,0,0,261630.20867919922,116372.5498046875,0,404334895104,8589930496,66030141440,0
199,1727693488081,1548,2499,2569,1920,2567,1798,2099,2824,2043,2499,2499,2499,2499,2000,2499,2499,1934,1728,2820,2819,1990,2818,1901,2500,2100,2509,2000,2499,2500,1880,1290,2577,0,0,0,0,0,0,0,0,100,100,0,0,0,0,0,0,0,47.619049072265625,100,100,100,0,0,100,0,100,0,100,100,0,50,0,261633.0131225586,116382.00927734375,0,404334895104,8589930496,66030288896,0
199,1727693488281,1548,2499,2569,1920,2567,1798,2099,2824,2043,2499,2499,2499,2499,2000,2499,2499,1934,1728,2820,2819,1990,2818,1901,2500,2100,2509,2000,2499,2500,1880,1290,2577,0,0,0,0,0,0,0,0,100,100,0,0,0,0,0,0,0,0,100,100,100,0,0,100,0,100,0,100,100,0,100,0,261635.79864501953,116391.45526123047,0,404334895104,8589930496,66030292992,0
199,1727693488481,1548,2499,2569,1920,2567,1798,2099,2824,2043,2499,2499,2499,2499,2000,2499,2499,1934,1728,2820,2819,1990,2818,1901,2500,2100,2509,2000,2499,2500,1880,1290,2577,0,0,0,0,0,0,0,0,100,100,0,0,0,0,0,0,0,0,100,100,100,0,0,100,0,100,0,100,100,0,100,0,261638.54052734375,116400.86639404297,0,404334895104,8589930496,66030292992,0
199,1727693488681,1548,2499,2569,1920,2567,1798,2099,2824,2043,2499,2499,2499,2499,2000,2499,2499,1934,1728,2820,2819,1990,2818,1901,2500,2100,2509,2000,2499,2500,1880,1290,2577,0,0,0,0,0,0,0,0,100,100,0,0,0,0,0,0,0,0,100,100,100,0,0,100,0,100,0,100,100,0,100,0,261641.40911865234,116410.29455566406,0,404334895104,8589930496,66030018560,0
199,1727693488881,1548,2499,2569,1920,2567,1798,2099,2824,2043,2499,2499,2499,2499,2000,2499,2499,1934,1728,2820,2819,1990,2818,1901,2500,2100,2509,2000,2499,2500,1880,1290,2577,0,0,0,0,0,0,0,0,100,100,0,0,0,0,0,0,0,0,100,100,100,0,0,100,0,100,0,100,100,0,100,0,261644.19610595703,116419.74188232422,0,404334895104,8589930496,66030071808,0
199,1727693489081,1548,2499,2569,1920,2567,1798,2099,2824,2043,2499,2499,2499,2499,2000,2499,2499,1934,1728,2820,2819,1990,2818,1901,2500,2100,2509,2000,2499,2500,1880,1290,2577,0,0,0,5.263157844543457,0,0,0,0,100,100,0,0,0,0,0,0,0,0,100,100,90.47618865966797,0,0,100,0,100,0,100,100,0,100,0,261646.94903564453,116429.20471191406,0,404334895104,8589930496,66030145536,0
199,1727693489281,1548,2499,2569,1920,2567,1798,2099,2824,2043,2499,2499,2499,2499,2000,2499,2499,1934,1728,2820,2819,1990,2818,1901,2500,2100,2509,2000,2499,2500,1880,1290,2577,0,0,0,100,0,0,0,0,100,100,0,0,0,0,0,0,0,0,100,100,0,0,0,100,0,100,0,100,100,0,100,0,261649.70904541016,116438.6646118164,0,404334895104,8589930496,66030145536,0
199,1727693489481,1548,2499,2569,1920,2567,1798,2099,2824,2043,2499,2499,2499,2499,2000,2499,2499,1934,1728,2820,2819,1990,2818,1901,2500,2100,2509,2000,2499,2500,1880,1290,2577,0,0,0,100,0,0,0,0,100,100,0,0,0,0,0,0,0,0,100,100,0,0,0,100,0,100,0,100,100,0,100,0,261652.48779296875,116448.11627197266,0,404334895104,8589930496,66030292992,0
199,1727693489682,1548,2499,2569,1920,2567,1798,2099,2824,2043,2499,2499,2499,2499,2000,2499,2499,1934,1728,2820,2819,1990,2818,1901,2500,2100,2509,2000,2499,2500,1880,1290,2577,0,0,0,100,0,0,0,0,100,100,0,0,0,0,0,0,0,0,100,100,0,0,0,100,0,100,0,100,100,0,100,0,261655.26782226563,116457.57568359375,0,404334895104,8589930496,66030292992,0
199,1727693489882,1548,2499,2569,1920,2567,1798,2099,2824,2043,2499,2499,2499,2499,2000,2499,2499,1934,1728,2820,2819,1990,2818,1901,2500,2100,2509,2000,2499,2500,1880,1290,2577,0,0,0,100,0,4.761904716491699,0,4.761904716491699,100,100,0,0,0,0,0,0,0,0,100,100,0,0,0,100,0,100,0,100,100,0,100,0,261658.0556640625,116467.0419921875,0,404334895104,8589930496,66030338048,0
199,1727693490082,1548,2499,2569,1920,2567,1798,2099,2824,2043,2499,2499,2499,2499,2000,2499,2499,1934,1728,2820,2819,1990,2818,1901,2500,2100,2509,2000,2499,2500,1880,1290,2577,0,0,0,100,4.761904716491699,0,4.761904716491699,0,100,100,0,0,0,0,0,0,0,0,100,100,0,0,0,100,0,100,5,100,100,5,100,0,261660.9288330078,116476.466796875,0,404334895104,8589930496,66030088192,0
199,1727693490282,1548,2499,2569,1920,2567,1798,2099,2824,2043,2499,2499,2499,2499,2000,2499,2499,1934,1728,2820,2819,1990,2818,1901,2500,2100,2509,2000,2499,2500,1880,1290,2577,0,0,0,100,0,0,0,0,100,100,0,0,0,0,0,0,0,0,100,100,0,0,0,100,0,100,0,100,100,0,100,0,261663.7325439453,116485.91680908203,0,404334895104,8589930496,66027765760,0
199,1727693490482,1548,2499,2569,1920,2567,1798,2099,2824,2043,2499,2499,2499,2499,2000,2499,2499,1934,1728,2820,2819,1990,2818,1901,2500,2100,2509,2000,2499,2500,1880,1290,2577,0,0,0,100,0,0,0,0,100,100,0,0,0,5,0,0,0,0,100,100,0,0,0,100,9.523809432983398,100,0,100,100,0,100,0,261666.53936767578,116495.4605102539,0,404334895104,8589930496,66029826048,0
199,1727693490682,1548,2499,2569,1920,2567,1798,2099,2824,2043,2499,2499,2499,2499,2000,2499,2499,1934,1728,2820,2819,1990,2818,1901,2500,2100,2509,2000,2499,2500,1880,1290,2577,0,0,0,100,0,0,0,0,100,100,0,0,0,5,0,0,0,0,100,100,0,0,0,100,9.523809432983398,100,0,100,100,0,100,0,261669.30657958984,116504.8950805664,0,404334895104,8589930496,66030387200,0
199,1727693490882,1548,2499,2569,1920,2567,1798,2099,2824,2043,2499,2499,2499,2499,2000,2499,2499,1934,1728,2820,2819,1990,2818,1901,2500,2100,2509,2000,2499,2500,1880,1290,2577,0,0,0,100,0,0,0,0,100,100,4.761904716491699,0,5,0,0,0,0,0,100,100,0,4.761904716491699,0,100,0,100,0,100,100,0,100,0,261672.0655517578,116514.35949707031,0,404334895104,8589930496,66030387200,0
199,1727693491082,1548,2499,2569,1920,2567,1798,2099,2824,2043,2499,2499,2499,2499,2000,2499,2499,1934,1728,2820,2819,1990,2818,1901,2500,2100,2509,2000,2499,2500,1880,1290,2577,0,0,0,100,0,0,0,0,100,100,0,0,0,0,0,0,0,0,100,100,0,0,0,100,0,100,0,100,100,0,100,0,261674.8680419922,116523.81414794922,0,404334895104,8589930496,66030387200,0
199,1727693491282,1548,2499,2569,1920,2567,1798,2099,2824,2043,2499,2499,2499,2499,2000,2499,2499,1934,1728,2820,2819,1990,2818,1901,2500,2100,2509,2000,2499,2500,1880,1290,2577,0,0,0,100,0,0,10,0,100,100,0,15.000000953674316,5,9.523809432983398,4.761904716491699,0,9.523809432983398,0,100,100,0,10,9.523809432983398,100,5,100,5,100,100,0,100,0,261677.72521972656,116533.42449951172,0,404334895104,8589930496,66004512768,0
199,1727693491483,1548,2499,2569,1920,2567,1798,2099,2824,2043,2499,2499,2499,2499,2000,2499,2499,1934,1728,2820,2819,1990,2818,1901,2500,2100,2509,2000,2499,2500,1880,1290,2577,0,0,0,100,4.761904716491699,5,5,0,100,100,4.761904716491699,0,0,0,0,0,0,4.761904716491699,100,100,0,0,0,100,15.000000953674316,100,4.761904716491699,100,100,0,100,4.761904716491699,261680.5340576172,116543.0278930664,0,404334895104,8589930496,66030333952,0
199,1727693491683,1548,2499,2569,1920,2567,1798,2099,2824,2043,2499,2499,2499,2499,2000,2499,2499,1934,1728,2820,2819,1990,2818,1901,2500,2100,2509,2000,2499,2500,1880,1290,2577,0,0,0,100,4.761904716491699,5,5,0,100,100,4.761904716491699,0,0,0,0,0,0,4.761904716491699,100,100,0,0,0,100,15.000000953674316,100,4.761904716491699,100,100,0,100,4.761904716491699,261683.21710205078,116552.4404296875,0,404334895104,8589930496,66030407680,0
199,1727693491883,1548,2499,2569,1920,2567,1798,2099,2824,2043,2499,2499,2499,2499,2000,2499,2499,1934,1728,2820,2819,1990,2818,1901,2500,2100,2509,2000,2499,2500,1880,1290,2577,0,0,0,100,0,0,0,0,100,100,0,0,0,0,0,0,0,40,100,100,0,0,0,100,0,100,0,100,100,0,60.000003814697266,0,261685.95281982422,116561.89575195313,0,404334895104,8589930496,66030407680,0
199,1727693492083,1548,2499,2569,1920,2567,1798,2099,2824,2043,2499,2499,2499,2499,2000,2499,2499,1934,1728,2820,2819,1990,2818,1901,2500,2100,2509,2000,2499,2500,1880,1290,2577,0,0,0,100,0,0,0,0,100,100,5,0,0,0,0,0,0,100,100,100,0,0,0,100,0,100,0,100,100,0,0,0,261688.7049560547,116571.3603515625,0,404334895104,8589930496,66030555136,0
199,1727693492283,1548,2499,2569,1920,2567,1798,2099,2824,2043,2499,2499,2499,2499,2000,2499,2499,1934,1728,2820,2819,1990,2818,1901,2500,2100,2509,2000,2499,2500,1880,1290,2577,10,0,0,100,0,0,0,0,90,100,0,0,0,0,0,0,0,100,100,100,0,0,0,100,0,100,0,100,100,0,0,0,261691.4642944336,116580.82373046875,0,404334895104,8589930496,66030555136,0
199,1727693492483,1548,2499,2569,1920,2567,1798,2099,2824,2043,2499,2499,2499,2499,2000,2499,2499,1934,1728,2820,2819,1990,2818,1901,2500,2100,2509,2000,2499,2500,1880,1290,2577,100,0,0,100,0,0,0,0,0,100,0,0,0,0,0,0,0,100,100,100,0,0,0,100,0,100,0,100,100,0,0,0,261694.22521972656,116590.28338623047,0,404334895104,8589930496,66030555136,0
199,1727693492683,1548,2499,2569,1920,2567,1798,2099,2824,2043,2499,2499,2499,2499,2000,2499,2499,1934,1728,2820,2819,1990,2818,1901,2500,2100,2509,2000,2499,2500,1880,1290,2577,100,0,0,100,0,0,0,0,0,100,4.761904716491699,0,0,0,0,0,0,100,100,100,0,0,0,100,0,100,0,100,100,0,0,0,261697.07110595703,116599.70782470703,0,404334895104,8589930496,66030280704,0
199,1727693492884,1548,2499,2569,1920,2567,1798,2099,2824,2043,2499,2499,2499,2499,2000,2499,2499,1934,1728,2820,2819,1990,2818,1901,2500,2100,2509,2000,2499,2500,1880,1290,2577,100,0,0,100,0,4.761904716491699,0,0,0,100,4.761904716491699,0,4.761904716491699,0,0,0,0,100,100,100,0,0,0,100,0,100,0,100,100,0,0,0,261699.7833251953,116609.15887451172,0,404334895104,8589930496,66030338048,0
199,1727693493084,1548,2499,2569,1920,2567,1798,2099,2824,2043,2499,2499,2499,2499,2000,2499,2499,1934,1728,2820,2819,1990,2818,1901,2500,2100,2509,2000,2499,2500,1880,1290,2577,100,0,0,100,0,4.761904716491699,0,0,0,100,4.761904716491699,0,4.761904716491699,0,0,0,0,100,100,100,0,0,0,100,0,100,0,100,100,0,0,0,261702.49249267578,116618.6029663086,0,404334895104,8589930496,66030411776,0
199,1727693493284,1548,2499,2569,1920,2567,1798,2099,2824,2043,2499,2499,2499,2499,2000,2499,2499,1934,1728,2820,2819,1990,2818,1901,2500,2100,2509,2000,2499,2500,1880,1290,2577,100,42.85714340209961,0,100,0,0,0,0,0,55,0,0,0,0,0,0,0,100,100,100,0,0,0,100,0,100,0,100,100,0,0,0,261705.2348022461,116628.06677246094,0,404334895104,8589930496,66030411776,0
199,1727693493484,1548,2499,2569,1920,2567,1798,2099,2824,2043,2499,2499,2499,2499,2000,2499,2499,1934,1728,2820,2819,1990,2818,1901,2500,2100,2509,2000,2499,2500,1880,1290,2577,100,100,0,100,0,0,0,0,0,0,0,0,0,0,0,0,0,100,100,100,0,0,0,100,0,100,0,100,100,4.761904716491699,0,0,261708.02490234375,116637.53479003906,0,404334895104,8589930496,66030559232,0
199,1727693493684,1548,2499,2569,1920,2567,1798,2099,2824,2043,2499,2499,2499,2499,2000,2499,2499,1934,1728,2820,2819,1990,2818,1901,2500,2100,2509,2000,2499,2500,1880,1290,2577,100,100,0,100,0,0,0,0,0,0,0,0,0,0,0,0,0,100,100,100,0,0,0,100,0,100,0,100,100,0,0,0,261710.78106689453,116646.95733642578,0,404334895104,8589930496,66030559232,0
199,1727693493884,1548,2499,2569,1920,2567,1798,2099,2824,2043,2499,2499,2499,2499,2000,2499,2499,1934,1728,2820,2819,1990,2818,1901,2500,2100,2509,2000,2499,2500,1880,1290,2577,100,100,0,100,0,0,0,0,0,0,0,0,0,0,0,0,0,100,100,100,0,0,0,100,0,100,0,100,100,0,0,0,261713.56463623047,116656.4228515625,0,404334895104,8589930496,66030559232,0
199,1727693494084,1548,2499,2569,1920,2567,1798,2099,2824,2043,2499,2499,2499,2499,2000,2499,2499,1934,1728,2820,2819,1990,2818,1901,2500,2100,2509,2000,2499,2500,1880,1290,2577,100,100,0,100,0,0,0,0,0,0,0,0,5,0,0,0,0,45,100,100,0,0,0,100,0,100,0,100,100,9.523809432983398,52.38095474243164,0,261716.44940185547,116665.94134521484,0,404334895104,8589930496,66029600768,0
199,1727693494284,1548,2499,2569,1920,2567,1798,2099,2824,2043,2499,2499,2499,2499,2000,2499,2499,1934,1728,2820,2819,1990,2818,1901,2500,2100,2509,2000,2499,2500,1880,1290,2577,100,100,0,100,0,0,0,0,0,0,0,0,5,0,0,0,0,45,100,100,0,0,0,100,0,100,0,100,100,9.523809432983398,52.38095474243164,0,261719.18908691406,116675.36395263672,0,404334895104,8589930496,66029912064,0
199,1727693494484,1548,2499,2569,1920,2567,1798,2099,2824,2043,2499,2499,2499,2499,2000,2499,2499,1934,1728,2820,2819,1990,2818,1901,2500,2100,2509,2000,2499,2500,1880,1290,2577,82.5,100,0,100,0,0,0,0,17.948719024658203,0,0,0,0,0,0,0,0,0,100,100,0,2.5,0,100,0,100,2.4390242099761963,100,100,0,100,0,261721.9481201172,116684.82824707031,0,404334895104,8589930496,66029985792,0
199,1727693494684,1548,2499,2569,1920,2567,1798,2099,2824,2043,2499,2499,2499,2499,2000,2499,2499,1934,1728,2820,2819,1990,2818,1901,2500,2100,2509,2000,2499,2500,1880,1290,2577,0,100,0,100,0,0,0,0,100,0,0,0,0,0,0,0,0,0,100,100,0,0,0,100,0,100,0,100,100,0,100,0,261724.76135253906,116694.28033447266,0,404334895104,8589930496,66030534656,0
199,1727693494884,1548,2499,2569,1920,2567,1798,2099,2824,2043,2499,2499,2499,2499,2000,2499,2499,1934,1728,2820,2819,1990,2818,1901,2500,2100,2509,2000,2499,2500,1880,1290,2577,0,100,0,100,0,0,0,0,100,0,0,0,0,0,0,0,0,0,100,100,0,0,0,100,0,100,0,100,100,0,100,0,261727.53289794922,116703.72521972656,0,404334895104,8589930496,66030559232,0
199,1727693495085,1548,2499,2569,1920,2567,1798,2099,2824,2043,2499,2499,2499,2499,2000,2499,2499,1934,1728,2820,2819,1990,2818,1901,2500,2100,2509,2000,2499,2500,1880,1290,2577,0,100,0,100,0,0,0,0,100,0,0,0,0,0,0,0,0,0,100,100,0,0,0,100,0,100,0,100,100,0,100,0,261730.32720947266,116713.17401123047,0,404334895104,8589930496,66030563328,0
199,1727693495285,1548,2499,2569,1920,2567,1798,2099,2824,2043,2499,2499,2499,2499,2000,2499,2499,1934,1728,2820,2819,1990,2818,1901,2500,2100,2509,2000,2499,2500,1880,1290,2577,0,100,0,100,0,0,0,0,100,0,0,0,0,0,0,0,0,0,100,100,0,0,0,100,0,100,0,100,100,0,100,0,261733.19409179688,116722.56243896484,0,404334895104,8589930496,66030288896,0
199,1727693495485,1548,2499,2569,1920,2567,1798,2099,2824,2043,2499,2499,2499,2499,2000,2499,2499,1934,1728,2820,2819,1990,2818,1901,2500,2100,2509,2000,2499,2500,1880,1290,2577,0,100,0,100,0,0,0,0,100,0,0,0,0,0,0,0,0,0,100,100,0,0,0,100,0,100,0,100,100,0,100,0,261735.96124267578,116731.98559570313,0,404334895104,8589930496,66030342144,0
199,1727693495685,1548,2499,2569,1920,2567,1798,2099,2824,2043,2499,2499,2499,2499,2000,2499,2499,1934,1728,2820,2819,1990,2818,1901,2500,2100,2509,2000,2499,2500,1880,1290,2577,0,100,0,100,0,0,0,0,100,0,0,0,0,0,0,0,0,0,100,100,0,0,0,100,0,100,0,100,100,0,100,0,261738.7557373047,116741.42266845703,0,404334895104,8589930496,66030403584,0
199,1727693495885,1548,2499,2569,1920,2567,1798,2099,2824,2043,2499,2499,2499,2499,2000,2499,2499,1934,1728,2820,2819,1990,2818,1901,2500,2100,2509,2000,2499,2500,1880,1290,2577,48.71794891357422,100,0,100,0,0,0,0,50,0,0,0,0,0,0,0,0,0,100,100,0,0,2.4390242099761963,100,0,100,0,100,100,0,100,0,261741.55212402344,116750.87567138672,0,404334895104,8589930496,66030403584,0
199,1727693496085,1548,2499,2569,1920,2567,1798,2099,2824,2043,2499,2499,2499,2499,2000,2499,2499,1934,1728,2820,2819,1990,2818,1901,2500,2100,2509,2000,2499,2500,1880,1290,2577,100,100,0,100,0,0,0,0,0,0,0,0,0,0,0,0,0,0,100,100,0,0,0,100,0,100,0,100,100,0,100,0,261744.36853027344,116760.32287597656,0,404334895104,8589930496,66030551040,0
199,1727693496285,1548,2499,2569,1920,2567,1798,2099,2824,2043,2499,2499,2499,2499,2000,2499,2499,1934,1728,2820,2819,1990,2818,1901,2500,2100,2509,2000,2499,2500,1880,1290,2577,100,100,0,100,0,0,0,0,0,0,0,0,0,0,0,0,0,0,100,100,0,0,0,100,0,100,0,100,100,0,100,0,261747.17413330078,116769.78405761719,0,404334895104,8589930496,66030551040,0
199,1727693496485,1548,2499,2569,1920,2567,1798,2099,2824,2043,2499,2499,2499,2499,2000,2499,2499,1934,1728,2820,2819,1990,2818,1901,2500,2100,2509,2000,2499,2500,1880,1290,2577,71.42857360839844,100,0,100,4.761904716491699,9.523809432983398,5,0,30.000001907348633,4.761904716491699,0,0,0,10,0,4.761904716491699,4.761904716491699,4.761904716491699,100,100,5,10,5.263157844543457,100,4.761904716491699,100,0,100,100,11.111111640930176,100,0,261749.9926147461,116779.3657836914,0,404334895104,8589930496,66030694400,0
199,1727693496686,1548,2499,2569,1920,2567,1798,2099,2824,2043,2499,2499,2499,2499,2000,2499,2499,1934,1728,2820,2819,1990,2818,1901,2500,2100,2509,2000,2499,2500,1880,1290,2577,71.42857360839844,100,0,100,4.761904716491699,9.523809432983398,5,0,30.000001907348633,4.761904716491699,0,0,0,10,0,4.761904716491699,4.761904716491699,4.761904716491699,100,100,5,10,5.263157844543457,100,4.761904716491699,100,0,100,100,11.111111640930176,100,0,261752.83599853516,116788.76947021484,0,404334895104,8589930496,66030436352,0
199,1727693496886,1548,2499,2569,1920,2567,1798,2099,2824,2043,2499,2499,2499,2499,2000,2499,2499,1934,1728,2820,2819,1990,2818,1901,2500,2100,2509,2000,2499,2500,1880,1290,2577,0,100,0,100,0,0,0,0,100,0,0,0,0,0,0,0,0,0,100,100,0,0,0,100,0,100,0,100,100,0,100,0,261755.62475585938,116798.19036865234,0,404334895104,8589930496,66030473216,0
199,1727693497086,1548,2499,2569,1920,2567,1798,2099,2824,2043,2499,2499,2499,2499,2000,2499,2499,1934,1728,2820,2819,1990,2818,1901,2500,2100,2509,2000,2499,2500,1880,1290,2577,0,100,4.761904716491699,100,0,0,0,0,100,0,0,0,0,0,0,0,0,0,100,100,0,0,0,100,0,100,0,100,100,0,100,0,261758.38287353516,116807.60144042969,0,404334895104,8589930496,66030546944,0
199,1727693497286,1548,2499,2569,1920,2567,1798,2099,2824,2043,2499,2499,2499,2499,2000,2499,2499,1934,1728,2820,2819,1990,2818,1901,2500,2100,2509,2000,2499,2500,1880,1290,2577,0,100,0,100,0,0,0,0,100,0,0,0,0,0,0,0,0,0,100,100,0,0,0,100,0,100,0,100,100,0,100,0,261761.1397705078,116817.04357910156,0,404334895104,8589930496,66030698496,0
199,1727693497486,1548,2499,2569,1920,2567,1798,2099,2824,2043,2499,2499,2499,2499,2000,2499,2499,1934,1728,2820,2819,1990,2818,1901,2500,2100,2509,2000,2499,2500,1880,1290,2577,0,100,0,100,0,4.761904716491699,0,0,100,0,0,0,0,0,0,0,0,0,100,100,0,0,0,100,0,100,0,100,100,0,100,0,261763.87579345703,116826.48034667969,0,404334895104,8589930496,66030698496,0
199,1727693497686,1548,2499,2569,1920,2567,1798,2099,2824,2043,2499,2499,2499,2499,2000,2499,2499,1934,1728,2820,2819,1990,2818,1901,2500,2100,2509,2000,2499,2500,1880,1290,2577,0,100,0,100,0,0,0,0,100,0,0,0,0,0,0,0,0,0,100,100,0,0,0,100,0,100,0,100,100,0,100,0,261766.62030029297,116835.92657470703,0,404334895104,8589930496,66030698496,0
199,1727693497886,1548,2499,2569,1920,2567,1798,2099,2824,2043,2499,2499,2499,2499,2000,2499,2499,1934,1728,2820,2819,1990,2818,1901,2500,2100,2509,2000,2499,2500,1880,1290,2577,0,100,0,100,0,0,0,0,100,0,0,0,0,0,0,0,0,55,100,100,0,0,0,100,0,100,0,100,100,0,42.85714340209961,0,261769.4122314453,116845.33728027344,0,404334895104,8589930496,65989689344,0
199,1727693498086,1548,2499,2569,1920,2567,1798,2099,2824,2043,2499,2499,2499,2499,2000,2499,2499,1934,1728,2820,2819,1990,2818,1901,2500,2100,2509,2000,2499,2500,1880,1290,2577,0,70,0,100,5,0,0,0,100,30.000001907348633,4.761904716491699,0,0,0,0,0,5,100,100,100,0,0,0,100,0,100,4.761904716491699,100,100,0,0,0,261772.2085571289,116854.8046875,0,404334895104,8589930496,66030047232,0
199,1727693498287,1548,2499,2569,1920,2567,1798,2099,2824,2043,2499,2499,2499,2499,2000,2499,2499,1934,1728,2820,2819,1990,2818,1901,2500,2100,2509,2000,2499,2500,1880,1290,2577,0,70,0,100,5,0,0,0,100,30.000001907348633,4.761904716491699,0,0,0,0,0,5,100,100,100,0,0,0,100,0,100,4.761904716491699,100,100,0,0,0,261774.96868896484,116864.24298095703,0,404334895104,8589930496,66029867008,0
199,1727693498487,1548,2499,2569,1920,2567,1798,2099,2824,2043,2499,2499,2499,2499,2000,2499,2499,1934,1728,2820,2819,1990,2818,1901,2500,2100,2509,2000,2499,2500,1880,1290,2577,0,0,0,100,2.4390242099761963,0,0,0,100,100,0,0,0,0,0,0,2.5,100,100,100,0,0,0,100,0,100,2.5,100,100,0,0,0,261777.73974609375,116873.74029541016,0,404334895104,8589930496,66029867008,0
199,1727693498687,1548,2499,2569,1920,2567,1798,2099,2824,2043,2499,2499,2499,2499,2000,2499,2499,1934,1728,2820,2819,1990,2818,1901,2500,2100,2509,2000,2499,2500,1880,1290,2577,0,0,0,100,0,0,4.761904716491699,0,100,100,0,0,0,0,0,0,0,100,100,100,0,0,0,100,0,100,0,100,100,0,0,0,261780.44696044922,116883.13641357422,0,404334895104,8589930496,66030014464,0
199,1727693498887,1548,2499,2569,1920,2567,1798,2099,2824,2043,2499,2499,2499,2499,2000,2499,2499,1934,1728,2820,2819,1990,2818,1901,2500,2100,2509,2000,2499,2500,1880,1290,2577,0,0,0,100,0,0,0,0,100,100,5,0,0,0,0,0,0,100,100,100,0,0,0,100,0,100,0,100,100,0,0,0,261783.1939086914,116892.59716796875,0,404334895104,8589930496,66030014464,0
199,1727693499087,1548,2499,2569,1920,2567,1798,2099,2824,2043,2499,2499,2499,2499,2000,2499,2499,1934,1728,2820,2819,1990,2818,1901,2500,2100,2509,2000,2499,2500,1880,1290,2577,0,0,4.761904716491699,100,0,0,0,0,100,100,4.761904716491699,0,0,0,0,0,0,100,100,100,0,0,0,100,0,100,0,100,100,0,0,0,261785.92846679688,116902.05072021484,0,404334895104,8589930496,66030014464,0
199,1727693499287,1548,2499,2569,1920,2567,1798,2099,2824,2043,2499,2499,2499,2499,2000,2499,2499,1934,1728,2820,2819,1990,2818,1901,2500,2100,2509,2000,2499,2500,1880,1290,2577,0,0,0,100,0,0,0,0,100,100,0,0,0,0,0,0,0,100,100,100,0,0,0,100,0,100,0,100,100,0,0,0,261788.78540039063,116911.44934082031,0,404334895104,8589930496,66029740032,0
199,1727693499487,1548,2499,2569,1920,2567,1798,2099,2824,2043,2499,2499,2499,2499,2000,2499,2499,1934,1728,2820,2819,1990,2818,1901,2500,2100,2509,2000,2499,2500,1880,1290,2577,0,0,0,100,0,0,0,0,100,100,0,0,0,0,0,0,0,100,100,100,0,0,0,100,0,100,0,100,100,0,0,0,261791.57348632813,116920.88403320313,0,404334895104,8589930496,66029797376,0
199,1727693499687,1548,2499,2569,1920,2567,1798,2099,2824,2043,2499,2499,2499,2499,2000,2499,2499,1934,1728,2820,2819,1990,2818,1901,2500,2100,2509,2000,2499,2500,1880,1290,2577,0,0,0,100,0,0,0,0,100,100,4.761904716491699,0,0,0,0,0,0,100,100,100,0,0,0,100,0,100,4.761904716491699,100,100,0,0,0,261794.3507080078,116930.32696533203,0,404334895104,8589930496,66029871104,0
199,1727693499888,1548,2499,2569,1920,2567,1798,2099,2824,2043,2499,2499,2499,2499,2000,2499,2499,1934,1728,2820,2819,1990,2818,1901,2500,2100,2509,2000,2499,2500,1880,1290,2577,0,0,0,100,0,0,0,0,100,100,0,0,0,0,0,0,0,100,100,100,0,0,0,100,0,100,0,100,100,0,0,0,261797.15985107422,116939.78442382813,0,404334895104,8589930496,66029871104,0
199,1727693500088,1548,2499,2569,1920,2567,1798,2099,2824,2043,2499,2499,2499,2499,2000,2499,2499,1934,1728,2820,2819,1990,2818,1901,2500,2100,2509,2000,2499,2500,1880,1290,2577,0,0,0,100,0,0,0,0,100,100,0,0,0,0,0,0,0,47.36842346191406,100,100,0,0,0,100,0,100,0,100,100,0,55,0,261799.9898071289,116949.23901367188,0,404334895104,8589930496,66030018560,0
199,1727693500288,1548,2499,2569,1920,2567,1798,2099,2824,2043,2499,2499,2499,2499,2000,2499,2499,1934,1728,2820,2819,1990,2818,1901,2500,2100,2509,2000,2499,2500,1880,1290,2577,0,0,0,100,0,0,0,0,100,100,0,0,0,0,0,0,0,0,100,100,0,0,0,100,0,100,0,100,100,0,100,0,261802.81005859375,116958.6904296875,0,404334895104,8589930496,66030018560,0
199,1727693500488,1548,2499,2569,1920,2567,1798,2099,2824,2043,2499,2499,2499,2499,2000,2499,2499,1934,1728,2820,2819,1990,2818,1901,2500,2100,2509,2000,2499,2500,1880,1290,2577,0,0,0,100,0,0,0,0,100,100,0,0,0,4.761904716491699,0,0,0,0,100,100,0,0,0,100,0,100,0,100,100,0,100,0,261805.64416503906,116968.1332397461,0,404334895104,8589930496,66030018560,0
199,1727693500688,1548,2499,2569,1920,2567,1798,2099,2824,2043,2499,2499,2499,2499,2000,2499,2499,1934,1728,2820,2819,1990,2818,1901,2500,2100,2509,2000,2499,2500,1880,1290,2577,0,0,0,100,0,0,0,0,100,100,0,0,0,0,0,0,0,0,100,100,0,0,0,100,0,100,0,100,100,5,100,0,261808.51232910156,116977.51794433594,0,404334895104,8589930496,66029760512,0
199,1727693500888,1548,2499,2569,1920,2567,1798,2099,2824,2043,2499,2499,2499,2499,2000,2499,2499,1934,1728,2820,2819,1990,2818,1901,2500,2100,2509,2000,2499,2500,1880,1290,2577,0,0,0,100,0,0,0,0,100,100,0,0,0,0,0,0,0,0,100,100,0,0,0,100,0,100,0,100,100,0,100,0,261811.32263183594,116986.97137451172,0,404334895104,8589930496,66029785088,0
199,1727693501088,1548,2499,2569,1920,2567,1798,2099,2824,2043,2499,2499,2499,2499,2000,2499,2499,1934,1728,2820,2819,1990,2818,1901,2500,2100,2509,2000,2499,2500,1880,1290,2577,0,0,0,100,4.761904716491699,0,0,0,100,100,0,0,0,0,0,0,0,0,100,100,0,0,0,100,0,100,0,100,100,0,100,0,261814.11834716797,116996.40899658203,0,404334895104,8589930496,66029858816,0
199,1727693501288,1548,2499,2569,1920,2567,1798,2099,2824,2043,2499,2499,2499,2499,2000,2499,2499,1934,1728,2820,2819,1990,2818,1901,2500,2100,2509,2000,2499,2500,1880,1290,2577,0,0,0,100,0,0,0,0,100,100,0,0,0,0,0,0,0,0,100,100,0,0,0,100,0,100,0,100,100,0,100,0,261816.91204833984,117005.8525390625,0,404334895104,8589930496,66030006272,0
199,1727693501488,1548,2499,2569,1920,2567,1798,2099,2824,2043,2499,2499,2499,2499,2000,2499,2499,1934,1728,2820,2819,1990,2818,1901,2500,2100,2509,2000,2499,2500,1880,1290,2577,19.047618865966797,57.894737243652344,0,100,0,10,21.052631378173828,4.761904716491699,90,45,5,0,5,10.526315689086914,0,0,15.000000953674316,0,100,100,0,5,5,100,5,100,9.523809432983398,100,100,5.263157844543457,100,4.761904716491699,261819.7176513672,117015.5258178711,0,404334895104,8589930496,66030256128,0
199,1727693501688,1548,2499,2569,1920,2567,1798,2099,2824,2043,2499,2499,2499,2499,2000,2499,2499,1934,1728,2820,2819,1990,2818,1901,2500,2100,2509,2000,2499,2500,1880,1290,2577,0,100,0,100,9.523809432983398,0,0,0,100,0,0,0,4.761904716491699,0,0,0,0,0,100,100,0,0,0,100,0,100,0,100,100,0,100,0,261822.48443603516,117025.09478759766,0,404334895104,8589930496,66029555712,0
199,1727693501889,1548,2499,2569,1920,2567,1798,2099,2824,2043,2499,2499,2499,2499,2000,2499,2499,1934,1728,2820,2819,1990,2818,1901,2500,2100,2509,2000,2499,2500,1880,1290,2577,0,100,0,100,9.523809432983398,0,0,0,100,0,0,0,4.761904716491699,0,0,0,0,0,100,100,0,0,0,100,0,100,0,100,100,0,100,0,261825.2767944336,117034.47351074219,0,404334895104,8589930496,66029559808,0
199,1727693502089,1548,2499,2569,1920,2567,1798,2099,2824,2043,2499,2499,2499,2499,2000,2499,2499,1934,1728,2820,2819,1990,2818,1901,2500,2100,2509,2000,2499,2500,1880,1290,2577,0,100,0,100,0,0,0,0,100,0,0,0,2.5,0,0,0,0,0,100,100,0,0,0,100,0,100,0,100,100,0,100,0,261828.0645751953,117043.99737548828,0,404334895104,8589930496,66030018560,0
199,1727693502289,1548,2499,2569,1920,2567,1798,2099,2824,2043,2499,2499,2499,2499,2000,2499,2499,1934,1728,2820,2819,1990,2818,1901,2500,2100,2509,2000,2499,2500,1880,1290,2577,0,100,0,100,0,0,0,0,100,0,0,0,0,0,0,0,0,0,100,100,0,0,0,95,0,100,0,100,100,0,100,0,261830.80041503906,117053.41979980469,0,404334895104,8589930496,66030116864,0
199,1727693502489,1548,2499,2569,1920,2567,1798,2099,2824,2043,2499,2499,2499,2499,2000,2499,2499,1934,1728,2820,2819,1990,2818,1901,2500,2100,2509,2000,2499,2500,1880,1290,2577,0,100,0,100,0,0,0,0,100,0,0,100,0,0,0,0,0,0,100,100,0,0,0,0,0,100,0,100,100,0,100,0,261833.60095214844,117062.89129638672,0,404334895104,8589930496,66030116864,0
199,1727693502689,1548,2499,2569,1920,2567,1798,2099,2824,2043,2499,2499,2499,2499,2000,2499,2499,1934,1728,2820,2819,1990,2818,1901,2500,2100,2509,2000,2499,2500,1880,1290,2577,94.73684692382813,100,0,100,0,0,0,0,9.523809432983398,0,0,100,0,0,0,0,0,0,100,100,0,0,0,0,0,100,0,100,100,0,100,0,261836.3794555664,117072.36755371094,0,404334895104,8589930496,66030264320,0
199,1727693502889,1548,2499,2569,1920,2567,1798,2099,2824,2043,2499,2499,2499,2499,2000,2499,2499,1934,1728,2820,2819,1990,2818,1901,2500,2100,2509,2000,2499,2500,1880,1290,2577,100,100,0,100,0,0,0,0,0,0,0,100,0,0,0,0,0,0,100,100,0,0,0,0,0,100,0,100,100,0,100,0,261839.1668701172,117081.8349609375,0,404334895104,8589930496,66030264320,0
199,1727693503089,1548,2499,2569,1920,2567,1798,2099,2824,2043,2499,2499,2499,2499,2000,2499,2499,1934,1728,2820,2819,1990,2818,1901,2500,2100,2509,2000,2499,2500,1880,1290,2577,100,100,0,100,0,0,0,0,0,0,0,100,0,0,0,0,0,0,100,100,0,0,0,0,0,100,0,100,100,0,100,0,261841.9105834961,117091.30749511719,0,404334895104,8589930496,66030264320,0
199,1727693503289,1548,2499,2569,1920,2567,1798,2099,2824,2043,2499,2499,2499,2499,2000,2499,2499,1934,1728,2820,2819,1990,2818,1901,2500,2100,2509,2000,2499,2500,1880,1290,2577,100,100,0,100,0,0,0,0,0,0,0,100,0,0,0,0,0,0,100,100,0,0,0,0,0,100,0,100,100,0,100,0,261844.74475097656,117100.74084472656,0,404334895104,8589930496,66030006272,0
199,1727693503489,1548,2499,2569,1920,2567,1798,2099,2824,2043,2499,2499,2499,2499,2000,2499,2499,1934,1728,2820,2819,1990,2818,1901,2500,2100,2509,2000,2499,2500,1880,1290,2577,100,100,0,100,0,0,0,0,0,0,0,100,0,0,0,0,0,0,100,100,0,0,0,0,0,100,0,100,100,0,100,0,261847.52087402344,117110.2060546875,0,404334895104,8589930496,66030043136,0
199,1727693503690,1548,2499,2569,1920,2567,1798,2099,2824,2043,2499,2499,2499,2499,2000,2499,2499,1934,1728,2820,2819,1990,2818,1901,2500,2100,2509,2000,2499,2500,1880,1290,2577,100,100,0,100,0,0,0,0,0,0,0,100,0,0,0,0,0,0,100,100,0,0,0,0,0,100,0,100,100,0,100,0,261850.25939941406,117119.67102050781,0,404334895104,8589930496,66030116864,0
199,1727693503890,1548,2499,2569,1920,2567,1798,2099,2824,2043,2499,2499,2499,2499,2000,2499,2499,1934,1728,2820,2819,1990,2818,1901,2500,2100,2509,2000,2499,2500,1880,1290,2577,100,100,4.761904716491699,100,0,4.761904716491699,0,0,0,0,0,100,0,0,0,0,0,0,100,100,0,0,0,0,0,100,0,100,100,0,100,0,261853.0087890625,117129.12530517578,0,404334895104,8589930496,66030264320,0
199,1727693504090,1548,2499,2569,1920,2567,1798,2099,2824,2043,2499,2499,2499,2499,2000,2499,2499,1934,1728,2820,2819,1990,2818,1901,2500,2100,2509,2000,2499,2500,1880,1290,2577,100,100,0,100,0,0,0,0,0,0,0,100,0,0,0,0,0,0,100,100,0,0,0,0,0,100,0,100,100,0,100,0,261855.77478027344,117138.58758544922,0,404334895104,8589930496,66030264320,0
199,1727693504290,1548,2499,2569,1920,2567,1798,2099,2824,2043,2499,2499,2499,2499,2000,2499,2499,1934,1728,2820,2819,1990,2818,1901,2500,2100,2509,2000,2499,2500,1880,1290,2577,100,100,0,100,0,0,0,0,0,0,0,100,0,0,0,0,0,0,100,100,0,0,0,0,0,100,0,100,100,0,100,0,261858.52947998047,117148.04803466797,0,404334895104,8589930496,66030268416,0
199,1727693504490,1548,2499,2569,1920,2567,1798,2099,2824,2043,2499,2499,2499,2499,2000,2499,2499,1934,1728,2820,2819,1990,2818,1901,2500,2100,2509,2000,2499,2500,1880,1290,2577,100,100,0,100,0,0,0,0,0,0,0,100,0,0,2.4390242099761963,0,2.4390242099761963,0,100,100,0,0,0,0,0,100,0,100,100,0,100,0,261861.32904052734,117157.431640625,0,404334895104,8589930496,65988587520,0
199,1727693504690,1548,2499,2569,1920,2567,1798,2099,2824,2043,2499,2499,2499,2499,2000,2499,2499,1934,1728,2820,2819,1990,2818,1901,2500,2100,2509,2000,2499,2500,1880,1290,2577,100,100,0,100,0,0,0,0,0,0,0,100,4.761904716491699,0,0,0,0,0,100,100,0,0,0,0,0,100,0,100,100,0,100,0,261864.15435791016,117166.92272949219,0,404334895104,8589930496,66030047232,0
199,1727693504890,1548,2499,2569,1920,2567,1798,2099,2824,2043,2499,2499,2499,2499,2000,2499,2499,1934,1728,2820,2819,1990,2818,1901,2500,2100,2509,2000,2499,2500,1880,1290,2577,100,100,0,100,0,0,0,0,0,0,0,100,0,0,0,0,0,0,100,100,0,0,0,0,0,100,0,100,100,0,100,0,261866.90783691406,117176.38214111328,0,404334895104,8589930496,66030120960,0
199,1727693505091,1548,2499,2569,1920,2567,1798,2099,2824,2043,2499,2499,2499,2499,2000,2499,2499,1934,1728,2820,2819,1990,2818,1901,2500,2100,2509,2000,2499,2500,1880,1290,2577,100,100,0,100,0,0,0,0,0,0,0,100,0,0,0,0,0,0,100,100,0,0,0,0,0,100,0,100,100,0,100,0,261869.6689453125,117185.85186767578,0,404334895104,8589930496,66030120960,0
199,1727693505291,1548,2499,2569,1920,2567,1798,2099,2824,2043,2499,2499,2499,2499,2000,2499,2499,1934,1728,2820,2819,1990,2818,1901,2500,2100,2509,2000,2499,2500,1880,1290,2577,100,100,0,100,0,0,0,0,0,0,0,100,0,0,0,0,0,0,100,100,0,0,0,0,0,100,0,100,100,0,100,0,261872.4232788086,117195.31335449219,0,404334895104,8589930496,66030268416,0
199,1727693505491,1548,2499,2569,1920,2567,1798,2099,2824,2043,2499,2499,2499,2499,2000,2499,2499,1934,1728,2820,2819,1990,2818,1901,2500,2100,2509,2000,2499,2500,1880,1290,2577,100,100,0,100,0,0,0,0,0,0,4.761904716491699,100,5,4.761904716491699,0,0,0,0,100,100,0,0,0,0,0,100,4.761904716491699,100,100,0,100,0,261875.20489501953,117204.806640625,0,404334895104,8589930496,66029559808,0
199,1727693505691,1548,2499,2569,1920,2567,1798,2099,2824,2043,2499,2499,2499,2499,2000,2499,2499,1934,1728,2820,2819,1990,2818,1901,2500,2100,2509,2000,2499,2500,1880,1290,2577,100,100,0,100,0,0,0,0,0,0,0,100,0,0,0,0,0,0,100,100,0,5,0,0,0,100,0,100,100,0,100,0,261877.97943115234,117214.27252197266,0,404334895104,8589930496,66029834240,0
199,1727693505891,1548,2499,2569,1920,2567,1798,2099,2824,2043,2499,2499,2499,2499,2000,2499,2499,1934,1728,2820,2819,1990,2818,1901,2500,2100,2509,2000,2499,2500,1880,1290,2577,100,100,0,100,0,0,0,0,0,4.761904716491699,0,100,0,0,0,0,0,0,100,100,0,0,4.761904716491699,0,0,100,0,100,100,0,100,0,261880.88061523438,117223.69158935547,0,404334895104,8589930496,66029973504,0
199,1727693506091,1548,2499,2569,1920,2567,1798,2099,2824,2043,2499,2499,2499,2499,2000,2499,2499,1934,1728,2820,2819,1990,2818,1901,2500,2100,2509,2000,2499,2500,1880,1290,2577,100,100,0,100,0,0,0,0,0,4.761904716491699,0,100,0,0,0,0,0,0,100,100,0,0,4.761904716491699,0,0,100,0,100,100,0,100,0,261883.6895751953,117233.15155029297,0,404334895104,8589930496,66030026752,0
199,1727693506291,1548,2499,2569,1920,2567,1798,2099,2824,2043,2499,2499,2499,2499,2000,2499,2499,1934,1728,2820,2819,1990,2818,1901,2500,2100,2509,2000,2499,2500,1880,1290,2577,100,100,0,100,0,0,0,0,0,0,2.4390242099761963,100,0,0,0,0,0,0,100,100,0,0,0,0,0,100,2.4390242099761963,100,100,0,100,0,261886.48864746094,117242.61145019531,0,404334895104,8589930496,66030100480,0
199,1727693506491,1548,2499,2569,1920,2567,1798,2099,2824,2043,2499,2499,2499,2499,2000,2499,2499,1934,1728,2820,2819,1990,2818,1901,2500,2100,2509,2000,2499,2500,1880,1290,2577,100,100,0,100,0,0,0,0,0,0,2.4390242099761963,100,0,0,0,0,0,0,100,100,0,0,0,0,0,100,2.4390242099761963,100,100,0,100,0,261889.30499267578,117252.169921875,0,404334895104,8589930496,66030268416,0
199,1727693506691,1548,2499,2569,1920,2567,1798,2099,2824,2043,2499,2499,2499,2499,2000,2499,2499,1934,1728,2820,2819,1990,2818,1901,2500,2100,2509,2000,2499,2500,1880,1290,2577,100,100,0,100,0,0,4.878048419952393,2.4390242099761963,5.128205299377441,0,4.761904716491699,100,4.878048419952393,2.5641026496887207,0,0,0,2.4390242099761963,100,100,0,0,2.5,0,0,100,2.5641026496887207,100,100,5,100,0,261892.09338378906,117261.66870117188,0,404334895104,8589930496,66030415872,0
199,1727693506892,1548,2499,2569,1920,2567,1798,2099,2824,2043,2499,2499,2499,2499,2000,2499,2499,1934,1728,2820,2819,1990,2818,1901,2500,2100,2509,2000,2499,2500,1880,1290,2577,100,100,0,100,0,0,0,0,0,0,0,100,0,0,0,0,0,0,100,100,0,0,0,0,0,100,0,100,100,0,100,0,261894.88610839844,117271.18859863281,0,404334895104,8589930496,66030415872,0
199,1727693507092,1548,2499,2569,1920,2567,1798,2099,2824,2043,2499,2499,2499,2499,2000,2499,2499,1934,1728,2820,2819,1990,2818,1901,2500,2100,2509,2000,2499,2500,1880,1290,2577,100,100,0,100,0,0,0,0,0,0,0,100,0,0,0,0,0,0,100,100,0,0,0,0,0,100,0,100,100,0,100,0,261897.6499633789,117280.61798095703,0,404334895104,8589930496,66030415872,0
199,1727693507292,1548,2499,2569,1920,2567,1798,2099,2824,2043,2499,2499,2499,2499,2000,2499,2499,1934,1728,2820,2819,1990,2818,1901,2500,2100,2509,2000,2499,2500,1880,1290,2577,100,100,0,100,0,0,0,0,0,0,0,100,0,0,0,0,0,0,100,100,0,0,0,0,0,100,0,100,100,0,100,0,261900.54931640625,117290.11614990234,0,404334895104,8589930496,66030157824,0
199,1727693507492,1548,2499,2569,1920,2567,1798,2099,2824,2043,2499,2499,2499,2499,2000,2499,2499,1934,1728,2820,2819,1990,2818,1901,2500,2100,2509,2000,2499,2500,1880,1290,2577,52.38095474243164,100,0,100,0,0,0,0,47.619049072265625,0,0,100,0,0,0,0,0,0,100,100,0,0,0,0,0,100,0,100,100,0,100,0,261903.30767822266,117299.55084228516,0,404334895104,8589930496,66030194688,0
199,1727693507692,1548,2499,2569,1920,2567,1798,2099,2824,2043,2499,2499,2499,2499,2000,2499,2499,1934,1728,2820,2819,1990,2818,1901,2500,2100,2509,2000,2499,2500,1880,1290,2577,0,100,0,100,0,0,0,0,100,0,0,100,0,0,0,0,0,0,100,100,0,0,0,0,0,100,0,100,100,0,100,0,261906.08612060547,117309.01434326172,0,404334895104,8589930496,66030268416,0
199,1727693507892,1548,2499,2569,1920,2567,1798,2099,2824,2043,2499,2499,2499,2499,2000,2499,2499,1934,1728,2820,2819,1990,2818,1901,2500,2100,2509,2000,2499,2500,1880,1290,2577,100,100,0,100,0,4.761904716491699,0,0,0,0,0,100,0,0,0,0,0,0,100,100,0,0,0,0,0,100,0,100,100,0,100,0,261908.8724975586,117318.4857788086,0,404334895104,8589930496,66030415872,0
199,1727693508092,1548,2499,2569,1920,2567,1798,2099,2824,2043,2499,2499,2499,2499,2000,2499,2499,1934,1728,2820,2819,1990,2818,1901,2500,2100,2509,2000,2499,2500,1880,1290,2577,100,100,0,100,0,0,0,0,0,0,0,100,0,0,4.761904716491699,0,0,0,100,100,0,0,0,0,0,100,0,100,100,0,100,0,261911.64678955078,117327.95092773438,0,404334895104,8589930496,66030415872,0
199,1727693508292,1548,2499,2569,1920,2567,1798,2099,2824,2043,2499,2499,2499,2499,2000,2499,2499,1934,1728,2820,2819,1990,2818,1901,2500,2100,2509,2000,2499,2500,1880,1290,2577,100,100,0,100,0,0,0,0,0,0,0,100,0,0,4.761904716491699,0,0,0,100,100,0,0,0,0,0,100,0,100,100,0,100,0,261914.4061279297,117337.40850830078,0,404334895104,8589930496,66030415872,0
199,1727693508492,1548,2499,2569,1920,2567,1798,2099,2824,2043,2499,2499,2499,2499,2000,2499,2499,1934,1728,2820,2819,1990,2818,1901,2500,2100,2509,2000,2499,2500,1880,1290,2577,100,100,0,100,0,0,0,0,0,0,0,100,0,0,0,0,0,0,100,100,0,0,0,0,0,100,0,100,100,0,100,0,261917.2705078125,117346.84289550781,0,404334895104,8589930496,66030141440,0
199,1727693508692,1548,2499,2569,1920,2567,1798,2099,2824,2043,2499,2499,2499,2499,2000,2499,2499,1934,1728,2820,2819,1990,2818,1901,2500,2100,2509,2000,2499,2500,1880,1290,2577,100,100,0,100,0,0,0,0,0,0,0,100,0,0,0,0,0,0,100,100,0,0,0,0,0,100,0,100,100,0,100,0,261920.0473022461,117356.30883789063,0,404334895104,8589930496,66030198784,0
199,1727693508892,1548,2499,2569,1920,2567,1798,2099,2824,2043,2499,2499,2499,2499,2000,2499,2499,1934,1728,2820,2819,1990,2818,1901,2500,2100,2509,2000,2499,2500,1880,1290,2577,100,100,0,100,0,0,0,0,0,0,0,100,0,0,0,0,0,0,100,100,0,0,0,0,0,100,0,100,100,0,100,0,261922.8095703125,117365.77490234375,0,404334895104,8589930496,66030272512,0
199,1727693509093,1548,2499,2569,1920,2567,1798,2099,2824,2043,2499,2499,2499,2499,2000,2499,2499,1934,1728,2820,2819,1990,2818,1901,2500,2100,2509,2000,2499,2500,1880,1290,2577,100,100,0,100,0,0,0,0,0,0,0,100,0,0,0,0,0,0,100,100,0,4.761904716491699,0,0,0,100,0,100,100,0,100,0,261925.58178710938,117375.2416381836,0,404334895104,8589930496,66030272512,0
199,1727693509293,1548,2499,2569,1920,2567,1798,2099,2824,2043,2499,2499,2499,2499,2000,2499,2499,1934,1728,2820,2819,1990,2818,1901,2500,2100,2509,2000,2499,2500,1880,1290,2577,100,100,0,100,0,10,0,0,0,0,0,100,5,4.761904716491699,0,0,0,0,100,100,0,0,0,0,0,100,0,100,100,0,100,0,261928.3709716797,117384.73150634766,0,404334895104,8589930496,66030006272,0
199,1727693509493,1548,2499,2569,1920,2567,1798,2099,2824,2043,2499,2499,2499,2499,2000,2499,2499,1934,1728,2820,2819,1990,2818,1901,2500,2100,2509,2000,2499,2500,1880,1290,2577,100,100,0,100,0,10,0,0,0,0,0,100,5,4.761904716491699,0,0,0,0,100,100,0,0,0,0,0,100,0,100,100,0,100,0,261931.189453125,117394.1762084961,0,404334895104,8589930496,66030432256,0
199,1727693509693,1548,2499,2569,1920,2567,1798,2099,2824,2043,2499,2499,2499,2499,2000,2499,2499,1934,1728,2820,2819,1990,2818,1901,2500,2100,2509,2000,2499,2500,1880,1290,2577,100,100,0,100,0,0,0,0,0,0,0,100,0,0,0,0,0,0,100,100,0,0,0,0,0,100,0,100,100,0,100,0,261934.01916503906,117403.65771484375,0,404334895104,8589930496,66030432256,0
199,1727693509893,1548,2499,2569,1920,2567,1798,2099,2824,2043,2499,2499,2499,2499,2000,2499,2499,1934,1728,2820,2819,1990,2818,1901,2500,2100,2509,2000,2499,2500,1880,1290,2577,100,100,0,100,0,0,0,0,0,0,0,100,0,0,0,0,0,0,100,100,0,0,0,0,0,100,0,100,100,0,100,0,261936.87628173828,117413.12518310547,0,404334895104,8589930496,66030174208,0
199,1727693510093,1548,2499,2569,1920,2567,1798,2099,2824,2043,2499,2499,2499,2499,2000,2499,2499,1934,1728,2820,2819,1990,2818,1901,2500,2100,2509,2000,2499,2500,1880,1290,2577,100,100,0,100,0,0,0,0,0,0,0,100,0,0,0,0,0,0,100,100,0,0,0,0,0,100,0,100,100,0,100,0,261939.66442871094,117422.59375,0,404334895104,8589930496,66030211072,0
199,1727693510293,1548,2499,2569,1920,2567,1798,2099,2824,2043,2499,2499,2499,2499,2000,2499,2499,1934,1728,2820,2819,1990,2818,1901,2500,2100,2509,2000,2499,2500,1880,1290,2577,100,100,0,100,0,0,0,0,0,0,0,100,0,0,0,0,0,0,100,100,0,0,0,0,0,100,0,100,100,0,100,0,261942.47045898438,117432.06677246094,0,404334895104,8589930496,66030284800,0
199,1727693510493,1548,2499,2569,1920,2567,1798,2099,2824,2043,2499,2499,2499,2499,2000,2499,2499,1934,1728,2820,2819,1990,2818,1901,2500,2100,2509,2000,2499,2500,1880,1290,2577,100,100,0,100,0,0,0,0,0,0,0,100,0,0,0,0,0,0,100,100,0,0,0,0,0,100,0,100,100,0,100,0,261945.2661743164,117441.54418945313,0,404334895104,8589930496,66030432256,0
199,1727693510693,1548,2499,2569,1920,2567,1798,2099,2824,2043,2499,2499,2499,2499,2000,2499,2499,1934,1728,2820,2819,1990,2818,1901,2500,2100,2509,2000,2499,2500,1880,1290,2577,100,100,0,100,0,0,0,0,0,0,0,100,0,0,0,0,0,0,100,100,0,0,0,0,0,100,0,100,100,0,100,0,261948.0509033203,117451.0170288086,0,404334895104,8589930496,66030432256,0
199,1727693510893,1548,2499,2569,1920,2567,1798,2099,2824,2043,2499,2499,2499,2499,2000,2499,2499,1934,1728,2820,2819,1990,2818,1901,2500,2100,2509,2000,2499,2500,1880,1290,2577,100,100,0,100,0,0,0,0,0,0,0,100,0,0,0,0,0,0,100,100,0,0,0,0,0,100,0,100,100,0,100,0,261950.83270263672,117460.48449707031,0,404334895104,8589930496,66030419968,0
199,1727693511094,1548,2499,2569,1920,2567,1798,2099,2824,2043,2499,2499,2499,2499,2000,2499,2499,1934,1728,2820,2819,1990,2818,1901,2500,2100,2509,2000,2499,2500,1880,1290,2577,100,100,0,100,0,0,0,0,0,0,0,100,0,0,0,0,0,0,100,100,0,0,0,0,0,100,0,100,100,0,100,0,261953.6996459961,117469.90399169922,0,404334895104,8589930496,66030149632,0
199,1727693511294,1548,2499,2569,1920,2567,1798,2099,2824,2043,2499,2499,2499,2499,2000,2499,2499,1934,1728,2820,2819,1990,2818,1901,2500,2100,2509,2000,2499,2500,1880,1290,2577,100,100,0,100,0,0,0,0,0,0,0,100,0,0,0,0,4.761904716491699,0,100,100,0,0,0,0,0,100,0,100,100,0,100,0,261956.4916381836,117479.36688232422,0,404334895104,8589930496,66030202880,0
199,1727693511494,1548,2499,2569,1920,2567,1798,2099,2824,2043,2499,2499,2499,2499,2000,2499,2499,1934,1728,2820,2819,1990,2818,1901,2500,2100,2509,2000,2499,2500,1880,1290,2577,100,100,0,100,0,5,5,0,0,0,14.285715103149414,100,0,5,0,0,0,0,100,100,0,0,0,0,0,100,4.761904716491699,100,100,5,100,0,261959.29846191406,117488.94549560547,0,404334895104,8589930496,66040254464,0
199,1727693511694,1548,2499,2569,1920,2567,1798,2099,2824,2043,2499,2499,2499,2499,2000,2499,2499,1934,1728,2820,2819,1990,2818,1901,2500,2100,2509,2000,2499,2500,1880,1290,2577,100,100,0,100,4.761904716491699,0,5,23.809524536132813,4.761904716491699,4.761904716491699,0,100,5,5,0,4.761904716491699,5,0,100,100,0,4.761904716491699,0,4.761904716491699,4.761904716491699,100,0,100,100,5,100,0,261962.08721923828,117498.64080810547,0,404334895104,8589930496,66030383104,0
199,1727693511894,1548,2499,2569,1920,2567,1798,2099,2824,2043,2499,2499,2499,2499,2000,2499,2499,1934,1728,2820,2819,1990,2818,1901,2500,2100,2509,2000,2499,2500,1880,1290,2577,100,100,0,100,4.761904716491699,0,5,23.809524536132813,4.761904716491699,4.761904716491699,0,100,5,5,0,4.761904716491699,5,0,100,100,0,4.761904716491699,0,4.761904716491699,4.761904716491699,100,0,100,100,5,100,0,261964.8642578125,117508.0726928711,0,404334895104,8589930496,66030530560,0
199,1727693512094,1548,2499,2569,1920,2567,1798,2099,2824,2043,2499,2499,2499,2499,2000,2499,2499,1934,1728,2820,2819,1990,2818,1901,2500,2100,2509,2000,2499,2500,1880,1290,2577,100,100,0,100,0,0,0,0,0,0,0,100,2.4390242099761963,0,0,0,0,29.268291473388672,100,100,0,0,0,0,0,100,0,100,100,0,70.73170471191406,0,261967.65185546875,117517.55456542969,0,404334895104,8589930496,66030530560,0
199,1727693512294,1548,2499,2569,1920,2567,1798,2099,2824,2043,2499,2499,2499,2499,2000,2499,2499,1934,1728,2820,2819,1990,2818,1901,2500,2100,2509,2000,2499,2500,1880,1290,2577,100,100,0,100,0,0,0,0,0,0,0,100,0,0,0,0,0,100,100,100,0,0,0,0,0,100,4.761904716491699,100,100,0,0,0,261970.42401123047,117527.03607177734,0,404334895104,8589930496,66030530560,0
199,1727693512494,1548,2499,2569,1920,2567,1798,2099,2824,2043,2499,2499,2499,2499,2000,2499,2499,1934,1728,2820,2819,1990,2818,1901,2500,2100,2509,2000,2499,2500,1880,1290,2577,65,100,0,100,0,0,0,0,31.57894515991211,0,0,100,0,0,0,0,0,100,100,100,0,0,0,0,0,100,0,100,100,0,0,0,261973.29022216797,117536.45770263672,0,404334895104,8589930496,66030256128,0
199,1727693512695,1548,2499,2569,1920,2567,1798,2099,2824,2043,2499,2499,2499,2499,2000,2499,2499,1934,1728,2820,2819,1990,2818,1901,2500,2100,2509,2000,2499,2500,1880,1290,2577,0,100,0,100,0,0,0,0,100,0,0,100,0,0,0,0,0,100,100,100,0,5,0,0,0,100,0,100,100,0,0,0,261976.01538085938,117545.9301147461,0,404334895104,8589930496,66029600768,0
199,1727693512895,1548,2499,2569,1920,2567,1798,2099,2824,2043,2499,2499,2499,2499,2000,2499,2499,1934,1728,2820,2819,1990,2818,1901,2500,2100,2509,2000,2499,2500,1880,1290,2577,0,100,0,100,0,4.761904716491699,0,0,100,0,0,100,0,0,0,0,0,100,100,100,0,0,0,0,0,100,9.523809432983398,100,100,0,0,0,261978.75610351563,117555.4369506836,0,404334895104,8589930496,66029948928,0
199,1727693513095,1548,2499,2569,1920,2567,1798,2099,2824,2043,2499,2499,2499,2499,2000,2499,2499,1934,1728,2820,2819,1990,2818,1901,2500,2100,2509,2000,2499,2500,1880,1290,2577,0,100,0,100,0,0,0,0,100,0,0,100,4.761904716491699,0,0,0,0,100,100,100,0,0,0,0,0,100,0,100,100,0,0,0,261981.5219116211,117564.92785644531,0,404334895104,8589930496,66030379008,0
199,1727693513295,1548,2499,2569,1920,2567,1798,2099,2824,2043,2499,2499,2499,2499,2000,2499,2499,1934,1728,2820,2819,1990,2818,1901,2500,2100,2509,2000,2499,2500,1880,1290,2577,38.095237731933594,100,0,100,0,0,0,0,65,0,0,100,0,0,0,0,0,100,100,100,0,0,0,0,0,100,0,100,100,0,0,0,261984.28204345703,117574.39892578125,0,404334895104,8589930496,66030530560,0
199,1727693513495,1548,2499,2569,1920,2567,1798,2099,2824,2043,2499,2499,2499,2499,2000,2499,2499,1934,1728,2820,2819,1990,2818,1901,2500,2100,2509,2000,2499,2500,1880,1290,2577,100,100,0,100,0,0,0,0,0,0,4.761904716491699,100,5,0,0,0,0,100,100,100,0,0,4.761904716491699,0,0,100,0,100,100,0,0,0,261987.06768798828,117583.85833740234,0,404334895104,8589930496,66030530560,0
199,1727693513695,1548,2499,2569,1920,2567,1798,2099,2824,2043,2499,2499,2499,2499,2000,2499,2499,1934,1728,2820,2819,1990,2818,1901,2500,2100,2509,2000,2499,2500,1880,1290,2577,100,100,0,100,0,0,0,0,0,0,0,100,4.761904716491699,0,0,0,0,100,100,100,0,0,0,0,0,100,0,100,100,0,0,0,261989.84423828125,117593.31713867188,0,404334895104,8589930496,65970991104,0
199,1727693513895,1548,2499,2569,1920,2567,1798,2099,2824,2043,2499,2499,2499,2499,2000,2499,2499,1934,1728,2820,2819,1990,2818,1901,2500,2100,2509,2000,2499,2500,1880,1290,2577,100,100,0,100,0,0,0,0,0,0,4.761904716491699,100,0,0,0,0,0,100,100,100,0,0,0,0,0,100,0,100,100,0,0,0,261992.677734375,117602.79638671875,0,404334895104,8589930496,66030272512,0
199,1727693514095,1548,2499,2569,1920,2567,1798,2099,2824,2043,2499,2499,2499,2499,2000,2499,2499,1934,1728,2820,2819,1990,2818,1901,2500,2100,2509,2000,2499,2500,1880,1290,2577,100,100,0,100,0,0,0,0,0,0,0,100,4.761904716491699,0,0,0,0,45,100,100,0,0,0,0,0,100,0,100,100,0,60.000003814697266,0,261995.41845703125,117612.27673339844,0,404334895104,8589930496,66030383104,0
199,1727693514296,1548,2499,2569,1920,2567,1798,2099,2824,2043,2499,2499,2499,2499,2000,2499,2499,1934,1728,2820,2819,1990,2818,1901,2500,2100,2509,2000,2499,2500,1880,1290,2577,100,100,0,100,0,0,0,0,0,0,0,100,0,0,0,0,0,0,100,100,0,0,0,0,0,100,0,100,100,0,100,0,261998.18389892578,117621.70495605469,0,404334895104,8589930496,66030383104,0
199,1727693514496,1548,2499,2569,1920,2567,1798,2099,2824,2043,2499,2499,2499,2499,2000,2499,2499,1934,1728,2820,2819,1990,2818,1901,2500,2100,2509,2000,2499,2500,1880,1290,2577,100,100,0,100,0,0,0,0,0,0,0,100,0,0,0,0,0,0,100,100,0,0,0,0,0,100,0,100,100,0,100,0,262000.9327392578,117631.17700195313,0,404334895104,8589930496,66030530560,0
199,1727693514696,1548,2499,2569,1920,2567,1798,2099,2824,2043,2499,2499,2499,2499,2000,2499,2499,1934,1728,2820,2819,1990,2818,1901,2500,2100,2509,2000,2499,2500,1880,1290,2577,100,100,0,100,0,0,0,0,0,0,0,100,0,0,0,0,0,0,100,100,0,0,0,0,0,100,0,100,100,0,100,0,262003.68579101563,117640.64916992188,0,404334895104,8589930496,66030530560,0
199,1727693514896,1548,2499,2569,1920,2567,1798,2099,2824,2043,2499,2499,2499,2499,2000,2499,2499,1934,1728,2820,2819,1990,2818,1901,2500,2100,2509,2000,2499,2500,1880,1290,2577,100,100,0,100,0,0,0,0,0,0,0,100,0,0,4.761904716491699,0,0,0,100,100,0,0,4.761904716491699,0,0,100,0,100,100,4.761904716491699,100,0,262006.45123291016,117650.13848876953,0,404334895104,8589930496,66030530560,0
199,1727693515096,1548,2499,2569,1920,2567,1798,2099,2824,2043,2499,2499,2499,2499,2000,2499,2499,1934,1728,2820,2819,1990,2818,1901,2500,2100,2509,2000,2499,2500,1880,1290,2577,100,100,0,100,0,0,0,0,0,0,0,100,0,0,0,0,0,0,100,100,0,0,0,0,0,100,0,100,100,0,100,0,262009.28778076172,117659.6103515625,0,404334895104,8589930496,66030256128,0
199,1727693515296,1548,2499,2569,1920,2567,1798,2099,2824,2043,2499,2499,2499,2499,2000,2499,2499,1934,1728,2820,2819,1990,2818,1901,2500,2100,2509,2000,2499,2500,1880,1290,2577,100,100,0,100,0,0,0,0,0,0,0,100,0,0,0,0,0,0,100,100,0,0,0,0,0,100,0,100,100,0,100,0,262012.04364013672,117669.09368896484,0,404334895104,8589930496,66030309376,0
199,1727693515496,1548,2499,2569,1920,2567,1798,2099,2824,2043,2499,2499,2499,2499,2000,2499,2499,1934,1728,2820,2819,1990,2818,1901,2500,2100,2509,2000,2499,2500,1880,1290,2577,100,100,0,100,0,0,0,0,0,0,0,100,0,0,0,0,0,0,100,100,0,0,0,0,0,100,0,100,100,0,100,0,262014.79266357422,117678.57049560547,0,404334895104,8589930496,66030383104,0
199,1727693515696,1548,2499,2569,1920,2567,1798,2099,2824,2043,2499,2499,2499,2499,2000,2499,2499,1934,1728,2820,2819,1990,2818,1901,2500,2100,2509,2000,2499,2500,1880,1290,2577,100,100,0,100,0,0,0,0,0,0,0,100,0,0,0,0,0,0,100,100,0,0,0,0,0,100,0,100,100,0,100,0,262017.52319335938,117688.0474243164,0,404334895104,8589930496,66030387200,0
199,1727693515896,1548,2499,2569,1920,2567,1798,2099,2824,2043,2499,2499,2499,2499,2000,2499,2499,1934,1728,2820,2819,1990,2818,1901,2500,2100,2509,2000,2499,2500,1880,1290,2577,100,100,0,100,0,0,0,0,0,0,0,100,0,0,0,0,0,0,100,100,0,0,2.4390242099761963,0,0,100,0,100,100,0,100,0,262020.23364257813,117697.52825927734,0,404334895104,8589930496,66030518272,0
199,1727693516096,1548,2499,2569,1920,2567,1798,2099,2824,2043,2499,2499,2499,2499,2000,2499,2499,1934,1728,2820,2819,1990,2818,1901,2500,2100,2509,2000,2499,2500,1880,1290,2577,100,100,0,100,0,0,0,0,0,0,0,100,0,0,4.761904716491699,0,0,0,100,100,0,0,0,0,0,100,0,100,100,0,100,0,262022.9974975586,117707.00457763672,0,404334895104,8589930496,66030518272,0
199,1727693516296,1548,2499,2569,1920,2567,1798,2099,2824,2043,2499,2499,2499,2499,2000,2499,2499,1934,1728,2820,2819,1990,2818,1901,2500,2100,2509,2000,2499,2500,1880,1290,2577,100,100,0,100,0,0,0,0,0,0,0,100,0,0,0,0,0,0,100,100,0,0,0,0,0,100,0,100,100,0,100,0,262025.75421142578,117716.47576904297,0,404334895104,8589930496,66030518272,0
199,1727693516496,1548,2499,2569,1920,2567,1798,2099,2824,2043,2499,2499,2499,2499,2000,2499,2499,1934,1728,2820,2819,1990,2818,1901,2500,2100,2509,2000,2499,2500,1880,1290,2577,100,100,0,100,0,0,0,0,0,0,0,100,0,0,0,0,0,0,100,100,0,0,0,0,0,100,0,100,100,0,100,0,262028.58142089844,117725.93518066406,0,404334895104,8589930496,66030260224,0
199,1727693516697,1548,2499,2569,1920,2567,1798,2099,2824,2043,2499,2499,2499,2499,2000,2499,2499,1934,1728,2820,2819,1990,2818,1901,2500,2100,2509,2000,2499,2500,1880,1290,2577,100,100,0,100,0,0,5,0,0,0,0,100,0,10,0,0,0,0,100,100,0,9.523809432983398,5,0,5,100,0,100,100,19.047618865966797,100,4.761904716491699,262031.3582763672,117735.59655761719,0,404334895104,8589930496,66028023808,0
199,1727693516897,1548,2499,2569,1920,2567,1798,2099,2824,2043,2499,2499,2499,2499,2000,2499,2499,1934,1728,2820,2819,1990,2818,1901,2500,2100,2509,2000,2499,2500,1880,1290,2577,100,100,0,100,0,0,5,0,0,0,0,100,0,10,0,0,0,0,100,100,0,9.523809432983398,5,0,5,100,0,100,100,19.047618865966797,100,4.761904716491699,262034.0946044922,117745.02728271484,0,404334895104,8589930496,66030010368,0
199,1727693517097,1548,2499,2569,1920,2567,1798,2099,2824,2043,2499,2499,2499,2499,2000,2499,2499,1934,1728,2820,2819,1990,2818,1901,2500,2100,2509,2000,2499,2500,1880,1290,2577,100,100,0,100,0,0,0,0,0,0,0,100,0,0,0,0,0,28.205129623413086,100,100,0,0,2.5,0,2.5,100,0,100,100,0,70,0,262036.8643798828,117754.49993896484,0,404334895104,8589930496,66030575616,0
199,1727693517297,1548,2499,2569,1920,2567,1798,2099,2824,2043,2499,2499,2499,2499,2000,2499,2499,1934,1728,2820,2819,1990,2818,1901,2500,2100,2509,2000,2499,2500,1880,1290,2577,100,100,0,100,0,0,0,0,0,0,0,100,0,0,0,0,0,100,100,100,0,0,0,0,4.761904716491699,100,0,100,100,0,0,0,262039.65161132813,117763.97625732422,0,404334895104,8589930496,66030600192,0
199,1727693517497,1548,2499,2569,1920,2567,1798,2099,2824,2043,2499,2499,2499,2499,2000,2499,2499,1934,1728,2820,2819,1990,2818,1901,2500,2100,2509,2000,2499,2500,1880,1290,2577,100,100,0,100,0,0,0,0,0,0,0,100,0,0,0,0,0,100,100,100,0,0,0,0,0,100,0,100,100,0,0,0,262042.46350097656,117773.45458984375,0,404334895104,8589930496,66030600192,0
199,1727693517697,1548,2499,2569,1920,2567,1798,2099,2824,2043,2499,2499,2499,2499,2000,2499,2499,1934,1728,2820,2819,1990,2818,1901,2500,2100,2509,2000,2499,2500,1880,1290,2577,100,100,0,100,0,0,0,0,0,0,0,100,0,0,0,0,0,100,100,100,0,0,0,0,0,100,0,100,100,0,0,0,262045.35479736328,117782.90417480469,0,404334895104,8589930496,66030325760,0
199,1727693517897,1548,2499,2569,1920,2567,1798,2099,2824,2043,2499,2499,2499,2499,2000,2499,2499,1934,1728,2820,2819,1990,2818,1901,2500,2100,2509,2000,2499,2500,1880,1290,2577,100,100,0,100,0,0,0,0,0,0,0,100,0,0,0,0,0,100,100,100,0,0,0,0,0,100,0,100,100,0,0,0,262048.17572021484,117792.38415527344,0,404334895104,8589930496,66030383104,0
199,1727693518097,1548,2499,2569,1920,2567,1798,2099,2824,2043,2499,2499,2499,2499,2000,2499,2499,1934,1728,2820,2819,1990,2818,1901,2500,2100,2509,2000,2499,2500,1880,1290,2577,100,100,0,100,0,4.761904716491699,0,0,4.761904716491699,0,0,100,4.761904716491699,4.761904716491699,0,0,5,100,100,100,0,0,5,0,0,100,0,100,100,0,0,0,262050.9437866211,117801.87438964844,0,404334895104,8589930496,66030710784,0
199,1727693518297,1548,2499,2569,1920,2567,1798,2099,2824,2043,2499,2499,2499,2499,2000,2499,2499,1934,1728,2820,2819,1990,2818,1901,2500,2100,2509,2000,2499,2500,1880,1290,2577,100,100,0,100,0,4.761904716491699,0,0,4.761904716491699,0,0,100,4.761904716491699,4.761904716491699,0,0,5,100,100,100,0,0,5,0,0,100,0,100,100,0,0,0,262053.7462158203,117811.3510131836,0,404334895104,8589930496,66030710784,0
199,1727693518497,1548,2499,2569,1920,2567,1798,2099,2824,2043,2499,2499,2499,2499,2000,2499,2499,1934,1728,2820,2819,1990,2818,1901,2500,2100,2509,2000,2499,2500,1880,1290,2577,100,100,0,100,0,0,0,0,0,0,2.4390242099761963,100,0,0,0,0,0,100,100,100,0,0,0,0,0,100,0,100,100,0,0,0,262056.53747558594,117820.83026123047,0,404334895104,8589930496,66030858240,0
199,1727693518698,1548,2499,2569,1920,2567,1798,2099,2824,2043,2499,2499,2499,2499,2000,2499,2499,1934,1728,2820,2819,1990,2818,1901,2500,2100,2509,2000,2499,2500,1880,1290,2577,36.842105865478516,100,0,100,0,0,0,0,60.000003814697266,0,0,100,0,0,0,0,0,100,100,100,0,0,0,0,0,100,0,100,100,0,0,0,262059.34118652344,117830.31317138672,0,404334895104,8589930496,66030858240,0
199,1727693518898,1548,2499,2569,1920,2567,1798,2099,2824,2043,2499,2499,2499,2499,2000,2499,2499,1934,1728,2820,2819,1990,2818,1901,2500,2100,2509,2000,2499,2500,1880,1290,2577,0,100,4.761904716491699,100,0,0,0,0,100,0,0,100,0,0,0,0,0,100,100,100,0,0,0,0,0,100,0,100,100,0,0,0,262062.12432861328,117839.78601074219,0,404334895104,8589930496,66030858240,0
199,1727693519098,1548,2499,2569,1920,2567,1798,2099,2824,2043,2499,2499,2499,2499,2000,2499,2499,1934,1728,2820,2819,1990,2818,1901,2500,2100,2509,2000,2499,2500,1880,1290,2577,0,100,0,100,0,0,0,0,100,0,0,100,0,0,0,0,0,100,100,100,0,0,0,0,0,100,0,100,100,0,0,0,262064.95092773438,117849.20861816406,0,404334895104,8589930496,66030600192,0
199,1727693519298,1548,2499,2569,1920,2567,1798,2099,2824,2043,2499,2499,2499,2499,2000,2499,2499,1934,1728,2820,2819,1990,2818,1901,2500,2100,2509,2000,2499,2500,1880,1290,2577,0,100,0,100,0,0,0,0,100,0,0,100,0,0,0,0,0,100,100,100,0,0,0,0,0,100,0,100,100,0,0,0,262067.73400878906,117858.68328857422,0,404334895104,8589930496,66030637056,0
199,1727693519498,1548,2499,2569,1920,2567,1798,2099,2824,2043,2499,2499,2499,2499,2000,2499,2499,1934,1728,2820,2819,1990,2818,1901,2500,2100,2509,2000,2499,2500,1880,1290,2577,0,50,0,100,0,0,0,0,100,50,0,100,0,0,0,0,0,100,100,100,0,0,0,0,0,100,0,100,100,0,0,0,262070.52270507813,117868.15850830078,0,404334895104,8589930496,66030714880,0
199,1727693519698,1548,2499,2569,1920,2567,1798,2099,2824,2043,2499,2499,2499,2499,2000,2499,2499,1934,1728,2820,2819,1990,2818,1901,2500,2100,2509,2000,2499,2500,1880,1290,2577,0,0,0,100,0,0,0,0,100,100,0,100,0,0,0,0,0,100,100,100,0,0,0,0,0,100,0,100,100,0,0,0,262073.36157226563,117877.6293334961,0,404334895104,8589930496,66030862336,0
199,1727693519898,1548,2499,2569,1920,2567,1798,2099,2824,2043,2499,2499,2499,2499,2000,2499,2499,1934,1728,2820,2819,1990,2818,1901,2500,2100,2509,2000,2499,2500,1880,1290,2577,0,0,0,100,0,0,0,0,100,100,0,100,0,0,0,0,0,100,100,100,0,0,0,0,0,100,0,100,100,0,0,0,262076.19653320313,117887.10845947266,0,404334895104,8589930496,66030956544,0
199,1727693520098,1548,2499,2569,1920,2567,1798,2099,2824,2043,2499,2499,2499,2499,2000,2499,2499,1934,1728,2820,2819,1990,2818,1901,2500,2100,2509,2000,2499,2500,1880,1290,2577,0,0,0,100,0,0,0,0,100,100,0,100,0,0,4.761904716491699,0,0,100,100,100,0,0,0,0,0,100,0,100,100,0,0,0,262079.04150390625,117896.58685302734,0,404334895104,8589930496,66030956544,0
199,1727693520299,1548,2499,2569,1920,2567,1798,2099,2824,2043,2499,2499,2499,2499,2000,2499,2499,1934,1728,2820,2819,1990,2818,1901,2500,2100,2509,2000,2499,2500,1880,1290,2577,0,0,0,100,0,4.761904716491699,0,0,100,100,0,100,0,0,0,0,0,100,100,100,0,0,0,0,0,100,0,100,100,0,0,0,262081.90454101563,117906.03533935547,0,404334895104,8589930496,65995366400,0
199,1727693520499,1548,2499,2569,1920,2567,1798,2099,2824,2043,2499,2499,2499,2499,2000,2499,2499,1934,1728,2820,2819,1990,2818,1901,2500,2100,2509,2000,2499,2500,1880,1290,2577,0,0,0,100,0,4.761904716491699,0,0,100,100,0,100,0,0,0,0,0,100,100,100,0,0,0,0,0,100,0,100,100,0,0,0,262084.77618408203,117915.48852539063,0,404334895104,8589930496,66030399488,0
199,1727693520699,1548,2499,2569,1920,2567,1798,2099,2824,2043,2499,2499,2499,2499,2000,2499,2499,1934,1728,2820,2819,1990,2818,1901,2500,2100,2509,2000,2499,2500,1880,1290,2577,0,0,0,100,0,0,2.5,2.4390242099761963,100,100,2.4390242099761963,100,2.5641026496887207,0,0,0,0,100,100,100,0,2.5,0,2.4390242099761963,0,100,0,100,100,0,0,0,262087.62725830078,117925.03637695313,0,404334895104,8589930496,66030899200,0
199,1727693520899,1548,2499,2569,1920,2567,1798,2099,2824,2043,2499,2499,2499,2499,2000,2499,2499,1934,1728,2820,2819,1990,2818,1901,2500,2100,2509,2000,2499,2500,1880,1290,2577,0,0,0,100,0,0,2.5,2.4390242099761963,100,100,2.4390242099761963,100,2.5641026496887207,0,0,0,0,100,100,100,0,2.5,0,2.4390242099761963,0,100,0,100,100,0,0,0,262090.37310791016,117934.45947265625,0,404334895104,8589930496,66030923776,0
199,1727693521099,1548,2499,2569,1920,2567,1798,2099,2824,2043,2499,2499,2499,2499,2000,2499,2499,1934,1728,2820,2819,1990,2818,1901,2500,2100,2509,2000,2499,2500,1880,1290,2577,0,2.4390242099761963,0,100,0,2.4390242099761963,2.5,0,100,100,0,100,2.4390242099761963,0,0,0,2.4390242099761963,100,100,100,0,0,0,0,0,100,0,100,100,0,2.4390242099761963,0,262093.15057373047,117943.9398803711,0,404334895104,8589930496,66031198208,0
199,1727693521299,1548,2499,2569,1920,2567,1798,2099,2824,2043,2499,2499,2499,2499,2000,2499,2499,1934,1728,2820,2819,1990,2818,1901,2500,2100,2509,2000,2499,2500,1880,1290,2577,0,2.4390242099761963,0,100,0,2.4390242099761963,2.5,0,100,100,0,100,2.4390242099761963,0,0,0,2.4390242099761963,100,100,100,0,0,0,0,0,100,0,100,100,0,2.4390242099761963,0,262095.95922851563,117953.41784667969,0,404334895104,8589930496,66031202304,0
199,1727693521499,1548,2499,2569,1920,2567,1798,2099,2824,2043,2499,2499,2499,2499,2000,2499,2499,1934,1728,2820,2819,1990,2818,1901,2500,2100,2509,2000,2499,2500,1880,1290,2577,2.4390242099761963,0,0,100,0,0,0,2.4390242099761963,100,100,0,100,0,0,0,0,0,100,100,100,0,0,2.4390242099761963,0,0,100,0,100,100,0,0,0,262098.78515625,117962.89221191406,0,404334895104,8589930496,66031202304,0
199,1727693521699,1548,2499,2569,1920,2567,1798,2099,2824,2043,2499,2499,2499,2499,2000,2499,2499,1934,1728,2820,2819,1990,2818,1901,2500,2100,2509,2000,2499,2500,1880,1290,2577,0,0,4.761904716491699,100,5,0,10,15.789472579956055,100,100,5,100,15.000000953674316,5.263157844543457,4.761904716491699,4.761904716491699,0,100,100,100,5,0,15.000000953674316,19.047618865966797,4.761904716491699,100,15.789472579956055,100,100,5,0,0,262101.7391357422,117972.67504882813,0,404334895104,8589930496,66030989312,0
199,1727693521900,1548,2499,2569,1920,2567,1798,2099,2824,2043,2499,2499,2499,2499,2000,2499,2499,1934,1728,2820,2819,1990,2818,1901,2500,2100,2509,2000,2499,2500,1880,1290,2577,0,0,0,100,0,0,0,0,100,100,0,100,0,0,0,0,4.761904716491699,100,100,100,0,0,0,0,0,100,0,100,100,0,0,0,262104.57263183594,117982.2241821289,0,404334895104,8589930496,66031042560,0
199,1727693522100,1548,2499,2569,1920,2567,1798,2099,2824,2043,2499,2499,2499,2499,2000,2499,2499,1934,1728,2820,2819,1990,2818,1901,2500,2100,2509,2000,2499,2500,1880,1290,2577,0,0,0,100,0,0,0,0,100,100,0,100,0,0,0,0,4.761904716491699,100,100,100,0,0,0,0,0,100,0,100,100,0,0,0,262107.33520507813,117991.640625,0,404334895104,8589930496,66031116288,0
199,1727693522300,1548,2499,2569,1920,2567,1798,2099,2824,2043,2499,2499,2499,2499,2000,2499,2499,1934,1728,2820,2819,1990,2818,1901,2500,2100,2509,2000,2499,2500,1880,1290,2577,2.4390242099761963,0,0,100,0,0,0,0,100,100,0,100,0,0,0,0,0,100,100,100,0,0,0,0,0,100,2.4390242099761963,100,100,0,0,0,262110.11688232422,118001.1171875,0,404334895104,8589930496,66031120384,0
199,1727693522500,1548,2499,2569,1920,2567,1798,2099,2824,2043,2499,2499,2499,2499,2000,2499,2499,1934,1728,2820,2819,1990,2818,1901,2500,2100,2509,2000,2499,2500,1880,1290,2577,10.526315689086914,0,0,100,0,0,0,0,90,100,0,100,0,0,0,0,0,100,100,100,0,0,0,0,0,100,0,100,100,0,0,0,262112.88653564453,118010.58135986328,0,404334895104,8589930496,66031267840,0
199,1727693522700,1548,2499,2569,1920,2567,1798,2099,2824,2043,2499,2499,2499,2499,2000,2499,2499,1934,1728,2820,2819,1990,2818,1901,2500,2100,2509,2000,2499,2500,1880,1290,2577,100,0,0,100,0,0,0,0,0,100,0,100,0,0,0,0,0,100,100,100,4.761904716491699,0,0,0,0,100,0,100,100,0,0,0,262115.64239501953,118020.03662109375,0,404334895104,8589930496,66031267840,0
199,1727693522900,1548,2499,2569,1920,2567,1798,2099,2824,2043,2499,2499,2499,2499,2000,2499,2499,1934,1728,2820,2819,1990,2818,1901,2500,2100,2509,2000,2499,2500,1880,1290,2577,100,0,0,100,0,0,0,0,0,100,0,100,0,0,0,0,0,100,100,100,0,0,0,0,0,100,0,100,100,0,0,0,262118.42095947266,118029.494140625,0,404334895104,8589930496,66031267840,0
199,1727693523100,1548,2499,2569,1920,2567,1798,2099,2824,2043,2499,2499,2499,2499,2000,2499,2499,1934,1728,2820,2819,1990,2818,1901,2500,2100,2509,2000,2499,2500,1880,1290,2577,71.42857360839844,0,0,100,0,0,0,0,25,100,0,100,0,0,0,0,0,100,100,100,0,4.761904716491699,0,0,0,100,0,100,100,0,0,0,262121.31085205078,118038.91827392578,0,404334895104,8589930496,66031009792,0
199,1727693523300,1548,2499,2569,1920,2567,1798,2099,2824,2043,2499,2499,2499,2499,2000,2499,2499,1934,1728,2820,2819,1990,2818,1901,2500,2100,2509,2000,2499,2500,1880,1290,2577,0,0,0,100,0,0,0,0,100,100,0,100,0,0,0,0,0,100,100,100,0,0,0,0,0,100,0,100,100,0,0,0,262124.11083984375,118048.38244628906,0,404334895104,8589930496,66031046656,0
199,1727693523501,1548,2499,2569,1920,2567,1798,2099,2824,2043,2499,2499,2499,2499,2000,2499,2499,1934,1728,2820,2819,1990,2818,1901,2500,2100,2509,2000,2499,2500,1880,1290,2577,0,0,0,100,0,0,0,0,100,100,0,100,0,0,0,0,0,100,100,100,0,0,0,0,0,100,0,100,100,0,0,0,262126.88897705078,118057.85009765625,0,404334895104,8589930496,66031120384,0
199,1727693523701,1548,2499,2569,1920,2567,1798,2099,2824,2043,2499,2499,2499,2499,2000,2499,2499,1934,1728,2820,2819,1990,2818,1901,2500,2100,2509,2000,2499,2500,1880,1290,2577,0,0,0,100,0,4.761904716491699,0,0,100,100,0,100,0,0,0,0,4.761904716491699,100,100,100,0,0,0,0,0,100,0,100,100,0,0,0,262129.71099853516,118067.32806396484,0,404334895104,8589930496,66031267840,0
199,1727693523901,1548,2499,2569,1920,2567,1798,2099,2824,2043,2499,2499,2499,2499,2000,2499,2499,1934,1728,2820,2819,1990,2818,1901,2500,2100,2509,2000,2499,2500,1880,1290,2577,0,0,0,100,0,0,0,0,100,100,0,100,0,0,0,0,0,100,100,100,0,0,0,0,0,100,0,100,100,0,0,0,262132.56494140625,118076.79895019531,0,404334895104,8589930496,66031267840,0
199,1727693524101,1548,2499,2569,1920,2567,1798,2099,2824,2043,2499,2499,2499,2499,2000,2499,2499,1934,1728,2820,2819,1990,2818,1901,2500,2100,2509,2000,2499,2500,1880,1290,2577,0,0,0,100,0,0,0,0,100,100,0,100,0,0,0,0,0,100,100,100,0,0,0,0,0,100,0,100,100,0,0,0,262135.42987060547,118086.31176757813,0,404334895104,8589930496,66031267840,0
199,1727693524301,1548,2499,2569,1920,2567,1798,2099,2824,2043,2499,2499,2499,2499,2000,2499,2499,1934,1728,2820,2819,1990,2818,1901,2500,2100,2509,2000,2499,2500,1880,1290,2577,0,0,0,100,0,0,0,0,100,100,0,100,0,0,0,0,0,100,100,100,0,0,0,0,0,100,0,100,100,0,0,0,262138.32745361328,118095.76000976563,0,404334895104,8589930496,66030993408,0
199,1727693524501,1548,2499,2569,1920,2567,1798,2099,2824,2043,2499,2499,2499,2499,2000,2499,2499,1934,1728,2820,2819,1990,2818,1901,2500,2100,2509,2000,2499,2500,1880,1290,2577,0,0,0,100,0,0,4.761904716491699,0,100,100,0,100,0,0,0,0,0,100,100,100,0,0,10,0,0,100,4.761904716491699,100,100,0,0,0,262141.13153076172,118105.244140625,0,404334895104,8589930496,66030354432,0
199,1727693524701,1548,2499,2569,1920,2567,1798,2099,2824,2043,2499,2499,2499,2499,2000,2499,2499,1934,1728,2820,2819,1990,2818,1901,2500,2100,2509,2000,2499,2500,1880,1290,2577,0,0,0,100,0,0,4.761904716491699,0,100,100,0,100,0,0,0,0,0,100,100,100,0,0,10,0,0,100,4.761904716491699,100,100,0,0,0,262143.9526977539,118114.72137451172,0,404334895104,8589930496,66030690304,0
199,1727693524901,1548,2499,2569,1920,2567,1798,2099,2824,2043,2499,2499,2499,2499,2000,2499,2499,1934,1728,2820,2819,1990,2818,1901,2500,2100,2509,2000,2499,2500,1880,1290,2577,0,0,0,100,0,0,0,0,100,100,2.5,100,0,0,0,0,0,100,100,100,0,0,0,0,0,100,0,100,100,0,0,0,2.76080322265625,118124.22351074219,0,404334895104,8589930496,66030702592,0
199,1727693525101,1548,2499,2569,1920,2567,1798,2099,2824,2043,2499,2499,2499,2499,2000,2499,2499,1934,1728,2820,2819,1990,2818,1901,2500,2100,2509,2000,2499,2500,1880,1290,2577,0,0,0,100,0,0,0,0,100,100,0,100,0,0,0,0,0,100,100,100,0,0,0,0,0,100,5,100,100,0,0,0,5.60052490234375,118133.69842529297,0,404334895104,8589930496,66031255552,0
199,1727693525302,1548,2499,2569,1920,2567,1798,2099,2824,2043,2499,2499,2499,2499,2000,2499,2499,1934,1728,2820,2819,1990,2818,1901,2500,2100,2509,2000,2499,2500,1880,1290,2577,0,0,0,100,0,0,0,0,100,100,0,100,0,0,0,0,0,100,100,100,0,0,0,0,0,100,0,100,100,0,0,0,8.3831787109375,118143.17266845703,0,404334895104,8589930496,66031280128,0
199,1727693525502,1548,2499,2569,1920,2567,1798,2099,2824,2043,2499,2499,2499,2499,2000,2499,2499,1934,1728,2820,2819,1990,2818,1901,2500,2100,2509,2000,2499,2500,1880,1290,2577,0,0,0,100,0,0,0,0,100,100,0,100,0,0,0,0,0,100,100,100,0,0,0,0,0,100,0,100,100,0,0,0,11.1591796875,118152.64233398438,0,404334895104,8589930496,66031280128,0
199,1727693525702,1548,2499,2569,1920,2567,1798,2099,2824,2043,2499,2499,2499,2499,2000,2499,2499,1934,1728,2820,2819,1990,2818,1901,2500,2100,2509,2000,2499,2500,1880,1290,2577,0,0,0,100,0,0,0,0,100,100,0,100,0,0,0,0,0,100,100,100,0,0,0,0,0,100,0,100,100,0,0,0,14.0399169921875,118162.0737915039,0,404334895104,8589930496,66031022080,0
199,1727693525902,1548,2499,2569,1920,2567,1798,2099,2824,2043,2499,2499,2499,2499,2000,2499,2499,1934,1728,2820,2819,1990,2818,1901,2500,2100,2509,2000,2499,2500,1880,1290,2577,0,0,0,100,0,0,4.761904716491699,0,100,100,0,100,0,0,0,0,0,100,100,100,0,0,0,0,4.761904716491699,100,0,100,100,0,0,0,16.85113525390625,118171.52770996094,0,404334895104,8589930496,66031091712,0
199,1727693526102,1548,2499,2569,1920,2567,1798,2099,2824,2043,2499,2499,2499,2499,2000,2499,2499,1934,1728,2820,2819,1990,2818,1901,2500,2100,2509,2000,2499,2500,1880,1290,2577,0,0,0,100,0,0,0,0,100,100,0,100,0,0,0,0,0,100,100,100,0,0,0,0,0,100,0,100,100,0,0,0,19.65582275390625,118180.986328125,0,404334895104,8589930496,66031149056,0
199,1727693526302,1548,2499,2569,1920,2567,1798,2099,2824,2043,2499,2499,2499,2499,2000,2499,2499,1934,1728,2820,2819,1990,2818,1901,2500,2100,2509,2000,2499,2500,1880,1290,2577,0,0,0,100,0,0,0,0,100,100,0,100,0,0,0,0,0,100,100,100,0,0,0,0,0,100,0,100,100,0,0,0,22.46295166015625,118190.43811035156,0,404334895104,8589930496,66031296512,0
199,1727693526502,1548,2499,2569,1920,2567,1798,2099,2824,2043,2499,2499,2499,2499,2000,2499,2499,1934,1728,2820,2819,1990,2818,1901,2500,2100,2509,2000,2499,2500,1880,1290,2577,60.000003814697266,47.36842346191406,0,100,0,0,0,0,40,55,0,100,0,0,0,0,0,100,100,100,0,0,0,0,0,100,0,100,100,0,0,0,25.26470947265625,118199.89630126953,0,404334895104,8589930496,66031296512,0
199,1727693526702,1548,2499,2569,1920,2567,1798,2099,2824,2043,2499,2499,2499,2499,2000,2499,2499,1934,1728,2820,2819,1990,2818,1901,2500,2100,2509,2000,2499,2500,1880,1290,2577,100,100,0,100,5,4.761904716491699,5,0,0,0,9.523809432983398,100,0,0,0,0,15.000000953674316,100,100,100,0,0,9.523809432983398,0,9.090909004211426,100,4.761904716491699,100,100,0,5,0,28.10528564453125,118209.46417236328,0,404334895104,8589930496,66031427584,0
199,1727693526903,1548,2499,2569,1920,2567,1798,2099,2824,2043,2499,2499,2499,2499,2000,2499,2499,1934,1728,2820,2819,1990,2818,1901,2500,2100,2509,2000,2499,2500,1880,1290,2577,100,100,0,100,0,0,0,0,0,0,0,100,4.761904716491699,0,0,0,0,100,100,100,0,0,0,0,0,100,0,100,100,0,0,0,30.96173095703125,118218.9115600586,0,404334895104,8589930496,65992437760,0
199,1727693527103,1548,2499,2569,1920,2567,1798,2099,2824,2043,2499,2499,2499,2499,2000,2499,2499,1934,1728,2820,2819,1990,2818,1901,2500,2100,2509,2000,2499,2500,1880,1290,2577,100,100,0,100,0,0,0,0,0,0,0,100,4.761904716491699,0,0,0,0,100,100,100,0,0,0,0,0,100,0,100,100,0,0,0,33.79132080078125,118228.31854248047,0,404334895104,8589930496,66031210496,0
199,1727693527303,1548,2499,2569,1920,2567,1798,2099,2824,2043,2499,2499,2499,2499,2000,2499,2499,1934,1728,2820,2819,1990,2818,1901,2500,2100,2509,2000,2499,2500,1880,1290,2577,100,100,0,100,0,0,0,0,0,0,0,100,2.5,0,0,0,0,100,100,100,0,0,0,0,0,100,0,100,100,0,0,0,36.64373779296875,118237.82788085938,0,404334895104,8589930496,66031284224,0
199,1727693527503,1548,2499,2569,1920,2567,1798,2099,2824,2043,2499,2499,2499,2499,2000,2499,2499,1934,1728,2820,2819,1990,2818,1901,2500,2100,2509,2000,2499,2500,1880,1290,2577,100,100,0,100,0,0,0,0,0,0,0,100,0,0,0,0,0,100,100,100,0,0,0,0,0,100,0,100,100,0,0,0,39.43914794921875,118247.23736572266,0,404334895104,8589930496,66031284224,0
199,1727693527703,1548,2499,2569,1920,2567,1798,2099,2824,2043,2499,2499,2499,2499,2000,2499,2499,1934,1728,2820,2819,1990,2818,1901,2500,2100,2509,2000,2499,2500,1880,1290,2577,100,100,0,100,0,0,0,0,0,0,0,100,0,0,0,0,0,100,100,100,0,0,0,0,0,100,0,100,100,0,0,0,42.25201416015625,118256.71789550781,0,404334895104,8589930496,66031431680,0
199,1727693527903,1548,2499,2569,1920,2567,1798,2099,2824,2043,2499,2499,2499,2499,2000,2499,2499,1934,1728,2820,2819,1990,2818,1901,2500,2100,2509,2000,2499,2500,1880,1290,2577,100,100,0,100,0,0,0,0,0,0,0,100,4.761904716491699,0,0,0,0,100,100,100,0,0,0,0,0,100,0,100,100,0,0,0,45.0867919921875,118266.19543457031,0,404334895104,8589930496,66031431680,0
199,1727693528103,1548,2499,2569,1920,2567,1798,2099,2824,2043,2499,2499,2499,2499,2000,2499,2499,1934,1728,2820,2819,1990,2818,1901,2500,2100,2509,2000,2499,2500,1880,1290,2577,100,100,0,100,0,0,0,0,0,0,0,100,4.761904716491699,0,0,0,4.761904716491699,100,100,100,0,0,0,0,0,100,0,100,100,0,0,0,47.92401123046875,118275.67205810547,0,404334895104,8589930496,66031431680,0
199,1727693528303,1548,2499,2569,1920,2567,1798,2099,2824,2043,2499,2499,2499,2499,2000,2499,2499,1934,1728,2820,2819,1990,2818,1901,2500,2100,2509,2000,2499,2500,1880,1290,2577,100,100,0,100,0,0,0,0,0,0,0,100,0,0,0,0,4.761904716491699,100,100,100,0,0,0,0,0,100,0,100,100,0,0,0,50.86767578125,118285.11865234375,0,404334895104,8589930496,66030424064,0
199,1727693528504,1548,2499,2569,1920,2567,1798,2099,2824,2043,2499,2499,2499,2499,2000,2499,2499,1934,1728,2820,2819,1990,2818,1901,2500,2100,2509,2000,2499,2500,1880,1290,2577,100,100,0,100,0,0,0,0,0,0,4.761904716491699,100,0,0,0,0,0,100,100,100,0,0,0,0,0,100,0,100,100,0,0,0,53.72857666015625,118294.60418701172,0,404334895104,8589930496,66028544000,0
199,1727693528704,1548,2499,2569,1920,2567,1798,2099,2824,2043,2499,2499,2499,2499,2000,2499,2499,1934,1728,2820,2819,1990,2818,1901,2500,2100,2509,2000,2499,2500,1880,1290,2577,100,100,0,70,0,0,0,0,0,0,0,100,0,0,0,0,5,100,100,100,30.000001907348633,5,0,0,0,100,0,100,100,0,0,0,56.579833984375,118304.11181640625,0,404334895104,8589930496,66030125056,0
199,1727693528904,1548,2499,2569,1920,2567,1798,2099,2824,2043,2499,2499,2499,2499,2000,2499,2499,1934,1728,2820,2819,1990,2818,1901,2500,2100,2509,2000,2499,2500,1880,1290,2577,100,100,0,0,4.761904716491699,4.761904716491699,0,0,0,0,0,100,0,0,0,0,0,100,100,100,100,0,0,0,0,100,0,100,100,0,0,0,59.39141845703125,118313.58459472656,0,404334895104,8589930496,66030534656,0
199,1727693529104,1548,2499,2569,1920,2567,1798,2099,2824,2043,2499,2499,2499,2499,2000,2499,2499,1934,1728,2820,2819,1990,2818,1901,2500,2100,2509,2000,2499,2500,1880,1290,2577,100,100,0,0,0,0,0,0,0,0,0,100,0,0,0,0,0,100,100,100,100,0,0,0,0,100,0,100,100,0,0,0,62.20037841796875,118323.0521850586,0,404334895104,8589930496,66030706688,0
199,1727693529304,1548,2499,2569,1920,2567,1798,2099,2824,2043,2499,2499,2499,2499,2000,2499,2499,1934,1728,2820,2819,1990,2818,1901,2500,2100,2509,2000,2499,2500,1880,1290,2577,100,100,0,0,0,0,0,0,0,0,0,100,0,0,0,0,0,100,100,100,100,0,0,0,4.761904716491699,100,0,100,100,0,0,0,64.97906494140625,118332.5347290039,0,404334895104,8589930496,66030710784,0
199,1727693529504,1548,2499,2569,1920,2567,1798,2099,2824,2043,2499,2499,2499,2499,2000,2499,2499,1934,1728,2820,2819,1990,2818,1901,2500,2100,2509,2000,2499,2500,1880,1290,2577,100,100,0,0,0,0,0,0,0,0,0,100,0,0,0,0,0,100,100,100,100,0,0,0,0,100,0,100,100,0,0,0,67.75543212890625,118342.00677490234,0,404334895104,8589930496,65967505408,0
199,1727693529704,1548,2499,2569,1920,2567,1798,2099,2824,2043,2499,2499,2499,2499,2000,2499,2499,1934,1728,2820,2819,1990,2818,1901,2500,2100,2509,2000,2499,2500,1880,1290,2577,100,100,0,0,0,0,0,0,0,0,0,100,4.761904716491699,0,0,0,0,100,100,100,100,0,0,0,0,100,0,100,100,0,0,0,70.67242431640625,118351.43072509766,0,404334895104,8589930496,66030452736,0
199,1727693529904,1548,2499,2569,1920,2567,1798,2099,2824,2043,2499,2499,2499,2499,2000,2499,2499,1934,1728,2820,2819,1990,2818,1901,2500,2100,2509,2000,2499,2500,1880,1290,2577,100,100,0,0,0,0,0,0,0,0,0,100,4.761904716491699,0,0,0,0,100,100,100,100,0,0,0,0,100,0,100,100,0,0,0,73.49310302734375,118360.90606689453,0,404334895104,8589930496,66030563328,0
199,1727693530104,1548,2499,2569,1920,2567,1798,2099,2824,2043,2499,2499,2499,2499,2000,2499,2499,1934,1728,2820,2819,1990,2818,1901,2500,2100,2509,2000,2499,2500,1880,1290,2577,100,100,0,0,0,0,0,0,0,0,0,100,0,0,0,0,0,100,100,100,100,0,0,0,0,100,0,100,100,0,0,0,76.27215576171875,118370.34185791016,0,404334895104,8589930496,66030563328,0
199,1727693530304,1548,2499,2569,1920,2567,1798,2099,2824,2043,2499,2499,2499,2499,2000,2499,2499,1934,1728,2820,2819,1990,2818,1901,2500,2100,2509,2000,2499,2500,1880,1290,2577,100,100,0,0,0,0,0,0,0,0,0,100,0,0,0,0,0,100,100,100,100,0,0,0,0,100,0,100,100,0,0,0,79.061767578125,118379.81744384766,0,404334895104,8589930496,66030710784,0
199,1727693530505,1548,2499,2569,1920,2567,1798,2099,2824,2043,2499,2499,2499,2499,2000,2499,2499,1934,1728,2820,2819,1990,2818,1901,2500,2100,2509,2000,2499,2500,1880,1290,2577,100,100,0,0,0,0,0,0,0,0,0,100,0,0,0,0,0,100,100,100,100,0,0,0,0,100,0,100,100,0,0,0,81.85595703125,118389.29309082031,0,404334895104,8589930496,66030710784,0
199,1727693530704,1548,2499,2569,1920,2567,1798,2099,2824,2043,2499,2499,2499,2499,2000,2499,2499,1934,1728,2820,2819,1990,2818,1901,2500,2100,2509,2000,2499,2500,1880,1290,2577,100,100,0,0,0,0,0,0,0,0,0,100,0,0,0,0,0,100,100,100,100,0,0,0,0,100,0,100,100,0,0,0,84.6561279296875,118398.7719116211,0,404334895104,8589930496,66030710784,0
199,1727693530905,1548,2499,2569,1920,2567,1798,2099,2824,2043,2499,2499,2499,2499,2000,2499,2499,1934,1728,2820,2819,1990,2818,1901,2500,2100,2509,2000,2499,2500,1880,1290,2577,100,100,0,0,0,0,0,0,0,0,2.4390242099761963,100,0,0,0,0,0,100,100,100,100,0,0,0,0,100,0,100,100,0,0,0,87.51318359375,118408.24145507813,0,404334895104,8589930496,66030436352,0
199,1727693531105,1548,2499,2569,1920,2567,1798,2099,2824,2043,2499,2499,2499,2499,2000,2499,2499,1934,1728,2820,2819,1990,2818,1901,2500,2100,2509,2000,2499,2500,1880,1290,2577,100,100,0,0,0,0,0,0,0,0,0,100,0,0,0,0,0,100,100,100,100,0,0,0,0,100,0,100,100,0,0,0,90.259521484375,118417.73345947266,0,404334895104,8589930496,66030473216,0
199,1727693531305,1548,2499,2569,1920,2567,1798,2099,2824,2043,2499,2499,2499,2499,2000,2499,2499,1934,1728,2820,2819,1990,2818,1901,2500,2100,2509,2000,2499,2500,1880,1290,2577,100,100,0,0,0,0,0,0,0,0,0,100,0,0,0,0,0,100,100,100,100,0,0,0,0,100,0,100,100,0,0,0,93.02239990234375,118427.21771240234,0,404334895104,8589930496,66030546944,0
199,1727693531505,1548,2499,2569,1920,2567,1798,2099,2824,2043,2499,2499,2499,2499,2000,2499,2499,1934,1728,2820,2819,1990,2818,1901,2500,2100,2509,2000,2499,2500,1880,1290,2577,100,100,0,0,4.761904716491699,0,0,0,0,0,0,100,9.090909004211426,0,0,0,0,100,100,100,100,0,0,0,0,100,0,100,100,0,0,0,95.8170166015625,118436.70776367188,0,404334895104,8589930496,66030546944,0
199,1727693531705,1548,2499,2569,1920,2567,1798,2099,2824,2043,2499,2499,2499,2499,2000,2499,2499,1934,1728,2820,2819,1990,2818,1901,2500,2100,2509,2000,2499,2500,1880,1290,2577,100,100,0,0,0,5,9.523809432983398,0,0,0,9.523809432983398,100,0,4.761904716491699,5,0,0,100,100,100,100,0,10,0,0,100,9.523809432983398,100,100,0,0,0,98.6705322265625,118446.27172851563,0,404334895104,8589930496,66036617216,0
199,1727693531905,1548,2499,2569,1920,2567,1798,2099,2824,2043,2499,2499,2499,2499,2000,2499,2499,1934,1728,2820,2819,1990,2818,1901,2500,2100,2509,2000,2499,2500,1880,1290,2577,100,100,0,0,0,5,9.523809432983398,0,0,0,9.523809432983398,100,0,4.761904716491699,5,0,0,100,100,100,100,0,10,0,0,100,9.523809432983398,100,100,0,0,0,101.50335693359375,118456.10467529297,0,404334895104,8589930496,66031001600,0
199,1727693532105,1548,2499,2569,1920,2567,1798,2099,2824,2043,2499,2499,2499,2499,2000,2499,2499,1934,1728,2820,2819,1990,2818,1901,2500,2100,2509,2000,2499,2500,1880,1290,2577,100,100,0,4.761904716491699,4.878048419952393,2.5,2.4390242099761963,2.4390242099761963,2.4390242099761963,0,7.692307949066162,100,2.5,0,7.500000476837158,2.4390242099761963,12.195121765136719,100,100,100,100,2.4390242099761963,12.195121765136719,2.5,4.878048419952393,100,10.256410598754883,100,100,0,0,2.5,104.32421875,118465.59008789063,0,404334895104,8589930496,66031001600,0
199,1727693532305,1548,2499,2569,1920,2567,1798,2099,2824,2043,2499,2499,2499,2499,2000,2499,2499,1934,1728,2820,2819,1990,2818,1901,2500,2100,2509,2000,2499,2500,1880,1290,2577,100,100,0,0,0,0,0,0,0,0,0,100,0,0,0,0,0,100,100,100,100,5,0,0,0,100,0,100,100,0,0,0,107.21295166015625,118475.0316772461,0,404334895104,8589930496,66030034944,0
199,1727693532505,1548,2499,2569,1920,2567,1798,2099,2824,2043,2499,2499,2499,2499,2000,2499,2499,1934,1728,2820,2819,1990,2818,1901,2500,2100,2509,2000,2499,2500,1880,1290,2577,100,100,0,0,0,0,0,0,0,0,0,100,0,0,0,0,0,100,100,100,100,5,0,0,0,100,0,100,100,0,0,0,109.99566650390625,118484.47290039063,0,404334895104,8589930496,66030346240,0
199,1727693532705,1548,2499,2569,1920,2567,1798,2099,2824,2043,2499,2499,2499,2499,2000,2499,2499,1934,1728,2820,2819,1990,2818,1901,2500,2100,2509,2000,2499,2500,1880,1290,2577,30.000001907348633,100,0,28.205129623413086,0,0,0,0,70,0,0,100,0,0,0,0,0,100,100,100,70,0,0,0,0,100,0,100,100,0,0,0,112.79583740234375,118494.00494384766,0,404334895104,8589930496,66030850048,0
199,1727693532906,1548,2499,2569,1920,2567,1798,2099,2824,2043,2499,2499,2499,2499,2000,2499,2499,1934,1728,2820,2819,1990,2818,1901,2500,2100,2509,2000,2499,2500,1880,1290,2577,0,100,0,100,0,0,0,0,100,0,0,100,0,0,0,0,0,100,100,100,0,0,0,0,0,100,0,100,100,0,0,0,115.6043701171875,118503.4833984375,0,404334895104,8589930496,66030997504,0
199,1727693533106,1548,2499,2569,1920,2567,1798,2099,2824,2043,2499,2499,2499,2499,2000,2499,2499,1934,1728,2820,2819,1990,2818,1901,2500,2100,2509,2000,2499,2500,1880,1290,2577,0,100,0,100,0,0,0,0,100,0,0,100,0,0,0,0,0,100,100,100,0,0,0,0,0,100,0,100,100,0,0,0,118.36431884765625,118512.91357421875,0,404334895104,8589930496,66030997504,0
199,1727693533306,1548,2499,2569,1920,2567,1798,2099,2824,2043,2499,2499,2499,2499,2000,2499,2499,1934,1728,2820,2819,1990,2818,1901,2500,2100,2509,2000,2499,2500,1880,1290,2577,0,100,4.761904716491699,100,0,0,0,0,100,0,0,100,0,0,0,0,0,100,100,100,0,0,0,0,0,100,0,100,100,0,0,0,121.16229248046875,118522.38745117188,0,404334895104,8589930496,66030997504,0
199,1727693533506,1548,2499,2569,1920,2567,1798,2099,2824,2043,2499,2499,2499,2499,2000,2499,2499,1934,1728,2820,2819,1990,2818,1901,2500,2100,2509,2000,2499,2500,1880,1290,2577,0,100,0,100,0,0,0,0,100,0,0,100,0,0,0,0,0,100,100,100,0,0,0,0,0,100,0,100,100,0,0,0,124.05657958984375,118531.8881225586,0,404334895104,8589930496,66030723072,0
199,1727693533706,1548,2499,2569,1920,2567,1798,2099,2824,2043,2499,2499,2499,2499,2000,2499,2499,1934,1728,2820,2819,1990,2818,1901,2500,2100,2509,2000,2499,2500,1880,1290,2577,0,100,0,100,0,0,0,0,100,0,0,100,0,0,0,0,0,100,100,100,0,0,0,0,0,100,0,100,100,0,0,0,126.881591796875,118541.31463623047,0,404334895104,8589930496,66030776320,0
199,1727693533906,1548,2499,2569,1920,2567,1798,2099,2824,2043,2499,2499,2499,2499,2000,2499,2499,1934,1728,2820,2819,1990,2818,1901,2500,2100,2509,2000,2499,2500,1880,1290,2577,0,100,0,100,0,0,0,0,100,0,0,100,0,0,0,0,0,100,100,100,0,0,0,0,0,100,0,100,100,0,0,0,129.663330078125,118550.77355957031,0,404334895104,8589930496,66030854144,0
199,1727693534106,1548,2499,2569,1920,2567,1798,2099,2824,2043,2499,2499,2499,2499,2000,2499,2499,1934,1728,2820,2819,1990,2818,1901,2500,2100,2509,2000,2499,2500,1880,1290,2577,0,100,0,100,0,0,0,0,100,0,0,100,0,0,0,0,0,100,100,100,0,0,0,0,0,100,0,100,100,0,0,0,132.4664306640625,118560.2367553711,0,404334895104,8589930496,66030854144,0
199,1727693534306,1548,2499,2569,1920,2567,1798,2099,2824,2043,2499,2499,2499,2499,2000,2499,2499,1934,1728,2820,2819,1990,2818,1901,2500,2100,2509,2000,2499,2500,1880,1290,2577,0,23.809524536132813,0,100,0,0,0,0,100,80,0,100,0,0,0,0,0,100,100,100,0,0,0,0,0,100,0,100,100,0,0,0,135.23291015625,118569.70007324219,0,404334895104,8589930496,66031001600,0
199,1727693534507,1548,2499,2569,1920,2567,1798,2099,2824,2043,2499,2499,2499,2499,2000,2499,2499,1934,1728,2820,2819,1990,2818,1901,2500,2100,2509,2000,2499,2500,1880,1290,2577,0,0,0,100,0,0,0,0,100,100,0,100,0,0,0,0,0,100,100,100,0,0,0,0,0,100,0,100,100,0,0,0,138.03466796875,118579.16784667969,0,404334895104,8589930496,66031001600,0
199,1727693534707,1548,2499,2569,1920,2567,1798,2099,2824,2043,2499,2499,2499,2499,2000,2499,2499,1934,1728,2820,2819,1990,2818,1901,2500,2100,2509,2000,2499,2500,1880,1290,2577,0,0,0,100,0,0,0,0,100,100,0,100,4.761904716491699,0,0,0,0,100,100,100,0,0,0,0,0,100,0,100,100,0,0,0,140.83251953125,118588.63781738281,0,404334895104,8589930496,66031001600,0
199,1727693534907,1548,2499,2569,1920,2567,1798,2099,2824,2043,2499,2499,2499,2499,2000,2499,2499,1934,1728,2820,2819,1990,2818,1901,2500,2100,2509,2000,2499,2500,1880,1290,2577,0,0,0,100,0,0,0,0,100,100,0,100,5,0,0,0,0,100,100,100,0,0,0,0,0,100,0,100,100,0,0,0,143.72723388671875,118598.09228515625,0,404334895104,8589930496,66030727168,0
199,1727693535107,1548,2499,2569,1920,2567,1798,2099,2824,2043,2499,2499,2499,2499,2000,2499,2499,1934,1728,2820,2819,1990,2818,1901,2500,2100,2509,2000,2499,2500,1880,1290,2577,0,0,0,100,0,0,0,0,100,100,0,100,0,0,0,0,0,100,100,100,0,0,0,0,0,100,0,100,100,0,0,0,146.54107666015625,118607.57147216797,0,404334895104,8589930496,66030780416,0
199,1727693535307,1548,2499,2569,1920,2567,1798,2099,2824,2043,2499,2499,2499,2499,2000,2499,2499,1934,1728,2820,2819,1990,2818,1901,2500,2100,2509,2000,2499,2500,1880,1290,2577,0,0,0,100,0,0,0,0,100,100,0,100,4.761904716491699,0,0,0,0,100,100,100,0,0,0,0,0,100,0,100,100,0,0,0,149.37969970703125,118617.04095458984,0,404334895104,8589930496,66030854144,0
199,1727693535508,1548,2499,2569,1920,2567,1798,2099,2824,2043,2499,2499,2499,2499,2000,2499,2499,1934,1728,2820,2819,1990,2818,1901,2500,2100,2509,2000,2499,2500,1880,1290,2577,0,0,0,100,0,0,0,0,100,100,0,100,0,0,4.761904716491699,0,0,100,100,100,0,0,0,0,0,100,0,100,100,0,0,0,152.163818359375,118626.5199584961,0,404334895104,8589930496,66030854144,0
199,1727693535707,1548,2499,2569,1920,2567,1798,2099,2824,2043,2499,2499,2499,2499,2000,2499,2499,1934,1728,2820,2819,1990,2818,1901,2500,2100,2509,2000,2499,2500,1880,1290,2577,0,0,0,100,0,0,0,0,100,100,0,100,0,0,4.761904716491699,0,0,100,100,100,0,0,0,0,0,100,0,100,100,0,0,0,154.97821044921875,118635.99896240234,0,404334895104,8589930496,66031001600,0
199,1727693535908,1548,2499,2569,1920,2567,1798,2099,2824,2043,2499,2499,2499,2499,2000,2499,2499,1934,1728,2820,2819,1990,2818,1901,2500,2100,2509,2000,2499,2500,1880,1290,2577,40,0,0,100,0,0,0,0,60.000003814697266,100,0,100,0,0,0,0,0,100,100,100,0,2.4390242099761963,0,0,0,100,0,100,100,0,0,0,157.83465576171875,118645.49017333984,0,404334895104,8589930496,66028646400,0
199,1727693536108,1548,2499,2569,1920,2567,1798,2099,2824,2043,2499,2499,2499,2499,2000,2499,2499,1934,1728,2820,2819,1990,2818,1901,2500,2100,2509,2000,2499,2500,1880,1290,2577,100,0,0,100,0,5,0,0,0,100,0,100,0,0,0,0,0,100,100,100,0,0,0,0,0,100,5,100,100,0,0,0,160.63580322265625,118654.9771118164,0,404334895104,8589930496,65963606016,0
199,1727693536308,1548,2499,2569,1920,2567,1798,2099,2824,2043,2499,2499,2499,2499,2000,2499,2499,1934,1728,2820,2819,1990,2818,1901,2500,2100,2509,2000,2499,2500,1880,1290,2577,100,0,0,100,0,0,0,0,0,100,0,100,0,0,0,0,0,100,100,100,0,0,0,0,0,100,0,100,100,9.090909004211426,0,0,163.55181884765625,118664.47241210938,0,404334895104,8589930496,66030862336,0
199,1727693536508,1548,2499,2569,1920,2567,1798,2099,2824,2043,2499,2499,2499,2499,2000,2499,2499,1934,1728,2820,2819,1990,2818,1901,2500,2100,2509,2000,2499,2500,1880,1290,2577,100,0,0,100,0,0,0,0,0,100,0,100,0,0,0,0,0,100,100,100,0,0,0,0,0,100,0,100,100,9.090909004211426,0,0,166.3590087890625,118673.95501708984,0,404334895104,8589930496,66030972928,0
199,1727693536708,1548,2499,2569,1920,2567,1798,2099,2824,2043,2499,2499,2499,2499,2000,2499,2499,1934,1728,2820,2819,1990,2818,1901,2500,2100,2509,2000,2499,2500,1880,1290,2577,100,0,0,53.84615707397461,0,0,0,0,0,100,0,100,0,0,0,0,0,100,100,100,46.34146499633789,0,0,0,0,100,0,100,100,0,0,0,169.15069580078125,118683.42761230469,0,404334895104,8589930496,66030972928,0
199,1727693536908,1548,2499,2569,1920,2567,1798,2099,2824,2043,2499,2499,2499,2499,2000,2499,2499,1934,1728,2820,2819,1990,2818,1901,2500,2100,2509,2000,2499,2500,1880,1290,2577,100,0,0,0,0,0,0,0,0,100,5,100,4.761904716491699,15.000000953674316,0,0,5,100,100,100,100,4.761904716491699,9.523809432983398,5,0,100,0,100,100,0,0,0,171.96356201171875,118693.12756347656,0,404334895104,8589930496,66031263744,0
199,1727693537108,1548,2499,2569,1920,2567,1798,2099,2824,2043,2499,2499,2499,2499,2000,2499,2499,1934,1728,2820,2819,1990,2818,1901,2500,2100,2509,2000,2499,2500,1880,1290,2577,100,0,0,0,0,4.761904716491699,0,0,0,100,0,100,0,0,0,0,0,100,100,100,100,0,0,0,0,100,0,100,100,0,0,0,174.77685546875,118702.60974121094,0,404334895104,8589930496,66031263744,0
199,1727693537308,1548,2499,2569,1920,2567,1798,2099,2824,2043,2499,2499,2499,2499,2000,2499,2499,1934,1728,2820,2819,1990,2818,1901,2500,2100,2509,2000,2499,2500,1880,1290,2577,100,0,0,0,0,0,0,0,0,100,0,100,0,0,10,0,0,100,100,100,100,0,0,0,0,100,0,90.47618865966797,100,0,0,0,177.6085205078125,118712.0888671875,0,404334895104,8589930496,66031263744,0
199,1727693537509,1548,2499,2569,1920,2567,1798,2099,2824,2043,2499,2499,2499,2499,2000,2499,2499,1934,1728,2820,2819,1990,2818,1901,2500,2100,2509,2000,2499,2500,1880,1290,2577,100,0,0,0,0,0,0,0,0,100,0,100,0,0,100,0,0,100,100,100,100,0,0,0,0,100,0,0,100,0,0,0,180.5477294921875,118721.5277709961,0,404334895104,8589930496,66030989312,0
199,1727693537709,1548,2499,2569,1920,2567,1798,2099,2824,2043,2499,2499,2499,2499,2000,2499,2499,1934,1728,2820,2819,1990,2818,1901,2500,2100,2509,2000,2499,2500,1880,1290,2577,100,0,0,0,0,0,0,0,0,100,0,100,0,0,100,0,0,100,100,100,100,0,0,0,0,100,0,0,100,0,0,0,183.37945556640625,118730.94763183594,0,404334895104,8589930496,66031042560,0
199,1727693537909,1548,2499,2569,1920,2567,1798,2099,2824,2043,2499,2499,2499,2499,2000,2499,2499,1934,1728,2820,2819,1990,2818,1901,2500,2100,2509,2000,2499,2500,1880,1290,2577,100,0,0,0,0,0,0,0,0,100,0,100,0,0,100,0,0,100,100,100,100,0,0,0,0,100,0,0,100,0,0,0,186.20172119140625,118740.45977783203,0,404334895104,8589930496,66031116288,0
199,1727693538109,1548,2499,2569,1920,2567,1798,2099,2824,2043,2499,2499,2499,2499,2000,2499,2499,1934,1728,2820,2819,1990,2818,1901,2500,2100,2509,2000,2499,2500,1880,1290,2577,100,0,0,0,0,0,0,0,0,100,0,100,0,0,28.571430206298828,0,0,100,100,100,100,0,0,0,0,100,0,70,100,0,0,0,188.98370361328125,118749.9331665039,0,404334895104,8589930496,66031116288,0
199,1727693538309,1548,2499,2569,1920,2567,1798,2099,2824,2043,2499,2499,2499,2499,2000,2499,2499,1934,1728,2820,2819,1990,2818,1901,2500,2100,2509,2000,2499,2500,1880,1290,2577,100,0,0,0,0,0,0,0,0,100,0,100,0,0,0,0,0,100,100,100,100,0,0,0,0,100,4.761904716491699,100,100,0,0,0,191.7830810546875,118759.40008544922,0,404334895104,8589930496,66031263744,0
199,1727693538509,1548,2499,2569,1920,2567,1798,2099,2824,2043,2499,2499,2499,2499,2000,2499,2499,1934,1728,2820,2819,1990,2818,1901,2500,2100,2509,2000,2499,2500,1880,1290,2577,100,0,0,0,0,0,0,0,0,100,0,100,0,0,0,0,0,100,100,100,100,0,0,0,0,100,0,100,100,0,0,0,194.5677490234375,118768.87976074219,0,404334895104,8589930496,66031267840,0
199,1727693538709,1548,2499,2569,1920,2567,1798,2099,2824,2043,2499,2499,2499,2499,2000,2499,2499,1934,1728,2820,2819,1990,2818,1901,2500,2100,2509,2000,2499,2500,1880,1290,2577,100,0,0,0,0,0,0,0,0,100,0,100,0,0,0,0,0,100,100,100,100,0,0,0,0,100,0,100,100,0,0,0,197.39117431640625,118778.31433105469,0,404334895104,8589930496,66031267840,0
199,1727693538909,1548,2499,2569,1920,2567,1798,2099,2824,2043,2499,2499,2499,2499,2000,2499,2499,1934,1728,2820,2819,1990,2818,1901,2500,2100,2509,2000,2499,2500,1880,1290,2577,100,0,0,0,0,0,0,0,0,100,0,100,0,0,0,0,0,100,100,100,100,0,0,0,0,100,0,100,100,0,0,0,200.29931640625,118787.82684326172,0,404334895104,8589930496,66031009792,0
199,1727693539109,1548,2499,2569,1920,2567,1798,2099,2824,2043,2499,2499,2499,2499,2000,2499,2499,1934,1728,2820,2819,1990,2818,1901,2500,2100,2509,2000,2499,2500,1880,1290,2577,100,0,0,0,0,0,0,0,0,100,0,100,0,0,0,0,0,100,100,100,100,0,0,0,0,100,0,100,100,0,0,0,203.0853271484375,118797.2568359375,0,404334895104,8589930496,66031046656,0
199,1727693539310,1548,2499,2569,1920,2567,1798,2099,2824,2043,2499,2499,2499,2499,2000,2499,2499,1934,1728,2820,2819,1990,2818,1901,2500,2100,2509,2000,2499,2500,1880,1290,2577,42.5,0,0,0,0,0,0,0,58.974361419677734,100,0,100,0,0,0,0,0,100,100,100,100,0,0,0,0,100,0,100,100,0,0,0,205.88421630859375,118806.72583007813,0,404334895104,8589930496,66031120384,0
199,1727693539510,1548,2499,2569,1920,2567,1798,2099,2824,2043,2499,2499,2499,2499,2000,2499,2499,1934,1728,2820,2819,1990,2818,1901,2500,2100,2509,2000,2499,2500,1880,1290,2577,0,0,0,0,0,0,0,0,100,100,0,100,0,0,0,0,0,100,100,100,100,0,0,0,0,100,0,100,100,0,0,0,208.65618896484375,118816.20404052734,0,404334895104,8589930496,66031267840,0
199,1727693539710,1548,2499,2569,1920,2567,1798,2099,2824,2043,2499,2499,2499,2499,2000,2499,2499,1934,1728,2820,2819,1990,2818,1901,2500,2100,2509,2000,2499,2500,1880,1290,2577,0,0,0,0,0,0,0,0,100,100,0,100,0,0,0,0,0,100,100,100,100,0,0,0,0,100,0,100,100,0,0,0,211.476806640625,118825.67852783203,0,404334895104,8589930496,66031267840,0
199,1727693539910,1548,2499,2569,1920,2567,1798,2099,2824,2043,2499,2499,2499,2499,2000,2499,2499,1934,1728,2820,2819,1990,2818,1901,2500,2100,2509,2000,2499,2500,1880,1290,2577,0,0,0,0,0,0,0,0,100,100,0,100,0,0,0,0,0,100,100,100,100,0,0,0,0,100,5.263157844543457,100,100,4.761904716491699,0,0,214.2548828125,118835.1976928711,0,404334895104,8589930496,66030575616,0
199,1727693540110,1548,2499,2569,1920,2567,1798,2099,2824,2043,2499,2499,2499,2499,2000,2499,2499,1934,1728,2820,2819,1990,2818,1901,2500,2100,2509,2000,2499,2500,1880,1290,2577,0,0,0,0,0,0,5,0,100,100,0,100,0,0,0,0,0,100,100,100,100,5,0,0,0,100,0,100,100,0,0,0,217.11395263671875,118844.65734863281,0,404334895104,8589930496,66023657472,0
199,1727693540310,1548,2499,2569,1920,2567,1798,2099,2824,2043,2499,2499,2499,2499,2000,2499,2499,1934,1728,2820,2819,1990,2818,1901,2500,2100,2509,2000,2499,2500,1880,1290,2577,0,0,0,0,0,0,0,0,100,100,0,100,0,0,0,0,0,100,100,100,100,0,0,0,0,100,0,100,100,0,0,0,219.91644287109375,118854.13409423828,0,404334895104,8589930496,66031058944,0
199,1727693540511,1548,2499,2569,1920,2567,1798,2099,2824,2043,2499,2499,2499,2499,2000,2499,2499,1934,1728,2820,2819,1990,2818,1901,2500,2100,2509,2000,2499,2500,1880,1290,2577,0,0,0,0,0,0,0,0,100,100,0,100,0,0,0,0,0,100,100,100,100,0,0,0,0,100,0,100,100,0,0,0,222.684326171875,118863.60913085938,0,404334895104,8589930496,66031132672,0
199,1727693540711,1548,2499,2569,1920,2567,1798,2099,2824,2043,2499,2499,2499,2499,2000,2499,2499,1934,1728,2820,2819,1990,2818,1901,2500,2100,2509,2000,2499,2500,1880,1290,2577,0,0,0,0,0,0,0,0,100,100,0,100,0,0,0,0,0,100,100,100,100,0,0,0,0,100,0,100,100,0,0,0,225.429931640625,118873.09661865234,0,404334895104,8589930496,66031132672,0
199,1727693540911,1548,2499,2569,1920,2567,1798,2099,2824,2043,2499,2499,2499,2499,2000,2499,2499,1934,1728,2820,2819,1990,2818,1901,2500,2100,2509,2000,2499,2500,1880,1290,2577,0,0,0,0,0,0,0,0,100,100,2.4390242099761963,100,0,0,0,0,0,100,100,100,100,0,2.4390242099761963,0,0,100,0,100,100,0,0,0,228.21759033203125,118882.57135009766,0,404334895104,8589930496,66031284224,0
199,1727693541111,1548,2499,2569,1920,2567,1798,2099,2824,2043,2499,2499,2499,2499,2000,2499,2499,1934,1728,2820,2819,1990,2818,1901,2500,2100,2509,2000,2499,2500,1880,1290,2577,0,0,0,0,0,0,0,0,100,100,0,100,4.761904716491699,0,0,0,0,100,100,100,100,0,0,0,0,100,0,100,100,0,0,0,230.9910888671875,118892.05108642578,0,404334895104,8589930496,66031284224,0
199,1727693541311,1548,2499,2569,1920,2567,1798,2099,2824,2043,2499,2499,2499,2499,2000,2499,2499,1934,1728,2820,2819,1990,2818,1901,2500,2100,2509,2000,2499,2500,1880,1290,2577,0,0,0,0,0,0,0,0,100,100,0,100,4.761904716491699,0,0,0,0,100,100,100,100,0,0,0,0,100,0,100,100,0,0,0,233.79010009765625,118901.52838134766,0,404334895104,8589930496,66031271936,0
199,1727693541511,1548,2499,2569,1920,2567,1798,2099,2824,2043,2499,2499,2499,2499,2000,2499,2499,1934,1728,2820,2819,1990,2818,1901,2500,2100,2509,2000,2499,2500,1880,1290,2577,0,0,0,5,0,0,4.761904716491699,4.761904716491699,100,100,0,100,4.761904716491699,0,0,0,0,100,100,100,100,0,0,0,4.761904716491699,100,0,100,100,0,4.761904716491699,5,236.70013427734375,118910.99157714844,0,404334895104,8589930496,66030997504,0
199,1727693541711,1548,2499,2569,1920,2567,1798,2099,2824,2043,2499,2499,2499,2499,2000,2499,2499,1934,1728,2820,2819,1990,2818,1901,2500,2100,2509,2000,2499,2500,1880,1290,2577,0,0,0,5,0,0,4.761904716491699,4.761904716491699,100,100,0,100,4.761904716491699,0,0,0,0,100,100,100,100,0,0,0,4.761904716491699,100,0,100,100,0,4.761904716491699,5,239.54229736328125,118920.47283935547,0,404334895104,8589930496,66031050752,0
199,1727693541911,1548,2499,2569,1920,2567,1798,2099,2824,2043,2499,2499,2499,2499,2000,2499,2499,1934,1728,2820,2819,1990,2818,1901,2500,2100,2509,2000,2499,2500,1880,1290,2577,2.5,2.4390242099761963,0,0,0,12.5,2.5,2.5,100,100,5.128205299377441,100,5,2.5,0,0,2.5,73.17073059082031,100,100,100,4.878048419952393,2.5641026496887207,2.5,0,100,4.878048419952393,100,100,5.128205299377441,25.641027450561523,2.4390242099761963,242.41741943359375,118930.1743774414,0,404334895104,8589930496,66031271936,0
199,1727693542111,1548,2499,2569,1920,2567,1798,2099,2824,2043,2499,2499,2499,2499,2000,2499,2499,1934,1728,2820,2819,1990,2818,1901,2500,2100,2509,2000,2499,2500,1880,1290,2577,2.5,2.4390242099761963,0,0,0,12.5,2.5,2.5,100,100,5.128205299377441,100,5,2.5,0,0,2.5,73.17073059082031,100,100,100,4.878048419952393,2.5641026496887207,2.5,0,100,4.878048419952393,100,100,5.128205299377441,25.641027450561523,2.4390242099761963,245.21759033203125,118939.68768310547,0,404334895104,8589930496,66031271936,0
199,1727693542312,1548,2499,2569,1920,2567,1798,2099,2824,2043,2499,2499,2499,2499,2000,2499,2499,1934,1728,2820,2819,1990,2818,1901,2500,2100,2509,2000,2499,2500,1880,1290,2577,0,0,0,0,0,0,0,0,100,100,0,100,0,0,0,0,0,20,100,100,100,0,0,0,0,100,0,100,100,0,80,0,248.04559326171875,118949.17333984375,0,404334895104,8589930496,66031419392,0
199,1727693542511,1548,2499,2569,1920,2567,1798,2099,2824,2043,2499,2499,2499,2499,2000,2499,2499,1934,1728,2820,2819,1990,2818,1901,2500,2100,2509,2000,2499,2500,1880,1290,2577,0,0,0,0,0,0,0,0,100,100,0,100,0,0,0,0,0,20,100,100,100,0,0,0,0,100,0,100,100,0,80,0,250.79217529296875,118958.6167602539,0,404334895104,8589930496,66031419392,0
199,1727693542712,1548,2499,2569,1920,2567,1798,2099,2824,2043,2499,2499,2499,2499,2000,2499,2499,1934,1728,2820,2819,1990,2818,1901,2500,2100,2509,2000,2499,2500,1880,1290,2577,0,0,0,0,0,0,0,67.5,100,100,0,100,0,0,0,0,0,0,100,100,100,0,0,0,0,32.5,0,100,100,0,100,0,253.59326171875,118968.14416503906,0,404334895104,8589930496,65976811520,0
199,1727693542912,1548,2499,2569,1920,2567,1798,2099,2824,2043,2499,2499,2499,2499,2000,2499,2499,1934,1728,2820,2819,1990,2818,1901,2500,2100,2509,2000,2499,2500,1880,1290,2577,0,0,0,0,0,0,0,100,100,100,0,100,0,0,0,0,0,0,100,100,100,0,0,0,0,0,0,100,100,0,100,0,256.49102783203125,118977.6005859375,0,404334895104,8589930496,66031165440,0
199,1727693543112,1548,2499,2569,1920,2567,1798,2099,2824,2043,2499,2499,2499,2499,2000,2499,2499,1934,1728,2820,2819,1990,2818,1901,2500,2100,2509,2000,2499,2500,1880,1290,2577,0,0,0,0,0,0,0,100,100,100,0,100,0,0,0,0,0,0,100,100,100,0,0,0,0,0,0,100,100,0,100,0,259.28594970703125,118987.08361816406,0,404334895104,8589930496,66031276032,0
199,1727693543312,1548,2499,2569,1920,2567,1798,2099,2824,2043,2499,2499,2499,2499,2000,2499,2499,1934,1728,2820,2819,1990,2818,1901,2500,2100,2509,2000,2499,2500,1880,1290,2577,0,0,0,0,0,0,0,100,100,100,0,100,0,0,0,0,0,0,100,100,100,0,0,0,0,0,0,100,100,0,100,0,262.0599365234375,118996.52319335938,0,404334895104,8589930496,66031276032,0
199,1727693543512,1548,2499,2569,1920,2567,1798,2099,2824,2043,2499,2499,2499,2499,2000,2499,2499,1934,1728,2820,2819,1990,2818,1901,2500,2100,2509,2000,2499,2500,1880,1290,2577,0,0,0,0,0,0,0,100,100,100,0,100,0,4.761904716491699,0,0,0,0,100,100,100,5,0,0,0,0,0,100,100,0,100,0,264.8809814453125,119006.05749511719,0,404334895104,8589930496,66030985216,0
199,1727693543712,1548,2499,2569,1920,2567,1798,2099,2824,2043,2499,2499,2499,2499,2000,2499,2499,1934,1728,2820,2819,1990,2818,1901,2500,2100,2509,2000,2499,2500,1880,1290,2577,0,0,0,0,0,0,0,100,100,100,0,100,0,4.761904716491699,0,0,0,0,100,100,100,5,0,0,0,0,0,100,100,0,100,0,267.716796875,119015.5033569336,0,404334895104,8589930496,66030997504,0
199,1727693543912,1548,2499,2569,1920,2567,1798,2099,2824,2043,2499,2499,2499,2499,2000,2499,2499,1934,1728,2820,2819,1990,2818,1901,2500,2100,2509,2000,2499,2500,1880,1290,2577,0,0,0,0,0,0,0,100,100,100,2.5,100,0,0,0,0,4.878048419952393,0,100,100,100,0,2.4390242099761963,0,0,0,0,100,100,0,100,0,270.56512451171875,119025.04974365234,0,404334895104,8589930496,66033487872,0
199,1727693544113,1548,2499,2569,1920,2567,1798,2099,2824,2043,2499,2499,2499,2499,2000,2499,2499,1934,1728,2820,2819,1990,2818,1901,2500,2100,2509,2000,2499,2500,1880,1290,2577,0,0,0,0,0,0,0,100,100,100,0,100,0,0,0,0,0,0,100,100,100,0,0,0,0,0,0,100,100,0,100,0,273.45648193359375,119034.53051757813,0,404334895104,8589930496,66031149056,0
199,1727693544313,1548,2499,2569,1920,2567,1798,2099,2824,2043,2499,2499,2499,2499,2000,2499,2499,1934,1728,2820,2819,1990,2818,1901,2500,2100,2509,2000,2499,2500,1880,1290,2577,0,0,0,0,0,0,0,100,100,100,0,100,0,0,0,0,0,0,100,100,100,0,0,0,0,0,0,100,100,0,100,0,276.22894287109375,119043.95477294922,0,404334895104,8589930496,66031202304,0
199,1727693544513,1548,2499,2569,1920,2567,1798,2099,2824,2043,2499,2499,2499,2499,2000,2499,2499,1934,1728,2820,2819,1990,2818,1901,2500,2100,2509,2000,2499,2500,1880,1290,2577,37.5,0,0,0,2.4390242099761963,0,0,100,62.5,100,0,100,0,0,0,0,0,0,100,100,100,0,0,0,0,0,0,100,100,0,100,0,279.0438232421875,119053.43542480469,0,404334895104,8589930496,66031276032,0
199,1727693544713,1548,2499,2569,1920,2567,1798,2099,2824,2043,2499,2499,2499,2499,2000,2499,2499,1934,1728,2820,2819,1990,2818,1901,2500,2100,2509,2000,2499,2500,1880,1290,2577,100,0,0,0,0,0,0,100,0,100,0,100,0,0,0,0,0,0,100,100,100,0,0,0,0,0,0,100,100,0,100,0,281.89227294921875,119062.91693115234,0,404334895104,8589930496,66031276032,0
199,1727693544913,1548,2499,2569,1920,2567,1798,2099,2824,2043,2499,2499,2499,2499,2000,2499,2499,1934,1728,2820,2819,1990,2818,1901,2500,2100,2509,2000,2499,2500,1880,1290,2577,100,0,0,0,0,0,0,100,0,100,0,100,0,0,0,0,0,0,100,100,100,0,0,0,0,0,0,100,100,0,100,0,284.70965576171875,119072.3989868164,0,404334895104,8589930496,66031423488,0
199,1727693545113,1548,2499,2569,1920,2567,1798,2099,2824,2043,2499,2499,2499,2499,2000,2499,2499,1934,1728,2820,2819,1990,2818,1901,2500,2100,2509,2000,2499,2500,1880,1290,2577,90,0,0,0,0,0,0,100,5.263157844543457,100,0,100,0,0,0,0,0,0,100,100,100,0,0,0,0,0,0,100,100,0,100,0,287.5391845703125,119081.8837890625,0,404334895104,8589930496,66031423488,0
199,1727693545313,1548,2499,2569,1920,2567,1798,2099,2824,2043,2499,2499,2499,2499,2000,2499,2499,1934,1728,2820,2819,1990,2818,1901,2500,2100,2509,2000,2499,2500,1880,1290,2577,0,60.000003814697266,0,0,0,0,0,100,100,38.095237731933594,0,100,0,0,0,0,0,0,100,100,100,0,0,0,0,0,0,100,100,0,100,0,290.3636474609375,119091.31726074219,0,404334895104,8589930496,66031427584,0
199,1727693545514,1548,2499,2569,1920,2567,1798,2099,2824,2043,2499,2499,2499,2499,2000,2499,2499,1934,1728,2820,2819,1990,2818,1901,2500,2100,2509,2000,2499,2500,1880,1290,2577,0,100,0,0,0,0,0,100,100,0,0,100,0,0,0,0,0,0,100,100,100,0,0,0,0,0,0,100,100,4.761904716491699,100,0,293.28692626953125,119100.85778808594,0,404334895104,8589930496,66031169536,0
199,1727693545714,1548,2499,2569,1920,2567,1798,2099,2824,2043,2499,2499,2499,2499,2000,2499,2499,1934,1728,2820,2819,1990,2818,1901,2500,2100,2509,2000,2499,2500,1880,1290,2577,0,100,0,0,0,0,0,100,100,0,0,100,0,0,0,0,0,0,100,100,100,0,0,0,0,0,0,100,100,4.761904716491699,100,0,296.10882568359375,119110.29064941406,0,404334895104,8589930496,66031206400,0
199,1727693545914,1548,2499,2569,1920,2567,1798,2099,2824,2043,2499,2499,2499,2499,2000,2499,2499,1934,1728,2820,2819,1990,2818,1901,2500,2100,2509,2000,2499,2500,1880,1290,2577,0,100,0,0,0,0,0,100,100,0,0,100,0,0,0,0,0,0,100,100,100,0,2.5,0,0,0,0,100,100,0,100,0,298.91650390625,119119.77337646484,0,404334895104,8589930496,66031280128,0
199,1727693546114,1548,2499,2569,1920,2567,1798,2099,2824,2043,2499,2499,2499,2499,2000,2499,2499,1934,1728,2820,2819,1990,2818,1901,2500,2100,2509,2000,2499,2500,1880,1290,2577,0,100,0,0,0,0,0,100,100,0,0,100,0,0,0,0,0,0,100,100,100,0,0,0,0,0,0,100,100,0,100,0,301.74432373046875,119129.25372314453,0,404334895104,8589930496,66031427584,0
199,1727693546314,1548,2499,2569,1920,2567,1798,2099,2824,2043,2499,2499,2499,2499,2000,2499,2499,1934,1728,2820,2819,1990,2818,1901,2500,2100,2509,2000,2499,2500,1880,1290,2577,0,100,0,0,0,0,0,100,100,0,0,100,0,0,0,0,0,0,100,100,100,0,0,0,0,0,0,100,100,0,100,0,304.5230712890625,119138.73999023438,0,404334895104,8589930496,66031415296,0
199,1727693546514,1548,2499,2569,1920,2567,1798,2099,2824,2043,2499,2499,2499,2499,2000,2499,2499,1934,1728,2820,2819,1990,2818,1901,2500,2100,2509,2000,2499,2500,1880,1290,2577,0,100,0,0,0,0,0,100,100,0,0,100,0,0,0,0,0,0,100,100,100,0,0,0,0,0,0,100,100,0,100,0,307.29248046875,119148.2255859375,0,404334895104,8589930496,66031415296,0
199,1727693546714,1548,2499,2569,1920,2567,1798,2099,2824,2043,2499,2499,2499,2499,2000,2499,2499,1934,1728,2820,2819,1990,2818,1901,2500,2100,2509,2000,2499,2500,1880,1290,2577,0,100,0,0,0,0,0,100,100,0,0,100,0,0,0,0,0,0,100,100,100,0,0,0,0,0,0,100,100,0,100,0,310.1229248046875,119157.6724243164,0,404334895104,8589930496,66031140864,0
199,1727693546914,1548,2499,2569,1920,2567,1798,2099,2824,2043,2499,2499,2499,2499,2000,2499,2499,1934,1728,2820,2819,1990,2818,1901,2500,2100,2509,2000,2499,2500,1880,1290,2577,0,100,0,0,0,0,0,100,100,0,0,100,0,0,0,0,0,0,100,100,100,0,0,0,0,0,0,100,100,0,100,0,312.89215087890625,119167.26593017578,0,404334895104,8589930496,66031214592,0
199,1727693547114,1548,2499,2569,1920,2567,1798,2099,2824,2043,2499,2499,2499,2499,2000,2499,2499,1934,1728,2820,2819,1990,2818,1901,2500,2100,2509,2000,2499,2500,1880,1290,2577,0,100,0,0,2.5,0,2.5,100,100,2.5,5,100,2.4390242099761963,2.5,7.500000476837158,2.4390242099761963,0,0,100,100,100,0,2.5,0,2.5,0,0,100,100,0,100,0,315.6702880859375,119176.8032836914,0,404334895104,8589930496,66031288320,0
199,1727693547315,1548,2499,2569,1920,2567,1798,2099,2824,2043,2499,2499,2499,2499,2000,2499,2499,1934,1728,2820,2819,1990,2818,1901,2500,2100,2509,2000,2499,2500,1880,1290,2577,0,100,0,0,0,0,0,100,100,0,0,100,0,0,0,0,0,0,100,100,100,0,0,0,0,0,0,100,100,0,100,0,318.45330810546875,119186.28686523438,0,404334895104,8589930496,66031288320,0
199,1727693547515,1548,2499,2569,1920,2567,1798,2099,2824,2043,2499,2499,2499,2499,2000,2499,2499,1934,1728,2820,2819,1990,2818,1901,2500,2100,2509,2000,2499,2500,1880,1290,2577,0,0,0,0,0,0,0,100,100,100,0,100,0,0,0,0,0,0,100,100,100,0,0,0,0,0,0,100,100,0,100,0,321.2210693359375,119195.77337646484,0,404334895104,8589930496,66029076480,0
199,1727693547714,1548,2499,2569,1920,2567,1798,2099,2824,2043,2499,2499,2499,2499,2000,2499,2499,1934,1728,2820,2819,1990,2818,1901,2500,2100,2509,2000,2499,2500,1880,1290,2577,0,0,0,0,0,0,0,100,100,100,0,100,0,0,0,0,0,0,100,100,100,0,0,0,0,0,0,100,100,0,100,0,323.978759765625,119205.21752929688,0,404334895104,8589930496,66030735360,0
199,1727693547915,1548,2499,2569,1920,2567,1798,2099,2824,2043,2499,2499,2499,2499,2000,2499,2499,1934,1728,2820,2819,1990,2818,1901,2500,2100,2509,2000,2499,2500,1880,1290,2577,0,0,0,0,0,0,0,100,100,100,4.878048419952393,100,2.5,0,0,0,0,0,100,100,100,5,0,0,0,0,0,100,100,0,100,0,326.796142578125,119214.76684570313,0,404334895104,8589930496,66031009792,0
199,1727693548115,1548,2499,2569,1920,2567,1798,2099,2824,2043,2499,2499,2499,2499,2000,2499,2499,1934,1728,2820,2819,1990,2818,1901,2500,2100,2509,2000,2499,2500,1880,1290,2577,0,0,0,0,0,0,0,100,100,100,0,100,4.761904716491699,0,0,0,0,0,100,100,100,0,0,0,0,0,0,100,100,0,100,0,329.64599609375,119224.20202636719,0,404334895104,8589930496,66030735360,0
199,1727693548315,1548,2499,2569,1920,2567,1798,2099,2824,2043,2499,2499,2499,2499,2000,2499,2499,1934,1728,2820,2819,1990,2818,1901,2500,2100,2509,2000,2499,2500,1880,1290,2577,0,0,0,0,0,0,0,100,100,100,0,100,0,0,0,0,0,0,100,100,100,0,0,0,0,0,0,100,100,0,100,0,332.4637451171875,119233.70654296875,0,404334895104,8589930496,66031190016,0
199,1727693548515,1548,2499,2569,1920,2567,1798,2099,2824,2043,2499,2499,2499,2499,2000,2499,2499,1934,1728,2820,2819,1990,2818,1901,2500,2100,2509,2000,2499,2500,1880,1290,2577,0,0,4.761904716491699,0,0,0,0,100,100,100,0,100,0,0,0,0,0,0,100,100,100,0,0,0,0,0,0,100,100,0,100,0,335.2537841796875,119243.19561767578,0,404334895104,8589930496,66031288320,0
199,1727693548715,1548,2499,2569,1920,2567,1798,2099,2824,2043,2499,2499,2499,2499,2000,2499,2499,1934,1728,2820,2819,1990,2818,1901,2500,2100,2509,2000,2499,2500,1880,1290,2577,0,0,0,0,0,0,0,100,100,100,0,100,4.761904716491699,0,0,0,0,0,100,100,100,0,0,0,0,0,0,100,100,0,100,0,338.04168701171875,119252.68518066406,0,404334895104,8589930496,66031288320,0
199,1727693548915,1548,2499,2569,1920,2567,1798,2099,2824,2043,2499,2499,2499,2499,2000,2499,2499,1934,1728,2820,2819,1990,2818,1901,2500,2100,2509,2000,2499,2500,1880,1290,2577,0,0,0,0,0,0,0,100,100,100,0,100,0,0,0,0,0,25,100,100,100,0,0,0,0,0,0,100,100,0,76.19047546386719,0,340.80108642578125,119262.169921875,0,404334895104,8589930496,66031435776,0
199,1727693549116,1548,2499,2569,1920,2567,1798,2099,2824,2043,2499,2499,2499,2499,2000,2499,2499,1934,1728,2820,2819,1990,2818,1901,2500,2100,2509,2000,2499,2500,1880,1290,2577,0,0,0,0,0,0,0,100,100,100,0,100,0,0,0,0,0,100,100,100,100,0,0,0,0,0,0,100,100,4.761904716491699,0,0,343.5406494140625,119271.61053466797,0,404334895104,8589930496,66031435776,0
199,1727693549316,1548,2499,2569,1920,2567,1798,2099,2824,2043,2499,2499,2499,2499,2000,2499,2499,1934,1728,2820,2819,1990,2818,1901,2500,2100,2509,2000,2499,2500,1880,1290,2577,0,0,0,0,0,0,0,100,100,100,0,100,0,0,0,0,0,100,100,100,100,0,0,0,0,0,0,100,100,0,0,0,346.3380126953125,119281.13403320313,0,404334895104,8589930496,65977274368,0
199,1727693549516,1548,2499,2569,1920,2567,1798,2099,2824,2043,2499,2499,2499,2499,2000,2499,2499,1934,1728,2820,2819,1990,2818,1901,2500,2100,2509,2000,2499,2500,1880,1290,2577,0,0,0,0,0,0,0,100,100,100,0,100,0,0,0,0,0,100,100,100,100,0,0,0,0,0,0,100,100,0,0,0,349.1712646484375,119290.61755371094,0,404334895104,8589930496,66031177728,0
199,1727693549716,1548,2499,2569,1920,2567,1798,2099,2824,2043,2499,2499,2499,2499,2000,2499,2499,1934,1728,2820,2819,1990,2818,1901,2500,2100,2509,2000,2499,2500,1880,1290,2577,0,0,0,0,0,0,0,100,100,100,0,100,0,0,0,0,0,100,100,100,100,0,0,0,0,0,0,100,100,0,0,0,351.899658203125,119300.06286621094,0,404334895104,8589930496,66031288320,0
199,1727693549916,1548,2499,2569,1920,2567,1798,2099,2824,2043,2499,2499,2499,2499,2000,2499,2499,1934,1728,2820,2819,1990,2818,1901,2500,2100,2509,2000,2499,2500,1880,1290,2577,0,0,0,0,0,0,0,100,100,100,0,100,0,0,0,0,0,100,100,100,100,0,0,0,0,0,0,100,100,0,0,0,354.64556884765625,119309.55639648438,0,404334895104,8589930496,66031259648,0
199,1727693550116,1548,2499,2569,1920,2567,1798,2099,2824,2043,2499,2499,2499,2499,2000,2499,2499,1934,1728,2820,2819,1990,2818,1901,2500,2100,2509,2000,2499,2500,1880,1290,2577,0,0,0,0,0,0,0,100,100,100,0,100,0,0,0,0,0,100,100,100,100,0,0,0,0,0,0,100,100,0,0,0,357.39190673828125,119319.04602050781,0,404334895104,8589930496,66031407104,0
199,1727693550316,1548,2499,2569,1920,2567,1798,2099,2824,2043,2499,2499,2499,2499,2000,2499,2499,1934,1728,2820,2819,1990,2818,1901,2500,2100,2509,2000,2499,2500,1880,1290,2577,0,0,0,0,0,0,0,100,100,100,0,100,0,0,0,0,0,100,100,100,100,0,0,0,0,0,0,100,100,0,0,0,360.15899658203125,119328.54064941406,0,404334895104,8589930496,66031407104,0
199,1727693550517,1548,2499,2569,1920,2567,1798,2099,2824,2043,2499,2499,2499,2499,2000,2499,2499,1934,1728,2820,2819,1990,2818,1901,2500,2100,2509,2000,2499,2500,1880,1290,2577,0,0,0,0,0,0,5,100,100,100,5,100,0,5,0,0,0,100,100,100,100,0,0,0,0,0,0,100,100,5,0,0,362.9210205078125,119338.09777832031,0,404334895104,8589930496,66031726592,0
199,1727693550717,1548,2499,2569,1920,2567,1798,2099,2824,2043,2499,2499,2499,2499,2000,2499,2499,1934,1728,2820,2819,1990,2818,1901,2500,2100,2509,2000,2499,2500,1880,1290,2577,0,0,0,0,0,0,5,100,100,100,5,100,0,5,0,0,0,100,100,100,100,0,0,0,0,0,0,100,100,5,0,0,365.76275634765625,119347.52337646484,0,404334895104,8589930496,66031452160,0
199,1727693550917,1548,2499,2569,1920,2567,1798,2099,2824,2043,2499,2499,2499,2499,2000,2499,2499,1934,1728,2820,2819,1990,2818,1901,2500,2100,2509,2000,2499,2500,1880,1290,2577,0,0,0,0,0,0,0,100,100,100,0,100,0,0,0,0,0,100,100,100,100,0,0,0,0,0,0,100,100,0,0,0,368.54779052734375,119357.013671875,0,404334895104,8589930496,66031505408,0
199,1727693551117,1548,2499,2569,1920,2567,1798,2099,2824,2043,2499,2499,2499,2499,2000,2499,2499,1934,1728,2820,2819,1990,2818,1901,2500,2100,2509,2000,2499,2500,1880,1290,2577,0,0,0,0,0,0,0,100,100,100,0,100,0,0,0,0,0,100,100,100,100,0,0,0,0,0,0,100,100,0,0,0,371.3138427734375,119366.4965209961,0,404334895104,8589930496,66031579136,0
199,1727693551317,1548,2499,2569,1920,2567,1798,2099,2824,2043,2499,2499,2499,2499,2000,2499,2499,1934,1728,2820,2819,1990,2818,1901,2500,2100,2509,2000,2499,2500,1880,1290,2577,0,0,0,0,4.761904716491699,0,0,100,100,100,0,100,0,0,0,0,5,100,100,100,100,0,0,0,0,0,0,100,100,0,0,0,374.0810546875,119375.9790649414,0,404334895104,8589930496,66031575040,0
199,1727693551517,1548,2499,2569,1920,2567,1798,2099,2824,2043,2499,2499,2499,2499,2000,2499,2499,1934,1728,2820,2819,1990,2818,1901,2500,2100,2509,2000,2499,2500,1880,1290,2577,0,0,0,0,4.761904716491699,0,0,100,100,100,0,100,0,0,0,0,5,100,100,100,100,0,0,0,0,0,0,100,100,0,0,0,376.82073974609375,119385.4619140625,0,404334895104,8589930496,66031722496,0
199,1727693551717,1548,2499,2569,1920,2567,1798,2099,2824,2043,2499,2499,2499,2499,2000,2499,2499,1934,1728,2820,2819,1990,2818,1901,2500,2100,2509,2000,2499,2500,1880,1290,2577,0,0,0,0,0,2.4390242099761963,0,100,100,100,0,100,0,2.4390242099761963,0,0,0,100,100,100,100,0,0,0,0,0,0,100,100,0,2.5,0,379.56622314453125,119394.95672607422,0,404334895104,8589930496,66029367296,0
199,1727693551917,1548,2499,2569,1920,2567,1798,2099,2824,2043,2499,2499,2499,2499,2000,2499,2499,1934,1728,2820,2819,1990,2818,1901,2500,2100,2509,2000,2499,2500,1880,1290,2577,0,0,0,0,0,2.4390242099761963,0,100,100,100,0,100,0,2.4390242099761963,0,0,0,100,100,100,100,0,0,0,0,0,0,100,100,0,2.5,0,382.35455322265625,119404.53942871094,0,404334895104,8589930496,66041868288,0
199,1727693552118,1548,2499,2569,1920,2567,1798,2099,2824,2043,2499,2499,2499,2499,2000,2499,2499,1934,1728,2820,2819,1990,2818,1901,2500,2100,2509,2000,2499,2500,1880,1290,2577,2.4390242099761963,56.41025924682617,0,2.5641026496887207,2.5641026496887207,2.5641026496887207,2.5641026496887207,100,100,45,5.128205299377441,100,5,5,7.500000476837158,0,0,55,100,100,100,2.5,0,2.4390242099761963,5,0,2.5,100,100,0,43.589744567871094,7.692307949066162,385.25445556640625,119414.2275390625,0,404334895104,8589930496,66031083520,0
199,1727693552318,1548,2499,2569,1920,2567,1798,2099,2824,2043,2499,2499,2499,2499,2000,2499,2499,1934,1728,2820,2819,1990,2818,1901,2500,2100,2509,2000,2499,2500,1880,1290,2577,2.4390242099761963,56.41025924682617,0,2.5641026496887207,2.5641026496887207,2.5641026496887207,2.5641026496887207,100,100,45,5.128205299377441,100,5,5,7.500000476837158,0,0,55,100,100,100,2.5,0,2.4390242099761963,5,0,2.5,100,100,0,43.589744567871094,7.692307949066162,388.00042724609375,119423.6714477539,0,404334895104,8589930496,66031529984,0
199,1727693552518,1548,2499,2569,1920,2567,1798,2099,2824,2043,2499,2499,2499,2499,2000,2499,2499,1934,1728,2820,2819,1990,2818,1901,2500,2100,2509,2000,2499,2500,1880,1290,2577,0,97.56097412109375,0,0,0,2.4390242099761963,0,100,100,0,0,100,0,0,53.84615707397461,0,0,0,100,100,100,0,0,0,0,0,0,46.153846740722656,100,0,100,0,390.78729248046875,119433.16339111328,0,404334895104,8589930496,66031632384,0
199,1727693552718,1548,2499,2569,1920,2567,1798,2099,2824,2043,2499,2499,2499,2499,2000,2499,2499,1934,1728,2820,2819,1990,2818,1901,2500,2100,2509,2000,2499,2500,1880,1290,2577,0,100,0,0,0,0,0,100,100,0,0,100,0,0,100,0,0,0,100,100,100,0,0,0,0,0,4.761904716491699,0,100,0,100,0,393.53765869140625,119442.658203125,0,404334895104,8589930496,66031779840,0
199,1727693552918,1548,2499,2569,1920,2567,1798,2099,2824,2043,2499,2499,2499,2499,2000,2499,2499,1934,1728,2820,2819,1990,2818,1901,2500,2100,2509,2000,2499,2500,1880,1290,2577,0,100,0,0,0,0,0,100,100,0,0,100,0,0,100,0,0,0,100,100,100,0,4.761904716491699,0,0,0,0,0,100,0,100,0,396.26409912109375,119452.14196777344,0,404334895104,8589930496,66031779840,0
199,1727693553118,1548,2499,2569,1920,2567,1798,2099,2824,2043,2499,2499,2499,2499,2000,2499,2499,1934,1728,2820,2819,1990,2818,1901,2500,2100,2509,2000,2499,2500,1880,1290,2577,0,100,0,0,0,0,0,100,100,0,0,100,0,0,100,0,0,0,100,100,100,0,0,0,0,0,0,0,100,0,100,0,399.0107421875,119461.62915039063,0,404334895104,8589930496,66031779840,0
199,1727693553318,1548,2499,2569,1920,2567,1798,2099,2824,2043,2499,2499,2499,2499,2000,2499,2499,1934,1728,2820,2819,1990,2818,1901,2500,2100,2509,2000,2499,2500,1880,1290,2577,0,100,0,0,0,0,0,100,100,0,0,100,0,0,100,0,0,0,100,100,100,0,0,0,0,0,0,0,100,0,100,0,401.8453369140625,119471.11840820313,0,404334895104,8589930496,66031505408,0
199,1727693553518,1548,2499,2569,1920,2567,1798,2099,2824,2043,2499,2499,2499,2499,2000,2499,2499,1934,1728,2820,2819,1990,2818,1901,2500,2100,2509,2000,2499,2500,1880,1290,2577,0,100,0,0,0,0,0,100,100,0,0,100,0,0,100,0,0,0,100,100,100,0,0,0,0,0,0,0,100,0,100,0,404.59259033203125,119480.60760498047,0,404334895104,8589930496,66031558656,0
199,1727693553718,1548,2499,2569,1920,2567,1798,2099,2824,2043,2499,2499,2499,2499,2000,2499,2499,1934,1728,2820,2819,1990,2818,1901,2500,2100,2509,2000,2499,2500,1880,1290,2577,0,100,0,0,0,0,0,100,100,0,0,100,0,0,100,0,4.761904716491699,0,100,100,100,0,0,0,0,0,0,0,100,0,100,0,407.3448486328125,119490.04431152344,0,404334895104,8589930496,66031632384,0
199,1727693553919,1548,2499,2569,1920,2567,1798,2099,2824,2043,2499,2499,2499,2499,2000,2499,2499,1934,1728,2820,2819,1990,2818,1901,2500,2100,2509,2000,2499,2500,1880,1290,2577,0,100,0,0,0,0,0,100,100,0,0,100,0,0,100,0,0,0,100,100,100,0,0,0,0,0,0,0,100,0,100,0,410.10931396484375,119499.58563232422,0,404334895104,8589930496,66031632384,0
199,1727693554119,1548,2499,2569,1920,2567,1798,2099,2824,2043,2499,2499,2499,2499,2000,2499,2499,1934,1728,2820,2819,1990,2818,1901,2500,2100,2509,2000,2499,2500,1880,1290,2577,0,100,0,0,0,0,0,100,100,0,0,100,0,0,40,0,0,0,100,100,100,0,4.761904716491699,0,0,0,0,63.15789031982422,100,0,100,0,412.88140869140625,119509.03485107422,0,404334895104,8589930496,66031779840,0
199,1727693554319,1548,2499,2569,1920,2567,1798,2099,2824,2043,2499,2499,2499,2499,2000,2499,2499,1934,1728,2820,2819,1990,2818,1901,2500,2100,2509,2000,2499,2500,1880,1290,2577,0,50,0,0,0,0,0,100,100,52.6315803527832,0,100,4.761904716491699,0,0,0,0,0,100,100,100,0,0,0,0,0,0,100,100,0,100,0,415.66131591796875,119518.51763916016,0,404334895104,8589930496,66031779840,0
199,1727693554519,1548,2499,2569,1920,2567,1798,2099,2824,2043,2499,2499,2499,2499,2000,2499,2499,1934,1728,2820,2819,1990,2818,1901,2500,2100,2509,2000,2499,2500,1880,1290,2577,0,0,0,0,0,0,0,100,100,100,0,100,4.761904716491699,0,0,4.761904716491699,0,0,100,100,100,0,0,0,0,0,0,100,100,0,100,0,418.4229736328125,119527.99951171875,0,404334895104,8589930496,66031783936,0
199,1727693554719,1548,2499,2569,1920,2567,1798,2099,2824,2043,2499,2499,2499,2499,2000,2499,2499,1934,1728,2820,2819,1990,2818,1901,2500,2100,2509,2000,2499,2500,1880,1290,2577,0,0,0,0,0,0,0,100,100,100,0,100,0,0,0,0,0,0,100,100,100,0,0,0,0,0,0,100,100,0,100,0,421.271240234375,119537.46472167969,0,404334895104,8589930496,66031525888,0
199,1727693554919,1548,2499,2569,1920,2567,1798,2099,2824,2043,2499,2499,2499,2499,2000,2499,2499,1934,1728,2820,2819,1990,2818,1901,2500,2100,2509,2000,2499,2500,1880,1290,2577,0,0,0,0,0,0,0,100,100,100,0,100,0,0,0,0,0,0,100,100,100,0,0,0,0,0,0,100,100,0,100,0,424.01544189453125,119546.94567871094,0,404334895104,8589930496,66031562752,0
199,1727693555119,1548,2499,2569,1920,2567,1798,2099,2824,2043,2499,2499,2499,2499,2000,2499,2499,1934,1728,2820,2819,1990,2818,1901,2500,2100,2509,2000,2499,2500,1880,1290,2577,0,0,0,0,0,0,0,100,100,100,0,100,4.761904716491699,0,0,0,0,0,100,100,100,0,0,0,0,0,0,100,100,0,100,0,426.73565673828125,119556.42474365234,0,404334895104,8589930496,66031636480,0
199,1727693555319,1548,2499,2569,1920,2567,1798,2099,2824,2043,2499,2499,2499,2499,2000,2499,2499,1934,1728,2820,2819,1990,2818,1901,2500,2100,2509,2000,2499,2500,1880,1290,2577,0,0,0,0,0,0,0,100,100,100,4.761904716491699,100,0,0,0,0,4.761904716491699,0,100,100,100,0,0,0,0,0,0,100,100,0,100,0,429.4554443359375,119565.9067993164,0,404334895104,8589930496,66031783936,0
199,1727693555520,1548,2499,2569,1920,2567,1798,2099,2824,2043,2499,2499,2499,2499,2000,2499,2499,1934,1728,2820,2819,1990,2818,1901,2500,2100,2509,2000,2499,2500,1880,1290,2577,0,0,0,0,0,0,0,100,100,100,0,100,4.761904716491699,0,0,0,0,0,100,100,100,0,0,0,0,0,0,100,100,0,100,0,432.179931640625,119575.39685058594,0,404334895104,8589930496,66031783936,0
199,1727693555720,1548,2499,2569,1920,2567,1798,2099,2824,2043,2499,2499,2499,2499,2000,2499,2499,1934,1728,2820,2819,1990,2818,1901,2500,2100,2509,2000,2499,2500,1880,1290,2577,0,0,0,0,0,0,0,100,100,100,0,100,4.761904716491699,0,0,0,0,0,100,100,100,0,0,0,0,0,0,100,100,0,100,0,434.9119873046875,119584.88330078125,0,404334895104,8589930496,66031783936,0
199,1727693555920,1548,2499,2569,1920,2567,1798,2099,2824,2043,2499,2499,2499,2499,2000,2499,2499,1934,1728,2820,2819,1990,2818,1901,2500,2100,2509,2000,2499,2500,1880,1290,2577,0,0,0,0,0,0,0,100,100,100,0,100,0,0,0,0,0,0,100,100,100,4.878048419952393,4.878048419952393,0,0,0,0,100,100,0,100,0,437.74566650390625,119594.36993408203,0,404334895104,8589930496,65994358784,0
199,1727693556120,1548,2499,2569,1920,2567,1798,2099,2824,2043,2499,2499,2499,2499,2000,2499,2499,1934,1728,2820,2819,1990,2818,1901,2500,2100,2509,2000,2499,2500,1880,1290,2577,0,0,0,0,0,0,0,100,100,100,0,100,0,0,0,0,0,0,100,100,100,4.878048419952393,4.878048419952393,0,0,0,0,100,100,0,100,0,440.57635498046875,119603.87194824219,0,404334895104,8589930496,66031104000,0
199,1727693556320,1548,2499,2569,1920,2567,1798,2099,2824,2043,2499,2499,2499,2499,2000,2499,2499,1934,1728,2820,2819,1990,2818,1901,2500,2100,2509,2000,2499,2500,1880,1290,2577,0,0,0,0,0,0,0,100,100,100,0,100,0,0,0,0,5,0,100,100,100,0,0,0,2.4390242099761963,0,0,100,100,0,100,0,443.355224609375,119613.3226928711,0,404334895104,8589930496,66031583232,0
199,1727693556520,1548,2499,2569,1920,2567,1798,2099,2824,2043,2499,2499,2499,2499,2000,2499,2499,1934,1728,2820,2819,1990,2818,1901,2500,2100,2509,2000,2499,2500,1880,1290,2577,0,0,0,0,0,0,0,100,100,100,0,100,0,0,0,0,0,0,100,100,100,0,0,0,0,0,0,100,100,0,100,0,446.18548583984375,119622.86486816406,0,404334895104,8589930496,66031591424,0
199,1727693556720,1548,2499,2569,1920,2567,1798,2099,2824,2043,2499,2499,2499,2499,2000,2499,2499,1934,1728,2820,2819,1990,2818,1901,2500,2100,2509,2000,2499,2500,1880,1290,2577,0,0,0,0,0,0,0,100,100,100,0,100,0,0,0,0,0,0,100,100,100,0,0,0,0,0,0,100,100,0,100,0,448.96417236328125,119632.30157470703,0,404334895104,8589930496,66031742976,0
199,1727693556920,1548,2499,2569,1920,2567,1798,2099,2824,2043,2499,2499,2499,2499,2000,2499,2499,1934,1728,2820,2819,1990,2818,1901,2500,2100,2509,2000,2499,2500,1880,1290,2577,0,0,0,0,0,0,0,100,100,100,0,100,0,0,0,0,0,0,100,100,100,0,0,0,0,0,0,100,100,0,100,0,451.75567626953125,119641.79400634766,0,404334895104,8589930496,66031742976,0
199,1727693557120,1548,2499,2569,1920,2567,1798,2099,2824,2043,2499,2499,2499,2499,2000,2499,2499,1934,1728,2820,2819,1990,2818,1901,2500,2100,2509,2000,2499,2500,1880,1290,2577,0,0,0,9.523809432983398,0,0,10,100,100,100,0,100,4.761904716491699,19.047618865966797,0,0,0,0,100,100,100,0,0,0,10,0,0,100,100,0,100,0,454.60577392578125,119651.49786376953,0,404334895104,8589930496,66031800320,0
199,1727693557320,1548,2499,2569,1920,2567,1798,2099,2824,2043,2499,2499,2499,2499,2000,2499,2499,1934,1728,2820,2819,1990,2818,1901,2500,2100,2509,2000,2499,2500,1880,1290,2577,0,0,0,9.523809432983398,0,0,10,100,100,100,0,100,4.761904716491699,19.047618865966797,0,0,0,0,100,100,100,0,0,0,10,0,0,100,100,0,100,0,457.50372314453125,119660.90447998047,0,404334895104,8589930496,66031525888,0
199,1727693557521,1548,2499,2569,1920,2567,1798,2099,2824,2043,2499,2499,2499,2499,2000,2499,2499,1934,1728,2820,2819,1990,2818,1901,2500,2100,2509,2000,2499,2500,1880,1290,2577,0,0,0,0,0,0,0,100,100,100,0,100,0,0,0,0,0,0,100,100,100,0,0,0,0,0,0,100,100,0,100,0,460.29656982421875,119670.3814086914,0,404334895104,8589930496,66031579136,0
199,1727693557721,1548,2499,2569,1920,2567,1798,2099,2824,2043,2499,2499,2499,2499,2000,2499,2499,1934,1728,2820,2819,1990,2818,1901,2500,2100,2509,2000,2499,2500,1880,1290,2577,0,0,0,0,0,0,0,100,100,100,0,100,0,0,0,0,0,0,100,100,100,0,0,0,0,0,0,100,100,0,100,0,463.0660400390625,119679.85809326172,0,404334895104,8589930496,66031652864,0
199,1727693557921,1548,2499,2569,1920,2567,1798,2099,2824,2043,2499,2499,2499,2499,2000,2499,2499,1934,1728,2820,2819,1990,2818,1901,2500,2100,2509,2000,2499,2500,1880,1290,2577,60.000003814697266,0,0,0,0,0,0,100,40,100,0,100,0,0,0,0,0,0,100,100,100,0,0,0,0,0,0,100,100,0,100,0,465.83135986328125,119689.35174560547,0,404334895104,8589930496,66031652864,0
199,1727693558121,1548,2499,2569,1920,2567,1798,2099,2824,2043,2499,2499,2499,2499,2000,2499,2499,1934,1728,2820,2819,1990,2818,1901,2500,2100,2509,2000,2499,2500,1880,1290,2577,100,0,0,0,0,0,0,100,0,100,0,100,0,0,0,0,0,0,100,100,100,0,0,0,0,0,0,100,100,0,100,0,468.605224609375,119698.84112548828,0,404334895104,8589930496,66031800320,0
199,1727693558321,1548,2499,2569,1920,2567,1798,2099,2824,2043,2499,2499,2499,2499,2000,2499,2499,1934,1728,2820,2819,1990,2818,1901,2500,2100,2509,2000,2499,2500,1880,1290,2577,100,0,0,0,0,0,0,100,0,100,0,100,0,0,0,0,0,0,100,100,100,0,0,0,0,0,0,100,100,0,100,0,471.4002685546875,119708.32135009766,0,404334895104,8589930496,66031308800,0
199,1727693558521,1548,2499,2569,1920,2567,1798,2099,2824,2043,2499,2499,2499,2499,2000,2499,2499,1934,1728,2820,2819,1990,2818,1901,2500,2100,2509,2000,2499,2500,1880,1290,2577,100,0,0,0,0,0,0,100,0,100,0,100,0,0,0,0,0,0,100,100,100,0,0,0,0,0,0,100,100,0,100,0,474.183349609375,119717.8080444336,0,404334895104,8589930496,66031308800,0
199,1727693558721,1548,2499,2569,1920,2567,1798,2099,2824,2043,2499,2499,2499,2499,2000,2499,2499,1934,1728,2820,2819,1990,2818,1901,2500,2100,2509,2000,2499,2500,1880,1290,2577,100,0,0,0,0,0,0,100,0,100,0,100,0,0,0,0,0,0,100,100,100,0,0,0,0,0,4.761904716491699,100,100,0,100,0,477.05072021484375,119727.27056884766,0,404334895104,8589930496,66031050752,0
199,1727693558921,1548,2499,2569,1920,2567,1798,2099,2824,2043,2499,2499,2499,2499,2000,2499,2499,1934,1728,2820,2819,1990,2818,1901,2500,2100,2509,2000,2499,2500,1880,1290,2577,100,0,0,0,0,0,0,100,0,100,0,100,0,0,0,0,0,0,100,100,100,0,0,0,0,0,0,100,100,0,100,0,479.857177734375,119736.75848388672,0,404334895104,8589930496,66031087616,0
199,1727693559122,1548,2499,2569,1920,2567,1798,2099,2824,2043,2499,2499,2499,2499,2000,2499,2499,1934,1728,2820,2819,1990,2818,1901,2500,2100,2509,2000,2499,2500,1880,1290,2577,100,0,0,52.6315803527832,0,0,0,100,0,100,0,100,0,0,0,0,0,0,100,100,45,0,0,0,0,0,0,100,100,0,100,0,482.64910888671875,119746.23962402344,0,404334895104,8589930496,66031165440,0
199,1727693559322,1548,2499,2569,1920,2567,1798,2099,2824,2043,2499,2499,2499,2499,2000,2499,2499,1934,1728,2820,2819,1990,2818,1901,2500,2100,2509,2000,2499,2500,1880,1290,2577,14.285715103149414,0,4.761904716491699,100,0,0,0,100,89.47368621826172,100,0,100,0,0,0,0,0,0,100,100,0,0,0,0,0,0,0,100,100,0,100,0,485.4071044921875,119755.71960449219,0,404334895104,8589930496,66031312896,0
199,1727693559522,1548,2499,2569,1920,2567,1798,2099,2824,2043,2499,2499,2499,2499,2000,2499,2499,1934,1728,2820,2819,1990,2818,1901,2500,2100,2509,2000,2499,2500,1880,1290,2577,0,26.3157901763916,0,100,0,0,0,100,100,71.42857360839844,0,100,0,0,0,0,0,0,100,100,0,0,0,0,0,0,0,100,100,0,100,0,488.19659423828125,119765.19750976563,0,404334895104,8589930496,66031312896,0
199,1727693559722,1548,2499,2569,1920,2567,1798,2099,2824,2043,2499,2499,2499,2499,2000,2499,2499,1934,1728,2820,2819,1990,2818,1901,2500,2100,2509,2000,2499,2500,1880,1290,2577,0,100,0,100,0,0,0,100,100,0,0,100,0,0,0,0,0,4.761904716491699,100,100,0,5,0,0,0,0,0,100,100,0,95.23809814453125,0,491.01361083984375,119774.68157958984,0,404334895104,8589930496,66030608384,0
199,1727693559922,1548,2499,2569,1920,2567,1798,2099,2824,2043,2499,2499,2499,2499,2000,2499,2499,1934,1728,2820,2819,1990,2818,1901,2500,2100,2509,2000,2499,2500,1880,1290,2577,0,100,0,100,0,0,0,100,100,0,0,100,0,0,0,0,0,4.761904716491699,100,100,0,5,0,0,0,0,0,100,100,0,95.23809814453125,0,493.92156982421875,119784.04949951172,0,404334895104,8589930496,66030383104,0
199,1727693560122,1548,2499,2569,1920,2567,1798,2099,2824,2043,2499,2499,2499,2499,2000,2499,2499,1934,1728,2820,2819,1990,2818,1901,2500,2100,2509,2000,2499,2500,1880,1290,2577,0,100,0,100,0,2.4390242099761963,0,100,100,0,2.4390242099761963,100,0,0,0,0,0,0,100,100,0,0,0,0,0,0,0,100,100,0,100,0,496.749755859375,119793.5962524414,0,404334895104,8589930496,66030669824,0
199,1727693560322,1548,2499,2569,1920,2567,1798,2099,2824,2043,2499,2499,2499,2499,2000,2499,2499,1934,1728,2820,2819,1990,2818,1901,2500,2100,2509,2000,2499,2500,1880,1290,2577,0,40,0,100,0,0,0,100,100,60.000003814697266,0,100,0,0,0,0,0,0,100,100,0,0,0,0,0,0,0,100,100,0,100,0,499.564697265625,119803.07397460938,0,404334895104,8589930496,66030743552,0
199,1727693560522,1548,2499,2569,1920,2567,1798,2099,2824,2043,2499,2499,2499,2499,2000,2499,2499,1934,1728,2820,2819,1990,2818,1901,2500,2100,2509,2000,2499,2500,1880,1290,2577,0,0,0,100,0,0,0,100,100,100,0,100,0,0,0,0,4.761904716491699,0,100,100,0,0,0,0,0,0,0,100,100,0,100,0,502.3863525390625,119812.5767211914,0,404334895104,8589930496,66031177728,0
199,1727693560723,1548,2499,2569,1920,2567,1798,2099,2824,2043,2499,2499,2499,2499,2000,2499,2499,1934,1728,2820,2819,1990,2818,1901,2500,2100,2509,2000,2499,2500,1880,1290,2577,0,0,0,100,0,0,0,100,100,100,0,100,0,0,0,0,0,0,100,100,0,0,0,0,0,0,0,100,100,0,100,0,505.2369384765625,119822.06549072266,0,404334895104,8589930496,66031325184,0
199,1727693560923,1548,2499,2569,1920,2567,1798,2099,2824,2043,2499,2499,2499,2499,2000,2499,2499,1934,1728,2820,2819,1990,2818,1901,2500,2100,2509,2000,2499,2500,1880,1290,2577,0,0,0,100,0,0,0,100,100,100,0,100,0,0,0,0,0,0,100,100,0,0,0,0,4.761904716491699,0,0,100,100,0,100,0,508.03271484375,119831.55291748047,0,404334895104,8589930496,66031325184,0
199,1727693561123,1548,2499,2569,1920,2567,1798,2099,2824,2043,2499,2499,2499,2499,2000,2499,2499,1934,1728,2820,2819,1990,2818,1901,2500,2100,2509,2000,2499,2500,1880,1290,2577,0,0,0,100,0,0,0,100,100,100,0,100,4.761904716491699,0,0,0,0,0,100,100,0,0,0,0,0,0,0,100,100,0,100,0,510.78729248046875,119841.03625488281,0,404334895104,8589930496,66031325184,0
199,1727693561323,1548,2499,2569,1920,2567,1798,2099,2824,2043,2499,2499,2499,2499,2000,2499,2499,1934,1728,2820,2819,1990,2818,1901,2500,2100,2509,2000,2499,2500,1880,1290,2577,0,0,0,100,0,0,0,100,100,100,0,100,4.761904716491699,0,0,0,0,0,100,100,0,0,0,0,0,0,0,100,100,0,100,0,513.6419067382813,119850.47302246094,0,404334895104,8589930496,66031071232,0
199,1727693561523,1548,2499,2569,1920,2567,1798,2099,2824,2043,2499,2499,2499,2499,2000,2499,2499,1934,1728,2820,2819,1990,2818,1901,2500,2100,2509,2000,2499,2500,1880,1290,2577,0,0,0,100,0,0,0,100,100,100,0,100,0,0,0,0,0,0,100,100,0,0,0,0,0,0,0,100,100,0,100,0,516.4027099609375,119859.95391845703,0,404334895104,8589930496,66031095808,0
199,1727693561723,1548,2499,2569,1920,2567,1798,2099,2824,2043,2499,2499,2499,2499,2000,2499,2499,1934,1728,2820,2819,1990,2818,1901,2500,2100,2509,2000,2499,2500,1880,1290,2577,0,0,0,100,0,0,0,100,100,100,0,100,0,0,0,0,0,0,100,100,0,0,0,0,0,0,0,100,100,0,100,0,519.1482543945313,119869.43841552734,0,404334895104,8589930496,66031169536,0
199,1727693561923,1548,2499,2569,1920,2567,1798,2099,2824,2043,2499,2499,2499,2499,2000,2499,2499,1934,1728,2820,2819,1990,2818,1901,2500,2100,2509,2000,2499,2500,1880,1290,2577,0,0,0,100,0,0,0,100,100,100,0,100,0,0,0,0,0,0,100,100,0,0,0,0,0,0,0,100,100,0,100,0,521.9203491210938,119878.91564941406,0,404334895104,8589930496,66031316992,0
199,1727693562123,1548,2499,2569,1920,2567,1798,2099,2824,2043,2499,2499,2499,2499,2000,2499,2499,1934,1728,2820,2819,1990,2818,1901,2500,2100,2509,2000,2499,2500,1880,1290,2577,0,0,0,100,0,0,0,100,100,100,0,100,0,0,0,0,0,0,100,100,0,0,0,0,0,0,0,100,100,0,100,0,524.7703857421875,119888.80969238281,0,404334895104,8589930496,66032701440,0
199,1727693562323,1548,2499,2569,1920,2567,1798,2099,2824,2043,2499,2499,2499,2499,2000,2499,2499,1934,1728,2820,2819,1990,2818,1901,2500,2100,2509,2000,2499,2500,1880,1290,2577,0,2.5,2.5,100,0,0,5,100,100,100,5,100,16.666667938232422,63.414634704589844,19.51219367980957,2.4390242099761963,7.692307949066162,10.256410598754883,100,100,2.5,4.878048419952393,5,2.4390242099761963,2.5641026496887207,4.878048419952393,2.5641026496887207,90,100,4.878048419952393,100,2.4390242099761963,527.5771484375,119898.9712524414,0,404334895104,8589930496,66038083584,0
199,1727693562524,1548,2499,2569,1920,2567,1798,2099,2824,2043,2499,2499,2499,2499,2000,2499,2499,1934,1728,2820,2819,1990,2818,1901,2500,2100,2509,2000,2499,2500,1880,1290,2577,0,0,0,100,0,0,0,100,100,100,0,100,0,40,100,0,0,0,100,100,0,0,0,0,0,0,0,0,100,0,100,0,530.406982421875,119908.7759399414,0,404334895104,8589930496,65992699904,0
199,1727693562724,1548,2499,2569,1920,2567,1798,2099,2824,2043,2499,2499,2499,2499,2000,2499,2499,1934,1728,2820,2819,1990,2818,1901,2500,2100,2509,2000,2499,2500,1880,1290,2577,0,0,0,100,0,0,0,100,100,100,0,100,0,0,100,0,0,0,100,100,0,0,0,0,0,0,0,0,100,0,100,0,533.2191772460938,119918.20208740234,0,404334895104,8589930496,66031337472,0
199,1727693562924,1548,2499,2569,1920,2567,1798,2099,2824,2043,2499,2499,2499,2499,2000,2499,2499,1934,1728,2820,2819,1990,2818,1901,2500,2100,2509,2000,2499,2500,1880,1290,2577,0,0,0,100,0,5,0,100,100,100,0,100,0,0,100,0,0,0,100,100,0,0,0,0,0,0,0,0,100,0,100,0,535.9749755859375,119927.68585205078,0,404334895104,8589930496,66031411200,0
199,1727693563124,1548,2499,2569,1920,2567,1798,2099,2824,2043,2499,2499,2499,2499,2000,2499,2499,1934,1728,2820,2819,1990,2818,1901,2500,2100,2509,2000,2499,2500,1880,1290,2577,0,0,0,100,0,0,0,100,100,100,4.761904716491699,100,0,0,100,0,0,70,100,100,0,0,0,0,0,0,0,0,100,0,30.000001907348633,0,538.7575073242188,119937.22735595703,0,404334895104,8589930496,66031411200,0
199,1727693563324,1548,2499,2569,1920,2567,1798,2099,2824,2043,2499,2499,2499,2499,2000,2499,2499,1934,1728,2820,2819,1990,2818,1901,2500,2100,2509,2000,2499,2500,1880,1290,2577,0,0,0,100,0,0,0,100,100,100,4.761904716491699,100,0,0,100,0,0,70,100,100,0,0,0,0,0,0,0,0,100,0,30.000001907348633,0,541.5154418945313,119946.65466308594,0,404334895104,8589930496,66031558656,0
199,1727693563524,1548,2499,2569,1920,2567,1798,2099,2824,2043,2499,2499,2499,2499,2000,2499,2499,1934,1728,2820,2819,1990,2818,1901,2500,2100,2509,2000,2499,2500,1880,1290,2577,0,0,0,100,0,0,0,100,100,100,0,100,0,0,100,0,0,100,100,100,0,0,0,0,0,0,0,0,100,0,0,0,544.2840576171875,119956.13104248047,0,404334895104,8589930496,66031558656,0
199,1727693563724,1548,2499,2569,1920,2567,1798,2099,2824,2043,2499,2499,2499,2499,2000,2499,2499,1934,1728,2820,2819,1990,2818,1901,2500,2100,2509,2000,2499,2500,1880,1290,2577,0,0,0,100,0,0,0,100,100,100,0,100,0,0,100,0,0,100,100,100,0,0,0,0,0,0,0,0,100,0,0,0,547.0698852539063,119965.61059570313,0,404334895104,8589930496,66029203456,0
199,1727693563924,1548,2499,2569,1920,2567,1798,2099,2824,2043,2499,2499,2499,2499,2000,2499,2499,1934,1728,2820,2819,1990,2818,1901,2500,2100,2509,2000,2499,2500,1880,1290,2577,0,0,0,100,4.761904716491699,5,0,100,100,100,0,100,0,0,100,0,0,100,100,100,4.761904716491699,0,0,0,0,0,0,0,100,9.523809432983398,0,0,549.9344482421875,119975.08715820313,0,404334895104,8589930496,66031288320,0
199,1727693564124,1548,2499,2569,1920,2567,1798,2099,2824,2043,2499,2499,2499,2499,2000,2499,2499,1934,1728,2820,2819,1990,2818,1901,2500,2100,2509,2000,2499,2500,1880,1290,2577,0,0,0,100,4.761904716491699,5,0,100,100,100,0,100,0,0,100,0,0,100,100,100,4.761904716491699,0,0,0,0,0,0,0,100,9.523809432983398,0,0,552.7079467773438,119984.56665039063,0,404334895104,8589930496,66031341568,0
199,1727693564325,1548,2499,2569,1920,2567,1798,2099,2824,2043,2499,2499,2499,2499,2000,2499,2499,1934,1728,2820,2819,1990,2818,1901,2500,2100,2509,2000,2499,2500,1880,1290,2577,0,0,0,100,0,0,0,100,100,100,0,100,0,0,62.5,0,0,52.499996185302734,100,100,0,0,0,0,0,0,2.4390242099761963,39.02438735961914,100,0,47.5,0,555.4904174804688,119994.03692626953,0,404334895104,8589930496,66031415296,0
199,1727693564525,1548,2499,2569,1920,2567,1798,2099,2824,2043,2499,2499,2499,2499,2000,2499,2499,1934,1728,2820,2819,1990,2818,1901,2500,2100,2509,2000,2499,2500,1880,1290,2577,0,0,0,100,0,0,0,100,100,100,0,100,0,0,0,0,0,0,100,100,0,0,0,0,0,0,0,100,100,0,100,0,558.3057861328125,120003.51055908203,0,404334895104,8589930496,66031415296,0
199,1727693564725,1548,2499,2569,1920,2567,1798,2099,2824,2043,2499,2499,2499,2499,2000,2499,2499,1934,1728,2820,2819,1990,2818,1901,2500,2100,2509,2000,2499,2500,1880,1290,2577,0,0,0,100,0,0,0,100,100,100,0,100,0,0,0,0,4.761904716491699,0,100,100,0,0,0,0,0,0,0,100,100,0,100,0,561.0816650390625,120012.99151611328,0,404334895104,8589930496,66031562752,0
199,1727693564925,1548,2499,2569,1920,2567,1798,2099,2824,2043,2499,2499,2499,2499,2000,2499,2499,1934,1728,2820,2819,1990,2818,1901,2500,2100,2509,2000,2499,2500,1880,1290,2577,0,0,0,100,0,0,0,100,100,100,0,100,0,0,0,0,4.761904716491699,0,100,100,0,0,0,0,0,0,0,100,100,0,100,0,563.8837280273438,120022.4808959961,0,404334895104,8589930496,66031562752,0
199,1727693565125,1548,2499,2569,1920,2567,1798,2099,2824,2043,2499,2499,2499,2499,2000,2499,2499,1934,1728,2820,2819,1990,2818,1901,2500,2100,2509,2000,2499,2500,1880,1290,2577,0,0,0,100,0,0,0,100,100,100,0,100,0,0,0,0,0,0,100,100,0,0,0,0,0,0,0,100,100,0,100,0,566.6849365234375,120031.96551513672,0,404334895104,8589930496,66006913024,0
199,1727693565325,1548,2499,2569,1920,2567,1798,2099,2824,2043,2499,2499,2499,2499,2000,2499,2499,1934,1728,2820,2819,1990,2818,1901,2500,2100,2509,2000,2499,2500,1880,1290,2577,0,0,0,100,0,0,0,100,100,100,0,100,0,0,0,0,0,0,100,100,0,0,0,0,0,0,0,100,100,0,100,0,569.6135864257813,120041.4214477539,0,404334895104,8589930496,66031304704,0
199,1727693565525,1548,2499,2569,1920,2567,1798,2099,2824,2043,2499,2499,2499,2499,2000,2499,2499,1934,1728,2820,2819,1990,2818,1901,2500,2100,2509,2000,2499,2500,1880,1290,2577,0,20,0,100,0,0,0,100,100,80,0,100,0,0,0,0,0,0,100,100,0,5,0,0,0,0,0,100,100,0,100,0,572.415283203125,120050.91284179688,0,404334895104,8589930496,66031415296,0
199,1727693565726,1548,2499,2569,1920,2567,1798,2099,2824,2043,2499,2499,2499,2499,2000,2499,2499,1934,1728,2820,2819,1990,2818,1901,2500,2100,2509,2000,2499,2500,1880,1290,2577,0,100,0,100,0,0,0,100,100,0,0,100,0,0,0,0,0,0,100,100,0,0,0,0,0,0,0,100,100,0,100,0,575.1802368164063,120060.39862060547,0,404334895104,8589930496,66031415296,0
199,1727693565926,1548,2499,2569,1920,2567,1798,2099,2824,2043,2499,2499,2499,2499,2000,2499,2499,1934,1728,2820,2819,1990,2818,1901,2500,2100,2509,2000,2499,2500,1880,1290,2577,0,100,0,100,0,0,0,100,100,0,0,100,0,0,0,0,0,0,100,100,0,0,4.761904716491699,0,0,0,0,100,100,0,100,0,577.9656982421875,120069.88946533203,0,404334895104,8589930496,66031566848,0
199,1727693566126,1548,2499,2569,1920,2567,1798,2099,2824,2043,2499,2499,2499,2499,2000,2499,2499,1934,1728,2820,2819,1990,2818,1901,2500,2100,2509,2000,2499,2500,1880,1290,2577,0,100,0,100,0,0,0,100,100,0,0,100,0,0,0,0,0,0,100,100,0,0,0,0,0,0,0,100,100,0,100,0,580.7339477539063,120079.36987304688,0,404334895104,8589930496,66031566848,0
199,1727693566326,1548,2499,2569,1920,2567,1798,2099,2824,2043,2499,2499,2499,2499,2000,2499,2499,1934,1728,2820,2819,1990,2818,1901,2500,2100,2509,2000,2499,2500,1880,1290,2577,0,100,0,100,0,0,0,100,100,0,0,100,0,0,0,0,0,0,100,100,0,0,0,0,0,0,0,100,100,0,100,0,583.5385131835938,120088.84899902344,0,404334895104,8589930496,66031566848,0
0,1727693566526,1548,2499,2569,1920,2567,1798,2099,2824,2043,2499,2499,2499,2499,2000,2499,2499,1934,1728,2820,2819,1990,2818,1901,2500,2100,2509,2000,2499,2500,1880,1290,2577,0,61.904762268066406,0,100,0,4.761904716491699,0,100,100,0,0,100,0,0,0,0,0,0,100,100,0,0,0,0,0,0,0,100,100,0,100,0,586.3330688476563,120098.26788330078,0,404334895104,8589930496,65952837632,0
