Delta,Time,CPU_FREQUENCY_0,CPU_FREQUENCY_1,CPU_FREQUENCY_10,CPU_FREQUENCY_11,CPU_FREQUENCY_12,CPU_FREQUENCY_13,CPU_FREQUENCY_14,CPU_FREQUENCY_15,CPU_FREQUENCY_16,CPU_FREQUENCY_17,CPU_FREQUENCY_18,CPU_FREQUENCY_19,CPU_FREQUENCY_2,CPU_FREQUENCY_20,CPU_FREQUENCY_21,CPU_FREQUENCY_22,CPU_FREQUENCY_23,CPU_FREQUENCY_24,CPU_FREQUENCY_25,CPU_FREQUENCY_26,CPU_FREQUENCY_27,CPU_FREQUENCY_28,CPU_FREQUENCY_29,CPU_FREQUENCY_3,CPU_FREQUENCY_30,CPU_FREQUENCY_31,CPU_FREQUENCY_4,CPU_FREQUENCY_5,CPU_FREQUENCY_6,CPU_FREQUENCY_7,CPU_FREQUENCY_8,CPU_FREQUENCY_9,CPU_USAGE_0,CPU_USAGE_1,CPU_USAGE_10,CPU_USAGE_11,CPU_USAGE_12,CPU_USAGE_13,CPU_USAGE_14,CPU_USAGE_15,CPU_USAGE_16,CPU_USAGE_17,CPU_USAGE_18,CPU_USAGE_19,CPU_USAGE_2,CPU_USAGE_20,CPU_USAGE_21,CPU_USAGE_22,CPU_USAGE_23,CPU_USAGE_24,CPU_USAGE_25,CPU_USAGE_26,CPU_USAGE_27,CPU_USAGE_28,CPU_USAGE_29,CPU_USAGE_3,CPU_USAGE_30,CPU_USAGE_31,CPU_USAGE_4,CPU_USAGE_5,CPU_USAGE_6,CPU_USAGE_7,CPU_USAGE_8,CPU_USAGE_9,DRAM_ENERGY (J),PACKAGE_ENERGY (J),PP0_ENERGY (J),TOTAL_MEMORY,TOTAL_SWAP,USED_MEMORY,USED_SWAP
0,1727586121968,960,1180,799,868,842,824,842,886,930,1388,831,963,862,800,853,816,873,799,875,829,839,863,828,1039,1010,891,800,888,816,813,1171,845,4.761904716491699,4.761904716491699,0,0,4.545454502105713,4.545454502105713,4.545454502105713,4.761904716491699,4.545454502105713,0,0,0,9.090909004211426,0,0,4.545454502105713,4.545454502105713,4.761904716491699,4.545454502105713,0,0,4.761904716491699,0,0,0,0,0,4.545454502105713,4.545454502105713,0,0,4.545454502105713,145852.37982177734,127352.69592285156,0,404335493120,8589930496,26141085696,0
199,1727586121968,960,1180,799,868,842,824,842,886,930,1388,831,963,862,800,853,816,873,799,875,829,839,863,828,1039,1010,891,800,888,816,813,1171,845,4.761904716491699,4.761904716491699,0,0,4.545454502105713,4.545454502105713,4.545454502105713,4.761904716491699,4.545454502105713,0,0,0,9.090909004211426,0,0,4.545454502105713,4.545454502105713,4.761904716491699,4.545454502105713,0,0,4.761904716491699,0,0,0,0,0,4.545454502105713,4.545454502105713,0,0,4.545454502105713,145852.39135742188,127352.71856689453,0,404335493120,8589930496,26141216768,0
199,1727586122168,960,1180,799,868,842,824,842,886,930,1388,831,963,862,800,853,816,873,799,875,829,839,863,828,1039,1010,891,800,888,816,813,1171,845,0,0,0,4.761904716491699,0,0,4.761904716491699,0,0,0,0,0,0,100,0,0,0,0,0,0,0,0,0,5,4.761904716491699,4.761904716491699,0,0,0,0,0,0,145854.39947509766,127357.54626464844,0,404335493120,8589930496,26145902592,0
199,1727586122368,960,1180,799,868,842,824,842,886,930,1388,831,963,862,800,853,816,873,799,875,829,839,863,828,1039,1010,891,800,888,816,813,1171,845,0,0,0,4.761904716491699,0,0,4.761904716491699,0,0,0,0,0,0,100,0,0,0,0,0,0,0,0,0,5,4.761904716491699,4.761904716491699,0,0,0,0,0,0,145858.46215820313,127363.69580078125,0,404335493120,8589930496,26146664448,0
199,1727586122568,960,1180,799,868,842,824,842,886,930,1388,831,963,862,800,853,816,873,799,875,829,839,863,828,1039,1010,891,800,888,816,813,1171,845,0,0,0,0,0,0,0,2.5,0,0,0,0,0,100,0,0,0,5,0,2.5,0,2.4390242099761963,4.878048419952393,0,2.4390242099761963,2.5,0,0,0,0,0,0,145862.75091552734,127370.37701416016,0,404335493120,8589930496,26146664448,0
199,1727586122769,960,1180,799,868,842,824,842,886,930,1388,831,963,862,800,853,816,873,799,875,829,839,863,828,1039,1010,891,800,888,816,813,1171,845,0,0,0,0,5,0,0,4.761904716491699,0,0,0,0,0,100,0,0,0,0,0,0,0,0,0,0,0,0,0,0,0,0,0,0,145867.0786743164,127377.06219482422,0,404335493120,8589930496,26146664448,0
199,1727586122969,960,1180,799,868,842,824,842,886,930,1388,831,963,862,800,853,816,873,799,875,829,839,863,828,1039,1010,891,800,888,816,813,1171,845,0,0,0,0,0,0,0,0,0,0,0,0,0,100,0,0,0,0,0,0,0,0,0,0,0,0,0,0,0,0,0,0,145871.39916992188,127383.75170898438,0,404335493120,8589930496,26146664448,0
199,1727586123169,960,1180,799,868,842,824,842,886,930,1388,831,963,862,800,853,816,873,799,875,829,839,863,828,1039,1010,891,800,888,816,813,1171,845,0,0,0,0,0,0,0,0,0,0,0,0,0,100,0,0,0,0,0,0,0,0,0,0,0,0,0,0,0,0,0,0,145875.69647216797,127390.43420410156,0,404335493120,8589930496,26146664448,0
199,1727586123369,960,1180,799,868,842,824,842,886,930,1388,831,963,862,800,853,816,873,799,875,829,839,863,828,1039,1010,891,800,888,816,813,1171,845,0,0,0,0,0,0,0,4.761904716491699,0,0,0,0,0,100,0,0,0,0,0,0,0,0,0,0,0,0,0,0,0,0,0,0,145879.99420166016,127397.11236572266,0,404335493120,8589930496,26146668544,0
199,1727586123569,960,1180,799,868,842,824,842,886,930,1388,831,963,862,800,853,816,873,799,875,829,839,863,828,1039,1010,891,800,888,816,813,1171,845,0,0,0,0,0,0,0,0,0,0,0,0,0,100,0,0,0,0,0,0,0,0,0,0,0,0,0,0,0,0,0,0,145884.30450439453,127403.80096435547,0,404335493120,8589930496,26146668544,0
199,1727586123769,960,1180,799,868,842,824,842,886,930,1388,831,963,862,800,853,816,873,799,875,829,839,863,828,1039,1010,891,800,888,816,813,1171,845,0,0,0,0,0,0,0,0,0,0,0,0,4.761904716491699,100,0,0,0,0,0,0,0,0,0,0,0,0,0,0,0,0,0,0,145888.58630371094,127410.48504638672,0,404335493120,8589930496,26146680832,0
199,1727586123969,960,1180,799,868,842,824,842,886,930,1388,831,963,862,800,853,816,873,799,875,829,839,863,828,1039,1010,891,800,888,816,813,1171,845,0,0,0,0,0,0,0,0,0,0,0,0,0,100,0,0,0,0,0,0,0,0,0,0,0,0,0,0,0,0,0,0,145892.83770751953,127417.17352294922,0,404335493120,8589930496,26146680832,0
199,1727586124170,960,1180,799,868,842,824,842,886,930,1388,831,963,862,800,853,816,873,799,875,829,839,863,828,1039,1010,891,800,888,816,813,1171,845,0,0,0,0,0,0,0,0,0,0,0,0,0,100,0,0,0,0,0,0,0,0,0,0,0,0,0,0,0,0,0,0,145897.11279296875,127423.8588256836,0,404335493120,8589930496,26146680832,0
199,1727586124370,960,1180,799,868,842,824,842,886,930,1388,831,963,862,800,853,816,873,799,875,829,839,863,828,1039,1010,891,800,888,816,813,1171,845,0,0,0,0,0,0,0,0,0,0,0,0,4.761904716491699,100,0,0,0,0,0,0,0,0,0,0,0,0,0,0,0,0,0,0,145901.376953125,127430.53094482422,0,404335493120,8589930496,26146693120,0
199,1727586124570,960,1180,799,868,842,824,842,886,930,1388,831,963,862,800,853,816,873,799,875,829,839,863,828,1039,1010,891,800,888,816,813,1171,845,0,0,0,0,0,0,0,0,0,0,0,0,0,100,0,0,0,0,0,0,0,0,0,0,0,0,0,0,0,0,0,0,145905.71282958984,127437.20910644531,0,404335493120,8589930496,26146742272,0
199,1727586124770,960,1180,799,868,842,824,842,886,930,1388,831,963,862,800,853,816,873,799,875,829,839,863,828,1039,1010,891,800,888,816,813,1171,845,0,0,0,0,0,0,0,0,0,0,0,0,0,100,0,0,0,0,0,0,0,0,0,0,0,0,0,0,0,0,0,0,145910.00897216797,127443.8901977539,0,404335493120,8589930496,26146746368,0
199,1727586124970,960,1180,799,868,842,824,842,886,930,1388,831,963,862,800,853,816,873,799,875,829,839,863,828,1039,1010,891,800,888,816,813,1171,845,0,0,0,0,0,0,0,0,0,0,0,0,0,100,0,0,0,0,4.761904716491699,0,0,0,0,0,0,0,0,0,0,0,0,0,145914.34240722656,127450.5814819336,0,404335493120,8589930496,26146746368,0
199,1727586125170,960,1180,799,868,842,824,842,886,930,1388,831,963,862,800,853,816,873,799,875,829,839,863,828,1039,1010,891,800,888,816,813,1171,845,0,5,5,0,0,0,5,4.761904716491699,5,0,0,4.761904716491699,0,100,0,0,0,9.523809432983398,0,4.761904716491699,0,0,0,0,0,0,0,0,0,0,5,4.761904716491699,145918.7026977539,127457.25982666016,0,404335493120,8589930496,26147037184,0
199,1727586125370,960,1180,799,868,842,824,842,886,930,1388,831,963,862,800,853,816,873,799,875,829,839,863,828,1039,1010,891,800,888,816,813,1171,845,0,5,5,0,0,0,5,4.761904716491699,5,0,0,4.761904716491699,0,100,0,0,0,9.523809432983398,0,4.761904716491699,0,0,0,0,0,0,0,0,0,0,5,4.761904716491699,145923.0323486328,127463.93621826172,0,404335493120,8589930496,26147053568,0
199,1727586125570,960,1180,799,868,842,824,842,886,930,1388,831,963,862,800,853,816,873,799,875,829,839,863,828,1039,1010,891,800,888,816,813,1171,845,0,0,0,0,0,0,0,0,0,0,0,2.5,0,100,0,0,0,0,0,0,0,0,0,0,0,2.4390242099761963,0,0,0,0,0,0,145927.38214111328,127470.61987304688,0,404335493120,8589930496,26147123200,0
199,1727586125771,960,1180,799,868,842,824,842,886,930,1388,831,963,862,800,853,816,873,799,875,829,839,863,828,1039,1010,891,800,888,816,813,1171,845,0,0,0,0,0,0,0,0,0,0,0,0,0,100,0,0,0,0,0,0,0,0,0,0,0,0,0,0,0,0,0,0,145931.75201416016,127477.3159790039,0,404335493120,8589930496,26147123200,0
199,1727586125971,960,1180,799,868,842,824,842,886,930,1388,831,963,862,800,853,816,873,799,875,829,839,863,828,1039,1010,891,800,888,816,813,1171,845,0,0,0,0,0,0,0,0,0,0,0,0,0,100,0,0,0,0,0,0,0,0,0,0,0,0,0,0,0,0,0,0,145936.1094970703,127484.01513671875,0,404335493120,8589930496,26147123200,0
199,1727586126171,960,1180,799,868,842,824,842,886,930,1388,831,963,862,800,853,816,873,799,875,829,839,863,828,1039,1010,891,800,888,816,813,1171,845,0,0,0,0,0,20,0,0,4.761904716491699,4.761904716491699,0,5,5.263157844543457,100,9.523809432983398,0,5,0,0,0,0,0,0,5.263157844543457,0,0,5,0,0,0,10,5,145940.45239257813,127490.70837402344,0,404335493120,8589930496,26152730624,0
199,1727586126371,960,1180,799,868,842,824,842,886,930,1388,831,963,862,800,853,816,873,799,875,829,839,863,828,1039,1010,891,800,888,816,813,1171,845,0,0,0,0,0,20,0,0,4.761904716491699,4.761904716491699,0,5,5.263157844543457,100,9.523809432983398,0,5,0,0,0,0,0,0,5.263157844543457,0,0,5,0,0,0,10,5,145944.75360107422,127497.39953613281,0,404335493120,8589930496,26153144320,0
199,1727586126571,960,1180,799,868,842,824,842,886,930,1388,831,963,862,800,853,816,873,799,875,829,839,863,828,1039,1010,891,800,888,816,813,1171,845,0,0,0,0,0,0,0,0,0,0,0,0,4.761904716491699,100,0,0,0,2.5,0,0,0,0,0,0,0,0,0,2.5,2.4390242099761963,0,0,0,145949.03186035156,127504.0913696289,0,404335493120,8589930496,26153144320,0
199,1727586126771,960,1180,799,868,842,824,842,886,930,1388,831,963,862,800,853,816,873,799,875,829,839,863,828,1039,1010,891,800,888,816,813,1171,845,0,0,0,0,0,0,0,0,0,0,0,0,4.761904716491699,100,0,0,0,2.5,0,0,0,0,0,0,0,0,0,2.5,2.4390242099761963,0,0,0,145953.30755615234,127510.7427368164,0,404335493120,8589930496,26153144320,0
199,1727586126971,960,1180,799,868,842,824,842,886,930,1388,831,963,862,800,853,816,873,799,875,829,839,863,828,1039,1010,891,800,888,816,813,1171,845,0,0,0,0,0,0,0,0,0,0,0,0,0,100,0,0,0,0,9.090909004211426,0,0,0,0,4.761904716491699,0,0,0,0,0,0,0,0,145957.634765625,127517.45153808594,0,404335493120,8589930496,26153144320,0
199,1727586127172,960,1180,799,868,842,824,842,886,930,1388,831,963,862,800,853,816,873,799,875,829,839,863,828,1039,1010,891,800,888,816,813,1171,845,5,0,0,5,4.761904716491699,0,5,0,0,0,4.761904716491699,0,0,100,5,5,0,5,0,0,0,0,0,4.761904716491699,0,4.761904716491699,0,4.761904716491699,0,0,5,0,145961.92431640625,127524.11730957031,0,404335493120,8589930496,26158784512,0
199,1727586127371,960,1180,799,868,842,824,842,886,930,1388,831,963,862,800,853,816,873,799,875,829,839,863,828,1039,1010,891,800,888,816,813,1171,845,5,0,0,5,4.761904716491699,0,5,0,0,0,4.761904716491699,0,0,100,5,5,0,5,0,0,0,0,0,4.761904716491699,0,4.761904716491699,0,4.761904716491699,0,0,5,0,145966.23559570313,127530.79663085938,0,404335493120,8589930496,26164113408,0
199,1727586127572,960,1180,799,868,842,824,842,886,930,1388,831,963,862,800,853,816,873,799,875,829,839,863,828,1039,1010,891,800,888,816,813,1171,845,0,0,2.4390242099761963,0,0,0,4.878048419952393,0,0,2.4390242099761963,5,0,0,100,0,0,0,0,0,0,0,0,0,0,0,0,0,2.5,2.5,0,0,0,145970.55895996094,127537.51678466797,0,404335493120,8589930496,26164113408,0
199,1727586127772,960,1180,799,868,842,824,842,886,930,1388,831,963,862,800,853,816,873,799,875,829,839,863,828,1039,1010,891,800,888,816,813,1171,845,0,0,0,0,0,0,0,0,0,0,0,0,0,100,0,0,0,0,0,0,0,0,0,0,0,0,0,0,0,0,0,0,145974.880859375,127544.20300292969,0,404335493120,8589930496,26164113408,0
199,1727586127972,960,1180,799,868,842,824,842,886,930,1388,831,963,862,800,853,816,873,799,875,829,839,863,828,1039,1010,891,800,888,816,813,1171,845,0,0,0,0,0,0,0,0,0,0,0,0,0,100,0,0,0,0,0,0,0,0,0,0,0,0,0,0,0,0,0,0,145979.18432617188,127550.88861083984,0,404335493120,8589930496,26164113408,0
199,1727586128172,960,1180,799,868,842,824,842,886,930,1388,831,963,862,800,853,816,873,799,875,829,839,863,828,1039,1010,891,800,888,816,813,1171,845,0,0,0,0,0,0,0,0,0,0,0,0,0,100,0,0,0,0,0,0,0,0,0,0,0,0,0,0,0,0,0,0,145983.47119140625,127557.57318115234,0,404335493120,8589930496,26164113408,0
199,1727586128372,960,1180,799,868,842,824,842,886,930,1388,831,963,862,800,853,816,873,799,875,829,839,863,828,1039,1010,891,800,888,816,813,1171,845,0,0,0,0,0,0,0,0,0,0,0,0,0,100,0,0,0,0,0,0,0,0,0,0,0,0,0,0,0,0,0,0,145987.76696777344,127564.26275634766,0,404335493120,8589930496,26164113408,0
199,1727586128572,960,1180,799,868,842,824,842,886,930,1388,831,963,862,800,853,816,873,799,875,829,839,863,828,1039,1010,891,800,888,816,813,1171,845,0,0,0,0,0,0,0,0,0,0,0,0,0,100,0,0,0,0,0,0,0,0,0,0,0,0,0,0,0,0,0,0,145992.06121826172,127570.91876220703,0,404335493120,8589930496,26164117504,0
199,1727586128773,960,1180,799,868,842,824,842,886,930,1388,831,963,862,800,853,816,873,799,875,829,839,863,828,1039,1010,891,800,888,816,813,1171,845,0,0,0,0,0,0,0,0,0,0,0,0,0,100,0,0,0,0,0,2.4390242099761963,0,0,0,0,0,0,0,2.5,0,0,2.4390242099761963,0,145996.44012451172,127577.64031982422,0,404335493120,8589930496,26168696832,0
199,1727586128973,960,1180,799,868,842,824,842,886,930,1388,831,963,862,800,853,816,873,799,875,829,839,863,828,1039,1010,891,800,888,816,813,1171,845,0,0,0,0,0,0,0,0,0,0,0,0,0,100,0,0,0,0,0,2.4390242099761963,0,0,0,0,0,0,0,2.5,0,0,2.4390242099761963,0,146000.7784423828,127584.2915649414,0,404335493120,8589930496,26168696832,0
199,1727586129173,960,1180,799,868,842,824,842,886,930,1388,831,963,862,800,853,816,873,799,875,829,839,863,828,1039,1010,891,800,888,816,813,1171,845,0,0,0,0,0,0,0,0,0,0,0,0,0,100,0,0,0,0,0,0,0,0,0,0,0,0,0,0,0,0,0,0,146005.19830322266,127591.00360107422,0,404335493120,8589930496,26168696832,0
199,1727586129373,960,1180,799,868,842,824,842,886,930,1388,831,963,862,800,853,816,873,799,875,829,839,863,828,1039,1010,891,800,888,816,813,1171,845,0,0,0,0,0,0,0,0,0,0,0,0,0,100,0,0,0,0,0,0,0,0,0,0,0,0,0,0,0,0,0,0,146009.548828125,127597.65747070313,0,404335493120,8589930496,26168696832,0
199,1727586129573,960,1180,799,868,842,824,842,886,930,1388,831,963,862,800,853,816,873,799,875,829,839,863,828,1039,1010,891,800,888,816,813,1171,845,0,0,0,0,0,0,0,0,0,0,0,0,0,100,0,0,0,0,0,0,0,0,0,0,0,0,0,0,0,0,0,0,146013.85028076172,127604.34716796875,0,404335493120,8589930496,26168696832,0
199,1727586129773,960,1180,799,868,842,824,842,886,930,1388,831,963,862,800,853,816,873,799,875,829,839,863,828,1039,1010,891,800,888,816,813,1171,845,0,0,0,0,0,0,0,0,0,0,0,0,0,100,0,0,0,0,0,0,0,0,0,0,0,0,0,0,0,0,0,0,146018.16931152344,127611.02844238281,0,404335493120,8589930496,26168696832,0
199,1727586129973,960,1180,799,868,842,824,842,886,930,1388,831,963,862,800,853,816,873,799,875,829,839,863,828,1039,1010,891,800,888,816,813,1171,845,0,0,0,0,0,0,0,0,0,0,0,0,5,100,0,0,0,0,4.761904716491699,0,0,0,0,0,0,0,0,0,0,0,0,0,146022.51013183594,127617.71417236328,0,404335493120,8589930496,26168696832,0
199,1727586130174,960,1180,799,868,842,824,842,886,930,1388,831,963,862,800,853,816,873,799,875,829,839,863,828,1039,1010,891,800,888,816,813,1171,845,0,4.761904716491699,0,4.761904716491699,0,4.761904716491699,0,0,0,4.761904716491699,0,5,5,100,0,9.523809432983398,0,14.285715103149414,0,0,0,9.090909004211426,5,0,5,0,0,4.761904716491699,0,5,0,5,146026.82537841797,127624.39678955078,0,404335493120,8589930496,26170167296,0
199,1727586130374,960,1180,799,868,842,824,842,886,930,1388,831,963,862,800,853,816,873,799,875,829,839,863,828,1039,1010,891,800,888,816,813,1171,845,0,0,0,0,0,0,0,0,0,0,0,0,4.761904716491699,100,0,0,0,0,0,0,0,0,0,0,0,0,0,0,0,0,0,0,146031.1235961914,127631.09118652344,0,404335493120,8589930496,26170167296,0
199,1727586130574,960,1180,799,868,842,824,842,886,930,1388,831,963,862,800,853,816,873,799,875,829,839,863,828,1039,1010,891,800,888,816,813,1171,845,0,5,0,0,0,0,5,4.761904716491699,4.761904716491699,0,5,0,0,100,0,0,0,0,5,0,0,0,0,0,0,0,0,0,0,5,0,0,146035.4356689453,127637.79150390625,0,404335493120,8589930496,26172915712,0
199,1727586130774,960,1180,799,868,842,824,842,886,930,1388,831,963,862,800,853,816,873,799,875,829,839,863,828,1039,1010,891,800,888,816,813,1171,845,0,0,0,0,0,0,0,0,0,0,0,0,0,100,0,10,0,0,0,0,0,0,0,0,0,0,0,0,0,0,5,0,146039.70385742188,127644.51342773438,0,404335493120,8589930496,26175307776,0
199,1727586130974,960,1180,799,868,842,824,842,886,930,1388,831,963,862,800,853,816,873,799,875,829,839,863,828,1039,1010,891,800,888,816,813,1171,845,0,0,0,0,0,0,0,0,0,0,0,0,0,100,0,10,0,0,0,0,0,0,0,0,0,0,0,0,0,0,5,0,146043.97686767578,127651.19580078125,0,404335493120,8589930496,26175315968,0
199,1727586131174,960,1180,799,868,842,824,842,886,930,1388,831,963,862,800,853,816,873,799,875,829,839,863,828,1039,1010,891,800,888,816,813,1171,845,0,0,0,0,0,2.5,2.5,0,0,0,2.5,2.5,2.5,100,0,0,0,0,7.692307949066162,2.5,2.4390242099761963,0,0,0,5,4.878048419952393,0,0,0,0,0,0,146048.35748291016,127657.87969970703,0,404335493120,8589930496,26176331776,0
199,1727586131374,960,1180,799,868,842,824,842,886,930,1388,831,963,862,800,853,816,873,799,875,829,839,863,828,1039,1010,891,800,888,816,813,1171,845,0,0,0,4.761904716491699,0,0,0,0,0,0,0,0,0,100,0,0,0,0,0,0,5,0,0,0,0,0,0,0,9.523809432983398,0,5.263157844543457,0,146052.70434570313,127664.5698852539,0,404335493120,8589930496,26189328384,0
199,1727586131574,960,1180,799,868,842,824,842,886,930,1388,831,963,862,800,853,816,873,799,875,829,839,863,828,1039,1010,891,800,888,816,813,1171,845,0,0,0,4.761904716491699,0,0,0,0,0,0,0,0,0,100,0,0,0,0,0,0,5,0,0,0,0,0,0,0,9.523809432983398,0,5.263157844543457,0,146057.01934814453,127671.20989990234,0,404335493120,8589930496,26189328384,0
199,1727586131775,960,1180,799,868,842,824,842,886,930,1388,831,963,862,800,853,816,873,799,875,829,839,863,828,1039,1010,891,800,888,816,813,1171,845,4.761904716491699,0,0,0,0,0,0,4.878048419952393,2.4390242099761963,0,0,0,2.4390242099761963,100,4.761904716491699,15.000000953674316,4.878048419952393,0,4.878048419952393,4.878048419952393,2.5,2.4390242099761963,4.761904716491699,7.317072868347168,0,0,0,0,0,2.4390242099761963,0,4.761904716491699,146061.4112548828,127678.00207519531,0,404335493120,8589930496,26189328384,0
199,1727586131975,960,1180,799,868,842,824,842,886,930,1388,831,963,862,800,853,816,873,799,875,829,839,863,828,1039,1010,891,800,888,816,813,1171,845,4.761904716491699,0,0,0,0,0,0,4.878048419952393,2.4390242099761963,0,0,0,2.4390242099761963,100,4.761904716491699,15.000000953674316,4.878048419952393,0,4.878048419952393,4.878048419952393,2.5,2.4390242099761963,4.761904716491699,7.317072868347168,0,0,0,0,0,2.4390242099761963,0,4.761904716491699,146065.66577148438,127684.63708496094,0,404335493120,8589930496,26189340672,0
199,1727586132175,960,1180,799,868,842,824,842,886,930,1388,831,963,862,800,853,816,873,799,875,829,839,863,828,1039,1010,891,800,888,816,813,1171,845,0,0,0,0,0,0,2.5,0,2.5,2.4390242099761963,0,2.4390242099761963,2.5,100,2.5,2.4390242099761963,0,0,0,0,0,0,0,0,0,0,0,0,2.4390242099761963,2.4390242099761963,0,0,146069.9790649414,127691.30755615234,0,404335493120,8589930496,26189955072,0
199,1727586132375,960,1180,799,868,842,824,842,886,930,1388,831,963,862,800,853,816,873,799,875,829,839,863,828,1039,1010,891,800,888,816,813,1171,845,5,5,10,5,5,5,10,11.111111640930176,5,0,5,0,5,100,5.263157844543457,5.263157844543457,5.263157844543457,5,5,5.263157844543457,0,5.263157844543457,5,5,9.523809432983398,5.263157844543457,5,10.526315689086914,5.263157844543457,0,5,5,146074.4047241211,127698.11315917969,0,404335493120,8589930496,26192269312,0
199,1727586132575,960,1180,799,868,842,824,842,886,930,1388,831,963,862,800,853,816,873,799,875,829,839,863,828,1039,1010,891,800,888,816,813,1171,845,5,5,10,5,5,5,10,11.111111640930176,5,0,5,0,5,100,5.263157844543457,5.263157844543457,5.263157844543457,5,5,5.263157844543457,0,5.263157844543457,5,5,9.523809432983398,5.263157844543457,5,10.526315689086914,5.263157844543457,0,5,5,146078.67486572266,127704.79681396484,0,404335493120,8589930496,26192269312,0
199,1727586132775,960,1180,799,868,842,824,842,886,930,1388,831,963,862,800,853,816,873,799,875,829,839,863,828,1039,1010,891,800,888,816,813,1171,845,0,0,0,0,0,0,2.4390242099761963,2.4390242099761963,0,0,0,0,0,100,0,0,0,0,0,0,0,0,0,0,0,2.5,0,0,0,0,2.5,0,146082.9296875,127711.47760009766,0,404335493120,8589930496,26192269312,0
199,1727586132975,960,1180,799,868,842,824,842,886,930,1388,831,963,862,800,853,816,873,799,875,829,839,863,828,1039,1010,891,800,888,816,813,1171,845,0,0,0,0,0,0,2.4390242099761963,2.4390242099761963,0,0,0,0,0,100,0,0,0,0,0,0,0,0,0,0,0,2.5,0,0,0,0,2.5,0,146087.19342041016,127718.15991210938,0,404335493120,8589930496,26192269312,0
199,1727586133175,960,1180,799,868,842,824,842,886,930,1388,831,963,862,800,853,816,873,799,875,829,839,863,828,1039,1010,891,800,888,816,813,1171,845,0,0,0,0,0,0,0,0,0,0,0,0,0,100,0,0,0,0,0,0,0,0,0,0,0,0,0,0,0,0,0,0,146091.4740600586,127724.84503173828,0,404335493120,8589930496,26192273408,0
199,1727586133376,960,1180,799,868,842,824,842,886,930,1388,831,963,862,800,853,816,873,799,875,829,839,863,828,1039,1010,891,800,888,816,813,1171,845,0,0,0,0,0,0,0,0,0,0,0,0,0,100,0,0,0,0,0,0,0,0,0,0,0,0,0,0,0,0,0,0,146095.80877685547,127731.53997802734,0,404335493120,8589930496,26192273408,0
199,1727586133576,960,1180,799,868,842,824,842,886,930,1388,831,963,862,800,853,816,873,799,875,829,839,863,828,1039,1010,891,800,888,816,813,1171,845,0,0,0,0,0,0,0,0,0,0,0,0,0,100,0,0,0,0,0,0,0,0,0,0,0,0,0,0,0,0,0,0,146100.11846923828,127738.23291015625,0,404335493120,8589930496,26192273408,0
199,1727586133776,960,1180,799,868,842,824,842,886,930,1388,831,963,862,800,853,816,873,799,875,829,839,863,828,1039,1010,891,800,888,816,813,1171,845,0,0,0,0,0,0,0,0,0,0,0,0,0,100,0,0,0,0,0,0,0,0,0,0,0,0,0,0,0,0,0,0,146104.3944091797,127744.89880371094,0,404335493120,8589930496,26192273408,0
199,1727586133976,960,1180,799,868,842,824,842,886,930,1388,831,963,862,800,853,816,873,799,875,829,839,863,828,1039,1010,891,800,888,816,813,1171,845,0,0,0,0,0,0,0,0,0,0,0,0,0,100,0,0,0,0,0,0,0,0,0,0,0,0,0,0,0,0,0,0,146108.68670654297,127751.58880615234,0,404335493120,8589930496,26192273408,0
199,1727586134176,960,1180,799,868,842,824,842,886,930,1388,831,963,862,800,853,816,873,799,875,829,839,863,828,1039,1010,891,800,888,816,813,1171,845,0,0,0,0,0,0,0,0,0,0,0,0,0,100,0,0,0,0,0,0,0,0,0,0,0,0,0,0,0,0,0,0,146113.0450439453,127758.28326416016,0,404335493120,8589930496,26192273408,0
199,1727586134376,960,1180,799,868,842,824,842,886,930,1388,831,963,862,800,853,816,873,799,875,829,839,863,828,1039,1010,891,800,888,816,813,1171,845,0,0,0,0,0,0,4.761904716491699,0,0,0,0,0,0,100,0,0,4.761904716491699,0,0,0,0,0,0,0,0,0,0,0,0,0,0,0,146117.31158447266,127764.97637939453,0,404335493120,8589930496,26192273408,0
199,1727586134576,960,1180,799,868,842,824,842,886,930,1388,831,963,862,800,853,816,873,799,875,829,839,863,828,1039,1010,891,800,888,816,813,1171,845,0,0,0,0,0,0,0,0,0,0,0,0,0,100,0,0,0,0,0,0,0,0,0,0,0,0,0,0,0,0,0,0,146121.62963867188,127771.66241455078,0,404335493120,8589930496,26192273408,0
199,1727586134776,960,1180,799,868,842,824,842,886,930,1388,831,963,862,800,853,816,873,799,875,829,839,863,828,1039,1010,891,800,888,816,813,1171,845,0,0,0,0,0,0,0,0,0,0,0,0,0,100,0,0,0,0,0,0,0,0,0,0,0,0,0,0,0,0,0,0,146125.92041015625,127778.3427734375,0,404335493120,8589930496,26192273408,0
199,1727586134977,960,1180,799,868,842,824,842,886,930,1388,831,963,862,800,853,816,873,799,875,829,839,863,828,1039,1010,891,800,888,816,813,1171,845,0,0,0,0,0,0,0,0,0,0,0,0,0,100,0,0,0,0,0,0,0,0,0,0,0,0,0,0,0,0,0,0,146130.2339477539,127785.02111816406,0,404335493120,8589930496,26192273408,0
199,1727586135177,960,1180,799,868,842,824,842,886,930,1388,831,963,862,800,853,816,873,799,875,829,839,863,828,1039,1010,891,800,888,816,813,1171,845,0,0,0,5,0,0,5,4.761904716491699,0,9.523809432983398,0,0,0,100,0,0,0,4.761904716491699,4.761904716491699,9.523809432983398,0,0,0,5,0,0,0,0,0,0,4.761904716491699,0,146134.5874633789,127791.70880126953,0,404335493120,8589930496,26192465920,0
199,1727586135377,960,1180,799,868,842,824,842,886,930,1388,831,963,862,800,853,816,873,799,875,829,839,863,828,1039,1010,891,800,888,816,813,1171,845,0,0,0,5,0,0,5,4.761904716491699,0,9.523809432983398,0,0,0,100,0,0,0,4.761904716491699,4.761904716491699,9.523809432983398,0,0,0,5,0,0,0,0,0,0,4.761904716491699,0,146138.89294433594,127798.3609008789,0,404335493120,8589930496,26192465920,0
199,1727586135577,960,1180,799,868,842,824,842,886,930,1388,831,963,862,800,853,816,873,799,875,829,839,863,828,1039,1010,891,800,888,816,813,1171,845,0,0,0,0,0,0,0,0,0,0,0,0,0,100,0,0,0,0,0,0,0,0,0,0,0,0,0,0,0,0,0,2.5,146143.18591308594,127805.03936767578,0,404335493120,8589930496,26192465920,0
199,1727586135777,960,1180,799,868,842,824,842,886,930,1388,831,963,862,800,853,816,873,799,875,829,839,863,828,1039,1010,891,800,888,816,813,1171,845,0,0,0,0,0,0,0,0,4.761904716491699,0,0,0,0,100,0,0,0,0,0,0,0,0,0,0,0,0,0,0,0,0,0,0,146147.48852539063,127811.71936035156,0,404335493120,8589930496,26192470016,0
199,1727586135977,960,1180,799,868,842,824,842,886,930,1388,831,963,862,800,853,816,873,799,875,829,839,863,828,1039,1010,891,800,888,816,813,1171,845,0,0,0,0,0,0,0,0,0,0,0,0,0,100,0,0,0,0,0,0,0,0,0,0,0,0,0,0,0,0,0,0,146151.8052368164,127818.39501953125,0,404335493120,8589930496,26192470016,0
199,1727586136177,960,1180,799,868,842,824,842,886,930,1388,831,963,862,800,853,816,873,799,875,829,839,863,828,1039,1010,891,800,888,816,813,1171,845,0,0,0,0,0,0,0,0,0,5,0,4.761904716491699,4.761904716491699,100,0,4.761904716491699,0,0,0,0,4.761904716491699,0,0,0,0,0,0,0,0,4.761904716491699,0,0,146156.12353515625,127825.08544921875,0,404335493120,8589930496,26192850944,0
199,1727586136378,960,1180,799,868,842,824,842,886,930,1388,831,963,862,800,853,816,873,799,875,829,839,863,828,1039,1010,891,800,888,816,813,1171,845,0,9.523809432983398,10,0,0,5,0,0,0,0,0,5,5,100,5,0,0,0,15.789472579956055,0,4.761904716491699,0,0,5.263157844543457,5,0,0,0,10,5.263157844543457,0,0,146160.4530029297,127831.7412109375,0,404335493120,8589930496,26197774336,0
199,1727586136578,960,1180,799,868,842,824,842,886,930,1388,831,963,862,800,853,816,873,799,875,829,839,863,828,1039,1010,891,800,888,816,813,1171,845,0,9.523809432983398,10,0,0,5,0,0,0,0,0,5,5,100,5,0,0,0,15.789472579956055,0,4.761904716491699,0,0,5.263157844543457,5,0,0,0,10,5.263157844543457,0,0,146164.79327392578,127838.42102050781,0,404335493120,8589930496,26197774336,0
199,1727586136778,960,1180,799,868,842,824,842,886,930,1388,831,963,862,800,853,816,873,799,875,829,839,863,828,1039,1010,891,800,888,816,813,1171,845,0,0,0,0,0,0,0,0,0,0,0,0,0,100,0,0,0,0,0,0,0,0,0,0,0,0,0,0,0,0,0,2.4390242099761963,146169.16833496094,127845.08868408203,0,404335493120,8589930496,26197774336,0
199,1727586136978,960,1180,799,868,842,824,842,886,930,1388,831,963,862,800,853,816,873,799,875,829,839,863,828,1039,1010,891,800,888,816,813,1171,845,0,0,0,0,0,0,0,0,0,0,0,0,0,100,0,9.523809432983398,0,0,0,0,0,0,0,0,0,0,0,0,0,0,0,0,146173.53173828125,127851.75146484375,0,404335493120,8589930496,26202435584,0
199,1727586137178,960,1180,799,868,842,824,842,886,930,1388,831,963,862,800,853,816,873,799,875,829,839,863,828,1039,1010,891,800,888,816,813,1171,845,5,0,5,0,0,4.761904716491699,0,0,0,4.761904716491699,0,4.761904716491699,0,100,0,0,0,0,0,4.761904716491699,0,0,0,4.761904716491699,0,0,4.761904716491699,5,0,0,0,0,146177.89453125,127858.42572021484,0,404335493120,8589930496,26203033600,0
199,1727586137378,960,1180,799,868,842,824,842,886,930,1388,831,963,862,800,853,816,873,799,875,829,839,863,828,1039,1010,891,800,888,816,813,1171,845,5,0,5,0,0,4.761904716491699,0,0,0,4.761904716491699,0,4.761904716491699,0,100,0,0,0,0,0,4.761904716491699,0,0,0,4.761904716491699,0,0,4.761904716491699,5,0,0,0,0,146182.19494628906,127865.05255126953,0,404335493120,8589930496,26205483008,0
199,1727586137578,960,1180,799,868,842,824,842,886,930,1388,831,963,862,800,853,816,873,799,875,829,839,863,828,1039,1010,891,800,888,816,813,1171,845,0,0,0,0,0,0,2.5,0,2.4390242099761963,0,2.5,0,0,100,0,0,0,5,0,0,0,0,0,0,0,5,0,0,0,2.4390242099761963,0,0,146186.5106201172,127871.7691040039,0,404335493120,8589930496,26205483008,0
199,1727586137778,960,1180,799,868,842,824,842,886,930,1388,831,963,862,800,853,816,873,799,875,829,839,863,828,1039,1010,891,800,888,816,813,1171,845,0,0,0,0,0,0,2.5,0,2.4390242099761963,0,2.5,0,0,100,0,0,0,5,0,0,0,0,0,0,0,5,0,0,0,2.4390242099761963,0,0,146190.74938964844,127878.4487915039,0,404335493120,8589930496,26205483008,0
199,1727586137979,960,1180,799,868,842,824,842,886,930,1388,831,963,862,800,853,816,873,799,875,829,839,863,828,1039,1010,891,800,888,816,813,1171,845,0,0,0,0,0,0,0,0,0,0,0,0,0,100,0,0,0,0,0,0,0,0,0,0,0,0,0,0,0,0,0,5,146195.04248046875,127885.12475585938,0,404335493120,8589930496,26205483008,0
199,1727586138179,960,1180,799,868,842,824,842,886,930,1388,831,963,862,800,853,816,873,799,875,829,839,863,828,1039,1010,891,800,888,816,813,1171,845,0,0,0,0,0,0,0,0,0,0,0,0,0,100,0,0,0,0,0,0,0,0,0,0,0,0,0,0,0,0,0,0,146199.36029052734,127891.79675292969,0,404335493120,8589930496,26205503488,0
199,1727586138379,960,1180,799,868,842,824,842,886,930,1388,831,963,862,800,853,816,873,799,875,829,839,863,828,1039,1010,891,800,888,816,813,1171,845,0,0,0,0,0,0,0,0,0,0,0,0,0,100,0,0,0,0,0,0,0,0,0,0,0,0,0,0,0,0,0,0,146203.69134521484,127898.47045898438,0,404335493120,8589930496,26205503488,0
199,1727586138579,960,1180,799,868,842,824,842,886,930,1388,831,963,862,800,853,816,873,799,875,829,839,863,828,1039,1010,891,800,888,816,813,1171,845,0,0,0,0,0,0,0,0,0,0,0,0,0,100,0,0,0,0,0,0,0,0,0,0,0,0,0,0,0,0,0,0,146207.99285888672,127905.15557861328,0,404335493120,8589930496,26205503488,0
199,1727586138779,960,1180,799,868,842,824,842,886,930,1388,831,963,862,800,853,816,873,799,875,829,839,863,828,1039,1010,891,800,888,816,813,1171,845,0,0,0,0,0,0,0,0,0,0,0,0,4.761904716491699,100,0,0,0,0,0,0,0,0,0,5,0,0,0,0,0,0,0,0,146212.33282470703,127911.83435058594,0,404335493120,8589930496,26210217984,0
199,1727586138979,960,1180,799,868,842,824,842,886,930,1388,831,963,862,800,853,816,873,799,875,829,839,863,828,1039,1010,891,800,888,816,813,1171,845,0,0,0,0,0,0,0,0,0,0,0,0,0,100,0,0,0,0,0,0,0,0,0,0,0,0,0,0,0,0,0,0,146216.66021728516,127918.51452636719,0,404335493120,8589930496,26210217984,0
199,1727586139179,960,1180,799,868,842,824,842,886,930,1388,831,963,862,800,853,816,873,799,875,829,839,863,828,1039,1010,891,800,888,816,813,1171,845,0,0,0,0,0,0,0,0,0,0,0,0,0,100,0,0,0,0,0,0,0,0,0,0,0,0,0,0,0,0,0,0,146220.94354248047,127925.19738769531,0,404335493120,8589930496,26210222080,0
199,1727586139379,960,1180,799,868,842,824,842,886,930,1388,831,963,862,800,853,816,873,799,875,829,839,863,828,1039,1010,891,800,888,816,813,1171,845,0,0,0,0,0,0,0,0,0,0,0,0,0,100,0,0,0,0,0,0,0,0,0,0,0,0,0,0,0,0,0,0,146225.2406616211,127931.8726196289,0,404335493120,8589930496,26210222080,0
199,1727586139580,960,1180,799,868,842,824,842,886,930,1388,831,963,862,800,853,816,873,799,875,829,839,863,828,1039,1010,891,800,888,816,813,1171,845,0,0,0,0,0,0,0,0,0,0,0,0,0,100,0,0,0,0,0,0,0,0,0,0,0,0,0,0,0,0,0,5,146229.52130126953,127938.5521850586,0,404335493120,8589930496,26210222080,0
199,1727586139780,960,1180,799,868,842,824,842,886,930,1388,831,963,862,800,853,816,873,799,875,829,839,863,828,1039,1010,891,800,888,816,813,1171,845,0,0,0,0,0,0,0,0,0,0,0,0,0,100,0,0,0,0,0,0,0,0,0,0,0,0,0,0,0,0,0,0,146233.8189086914,127945.22387695313,0,404335493120,8589930496,26210222080,0
199,1727586139980,960,1180,799,868,842,824,842,886,930,1388,831,963,862,800,853,816,873,799,875,829,839,863,828,1039,1010,891,800,888,816,813,1171,845,0,0,0,0,0,0,0,0,0,0,0,0,0,100,0,0,0,0,0,0,0,0,0,0,0,0,0,0,0,0,0,4.761904716491699,146238.14093017578,127951.90106201172,0,404335493120,8589930496,26210222080,0
199,1727586140180,960,1180,799,868,842,824,842,886,930,1388,831,963,862,800,853,816,873,799,875,829,839,863,828,1039,1010,891,800,888,816,813,1171,845,5,0,4.761904716491699,0,0,0,0,0,0,5,10,0,0,100,0,0,0,5,4.761904716491699,5,0,4.761904716491699,9.523809432983398,0,0,0,0,0,0,0,0,0,146242.49462890625,127958.58166503906,0,404335493120,8589930496,26210492416,0
199,1727586140380,960,1180,799,868,842,824,842,886,930,1388,831,963,862,800,853,816,873,799,875,829,839,863,828,1039,1010,891,800,888,816,813,1171,845,4.761904716491699,0,0,5,4.761904716491699,4.761904716491699,0,0,0,0,0,0,10,100,0,0,0,0,5,4.761904716491699,4.761904716491699,4.761904716491699,0,4.761904716491699,4.761904716491699,0,0,0,5,0,4.761904716491699,0,146246.8193359375,127965.2465209961,0,404335493120,8589930496,26210500608,0
199,1727586140580,960,1180,799,868,842,824,842,886,930,1388,831,963,862,800,853,816,873,799,875,829,839,863,828,1039,1010,891,800,888,816,813,1171,845,4.761904716491699,0,0,5,4.761904716491699,4.761904716491699,0,0,0,0,0,0,10,100,0,0,0,0,5,4.761904716491699,4.761904716491699,4.761904716491699,0,4.761904716491699,4.761904716491699,0,0,0,5,0,4.761904716491699,0,146251.1167602539,127971.92785644531,0,404335493120,8589930496,26210500608,0
199,1727586140781,960,1180,799,868,842,824,842,886,930,1388,831,963,862,800,853,816,873,799,875,829,839,863,828,1039,1010,891,800,888,816,813,1171,845,0,0,2.4390242099761963,2.4390242099761963,0,0,0,0,0,0,0,0,0,100,0,0,0,0,0,0,0,0,0,2.5,0,0,0,0,17.5,0,0,2.5,146255.45440673828,127978.75103759766,0,404335493120,8589930496,26215194624,0
199,1727586140981,960,1180,799,868,842,824,842,886,930,1388,831,963,862,800,853,816,873,799,875,829,839,863,828,1039,1010,891,800,888,816,813,1171,845,0,0,0,0,0,0,0,0,0,0,0,0,0,100,0,0,0,0,0,0,0,0,0,0,0,0,0,0,0,0,0,0,146259.78985595703,127985.43542480469,0,404335493120,8589930496,26215194624,0
199,1727586141181,960,1180,799,868,842,824,842,886,930,1388,831,963,862,800,853,816,873,799,875,829,839,863,828,1039,1010,891,800,888,816,813,1171,845,0,0,0,5,0,0,4.761904716491699,5,0,0,0,0,0,100,0,0,4.761904716491699,0,0,0,0,0,0,0,0,4.761904716491699,0,0,0,0,0,5,146264.14038085938,127992.10412597656,0,404335493120,8589930496,26215497728,0
199,1727586141381,960,1180,799,868,842,824,842,886,930,1388,831,963,862,800,853,816,873,799,875,829,839,863,828,1039,1010,891,800,888,816,813,1171,845,0,0,5,0,0,11.111111640930176,5,5,0,0,0,0,0,100,0,5,5,0,0,0,0,5.263157844543457,0,0,0,5,0,5,0,0,0,4.761904716491699,146268.50622558594,127998.78564453125,0,404335493120,8589930496,26220392448,0
199,1727586141581,960,1180,799,868,842,824,842,886,930,1388,831,963,862,800,853,816,873,799,875,829,839,863,828,1039,1010,891,800,888,816,813,1171,845,0,0,5,0,0,11.111111640930176,5,5,0,0,0,0,0,100,0,5,5,0,0,0,0,5.263157844543457,0,0,0,5,0,5,0,0,0,4.761904716491699,146272.74365234375,128005.41790771484,0,404335493120,8589930496,26220478464,0
199,1727586141781,960,1180,799,868,842,824,842,886,930,1388,831,963,862,800,853,816,873,799,875,829,839,863,828,1039,1010,891,800,888,816,813,1171,845,0,0,0,0,0,0,0,0,0,0,0,0,0,100,0,0,0,0,0,0,0,0,0,0,0,0,0,0,0,0,0,0,146277.0239868164,128012.13562011719,0,404335493120,8589930496,26220478464,0
199,1727586141981,960,1180,799,868,842,824,842,886,930,1388,831,963,862,800,853,816,873,799,875,829,839,863,828,1039,1010,891,800,888,816,813,1171,845,5,28.571430206298828,4.761904716491699,0,0,0,5,0,0,0,0,0,13.636363983154297,100,5,4.761904716491699,5,0,0,0,5,0,4.761904716491699,5,4.761904716491699,0,0,0,0,0,5,5,146281.39349365234,128018.89562988281,0,404335493120,8589930496,26234335232,0
199,1727586142181,960,1180,799,868,842,824,842,886,930,1388,831,963,862,800,853,816,873,799,875,829,839,863,828,1039,1010,891,800,888,816,813,1171,845,5,28.571430206298828,4.761904716491699,0,0,0,5,0,0,0,0,0,13.636363983154297,100,5,4.761904716491699,5,0,0,0,5,0,4.761904716491699,5,4.761904716491699,0,0,0,0,0,5,5,146285.76947021484,128025.53509521484,0,404335493120,8589930496,26221531136,0
199,1727586142382,960,1180,799,868,842,824,842,886,930,1388,831,963,862,800,853,816,873,799,875,829,839,863,828,1039,1010,891,800,888,816,813,1171,845,5,0,0,0,0,2.5,0,2.5641026496887207,2.5,0,2.4390242099761963,0,0,12.5,0,7.500000476837158,0,2.5,0,0,2.5,4.878048419952393,2.6315789222717285,0,0,2.4390242099761963,89.74359130859375,2.5,0,4.878048419952393,2.5,0,146290.0655517578,128032.25091552734,0,404335493120,8589930496,26222657536,0
199,1727586142582,960,1180,799,868,842,824,842,886,930,1388,831,963,862,800,853,816,873,799,875,829,839,863,828,1039,1010,891,800,888,816,813,1171,845,5,0,0,0,0,2.5,0,2.5641026496887207,2.5,0,2.4390242099761963,0,0,12.5,0,7.500000476837158,0,2.5,0,0,2.5,4.878048419952393,2.6315789222717285,0,0,2.4390242099761963,89.74359130859375,2.5,0,4.878048419952393,2.5,0,146294.33666992188,128038.93475341797,0,404335493120,8589930496,26222657536,0
199,1727586142782,960,1180,799,868,842,824,842,886,930,1388,831,963,862,800,853,816,873,799,875,829,839,863,828,1039,1010,891,800,888,816,813,1171,845,2.4390242099761963,0,0,0,0,0,2.4390242099761963,0,0,0,0,0,0,0,0,0,0,0,0,0,0,0,0,0,0,0,100,0,0,0,0,2.4390242099761963,146298.67541503906,128045.61645507813,0,404335493120,8589930496,26222661632,0
199,1727586142982,960,1180,799,868,842,824,842,886,930,1388,831,963,862,800,853,816,873,799,875,829,839,863,828,1039,1010,891,800,888,816,813,1171,845,0,0,0,0,0,0,0,0,0,0,0,0,0,0,0,0,0,0,0,0,0,0,0,0,0,0,100,0,0,0,0,0,146303.0415649414,128052.29327392578,0,404335493120,8589930496,26222665728,0
199,1727586143182,960,1180,799,868,842,824,842,886,930,1388,831,963,862,800,853,816,873,799,875,829,839,863,828,1039,1010,891,800,888,816,813,1171,845,0,0,0,0,0,0,0,0,0,0,0,0,0,0,0,0,0,0,0,0,0,0,0,0,0,0,100,0,0,0,0,0,146307.36614990234,128058.97131347656,0,404335493120,8589930496,26222669824,0
199,1727586143382,960,1180,799,868,842,824,842,886,930,1388,831,963,862,800,853,816,873,799,875,829,839,863,828,1039,1010,891,800,888,816,813,1171,845,0,0,0,0,0,0,0,0,0,0,0,0,0,0,0,0,0,0,0,0,0,0,0,0,0,0,100,0,0,0,0,0,146311.66540527344,128065.64715576172,0,404335493120,8589930496,26222669824,0
199,1727586143582,960,1180,799,868,842,824,842,886,930,1388,831,963,862,800,853,816,873,799,875,829,839,863,828,1039,1010,891,800,888,816,813,1171,845,0,0,4.761904716491699,0,0,0,0,0,0,0,0,0,0,0,0,0,0,0,0,0,0,0,0,0,0,0,100,0,0,0,0,0,146315.99853515625,128072.32537841797,0,404335493120,8589930496,26222669824,0
199,1727586143782,960,1180,799,868,842,824,842,886,930,1388,831,963,862,800,853,816,873,799,875,829,839,863,828,1039,1010,891,800,888,816,813,1171,845,0,0,0,0,0,0,0,0,0,0,0,0,0,0,0,0,0,0,0,0,0,0,0,0,0,0,100,0,0,0,0,0,146320.27947998047,128078.99548339844,0,404335493120,8589930496,26222657536,0
199,1727586143983,960,1180,799,868,842,824,842,886,930,1388,831,963,862,800,853,816,873,799,875,829,839,863,828,1039,1010,891,800,888,816,813,1171,845,0,0,0,0,0,0,0,0,0,0,0,0,0,0,0,0,0,0,0,0,0,0,0,0,0,0,100,0,0,0,0,0,146324.5689086914,128085.67449951172,0,404335493120,8589930496,26222657536,0
199,1727586144183,960,1180,799,868,842,824,842,886,930,1388,831,963,862,800,853,816,873,799,875,829,839,863,828,1039,1010,891,800,888,816,813,1171,845,0,0,0,0,0,0,0,0,0,0,0,0,0,0,0,0,0,0,0,0,0,0,0,0,0,0,100,0,0,0,0,0,146328.9185180664,128092.35705566406,0,404335493120,8589930496,26222657536,0
199,1727586144383,960,1180,799,868,842,824,842,886,930,1388,831,963,862,800,853,816,873,799,875,829,839,863,828,1039,1010,891,800,888,816,813,1171,845,0,0,0,0,0,0,0,0,0,0,0,0,0,0,0,0,0,0,0,0,0,0,0,0,0,0,100,0,0,0,0,0,146333.25158691406,128099.03436279297,0,404335493120,8589930496,26222657536,0
199,1727586144583,960,1180,799,868,842,824,842,886,930,1388,831,963,862,800,853,816,873,799,875,829,839,863,828,1039,1010,891,800,888,816,813,1171,845,0,0,0,0,0,0,0,0,0,0,0,0,0,0,0,0,0,0,0,0,0,0,0,0,0,0,100,0,0,0,0,0,146337.62188720703,128105.71417236328,0,404335493120,8589930496,26222657536,0
199,1727586144783,960,1180,799,868,842,824,842,886,930,1388,831,963,862,800,853,816,873,799,875,829,839,863,828,1039,1010,891,800,888,816,813,1171,845,0,0,0,0,0,0,0,0,0,0,0,0,0,0,0,0,0,0,0,0,0,0,0,0,0,0,100,0,0,0,0,0,146341.95727539063,128112.39562988281,0,404335493120,8589930496,26222669824,0
199,1727586144983,960,1180,799,868,842,824,842,886,930,1388,831,963,862,800,853,816,873,799,875,829,839,863,828,1039,1010,891,800,888,816,813,1171,845,0,0,0,0,0,0,0,0,0,0,0,0,0,0,0,0,0,0,0,0,0,0,0,0,0,0,100,0,0,0,5.263157844543457,0,146346.31085205078,128119.06066894531,0,404335493120,8589930496,26224574464,0
199,1727586145183,960,1180,799,868,842,824,842,886,930,1388,831,963,862,800,853,816,873,799,875,829,839,863,828,1039,1010,891,800,888,816,813,1171,845,0,0,0,0,0,9.523809432983398,0,0,0,10,0,5,0,0,0,0,0,4.761904716491699,0,4.761904716491699,0,0,5,0,0,0,100,0,0,0,4.761904716491699,0,146350.7119140625,128125.74719238281,0,404335493120,8589930496,26225246208,0
199,1727586145384,960,1180,799,868,842,824,842,886,930,1388,831,963,862,800,853,816,873,799,875,829,839,863,828,1039,1010,891,800,888,816,813,1171,845,0,0,0,0,0,9.523809432983398,0,0,0,10,0,5,0,0,0,0,0,4.761904716491699,0,4.761904716491699,0,0,5,0,0,0,100,0,0,0,4.761904716491699,0,146355.06927490234,128132.42291259766,0,404335493120,8589930496,26225254400,0
199,1727586145584,960,1180,799,868,842,824,842,886,930,1388,831,963,862,800,853,816,873,799,875,829,839,863,828,1039,1010,891,800,888,816,813,1171,845,0,0,2.4390242099761963,0,0,0,0,0,0,0,0,0,0,0,0,0,0,0,0,0,0,0,0,0,0,0,100,0,0,0,2.5,2.5641026496887207,146359.42596435547,128139.10217285156,0,404335493120,8589930496,26225270784,0
199,1727586145784,960,1180,799,868,842,824,842,886,930,1388,831,963,862,800,853,816,873,799,875,829,839,863,828,1039,1010,891,800,888,816,813,1171,845,0,0,0,0,0,0,0,0,4.761904716491699,0,0,0,0,0,0,0,0,0,0,0,0,0,0,0,0,0,100,0,0,0,4.761904716491699,0,146363.7579345703,128145.78881835938,0,404335493120,8589930496,26224660480,0
199,1727586145984,960,1180,799,868,842,824,842,886,930,1388,831,963,862,800,853,816,873,799,875,829,839,863,828,1039,1010,891,800,888,816,813,1171,845,0,0,0,0,0,0,0,0,0,0,0,0,0,0,0,0,0,0,0,0,0,0,0,0,0,0,100,0,0,0,0,0,146368.0687866211,128152.47100830078,0,404335493120,8589930496,26224660480,0
199,1727586146184,960,1180,799,868,842,824,842,886,930,1388,831,963,862,800,853,816,873,799,875,829,839,863,828,1039,1010,891,800,888,816,813,1171,845,0,4.761904716491699,0,0,0,4.761904716491699,0,4.761904716491699,0,0,0,0,0,0,0,0,0,0,0,0,0,4.761904716491699,0,9.523809432983398,0,0,100,5,4.761904716491699,0,0,0,146372.39379882813,128159.13092041016,0,404335493120,8589930496,26225393664,0
199,1727586146384,960,1180,799,868,842,824,842,886,930,1388,831,963,862,800,853,816,873,799,875,829,839,863,828,1039,1010,891,800,888,816,813,1171,845,0,4.761904716491699,0,0,0,4.761904716491699,0,4.761904716491699,0,0,0,0,0,0,0,0,0,0,0,0,0,4.761904716491699,0,9.523809432983398,0,0,100,5,4.761904716491699,0,0,0,146376.7374267578,128165.82293701172,0,404335493120,8589930496,26233024512,0
199,1727586146584,960,1180,799,868,842,824,842,886,930,1388,831,963,862,800,853,816,873,799,875,829,839,863,828,1039,1010,891,800,888,816,813,1171,845,4.878048419952393,0,2.5,5,0,0,10,2.5,2.5,2.4390242099761963,0,0,0,0,0,4.878048419952393,0,2.4390242099761963,0,0,0,2.5,0,0,4.761904716491699,0,100,4.878048419952393,2.5,4.878048419952393,0,4.878048419952393,146381.09246826172,128172.47253417969,0,404335493120,8589930496,26231656448,0
199,1727586146785,960,1180,799,868,842,824,842,886,930,1388,831,963,862,800,853,816,873,799,875,829,839,863,828,1039,1010,891,800,888,816,813,1171,845,4.878048419952393,0,2.5,5,0,0,10,2.5,2.5,2.4390242099761963,0,0,0,0,0,4.878048419952393,0,2.4390242099761963,0,0,0,2.5,0,0,4.761904716491699,0,100,4.878048419952393,2.5,4.878048419952393,0,4.878048419952393,146385.4327392578,128179.14929199219,0,404335493120,8589930496,26231656448,0
199,1727586146985,960,1180,799,868,842,824,842,886,930,1388,831,963,862,800,853,816,873,799,875,829,839,863,828,1039,1010,891,800,888,816,813,1171,845,0,0,2.5,0,0,0,0,0,0,0,0,0,2.4390242099761963,0,0,0,0,0,0,0,0,0,0,2.5,0,0,100,0,0,0,0,0,146389.71697998047,128185.82733154297,0,404335493120,8589930496,26236375040,0
199,1727586147185,960,1180,799,868,842,824,842,886,930,1388,831,963,862,800,853,816,873,799,875,829,839,863,828,1039,1010,891,800,888,816,813,1171,845,0,0,9.523809432983398,0,4.761904716491699,0,0,0,5,0,4.761904716491699,9.523809432983398,0,4.761904716491699,0,0,0,0,0,0,0,0,0,4.761904716491699,0,0,100,5,0,4.761904716491699,5,5,146393.96166992188,128192.4868774414,0,404335493120,8589930496,26237857792,0
199,1727586147385,960,1180,799,868,842,824,842,886,930,1388,831,963,862,800,853,816,873,799,875,829,839,863,828,1039,1010,891,800,888,816,813,1171,845,0,0,9.523809432983398,0,4.761904716491699,0,0,0,5,0,4.761904716491699,9.523809432983398,0,4.761904716491699,0,0,0,0,0,0,0,0,0,4.761904716491699,0,0,100,5,0,4.761904716491699,5,5,146398.28289794922,128199.17541503906,0,404335493120,8589930496,26249129984,0
199,1727586147585,960,1180,799,868,842,824,842,886,930,1388,831,963,862,800,853,816,873,799,875,829,839,863,828,1039,1010,891,800,888,816,813,1171,845,10,10,0,0,0,0,0,0,0,0,0,0,0,0,0,0,0,0,0,0,0,0,0,0,10,0,100,0,0,0,0,0,146402.59259033203,128205.8578491211,0,404335493120,8589930496,26249129984,0
199,1727586147785,960,1180,799,868,842,824,842,886,930,1388,831,963,862,800,853,816,873,799,875,829,839,863,828,1039,1010,891,800,888,816,813,1171,845,2.4390242099761963,0,0,0,0,0,0,0,0,0,0,0,0,0,0,0,0,0,0,0,0,0,0,0,0,0,100,0,0,0,0,0,146406.89782714844,128212.53784179688,0,404335493120,8589930496,26249129984,0
199,1727586147985,960,1180,799,868,842,824,842,886,930,1388,831,963,862,800,853,816,873,799,875,829,839,863,828,1039,1010,891,800,888,816,813,1171,845,0,0,0,0,0,0,0,0,0,0,0,0,0,0,0,0,0,0,0,0,0,0,0,0,0,0,100,0,0,0,0,0,146411.23498535156,128219.203125,0,404335493120,8589930496,26249134080,0
199,1727586148185,960,1180,799,868,842,824,842,886,930,1388,831,963,862,800,853,816,873,799,875,829,839,863,828,1039,1010,891,800,888,816,813,1171,845,0,0,0,0,0,0,0,0,0,0,0,0,0,0,0,0,0,0,0,0,0,0,0,0,0,0,100,0,0,0,0,0,146415.58032226563,128225.85650634766,0,404335493120,8589930496,26249138176,0
199,1727586148386,960,1180,799,868,842,824,842,886,930,1388,831,963,862,800,853,816,873,799,875,829,839,863,828,1039,1010,891,800,888,816,813,1171,845,4.761904716491699,0,0,0,0,0,0,0,0,4.761904716491699,0,0,0,0,0,0,0,0,0,0,0,0,0,0,0,0,100,0,0,0,0,0,146419.9136352539,128232.52490234375,0,404335493120,8589930496,26249138176,0
199,1727586148586,960,1180,799,868,842,824,842,886,930,1388,831,963,862,800,853,816,873,799,875,829,839,863,828,1039,1010,891,800,888,816,813,1171,845,4.761904716491699,4.761904716491699,0,0,0,4.761904716491699,0,0,0,0,0,0,0,0,0,0,4.761904716491699,0,0,0,0,0,0,0,0,0,100,0,0,0,0,0,146424.2505493164,128239.1967163086,0,404335493120,8589930496,26247995392,0
199,1727586148786,960,1180,799,868,842,824,842,886,930,1388,831,963,862,800,853,816,873,799,875,829,839,863,828,1039,1010,891,800,888,816,813,1171,845,0,0,5,5,0,0,0,0,0,0,0,0,4.761904716491699,0,0,0,0,0,0,0,0,0,0,0,0,0,100,5,0,0,0,0,146428.55236816406,128245.88513183594,0,404335493120,8589930496,26251608064,0
199,1727586148986,960,1180,799,868,842,824,842,886,930,1388,831,963,862,800,853,816,873,799,875,829,839,863,828,1039,1010,891,800,888,816,813,1171,845,0,0,5,0,0,0,0,0,0,0,0,0,4.761904716491699,0,0,0,0,0,0,0,0,0,0,0,0,0,100,0,0,0,0,0,146432.8350830078,128252.56127929688,0,404335493120,8589930496,26251030528,0
199,1727586149186,960,1180,799,868,842,824,842,886,930,1388,831,963,862,800,853,816,873,799,875,829,839,863,828,1039,1010,891,800,888,816,813,1171,845,0,0,0,0,0,0,0,0,0,0,0,0,0,40,0,0,0,0,0,0,0,0,0,0,0,0,60.000003814697266,0,0,0,0,0,146437.12890625,128259.2153930664,0,404335493120,8589930496,26251034624,0
199,1727586149386,960,1180,799,868,842,824,842,886,930,1388,831,963,862,800,853,816,873,799,875,829,839,863,828,1039,1010,891,800,888,816,813,1171,845,0,0,0,0,0,0,0,0,0,0,0,0,0,100,0,0,0,0,0,0,0,0,0,0,0,0,0,0,0,0,0,0,146441.4490966797,128265.90234375,0,404335493120,8589930496,26251034624,0
199,1727586149586,960,1180,799,868,842,824,842,886,930,1388,831,963,862,800,853,816,873,799,875,829,839,863,828,1039,1010,891,800,888,816,813,1171,845,0,0,0,0,0,0,0,0,0,0,0,0,0,100,0,0,0,0,0,0,0,0,0,4.761904716491699,0,0,0,0,0,0,0,0,146445.7510986328,128272.57897949219,0,404335493120,8589930496,26248749056,0
199,1727586149787,960,1180,799,868,842,824,842,886,930,1388,831,963,862,800,853,816,873,799,875,829,839,863,828,1039,1010,891,800,888,816,813,1171,845,0,0,0,0,0,0,0,0,0,0,0,0,0,100,0,0,0,0,0,0,0,0,0,0,0,0,0,0,0,0,0,0,146450.03521728516,128279.23474121094,0,404335493120,8589930496,26248749056,0
199,1727586149987,960,1180,799,868,842,824,842,886,930,1388,831,963,862,800,853,816,873,799,875,829,839,863,828,1039,1010,891,800,888,816,813,1171,845,0,0,0,0,0,0,0,0,0,0,0,0,0,100,0,0,0,0,0,0,0,0,0,0,0,0,0,0,0,0,0,0,146454.38800048828,128285.9194946289,0,404335493120,8589930496,26248749056,0
199,1727586150187,960,1180,799,868,842,824,842,886,930,1388,831,963,862,800,853,816,873,799,875,829,839,863,828,1039,1010,891,800,888,816,813,1171,845,5,0,0,5,0,0,0,9.090909004211426,0,0,0,0,0,100,0,0,0,0,0,5,0,0,4.761904716491699,0,5.263157844543457,4.761904716491699,0,4.761904716491699,0,0,4.761904716491699,0,146458.7300415039,128292.64361572266,0,404335493120,8589930496,26250735616,0
199,1727586150387,960,1180,799,868,842,824,842,886,930,1388,831,963,862,800,853,816,873,799,875,829,839,863,828,1039,1010,891,800,888,816,813,1171,845,5,0,0,5,0,0,0,9.090909004211426,0,0,0,0,0,100,0,0,0,0,0,5,0,0,4.761904716491699,0,5.263157844543457,4.761904716491699,0,4.761904716491699,0,0,4.761904716491699,0,146463.0298461914,128299.29516601563,0,404335493120,8589930496,26250285056,0
199,1727586150587,960,1180,799,868,842,824,842,886,930,1388,831,963,862,800,853,816,873,799,875,829,839,863,828,1039,1010,891,800,888,816,813,1171,845,0,0,0,0,0,0,0,0,0,0,0,0,0,100,0,0,0,0,0,0,0,0,0,0,0,0,0,0,0,0,0,0,146467.3514404297,128305.97979736328,0,404335493120,8589930496,26250305536,0
199,1727586150787,960,1180,799,868,842,824,842,886,930,1388,831,963,862,800,853,816,873,799,875,829,839,863,828,1039,1010,891,800,888,816,813,1171,845,0,0,0,0,0,0,0,0,0,0,0,0,0,100,0,0,0,0,0,0,0,0,0,0,0,0,0,10,0,0,0,0,146471.6567993164,128312.67071533203,0,404335493120,8589930496,26254409728,0
199,1727586150987,960,1180,799,868,842,824,842,886,930,1388,831,963,862,800,853,816,873,799,875,829,839,863,828,1039,1010,891,800,888,816,813,1171,845,0,0,0,0,0,0,0,0,0,5.263157844543457,0,0,0,100,0,0,0,0,0,4.761904716491699,0,0,0,0,4.761904716491699,0,0,4.761904716491699,4.761904716491699,9.090909004211426,0,0,146475.9903564453,128319.35833740234,0,404335493120,8589930496,26254413824,0
199,1727586151187,960,1180,799,868,842,824,842,886,930,1388,831,963,862,800,853,816,873,799,875,829,839,863,828,1039,1010,891,800,888,816,813,1171,845,0,0,0,0,0,0,0,0,0,5.263157844543457,0,0,0,100,0,0,0,0,0,4.761904716491699,0,0,0,0,4.761904716491699,0,0,4.761904716491699,4.761904716491699,9.090909004211426,0,0,146480.2777709961,128325.9892578125,0,404335493120,8589930496,26255335424,0
199,1727586151387,960,1180,799,868,842,824,842,886,930,1388,831,963,862,800,853,816,873,799,875,829,839,863,828,1039,1010,891,800,888,816,813,1171,845,2.5641026496887207,5,5,5,2.5,2.5,4.878048419952393,2.5641026496887207,2.5641026496887207,2.5641026496887207,4.878048419952393,2.5,2.5641026496887207,100,2.5641026496887207,5,2.5,5,2.5641026496887207,2.5641026496887207,2.5,2.5641026496887207,2.5641026496887207,4.878048419952393,2.5641026496887207,2.5,2.5,5,2.5641026496887207,2.5,2.5,5.128205299377441,146484.65014648438,128332.81121826172,0,404335493120,8589930496,26262564864,0
199,1727586151588,960,1180,799,868,842,824,842,886,930,1388,831,963,862,800,853,816,873,799,875,829,839,863,828,1039,1010,891,800,888,816,813,1171,845,5,4.761904716491699,5,0,4.761904716491699,0,4.761904716491699,4.761904716491699,0,9.090909004211426,0,5,9.523809432983398,61.904762268066406,9.523809432983398,0,5,4.761904716491699,4.761904716491699,4.761904716491699,15.789472579956055,5,5,5,0,5,40,5,4.761904716491699,0,0,5,146488.94873046875,128339.49487304688,0,404335493120,8589930496,26267488256,0
199,1727586151788,960,1180,799,868,842,824,842,886,930,1388,831,963,862,800,853,816,873,799,875,829,839,863,828,1039,1010,891,800,888,816,813,1171,845,5,4.761904716491699,5,0,4.761904716491699,0,4.761904716491699,4.761904716491699,0,9.090909004211426,0,5,9.523809432983398,61.904762268066406,9.523809432983398,0,5,4.761904716491699,4.761904716491699,4.761904716491699,15.789472579956055,5,5,5,0,5,40,5,4.761904716491699,0,0,5,146493.23309326172,128346.1937866211,0,404335493120,8589930496,26266935296,0
199,1727586151988,960,1180,799,868,842,824,842,886,930,1388,831,963,862,800,853,816,873,799,875,829,839,863,828,1039,1010,891,800,888,816,813,1171,845,2.4390242099761963,0,0,0,0,0,0,0,0,0,0,2.4390242099761963,0,0,0,0,0,0,0,0,0,0,0,0,0,0,100,0,0,0,0,0,146497.57232666016,128352.88848876953,0,404335493120,8589930496,26266935296,0
199,1727586152188,960,1180,799,868,842,824,842,886,930,1388,831,963,862,800,853,816,873,799,875,829,839,863,828,1039,1010,891,800,888,816,813,1171,845,2.4390242099761963,0,0,0,0,0,0,0,0,0,0,2.4390242099761963,0,0,0,0,0,0,0,0,0,0,0,0,0,0,100,0,0,0,0,0,146501.90008544922,128359.56475830078,0,404335493120,8589930496,26272292864,0
199,1727586152388,960,1180,799,868,842,824,842,886,930,1388,831,963,862,800,853,816,873,799,875,829,839,863,828,1039,1010,891,800,888,816,813,1171,845,5,10,0,9.090909004211426,4.761904716491699,4.761904716491699,0,0,0,0,0,0,4.761904716491699,0,5,0,4.761904716491699,4.761904716491699,0,5,21.052631378173828,0,0,5,5.263157844543457,0,100,0,0,0,0,0,146506.23571777344,128366.2748413086,0,404335493120,8589930496,26270138368,0
199,1727586152588,960,1180,799,868,842,824,842,886,930,1388,831,963,862,800,853,816,873,799,875,829,839,863,828,1039,1010,891,800,888,816,813,1171,845,5,10,0,9.090909004211426,4.761904716491699,4.761904716491699,0,0,0,0,0,0,4.761904716491699,0,5,0,4.761904716491699,4.761904716491699,0,5,21.052631378173828,0,0,5,5.263157844543457,0,100,0,0,0,0,0,146510.53466796875,128372.97155761719,0,404335493120,8589930496,26270142464,0
199,1727586152788,960,1180,799,868,842,824,842,886,930,1388,831,963,862,800,853,816,873,799,875,829,839,863,828,1039,1010,891,800,888,816,813,1171,845,0,0,0,0,0,0,0,0,0,0,0,0,0,0,0,2.5,0,0,0,0,0,0,0,0,0,0,100,0,0,0,0,0,146514.83966064453,128379.67004394531,0,404335493120,8589930496,26270142464,0
199,1727586152989,960,1180,799,868,842,824,842,886,930,1388,831,963,862,800,853,816,873,799,875,829,839,863,828,1039,1010,891,800,888,816,813,1171,845,0,0,0,0,0,0,0,0,0,0,0,0,0,0,0,0,0,0,0,0,0,0,0,0,0,0,100,0,0,0,4.761904716491699,0,146519.16693115234,128386.36450195313,0,404335493120,8589930496,26270142464,0
199,1727586153189,960,1180,799,868,842,824,842,886,930,1388,831,963,862,800,853,816,873,799,875,829,839,863,828,1039,1010,891,800,888,816,813,1171,845,0,0,0,0,0,0,0,0,0,0,0,0,0,0,0,0,0,0,0,0,0,0,0,0,0,0,100,0,0,0,0,0,146523.52130126953,128393.04949951172,0,404335493120,8589930496,26270150656,0
199,1727586153389,960,1180,799,868,842,824,842,886,930,1388,831,963,862,800,853,816,873,799,875,829,839,863,828,1039,1010,891,800,888,816,813,1171,845,0,0,0,0,0,0,0,0,0,0,0,0,0,0,0,0,0,0,0,0,0,0,0,0,0,0,100,0,0,0,0,0,146527.83819580078,128399.73309326172,0,404335493120,8589930496,26270150656,0
199,1727586153589,960,1180,799,868,842,824,842,886,930,1388,831,963,862,800,853,816,873,799,875,829,839,863,828,1039,1010,891,800,888,816,813,1171,845,0,0,0,0,0,0,0,0,0,0,0,0,0,0,0,0,0,0,0,0,0,0,0,0,0,0,100,0,0,0,0,0,146532.15405273438,128406.4340209961,0,404335493120,8589930496,26270150656,0
199,1727586153789,960,1180,799,868,842,824,842,886,930,1388,831,963,862,800,853,816,873,799,875,829,839,863,828,1039,1010,891,800,888,816,813,1171,845,0,0,0,0,0,0,0,0,0,0,0,0,0,0,0,0,0,0,0,0,0,0,0,0,0,0,100,0,0,0,0,0,146536.43450927734,128413.09948730469,0,404335493120,8589930496,26270150656,0
199,1727586153989,960,1180,799,868,842,824,842,886,930,1388,831,963,862,800,853,816,873,799,875,829,839,863,828,1039,1010,891,800,888,816,813,1171,845,4.761904716491699,0,0,0,0,0,0,0,0,0,0,0,0,0,0,0,0,0,0,0,0,0,0,0,0,0,100,0,0,0,0,0,146540.81439208984,128419.8198852539,0,404335493120,8589930496,26270150656,0
199,1727586154189,960,1180,799,868,842,824,842,886,930,1388,831,963,862,800,853,816,873,799,875,829,839,863,828,1039,1010,891,800,888,816,813,1171,845,0,0,0,0,0,0,0,0,0,0,0,0,0,0,0,0,0,0,0,0,0,0,0,0,0,0,100,0,0,0,0,0,146545.1410522461,128426.50439453125,0,404335493120,8589930496,26270154752,0
199,1727586154390,960,1180,799,868,842,824,842,886,930,1388,831,963,862,800,853,816,873,799,875,829,839,863,828,1039,1010,891,800,888,816,813,1171,845,4.761904716491699,0,0,0,0,0,0,0,0,0,0,0,0,0,0,0,0,0,0,0,0,0,0,0,0,0,100,0,0,0,0,0,146549.4931640625,128433.19061279297,0,404335493120,8589930496,26270154752,0
199,1727586154590,960,1180,799,868,842,824,842,886,930,1388,831,963,862,800,853,816,873,799,875,829,839,863,828,1039,1010,891,800,888,816,813,1171,845,0,0,0,0,0,0,0,0,0,0,0,0,0,0,0,0,0,0,0,0,0,0,0,0,0,0,100,0,0,0,0,0,146553.8056640625,128439.85919189453,0,404335493120,8589930496,26270154752,0
199,1727586154790,960,1180,799,868,842,824,842,886,930,1388,831,963,862,800,853,816,873,799,875,829,839,863,828,1039,1010,891,800,888,816,813,1171,845,0,0,0,0,0,0,0,0,0,0,0,0,0,0,0,0,0,0,0,0,0,0,0,0,0,0,100,0,0,0,0,0,146558.12255859375,128446.53814697266,0,404335493120,8589930496,26270154752,0
199,1727586154990,960,1180,799,868,842,824,842,886,930,1388,831,963,862,800,853,816,873,799,875,829,839,863,828,1039,1010,891,800,888,816,813,1171,845,0,0,0,0,0,0,0,0,0,0,0,0,0,0,0,0,0,0,0,0,0,0,0,0,0,0,100,0,0,0,0,0,146562.41314697266,128453.22381591797,0,404335493120,8589930496,26270154752,0
199,1727586155190,960,1180,799,868,842,824,842,886,930,1388,831,963,862,800,853,816,873,799,875,829,839,863,828,1039,1010,891,800,888,816,813,1171,845,0,0,0,0,0,4.761904716491699,0,5,0,0,0,0,0,0,0,0,0,0,0,4.761904716491699,0,0,0,0,4.761904716491699,10,100,9.523809432983398,5,0,4.761904716491699,0,146566.75982666016,128459.9267578125,0,404335493120,8589930496,26271297536,0
199,1727586155390,960,1180,799,868,842,824,842,886,930,1388,831,963,862,800,853,816,873,799,875,829,839,863,828,1039,1010,891,800,888,816,813,1171,845,0,0,0,0,0,4.761904716491699,0,5,0,0,0,0,0,0,0,0,0,0,0,4.761904716491699,0,0,0,0,4.761904716491699,10,100,9.523809432983398,5,0,4.761904716491699,0,146571.0802001953,128466.57940673828,0,404335493120,8589930496,26271297536,0
199,1727586155590,960,1180,799,868,842,824,842,886,930,1388,831,963,862,800,853,816,873,799,875,829,839,863,828,1039,1010,891,800,888,816,813,1171,845,2.4390242099761963,0,0,0,0,0,0,0,0,0,0,0,0,0,0,0,0,0,0,0,0,0,0,0,0,0,100,0,0,0,0,0,146575.42022705078,128473.26403808594,0,404335493120,8589930496,26271297536,0
199,1727586155790,960,1180,799,868,842,824,842,886,930,1388,831,963,862,800,853,816,873,799,875,829,839,863,828,1039,1010,891,800,888,816,813,1171,845,0,0,0,0,0,0,0,0,0,0,0,0,0,0,0,0,0,0,0,0,0,0,0,0,0,0,100,0,0,0,0,0,146579.7333984375,128479.9526977539,0,404335493120,8589930496,26271297536,0
199,1727586155991,960,1180,799,868,842,824,842,886,930,1388,831,963,862,800,853,816,873,799,875,829,839,863,828,1039,1010,891,800,888,816,813,1171,845,0,0,0,0,0,0,0,0,0,0,0,0,4.761904716491699,0,0,0,0,0,0,0,0,0,0,0,0,0,100,0,0,0,0,0,146584.07080078125,128486.64208984375,0,404335493120,8589930496,26271297536,0
199,1727586156191,960,1180,799,868,842,824,842,886,930,1388,831,963,862,800,853,816,873,799,875,829,839,863,828,1039,1010,891,800,888,816,813,1171,845,5,0,4.761904716491699,4.761904716491699,0,0,0,0,4.761904716491699,0,4.761904716491699,0,5,0,0,5,0,0,0,0,0,0,0,4.761904716491699,0,0,100,0,0,0,5,0,146588.4246826172,128493.3101196289,0,404335493120,8589930496,26272243712,0
199,1727586156391,960,1180,799,868,842,824,842,886,930,1388,831,963,862,800,853,816,873,799,875,829,839,863,828,1039,1010,891,800,888,816,813,1171,845,0,0,0,0,0,0,0,0,0,0,0,0,4.761904716491699,0,0,9.523809432983398,0,0,0,5,0,0,0,0,0,0,100,0,0,0,0,0,146592.74615478516,128499.9956665039,0,404335493120,8589930496,26272403456,0
199,1727586156591,960,1180,799,868,842,824,842,886,930,1388,831,963,862,800,853,816,873,799,875,829,839,863,828,1039,1010,891,800,888,816,813,1171,845,5,0,0,5,0,0,0,0,0,0,0,0,5.263157844543457,0,0,0,0,0,0,0,19.047618865966797,5,0,5,10,0,100,0,0,0,5,5,146597.03643798828,128506.66296386719,0,404335493120,8589930496,26277134336,0
199,1727586156791,960,1180,799,868,842,824,842,886,930,1388,831,963,862,800,853,816,873,799,875,829,839,863,828,1039,1010,891,800,888,816,813,1171,845,0,0,0,0,0,0,0,0,0,0,0,0,0,0,0,0,0,0,0,0,0,0,0,0,4.761904716491699,0,100,0,0,0,0,0,146601.32147216797,128513.310546875,0,404335493120,8589930496,26277134336,0
199,1727586156991,960,1180,799,868,842,824,842,886,930,1388,831,963,862,800,853,816,873,799,875,829,839,863,828,1039,1010,891,800,888,816,813,1171,845,0,0,0,0,0,0,0,0,0,0,0,0,0,0,0,0,0,0,0,0,0,0,0,0,4.761904716491699,0,100,0,0,0,0,0,146605.6294555664,128520.01446533203,0,404335493120,8589930496,26281611264,0
199,1727586157191,960,1180,799,868,842,824,842,886,930,1388,831,963,862,800,853,816,873,799,875,829,839,863,828,1039,1010,891,800,888,816,813,1171,845,0,0,5,0,0,0,4.761904716491699,5,5,5,0,5,5,0,5,0,0,5,4.761904716491699,4.761904716491699,5,4.761904716491699,0,0,0,5,100,10,5,5,4.761904716491699,0,146609.96362304688,128526.75305175781,0,404335493120,8589930496,26284052480,0
199,1727586157391,960,1180,799,868,842,824,842,886,930,1388,831,963,862,800,853,816,873,799,875,829,839,863,828,1039,1010,891,800,888,816,813,1171,845,0,0,5,0,0,0,4.761904716491699,5,5,5,0,5,5,0,5,0,0,5,4.761904716491699,4.761904716491699,5,4.761904716491699,0,0,0,5,100,10,5,5,4.761904716491699,0,146614.31707763672,128533.45294189453,0,404335493120,8589930496,26284355584,0
199,1727586157592,960,1180,799,868,842,824,842,886,930,1388,831,963,862,800,853,816,873,799,875,829,839,863,828,1039,1010,891,800,888,816,813,1171,845,0,0,4.878048419952393,0,0,5,0,0,0,0,0,0,0,0,0,0,0,0,0,0,0,0,0,0,0,0,100,4.878048419952393,0,0,2.5,4.761904716491699,146618.65106201172,128540.14129638672,0,404335493120,8589930496,26284359680,0
199,1727586157792,960,1180,799,868,842,824,842,886,930,1388,831,963,862,800,853,816,873,799,875,829,839,863,828,1039,1010,891,800,888,816,813,1171,845,0,0,0,0,0,0,0,0,0,0,0,0,0,0,0,0,0,0,0,0,0,0,0,0,0,0,100,0,0,0,0,0,146623.00805664063,128546.83367919922,0,404335493120,8589930496,26284359680,0
199,1727586157992,960,1180,799,868,842,824,842,886,930,1388,831,963,862,800,853,816,873,799,875,829,839,863,828,1039,1010,891,800,888,816,813,1171,845,0,0,0,0,0,0,0,0,0,0,0,0,4.761904716491699,0,0,0,0,0,0,0,0,4.761904716491699,0,0,0,0,100,0,0,0,0,0,146627.30584716797,128553.5288696289,0,404335493120,8589930496,26284359680,0
199,1727586158192,960,1180,799,868,842,824,842,886,930,1388,831,963,862,800,853,816,873,799,875,829,839,863,828,1039,1010,891,800,888,816,813,1171,845,0,0,0,0,0,0,0,0,0,0,0,0,0,0,0,0,0,0,0,0,0,0,0,0,0,0,100,0,0,0,0,0,146631.61584472656,128560.22204589844,0,404335493120,8589930496,26284359680,0
199,1727586158392,960,1180,799,868,842,824,842,886,930,1388,831,963,862,800,853,816,873,799,875,829,839,863,828,1039,1010,891,800,888,816,813,1171,845,0,0,0,0,0,0,0,0,0,0,0,0,0,0,0,0,0,0,0,0,0,0,0,0,0,0,100,0,0,0,0,0,146635.92156982422,128566.92932128906,0,404335493120,8589930496,26284359680,0
199,1727586158592,960,1180,799,868,842,824,842,886,930,1388,831,963,862,800,853,816,873,799,875,829,839,863,828,1039,1010,891,800,888,816,813,1171,845,0,0,0,4.761904716491699,0,0,0,0,0,0,0,0,0,0,0,0,0,0,0,0,0,0,0,0,0,0,100,0,0,0,0,0,146640.1683959961,128573.61279296875,0,404335493120,8589930496,26284359680,0
199,1727586158792,960,1180,799,868,842,824,842,886,930,1388,831,963,862,800,853,816,873,799,875,829,839,863,828,1039,1010,891,800,888,816,813,1171,845,0,0,0,5,0,0,0,0,0,0,0,0,0,0,0,0,0,0,0,0,0,0,0,0,0,0,100,0,0,0,0,0,146644.51696777344,128580.30145263672,0,404335493120,8589930496,26289025024,0
199,1727586158992,960,1180,799,868,842,824,842,886,930,1388,831,963,862,800,853,816,873,799,875,829,839,863,828,1039,1010,891,800,888,816,813,1171,845,0,0,0,5,0,0,0,0,0,0,0,0,0,0,0,0,0,0,0,0,0,0,0,0,0,0,100,0,0,0,0,0,146648.82458496094,128586.99230957031,0,404335493120,8589930496,26289025024,0
199,1727586159193,960,1180,799,868,842,824,842,886,930,1388,831,963,862,800,853,816,873,799,875,829,839,863,828,1039,1010,891,800,888,816,813,1171,845,0,0,0,0,0,0,0,0,0,0,0,0,0,0,0,0,0,0,0,0,0,0,0,0,0,0,100,0,0,0,0,0,146653.15826416016,128593.67272949219,0,404335493120,8589930496,26289025024,0
199,1727586159393,960,1180,799,868,842,824,842,886,930,1388,831,963,862,800,853,816,873,799,875,829,839,863,828,1039,1010,891,800,888,816,813,1171,845,0,0,0,0,0,0,0,0,0,0,0,0,0,0,0,0,0,0,0,0,0,0,0,0,0,0,100,0,0,0,0,0,146657.46881103516,128600.35949707031,0,404335493120,8589930496,26289025024,0
199,1727586159593,960,1180,799,868,842,824,842,886,930,1388,831,963,862,800,853,816,873,799,875,829,839,863,828,1039,1010,891,800,888,816,813,1171,845,0,0,0,0,0,0,0,0,0,0,0,0,0,0,0,0,0,0,0,0,0,0,0,0,0,0,100,0,0,0,0,0,146661.7817993164,128607.05059814453,0,404335493120,8589930496,26289033216,0
199,1727586159793,960,1180,799,868,842,824,842,886,930,1388,831,963,862,800,853,816,873,799,875,829,839,863,828,1039,1010,891,800,888,816,813,1171,845,0,0,0,0,0,0,0,0,0,0,0,0,0,0,0,0,0,0,0,0,0,0,0,0,0,0,100,0,0,0,0,0,146666.08825683594,128613.70733642578,0,404335493120,8589930496,26289033216,0
199,1727586159993,960,1180,799,868,842,824,842,886,930,1388,831,963,862,800,853,816,873,799,875,829,839,863,828,1039,1010,891,800,888,816,813,1171,845,0,0,0,0,0,0,0,0,0,0,0,0,0,0,0,0,0,0,0,0,0,0,0,0,0,0,100,0,0,0,0,0,146670.41381835938,128620.43780517578,0,404335493120,8589930496,26289033216,0
199,1727586160193,960,1180,799,868,842,824,842,886,930,1388,831,963,862,800,853,816,873,799,875,829,839,863,828,1039,1010,891,800,888,816,813,1171,845,5,0,5,0,0,0,0,0,0,9.523809432983398,0,0,0,0,9.523809432983398,0,4.761904716491699,0,0,0,0,0,5,0,5,0,100,9.523809432983398,10,0,5,0,146674.73602294922,128627.1509399414,0,404335493120,8589930496,26289307648,0
199,1727586160393,960,1180,799,868,842,824,842,886,930,1388,831,963,862,800,853,816,873,799,875,829,839,863,828,1039,1010,891,800,888,816,813,1171,845,4.761904716491699,0,0,0,0,0,0,0,0,0,0,0,0,0,0,5,0,0,0,0,0,0,0,0,0,0,100,0,0,0,0,0,146679.03399658203,128633.82208251953,0,404335493120,8589930496,26289311744,0
199,1727586160594,960,1180,799,868,842,824,842,886,930,1388,831,963,862,800,853,816,873,799,875,829,839,863,828,1039,1010,891,800,888,816,813,1171,845,4.761904716491699,0,0,0,0,0,0,0,0,0,0,0,0,0,0,5,0,0,0,0,0,0,0,0,0,0,100,0,0,0,0,0,146683.3394165039,128640.4716796875,0,404335493120,8589930496,26289311744,0
199,1727586160794,960,1180,799,868,842,824,842,886,930,1388,831,963,862,800,853,816,873,799,875,829,839,863,828,1039,1010,891,800,888,816,813,1171,845,0,0,0,2.5,0,0,0,0,0,0,0,0,0,0,0,2.4390242099761963,0,0,0,0,0,0,0,0,0,0,100,2.5,0,0,0,0,146687.6953125,128647.17559814453,0,404335493120,8589930496,26294001664,0
199,1727586160994,960,1180,799,868,842,824,842,886,930,1388,831,963,862,800,853,816,873,799,875,829,839,863,828,1039,1010,891,800,888,816,813,1171,845,5,0,0,0,0,0,0,0,0,0,0,0,0,0,0,0,0,0,0,0,0,0,0,0,0,0,100,0,0,0,0,0,146691.99737548828,128653.86950683594,0,404335493120,8589930496,26294001664,0
199,1727586161194,960,1180,799,868,842,824,842,886,930,1388,831,963,862,800,853,816,873,799,875,829,839,863,828,1039,1010,891,800,888,816,813,1171,845,9.090909004211426,0,4.761904716491699,4.761904716491699,4.761904716491699,0,0,0,0,0,0,4.761904716491699,0,0,0,0,0,0,0,0,0,0,0,0,4.761904716491699,0,100,0,0,5,4.761904716491699,0,146696.3305053711,128660.57000732422,0,404335493120,8589930496,26294550528,0
199,1727586161394,960,1180,799,868,842,824,842,886,930,1388,831,963,862,800,853,816,873,799,875,829,839,863,828,1039,1010,891,800,888,816,813,1171,845,0,0,0,0,0,0,5,0,0,0,0,0,0,0,0,0,0,0,0,0,0,0,0,0,0,9.523809432983398,100,0,0,0,0,0,146700.6353149414,128667.2113647461,0,404335493120,8589930496,26294706176,0
199,1727586161594,960,1180,799,868,842,824,842,886,930,1388,831,963,862,800,853,816,873,799,875,829,839,863,828,1039,1010,891,800,888,816,813,1171,845,0,0,0,0,0,0,5,0,0,0,0,0,0,0,0,0,0,0,0,0,0,0,0,0,0,9.523809432983398,100,0,0,0,0,0,146704.9774169922,128673.88623046875,0,404335493120,8589930496,26297901056,0
199,1727586161794,960,1180,799,868,842,824,842,886,930,1388,831,963,862,800,853,816,873,799,875,829,839,863,828,1039,1010,891,800,888,816,813,1171,845,0,2.4390242099761963,2.5,0,0,0,0,2.4390242099761963,0,0,0,0,2.5,0,0,0,0,2.5641026496887207,0,0,0,7.500000476837158,0,0,0,0,100,4.878048419952393,0,0,2.5,2.5,146709.28051757813,128680.54766845703,0,404335493120,8589930496,26299387904,0
199,1727586161994,960,1180,799,868,842,824,842,886,930,1388,831,963,862,800,853,816,873,799,875,829,839,863,828,1039,1010,891,800,888,816,813,1171,845,0,2.4390242099761963,2.5,0,0,0,0,2.4390242099761963,0,0,0,0,2.5,0,0,0,0,2.5641026496887207,0,0,0,7.500000476837158,0,0,0,0,100,4.878048419952393,0,0,2.5,2.5,146713.5512084961,128687.23760986328,0,404335493120,8589930496,26299387904,0
199,1727586162194,960,1180,799,868,842,824,842,886,930,1388,831,963,862,800,853,816,873,799,875,829,839,863,828,1039,1010,891,800,888,816,813,1171,845,0,0,0,0,0,0,0,2.5,0,0,0,0,0,0,2.4390242099761963,2.5,0,2.4390242099761963,0,0,0,0,0,2.4390242099761963,2.5,0,100,0,0,2.4390242099761963,0,0,146717.82360839844,128693.93975830078,0,404335493120,8589930496,26299875328,0
199,1727586162395,960,1180,799,868,842,824,842,886,930,1388,831,963,862,800,853,816,873,799,875,829,839,863,828,1039,1010,891,800,888,816,813,1171,845,10,0,0,0,5,0,5.263157844543457,4.761904716491699,0,0,0,0,0,0,0,0,0,5,0,0,4.761904716491699,0,0,4.761904716491699,0,0,100,4.761904716491699,0,0,9.523809432983398,0,146722.15423583984,128700.63989257813,0,404335493120,8589930496,26300809216,0
199,1727586162595,960,1180,799,868,842,824,842,886,930,1388,831,963,862,800,853,816,873,799,875,829,839,863,828,1039,1010,891,800,888,816,813,1171,845,20,4.761904716491699,0,0,0,9.523809432983398,4.761904716491699,0,0,5,0,0,4.761904716491699,0,5,0,10.526315689086914,0,9.523809432983398,5,5,4.761904716491699,4.761904716491699,5,0,5,100,0,4.761904716491699,0,0,0,146726.54235839844,128707.45965576172,0,404335493120,8589930496,26300813312,0
199,1727586162795,960,1180,799,868,842,824,842,886,930,1388,831,963,862,800,853,816,873,799,875,829,839,863,828,1039,1010,891,800,888,816,813,1171,845,20,4.761904716491699,0,0,0,9.523809432983398,4.761904716491699,0,0,5,0,0,4.761904716491699,0,5,0,10.526315689086914,0,9.523809432983398,5,5,4.761904716491699,4.761904716491699,5,0,5,100,0,4.761904716491699,0,0,0,146730.78967285156,128714.12023925781,0,404335493120,8589930496,26300813312,0
199,1727586162995,960,1180,799,868,842,824,842,886,930,1388,831,963,862,800,853,816,873,799,875,829,839,863,828,1039,1010,891,800,888,816,813,1171,845,0,0,0,0,0,0,0,0,0,0,0,0,0,0,0,0,0,0,0,0,0,0,0,0,0,0,100,0,0,0,0,0,146735.08135986328,128720.80462646484,0,404335493120,8589930496,26300813312,0
199,1727586163195,960,1180,799,868,842,824,842,886,930,1388,831,963,862,800,853,816,873,799,875,829,839,863,828,1039,1010,891,800,888,816,813,1171,845,0,0,0,0,0,0,0,0,0,0,0,0,0,0,0,0,0,0,0,0,0,0,0,0,0,0,100,0,0,0,0,0,146739.37561035156,128727.4810180664,0,404335493120,8589930496,26300817408,0
199,1727586163395,960,1180,799,868,842,824,842,886,930,1388,831,963,862,800,853,816,873,799,875,829,839,863,828,1039,1010,891,800,888,816,813,1171,845,0,0,0,0,0,0,0,0,0,0,0,0,0,0,0,0,0,0,0,0,0,0,0,0,0,0,100,0,0,0,0,0,146743.68103027344,128734.16149902344,0,404335493120,8589930496,26300817408,0
199,1727586163595,960,1180,799,868,842,824,842,886,930,1388,831,963,862,800,853,816,873,799,875,829,839,863,828,1039,1010,891,800,888,816,813,1171,845,0,0,0,0,0,0,0,0,0,0,0,0,0,0,0,0,0,0,0,0,0,0,0,0,0,0,100,0,0,0,0,0,146747.9571533203,128740.84503173828,0,404335493120,8589930496,26300821504,0
199,1727586163796,960,1180,799,868,842,824,842,886,930,1388,831,963,862,800,853,816,873,799,875,829,839,863,828,1039,1010,891,800,888,816,813,1171,845,0,0,0,0,0,0,0,0,0,0,0,0,0,0,0,0,0,0,0,0,0,0,0,0,0,0,100,0,0,0,0,0,146752.3038330078,128747.53247070313,0,404335493120,8589930496,26300821504,0
199,1727586163996,960,1180,799,868,842,824,842,886,930,1388,831,963,862,800,853,816,873,799,875,829,839,863,828,1039,1010,891,800,888,816,813,1171,845,0,0,0,0,0,0,0,0,0,0,0,0,0,0,0,0,0,0,0,0,0,0,0,0,0,0,100,0,0,0,0,0,146756.61590576172,128754.21270751953,0,404335493120,8589930496,26300821504,0
199,1727586164196,960,1180,799,868,842,824,842,886,930,1388,831,963,862,800,853,816,873,799,875,829,839,863,828,1039,1010,891,800,888,816,813,1171,845,0,0,0,0,0,0,0,0,0,0,0,0,0,0,0,0,0,0,0,0,0,0,0,0,0,0,100,0,0,0,0,0,146760.95330810547,128760.88751220703,0,404335493120,8589930496,26300821504,0
199,1727586164396,960,1180,799,868,842,824,842,886,930,1388,831,963,862,800,853,816,873,799,875,829,839,863,828,1039,1010,891,800,888,816,813,1171,845,0,0,0,4.761904716491699,0,0,0,0,0,0,0,0,0,0,0,0,0,0,0,0,0,0,0,0,0,0,100,0,0,0,0,0,146765.31243896484,128767.58135986328,0,404335493120,8589930496,26300821504,0
199,1727586164596,960,1180,799,868,842,824,842,886,930,1388,831,963,862,800,853,816,873,799,875,829,839,863,828,1039,1010,891,800,888,816,813,1171,845,0,0,0,0,0,0,0,0,0,0,0,0,0,0,0,0,0,0,0,0,0,0,0,0,0,0,100,0,0,0,0,0,146769.67645263672,128774.26763916016,0,404335493120,8589930496,26300821504,0
199,1727586164796,960,1180,799,868,842,824,842,886,930,1388,831,963,862,800,853,816,873,799,875,829,839,863,828,1039,1010,891,800,888,816,813,1171,845,0,0,0,0,0,0,0,0,0,0,0,0,0,0,0,0,0,0,0,0,0,0,0,0,0,0,100,0,0,0,0,0,146774.00854492188,128780.95782470703,0,404335493120,8589930496,26300821504,0
199,1727586164996,960,1180,799,868,842,824,842,886,930,1388,831,963,862,800,853,816,873,799,875,829,839,863,828,1039,1010,891,800,888,816,813,1171,845,0,0,0,0,0,0,0,0,0,0,0,0,0,0,0,0,0,0,0,0,0,0,0,0,0,0,100,0,0,0,0,0,146778.28717041016,128787.64965820313,0,404335493120,8589930496,26300821504,0
199,1727586165197,960,1180,799,868,842,824,842,886,930,1388,831,963,862,800,853,816,873,799,875,829,839,863,828,1039,1010,891,800,888,816,813,1171,845,4.761904716491699,0,4.761904716491699,4.761904716491699,4.761904716491699,4.761904716491699,5,0,5,4.761904716491699,5,4.761904716491699,0,0,0,4.761904716491699,4.761904716491699,5,4.761904716491699,4.761904716491699,0,0,5,0,0,0,100,0,14.285715103149414,5,0,0,146782.6576538086,128794.38970947266,0,404335493120,8589930496,26301231104,0
199,1727586165397,960,1180,799,868,842,824,842,886,930,1388,831,963,862,800,853,816,873,799,875,829,839,863,828,1039,1010,891,800,888,816,813,1171,845,4.761904716491699,0,4.761904716491699,4.761904716491699,4.761904716491699,4.761904716491699,5,0,5,4.761904716491699,5,4.761904716491699,0,0,0,4.761904716491699,4.761904716491699,5,4.761904716491699,4.761904716491699,0,0,5,0,0,0,100,0,14.285715103149414,5,0,0,146786.96032714844,128801.0546875,0,404335493120,8589930496,26301231104,0
199,1727586165597,960,1180,799,868,842,824,842,886,930,1388,831,963,862,800,853,816,873,799,875,829,839,863,828,1039,1010,891,800,888,816,813,1171,845,0,0,0,0,0,0,0,0,0,0,0,0,0,0,0,0,0,0,0,0,0,0,0,0,0,0,100,0,0,0,0,0,146791.26788330078,128807.7484741211,0,404335493120,8589930496,26301235200,0
199,1727586165797,960,1180,799,868,842,824,842,886,930,1388,831,963,862,800,853,816,873,799,875,829,839,863,828,1039,1010,891,800,888,816,813,1171,845,0,0,0,0,0,0,0,0,0,0,0,0,0,0,0,0,0,0,0,0,0,0,0,0,0,0,100,0,0,0,0,0,146795.57067871094,128814.43530273438,0,404335493120,8589930496,26301235200,0
199,1727586165997,960,1180,799,868,842,824,842,886,930,1388,831,963,862,800,853,816,873,799,875,829,839,863,828,1039,1010,891,800,888,816,813,1171,845,0,0,0,0,0,0,0,0,0,0,0,0,0,0,0,0,0,0,0,0,0,0,0,0,0,0,100,0,0,0,0,0,146799.90167236328,128821.12908935547,0,404335493120,8589930496,26301235200,0
199,1727586166197,960,1180,799,868,842,824,842,886,930,1388,831,963,862,800,853,816,873,799,875,829,839,863,828,1039,1010,891,800,888,816,813,1171,845,0,0,0,9.523809432983398,0,0,0,0,0,0,5,0,0,0,5,5,5,0,0,0,0,0,0,0,4.761904716491699,0,100,0,0,0,4.761904716491699,0,146804.23309326172,128827.82916259766,0,404335493120,8589930496,26301558784,0
199,1727586166397,960,1180,799,868,842,824,842,886,930,1388,831,963,862,800,853,816,873,799,875,829,839,863,828,1039,1010,891,800,888,816,813,1171,845,0,0,5.263157844543457,0,5,0,0,0,0,0,0,0,0,0,0,0,0,0,0,0,0,0,0,0,4.761904716491699,0,100,0,0,0,0,0,146808.5630493164,128834.48474121094,0,404335493120,8589930496,26302636032,0
199,1727586166597,960,1180,799,868,842,824,842,886,930,1388,831,963,862,800,853,816,873,799,875,829,839,863,828,1039,1010,891,800,888,816,813,1171,845,0,0,5.263157844543457,0,5,0,0,0,0,0,0,0,0,0,0,0,0,0,0,0,0,0,0,0,4.761904716491699,0,100,0,0,0,0,0,146812.87438964844,128841.17065429688,0,404335493120,8589930496,26302636032,0
199,1727586166798,960,1180,799,868,842,824,842,886,930,1388,831,963,862,800,853,816,873,799,875,829,839,863,828,1039,1010,891,800,888,816,813,1171,845,2.5,2.4390242099761963,4.878048419952393,0,4.878048419952393,0,0,0,2.5,0,0,2.5,4.878048419952393,2.4390242099761963,2.4390242099761963,2.5,0,0,7.692307949066162,5,0,2.4390242099761963,2.4390242099761963,2.4390242099761963,0,2.4390242099761963,100,2.4390242099761963,0,2.4390242099761963,2.5,2.4390242099761963,146817.26177978516,128847.87615966797,0,404335493120,8589930496,26307379200,0
199,1727586166998,960,1180,799,868,842,824,842,886,930,1388,831,963,862,800,853,816,873,799,875,829,839,863,828,1039,1010,891,800,888,816,813,1171,845,2.5,2.4390242099761963,4.878048419952393,0,4.878048419952393,0,0,0,2.5,0,0,2.5,4.878048419952393,2.4390242099761963,2.4390242099761963,2.5,0,0,7.692307949066162,5,0,2.4390242099761963,2.4390242099761963,2.4390242099761963,0,2.4390242099761963,100,2.4390242099761963,0,2.4390242099761963,2.5,2.4390242099761963,146821.58068847656,128854.52734375,0,404335493120,8589930496,26307379200,0
199,1727586167198,960,1180,799,868,842,824,842,886,930,1388,831,963,862,800,853,816,873,799,875,829,839,863,828,1039,1010,891,800,888,816,813,1171,845,7.142857551574707,0,0,2.4390242099761963,0,0,0,2.5,0,0,0,2.4390242099761963,0,0,0,0,0,0,0,0,0,0,0,0,0,0,100,2.5641026496887207,0,2.4390242099761963,0,2.4390242099761963,146825.93811035156,128861.21795654297,0,404335493120,8589930496,26312425472,0
199,1727586167398,960,1180,799,868,842,824,842,886,930,1388,831,963,862,800,853,816,873,799,875,829,839,863,828,1039,1010,891,800,888,816,813,1171,845,7.142857551574707,0,0,2.4390242099761963,0,0,0,2.5,0,0,0,2.4390242099761963,0,0,0,0,0,0,0,0,0,0,0,0,0,0,100,2.5641026496887207,0,2.4390242099761963,0,2.4390242099761963,146830.25946044922,128867.87182617188,0,404335493120,8589930496,26322276352,0
199,1727586167598,960,1180,799,868,842,824,842,886,930,1388,831,963,862,800,853,816,873,799,875,829,839,863,828,1039,1010,891,800,888,816,813,1171,845,0,0,0,0,0,0,10,5,0,0,0,0,0,0,0,0,0,0,0,0,9.523809432983398,0,0,0,0,0,100,0,0,0,0,0,146834.59606933594,128874.55950927734,0,404335493120,8589930496,26322276352,0
199,1727586167798,960,1180,799,868,842,824,842,886,930,1388,831,963,862,800,853,816,873,799,875,829,839,863,828,1039,1010,891,800,888,816,813,1171,845,2.4390242099761963,0,0,0,0,0,0,0,0,0,0,0,0,0,0,0,0,0,0,0,0,0,0,0,0,0,100,0,0,0,0,0,146838.93286132813,128881.24584960938,0,404335493120,8589930496,26322276352,0
199,1727586167998,960,1180,799,868,842,824,842,886,930,1388,831,963,862,800,853,816,873,799,875,829,839,863,828,1039,1010,891,800,888,816,813,1171,845,0,0,0,0,0,0,0,0,0,0,0,0,0,0,0,0,0,0,0,0,0,0,0,0,0,0,100,0,0,0,0,0,146843.2543334961,128887.95141601563,0,404335493120,8589930496,26322276352,0
199,1727586168198,960,1180,799,868,842,824,842,886,930,1388,831,963,862,800,853,816,873,799,875,829,839,863,828,1039,1010,891,800,888,816,813,1171,845,0,0,0,0,0,0,0,0,0,0,0,0,0,0,0,0,0,0,0,0,0,0,0,0,0,0,100,0,0,0,0,0,146847.60064697266,128894.65600585938,0,404335493120,8589930496,26322280448,0
199,1727586168398,960,1180,799,868,842,824,842,886,930,1388,831,963,862,800,853,816,873,799,875,829,839,863,828,1039,1010,891,800,888,816,813,1171,845,0,0,0,0,4.761904716491699,0,0,0,0,0,0,0,0,0,0,0,0,0,0,0,0,0,0,0,0,0,100,0,0,0,0,0,146851.96228027344,128901.35467529297,0,404335493120,8589930496,26322280448,0
199,1727586168598,960,1180,799,868,842,824,842,886,930,1388,831,963,862,800,853,816,873,799,875,829,839,863,828,1039,1010,891,800,888,816,813,1171,845,0,0,0,0,4.761904716491699,0,0,0,0,0,0,0,0,0,0,0,0,0,0,0,0,0,0,0,0,0,100,0,0,0,0,0,146856.29400634766,128908.05102539063,0,404335493120,8589930496,26322284544,0
199,1727586168798,960,1180,799,868,842,824,842,886,930,1388,831,963,862,800,853,816,873,799,875,829,839,863,828,1039,1010,891,800,888,816,813,1171,845,0,0,5,4.761904716491699,0,0,0,0,0,0,0,0,0,0,0,5,0,0,0,0,0,0,0,0,0,0,100,0,0,0,0,0,146860.6796875,128914.72332763672,0,404335493120,8589930496,26326953984,0
199,1727586168999,960,1180,799,868,842,824,842,886,930,1388,831,963,862,800,853,816,873,799,875,829,839,863,828,1039,1010,891,800,888,816,813,1171,845,0,0,0,0,0,0,0,0,0,0,0,0,4.761904716491699,0,0,0,0,0,0,0,0,0,0,0,0,0,100,0,0,0,0,0,146865.0008544922,128921.41674804688,0,404335493120,8589930496,26326953984,0
199,1727586169199,960,1180,799,868,842,824,842,886,930,1388,831,963,862,800,853,816,873,799,875,829,839,863,828,1039,1010,891,800,888,816,813,1171,845,0,0,0,0,0,0,0,0,0,0,0,0,0,0,4.761904716491699,0,0,0,0,0,0,0,0,0,0,0,100,0,0,0,0,4.761904716491699,146869.2759399414,128928.0767211914,0,404335493120,8589930496,26326953984,0
199,1727586169399,960,1180,799,868,842,824,842,886,930,1388,831,963,862,800,853,816,873,799,875,829,839,863,828,1039,1010,891,800,888,816,813,1171,845,0,0,0,0,0,0,0,0,0,0,0,0,0,0,0,0,0,0,0,0,0,0,0,0,0,0,100,0,0,0,0,0,146873.57348632813,128934.76263427734,0,404335493120,8589930496,26326953984,0
199,1727586169599,960,1180,799,868,842,824,842,886,930,1388,831,963,862,800,853,816,873,799,875,829,839,863,828,1039,1010,891,800,888,816,813,1171,845,0,0,0,0,0,0,0,0,0,0,0,0,0,0,0,0,0,0,0,0,0,0,0,0,0,0,100,0,0,0,0,0,146877.9024658203,128941.4476928711,0,404335493120,8589930496,26326953984,0
199,1727586169799,960,1180,799,868,842,824,842,886,930,1388,831,963,862,800,853,816,873,799,875,829,839,863,828,1039,1010,891,800,888,816,813,1171,845,0,0,0,0,0,0,0,0,0,0,0,0,0,0,0,0,0,0,0,0,0,0,0,0,0,0,100,0,0,0,0,0,146882.2251586914,128948.12963867188,0,404335493120,8589930496,26326958080,0
199,1727586169999,960,1180,799,868,842,824,842,886,930,1388,831,963,862,800,853,816,873,799,875,829,839,863,828,1039,1010,891,800,888,816,813,1171,845,0,0,0,0,0,0,0,0,0,0,0,0,0,0,0,0,0,0,0,0,0,0,0,0,0,0,100,0,0,0,0,0,146886.5189819336,128954.82019042969,0,404335493120,8589930496,26326962176,0
199,1727586170199,960,1180,799,868,842,824,842,886,930,1388,831,963,862,800,853,816,873,799,875,829,839,863,828,1039,1010,891,800,888,816,813,1171,845,0,0,4.761904716491699,0,0,0,0,5,0,0,0,0,4.761904716491699,95.23809814453125,0,5,0,0,0,0,0,5,0,0,4.761904716491699,0,9.523809432983398,4.761904716491699,0,0,0,0,146890.8778076172,128961.55871582031,0,404335493120,8589930496,26328285184,0
199,1727586170399,960,1180,799,868,842,824,842,886,930,1388,831,963,862,800,853,816,873,799,875,829,839,863,828,1039,1010,891,800,888,816,813,1171,845,0,0,4.761904716491699,0,0,0,0,5,0,0,0,0,4.761904716491699,95.23809814453125,0,5,0,0,0,0,0,5,0,0,4.761904716491699,0,9.523809432983398,4.761904716491699,0,0,0,0,146895.17474365234,128968.21307373047,0,404335493120,8589930496,26328285184,0
199,1727586170599,960,1180,799,868,842,824,842,886,930,1388,831,963,862,800,853,816,873,799,875,829,839,863,828,1039,1010,891,800,888,816,813,1171,845,0,0,0,0,0,0,0,0,0,0,0,0,0,100,0,0,0,0,0,0,0,0,0,0,0,0,0,0,0,0,0,0,146899.45330810547,128974.8950805664,0,404335493120,8589930496,26328285184,0
199,1727586170800,960,1180,799,868,842,824,842,886,930,1388,831,963,862,800,853,816,873,799,875,829,839,863,828,1039,1010,891,800,888,816,813,1171,845,0,0,0,5,0,0,0,0,0,0,0,0,0,100,0,0,0,0,0,0,0,0,0,0,0,0,0,10,0,0,4.761904716491699,0,146903.78204345703,128981.5883178711,0,404335493120,8589930496,26332987392,0
199,1727586171000,960,1180,799,868,842,824,842,886,930,1388,831,963,862,800,853,816,873,799,875,829,839,863,828,1039,1010,891,800,888,816,813,1171,845,0,0,0,0,0,0,0,0,0,0,0,0,0,100,0,0,0,0,0,0,0,0,0,0,0,0,0,0,0,0,0,0,146908.09765625,128988.27764892578,0,404335493120,8589930496,26332987392,0
199,1727586171200,960,1180,799,868,842,824,842,886,930,1388,831,963,862,800,853,816,873,799,875,829,839,863,828,1039,1010,891,800,888,816,813,1171,845,0,0,5,0,4.761904716491699,0,5,0,0,4.761904716491699,0,0,0,100,0,0,4.761904716491699,0,0,0,0,0,0,0,0,0,0,0,0,0,0,0,146912.40173339844,128994.95111083984,0,404335493120,8589930496,26333999104,0
199,1727586171400,960,1180,799,868,842,824,842,886,930,1388,831,963,862,800,853,816,873,799,875,829,839,863,828,1039,1010,891,800,888,816,813,1171,845,0,0,0,0,0,0,5,0,0,4.761904716491699,0,0,0,100,0,0,0,4.761904716491699,0,0,0,4.761904716491699,0,0,10,0,0,0,0,0,0,0,146916.7084350586,129001.64093017578,0,404335493120,8589930496,26341437440,0
199,1727586171600,960,1180,799,868,842,824,842,886,930,1388,831,963,862,800,853,816,873,799,875,829,839,863,828,1039,1010,891,800,888,816,813,1171,845,0,0,0,0,0,0,5,0,0,4.761904716491699,0,0,0,100,0,0,0,4.761904716491699,0,0,0,4.761904716491699,0,0,10,0,0,0,0,0,0,0,146921.0307006836,129008.33038330078,0,404335493120,8589930496,26341441536,0
199,1727586171800,960,1180,799,868,842,824,842,886,930,1388,831,963,862,800,853,816,873,799,875,829,839,863,828,1039,1010,891,800,888,816,813,1171,845,0,0,0,0,0,0,0,0,0,0,0,0,0,100,0,0,0,0,0,0,0,0,0,0,0,0,0,0,0,0,0,0,146925.35131835938,129014.98626708984,0,404335493120,8589930496,26346131456,0
199,1727586172000,960,1180,799,868,842,824,842,886,930,1388,831,963,862,800,853,816,873,799,875,829,839,863,828,1039,1010,891,800,888,816,813,1171,845,2.5,0,2.5,2.5,0,0,0,9.756096839904785,2.5,0,0,4.761904716491699,2.5,100,2.4390242099761963,0,0,0,0,0,0,0,0,2.5,0,0,0,0,0,0,0,4.878048419952393,146929.68280029297,129021.68786621094,0,404335493120,8589930496,26346156032,0
199,1727586172200,960,1180,799,868,842,824,842,886,930,1388,831,963,862,800,853,816,873,799,875,829,839,863,828,1039,1010,891,800,888,816,813,1171,845,0,0,0,0,0,0,0,0,0,4.761904716491699,0,0,0,100,5,0,5,0,0,0,0,9.523809432983398,4.761904716491699,4.761904716491699,5,0,0,0,0,0,0,0,146933.94622802734,129028.37139892578,0,404335493120,8589930496,26346708992,0
199,1727586172401,960,1180,799,868,842,824,842,886,930,1388,831,963,862,800,853,816,873,799,875,829,839,863,828,1039,1010,891,800,888,816,813,1171,845,0,0,0,5,4.761904716491699,0,5.263157844543457,0,0,4.761904716491699,0,0,5,100,0,0,5.263157844543457,0,4.761904716491699,9.523809432983398,0,0,0,0,0,4.761904716491699,0,5,0,0,0,0,146938.24951171875,129035.06353759766,0,404335493120,8589930496,26357571584,0
199,1727586172601,960,1180,799,868,842,824,842,886,930,1388,831,963,862,800,853,816,873,799,875,829,839,863,828,1039,1010,891,800,888,816,813,1171,845,0,0,0,0,0,0,0,0,0,0,0,0,0,100,0,0,0,0,0,0,0,0,0,0,0,0,0,0,0,0,0,0,146942.5216064453,129041.74932861328,0,404335493120,8589930496,26357608448,0
199,1727586172801,960,1180,799,868,842,824,842,886,930,1388,831,963,862,800,853,816,873,799,875,829,839,863,828,1039,1010,891,800,888,816,813,1171,845,5.263157844543457,0,0,0,0,0,4.761904716491699,5,0,0,0,30.000001907348633,0,100,0,0,0,0,0,0,0,0,0,0,5,0,0,0,0,0,5,0,146946.88720703125,129048.52612304688,0,404335493120,8589930496,26357313536,0
199,1727586173001,960,1180,799,868,842,824,842,886,930,1388,831,963,862,800,853,816,873,799,875,829,839,863,828,1039,1010,891,800,888,816,813,1171,845,5.263157844543457,0,0,0,0,0,4.761904716491699,5,0,0,0,30.000001907348633,0,100,0,0,0,0,0,0,0,0,0,0,5,0,0,0,0,0,5,0,146951.22564697266,129055.22607421875,0,404335493120,8589930496,26357723136,0
199,1727586173201,960,1180,799,868,842,824,842,886,930,1388,831,963,862,800,853,816,873,799,875,829,839,863,828,1039,1010,891,800,888,816,813,1171,845,2.5,2.5,2.4390242099761963,0,4.878048419952393,2.4390242099761963,0,0,2.4390242099761963,0,0,0,0,100,2.5,0,0,0,0,2.5,2.5,0,0,0,0,0,0,2.5,0,0,2.4390242099761963,2.4390242099761963,146955.54071044922,129061.89935302734,0,404335493120,8589930496,26358181888,0
199,1727586173401,960,1180,799,868,842,824,842,886,930,1388,831,963,862,800,853,816,873,799,875,829,839,863,828,1039,1010,891,800,888,816,813,1171,845,0,0,0,0,0,0,0,0,0,0,0,0,0,100,0,0,0,0,0,0,0,0,0,0,0,0,0,0,0,0,0,0,146959.82885742188,129068.63061523438,0,404335493120,8589930496,26358181888,0
199,1727586173601,960,1180,799,868,842,824,842,886,930,1388,831,963,862,800,853,816,873,799,875,829,839,863,828,1039,1010,891,800,888,816,813,1171,845,0,0,0,0,0,0,0,0,0,0,0,0,0,100,0,0,0,0,0,0,0,0,0,0,0,0,0,0,0,0,0,0,146964.134765625,129075.30975341797,0,404335493120,8589930496,26358181888,0
199,1727586173801,960,1180,799,868,842,824,842,886,930,1388,831,963,862,800,853,816,873,799,875,829,839,863,828,1039,1010,891,800,888,816,813,1171,845,0,0,0,0,0,0,0,0,0,0,0,0,0,100,0,0,0,0,0,0,0,0,0,0,0,0,0,0,0,0,0,0,146968.4298095703,129081.99743652344,0,404335493120,8589930496,26358181888,0
199,1727586174001,960,1180,799,868,842,824,842,886,930,1388,831,963,862,800,853,816,873,799,875,829,839,863,828,1039,1010,891,800,888,816,813,1171,845,0,0,0,0,0,0,0,0,0,0,0,0,0,100,0,0,0,0,0,0,0,0,0,0,0,0,0,0,0,0,0,0,146972.69458007813,129088.64123535156,0,404335493120,8589930496,26358181888,0
199,1727586174202,960,1180,799,868,842,824,842,886,930,1388,831,963,862,800,853,816,873,799,875,829,839,863,828,1039,1010,891,800,888,816,813,1171,845,0,0,0,0,0,0,0,0,0,0,0,0,0,100,0,0,0,0,0,0,0,0,0,0,0,0,0,0,0,0,0,0,146976.98706054688,129095.32922363281,0,404335493120,8589930496,26358181888,0
199,1727586174402,960,1180,799,868,842,824,842,886,930,1388,831,963,862,800,853,816,873,799,875,829,839,863,828,1039,1010,891,800,888,816,813,1171,845,5,0,0,0,0,0,0,0,0,0,0,0,0,100,0,0,0,0,0,0,0,0,0,4.761904716491699,0,0,0,0,0,0,0,0,146981.28686523438,129102.00354003906,0,404335493120,8589930496,26358181888,0
199,1727586174602,960,1180,799,868,842,824,842,886,930,1388,831,963,862,800,853,816,873,799,875,829,839,863,828,1039,1010,891,800,888,816,813,1171,845,0,0,0,0,5,0,0,0,0,0,0,0,0,100,0,0,0,0,0,0,0,0,0,0,0,0,0,0,0,0,0,0,146985.6239013672,129108.68450927734,0,404335493120,8589930496,26358181888,0
199,1727586174802,960,1180,799,868,842,824,842,886,930,1388,831,963,862,800,853,816,873,799,875,829,839,863,828,1039,1010,891,800,888,816,813,1171,845,0,0,0,0,0,0,0,0,0,0,0,0,0,100,0,0,0,0,0,0,0,0,0,0,0,0,0,0,0,0,0,0,146989.91607666016,129115.36517333984,0,404335493120,8589930496,26358181888,0
199,1727586175002,960,1180,799,868,842,824,842,886,930,1388,831,963,862,800,853,816,873,799,875,829,839,863,828,1039,1010,891,800,888,816,813,1171,845,0,0,0,0,4.761904716491699,0,0,0,0,0,0,0,0,100,0,0,0,0,0,0,0,4.761904716491699,0,0,0,5,0,0,5,0,0,0,146994.27740478516,129122.07690429688,0,404335493120,8589930496,26358505472,0
199,1727586175202,960,1180,799,868,842,824,842,886,930,1388,831,963,862,800,853,816,873,799,875,829,839,863,828,1039,1010,891,800,888,816,813,1171,845,0,0,0,0,0,0,0,5,0,0,0,0,5,100,5,0,0,5,0,0,0,0,0,0,5,0,0,0,0,0,0,0,146998.6177368164,129128.7720336914,0,404335493120,8589930496,26358652928,0
199,1727586175402,960,1180,799,868,842,824,842,886,930,1388,831,963,862,800,853,816,873,799,875,829,839,863,828,1039,1010,891,800,888,816,813,1171,845,0,0,0,0,0,0,0,5,0,0,0,0,5,100,5,0,0,5,0,0,0,0,0,0,5,0,0,0,0,0,0,0,147002.91137695313,129135.41998291016,0,404335493120,8589930496,26358652928,0
199,1727586175603,960,1180,799,868,842,824,842,886,930,1388,831,963,862,800,853,816,873,799,875,829,839,863,828,1039,1010,891,800,888,816,813,1171,845,0,0,0,0,2.4390242099761963,0,0,0,0,0,0,0,0,100,0,0,0,0,0,0,0,0,0,0,0,0,0,0,0,0,0,0,147007.21160888672,129142.10107421875,0,404335493120,8589930496,26358054912,0
199,1727586175803,960,1180,799,868,842,824,842,886,930,1388,831,963,862,800,853,816,873,799,875,829,839,863,828,1039,1010,891,800,888,816,813,1171,845,0,0,0,0,0,0,0,0,0,0,0,0,0,100,0,0,0,0,0,0,0,0,0,0,0,0,0,0,0,0,0,0,147011.5206298828,129148.79315185547,0,404335493120,8589930496,26358054912,0
199,1727586176003,960,1180,799,868,842,824,842,886,930,1388,831,963,862,800,853,816,873,799,875,829,839,863,828,1039,1010,891,800,888,816,813,1171,845,0,0,0,0,0,0,0,0,0,0,0,0,0,100,0,0,0,0,0,0,0,0,0,0,0,0,0,0,0,0,0,0,147015.86407470703,129155.48602294922,0,404335493120,8589930496,26358063104,0
199,1727586176203,960,1180,799,868,842,824,842,886,930,1388,831,963,862,800,853,816,873,799,875,829,839,863,828,1039,1010,891,800,888,816,813,1171,845,0,0,0,0,0,0,0,0,0,0,4.761904716491699,0,0,100,0,0,0,0,0,4.761904716491699,0,0,0,0,0,0,0,0,0,0,4.761904716491699,0,147020.22119140625,129162.1494140625,0,404335493120,8589930496,26359001088,0
199,1727586176403,960,1180,799,868,842,824,842,886,930,1388,831,963,862,800,853,816,873,799,875,829,839,863,828,1039,1010,891,800,888,816,813,1171,845,5,5,5,10,9.523809432983398,5,10,10,5,10,5,9.523809432983398,5,10.526315689086914,5,9.523809432983398,5,9.523809432983398,5,5,0,9.523809432983398,5,5,5.263157844543457,14.285715103149414,95,9.523809432983398,9.523809432983398,9.523809432983398,5,5,147024.6297607422,129168.95666503906,0,404335493120,8589930496,26366308352,0
199,1727586176603,960,1180,799,868,842,824,842,886,930,1388,831,963,862,800,853,816,873,799,875,829,839,863,828,1039,1010,891,800,888,816,813,1171,845,5,5,5,10,9.523809432983398,5,10,10,5,10,5,9.523809432983398,5,10.526315689086914,5,9.523809432983398,5,9.523809432983398,5,5,0,9.523809432983398,5,5,5.263157844543457,14.285715103149414,95,9.523809432983398,9.523809432983398,9.523809432983398,5,5,147028.9412841797,129175.65380859375,0,404335493120,8589930496,26366308352,0
199,1727586176803,960,1180,799,868,842,824,842,886,930,1388,831,963,862,800,853,816,873,799,875,829,839,863,828,1039,1010,891,800,888,816,813,1171,845,0,0,0,0,2.5,0,0,0,0,0,0,0,0,0,0,0,0,0,0,0,0,0,0,0,0,0,100,0,0,0,2.4390242099761963,0,147033.26666259766,129182.3578491211,0,404335493120,8589930496,26366300160,0
199,1727586177003,960,1180,799,868,842,824,842,886,930,1388,831,963,862,800,853,816,873,799,875,829,839,863,828,1039,1010,891,800,888,816,813,1171,845,5,5,0,4.761904716491699,5,5,4.761904716491699,0,0,0,0,5,5,0,0,0,0,5,20,5,10,0,0,0,0,0,100,0,0,0,0,4.761904716491699,147037.60272216797,129189.03735351563,0,404335493120,8589930496,26371018752,0
199,1727586177204,960,1180,799,868,842,824,842,886,930,1388,831,963,862,800,853,816,873,799,875,829,839,863,828,1039,1010,891,800,888,816,813,1171,845,0,5,0,0,4.761904716491699,9.090909004211426,0,0,0,0,4.761904716491699,0,0,0,4.761904716491699,4.761904716491699,0,0,0,5,4.761904716491699,0,5,4.761904716491699,0,0,100,0,5,0,0,5,147041.91583251953,129195.73419189453,0,404335493120,8589930496,26375761920,0
199,1727586177404,960,1180,799,868,842,824,842,886,930,1388,831,963,862,800,853,816,873,799,875,829,839,863,828,1039,1010,891,800,888,816,813,1171,845,4.761904716491699,0,0,0,0,10,0,0,0,0,0,4.761904716491699,10,0,0,0,10,0,0,0,0,0,0,0,0,0,100,0,0,0,0,0,147046.27124023438,129202.44689941406,0,404335493120,8589930496,26376257536,0
199,1727586177604,960,1180,799,868,842,824,842,886,930,1388,831,963,862,800,853,816,873,799,875,829,839,863,828,1039,1010,891,800,888,816,813,1171,845,4.761904716491699,0,0,0,0,10,0,0,0,0,0,4.761904716491699,10,0,0,0,10,0,0,0,0,0,0,0,0,0,100,0,0,0,0,0,147050.59576416016,129209.14288330078,0,404335493120,8589930496,26376921088,0
199,1727586177804,960,1180,799,868,842,824,842,886,930,1388,831,963,862,800,853,816,873,799,875,829,839,863,828,1039,1010,891,800,888,816,813,1171,845,0,0,0,0,0,0,2.5,0,0,0,0,0,0,0,0,0,0,0,0,0,0,0,0,0,0,0,100,0,0,0,0,0,147054.9091796875,129215.83923339844,0,404335493120,8589930496,26377170944,0
199,1727586178004,960,1180,799,868,842,824,842,886,930,1388,831,963,862,800,853,816,873,799,875,829,839,863,828,1039,1010,891,800,888,816,813,1171,845,0,4.761904716491699,4.761904716491699,0,0,5,4.761904716491699,4.761904716491699,4.761904716491699,0,0,0,0,0,0,0,0,0,0,0,0,0,0,0,0,0,100,0,4.761904716491699,0,4.761904716491699,0,147059.21026611328,129222.55236816406,0,404335493120,8589930496,26376167424,0
199,1727586178204,960,1180,799,868,842,824,842,886,930,1388,831,963,862,800,853,816,873,799,875,829,839,863,828,1039,1010,891,800,888,816,813,1171,845,0,4.761904716491699,4.761904716491699,0,0,5,4.761904716491699,4.761904716491699,4.761904716491699,0,0,0,0,0,0,0,0,0,0,0,0,0,0,0,0,0,100,0,4.761904716491699,0,4.761904716491699,0,147063.46807861328,129229.24786376953,0,404335493120,8589930496,26376167424,0
199,1727586178404,960,1180,799,868,842,824,842,886,930,1388,831,963,862,800,853,816,873,799,875,829,839,863,828,1039,1010,891,800,888,816,813,1171,845,0,0,2.4390242099761963,0,0,0,0,0,0,0,0,0,0,0,0,0,0,0,0,0,0,0,0,0,0,0,100,2.4390242099761963,0,0,0,0,147067.73193359375,129235.9439086914,0,404335493120,8589930496,26375454720,0
199,1727586178604,960,1180,799,868,842,824,842,886,930,1388,831,963,862,800,853,816,873,799,875,829,839,863,828,1039,1010,891,800,888,816,813,1171,845,0,0,2.4390242099761963,0,0,0,0,0,0,0,0,0,0,0,0,0,0,0,0,0,0,0,0,0,0,0,100,2.4390242099761963,0,0,0,0,147071.9898071289,129242.62707519531,0,404335493120,8589930496,26374389760,0
199,1727586178805,960,1180,799,868,842,824,842,886,930,1388,831,963,862,800,853,816,873,799,875,829,839,863,828,1039,1010,891,800,888,816,813,1171,845,0,0,0,0,0,0,0,0,0,0,0,0,0,0,0,5.263157844543457,0,0,0,0,0,0,5,0,0,0,100,0,0,0,5,0,147076.2583618164,129249.31420898438,0,404335493120,8589930496,26378366976,0
199,1727586179005,960,1180,799,868,842,824,842,886,930,1388,831,963,862,800,853,816,873,799,875,829,839,863,828,1039,1010,891,800,888,816,813,1171,845,0,0,0,4.761904716491699,0,0,0,0,0,0,0,0,0,0,0,0,0,0,0,0,5,0,0,4.761904716491699,0,0,100,0,0,0,0,0,147080.52801513672,129256.00567626953,0,404335493120,8589930496,26377609216,0
199,1727586179205,960,1180,799,868,842,824,842,886,930,1388,831,963,862,800,853,816,873,799,875,829,839,863,828,1039,1010,891,800,888,816,813,1171,845,0,0,0,0,0,0,0,0,0,0,0,0,0,0,0,0,0,0,0,0,0,0,0,0,0,0,100,0,0,0,0,0,147084.83935546875,129262.66540527344,0,404335493120,8589930496,26377609216,0
199,1727586179405,960,1180,799,868,842,824,842,886,930,1388,831,963,862,800,853,816,873,799,875,829,839,863,828,1039,1010,891,800,888,816,813,1171,845,0,0,0,0,0,0,0,0,0,0,0,0,0,0,0,0,0,0,0,0,0,0,0,0,0,0,100,0,0,0,0,0,147089.16955566406,129269.3872680664,0,404335493120,8589930496,26377613312,0
199,1727586179605,960,1180,799,868,842,824,842,886,930,1388,831,963,862,800,853,816,873,799,875,829,839,863,828,1039,1010,891,800,888,816,813,1171,845,5,0,0,0,0,0,0,0,0,0,0,0,0,0,0,0,0,0,0,0,0,0,0,0,0,4.761904716491699,100,0,0,0,0,0,147093.42022705078,129276.06701660156,0,404335493120,8589930496,26377613312,0
199,1727586179805,960,1180,799,868,842,824,842,886,930,1388,831,963,862,800,853,816,873,799,875,829,839,863,828,1039,1010,891,800,888,816,813,1171,845,4.761904716491699,0,0,0,0,0,0,0,0,0,0,0,0,0,0,0,0,0,0,0,0,0,0,0,0,0,100,0,0,0,0,0,147097.71746826172,129282.7509765625,0,404335493120,8589930496,26377617408,0
199,1727586180005,960,1180,799,868,842,824,842,886,930,1388,831,963,862,800,853,816,873,799,875,829,839,863,828,1039,1010,891,800,888,816,813,1171,845,0,4.761904716491699,0,0,0,0,0,0,0,0,0,0,5,4.761904716491699,0,0,0,0,0,0,0,0,4.761904716491699,0,0,5,100,4.761904716491699,0,0,4.761904716491699,5,147102.0557861328,129289.44744873047,0,404335493120,8589930496,26378846208,0
199,1727586180206,960,1180,799,868,842,824,842,886,930,1388,831,963,862,800,853,816,873,799,875,829,839,863,828,1039,1010,891,800,888,816,813,1171,845,0,4.761904716491699,0,0,0,0,4.761904716491699,0,0,0,0,0,0,85,4.761904716491699,0,0,0,0,0,0,5.263157844543457,5,0,0,0,15.000000953674316,0,0,0,0,0,147106.37506103516,129296.13220214844,0,404335493120,8589930496,26377207808,0
199,1727586180406,960,1180,799,868,842,824,842,886,930,1388,831,963,862,800,853,816,873,799,875,829,839,863,828,1039,1010,891,800,888,816,813,1171,845,4.761904716491699,0,0,0,0,0,0,0,0,0,0,0,0,100,0,0,4.761904716491699,0,0,0,0,0,0,0,0,0,0,0,0,0,0,5,147110.70208740234,129302.80908203125,0,404335493120,8589930496,26377207808,0
199,1727586180606,960,1180,799,868,842,824,842,886,930,1388,831,963,862,800,853,816,873,799,875,829,839,863,828,1039,1010,891,800,888,816,813,1171,845,4.761904716491699,0,0,0,0,0,0,0,0,0,0,0,0,100,0,0,4.761904716491699,0,0,0,0,0,0,0,0,0,0,0,0,0,0,5,147114.9853515625,129309.47497558594,0,404335493120,8589930496,26376515584,0
199,1727586180806,960,1180,799,868,842,824,842,886,930,1388,831,963,862,800,853,816,873,799,875,829,839,863,828,1039,1010,891,800,888,816,813,1171,845,0,0,0,0,0,0,0,0,0,0,0,0,0,100,0,0,0,0,0,0,0,0,0,0,0,0,0,5,9.523809432983398,0,0,0,147119.29718017578,129316.15826416016,0,404335493120,8589930496,26381107200,0
199,1727586181006,960,1180,799,868,842,824,842,886,930,1388,831,963,862,800,853,816,873,799,875,829,839,863,828,1039,1010,891,800,888,816,813,1171,845,0,0,0,0,0,0,0,0,0,0,0,0,0,100,0,0,0,0,0,0,0,0,0,0,0,0,0,5,9.523809432983398,0,0,0,147123.5643310547,129322.85424804688,0,404335493120,8589930496,26381107200,0
199,1727586181206,960,1180,799,868,842,824,842,886,930,1388,831,963,862,800,853,816,873,799,875,829,839,863,828,1039,1010,891,800,888,816,813,1171,845,0,0,0,0,0,0,4.761904716491699,0,0,0,4.761904716491699,4.761904716491699,0,100,0,4.761904716491699,4.761904716491699,0,0,0,0,0,0,5,0,0,0,0,4.761904716491699,0,0,0,147127.8670654297,129329.5433959961,0,404335493120,8589930496,26381922304,0
199,1727586181406,960,1180,799,868,842,824,842,886,930,1388,831,963,862,800,853,816,873,799,875,829,839,863,828,1039,1010,891,800,888,816,813,1171,845,0,0,9.523809432983398,0,0,0,0,0,0,0,0,0,0,100,0,0,0,4.761904716491699,0,0,0,0,0,0,0,0,0,0,0,0,0,0,147132.1890258789,129336.23760986328,0,404335493120,8589930496,26382082048,0
199,1727586181606,960,1180,799,868,842,824,842,886,930,1388,831,963,862,800,853,816,873,799,875,829,839,863,828,1039,1010,891,800,888,816,813,1171,845,0,0,9.523809432983398,0,0,0,0,0,0,0,0,0,0,100,0,0,0,4.761904716491699,0,0,0,0,0,0,0,0,0,0,0,0,0,0,147136.5228881836,129342.93933105469,0,404335493120,8589930496,26382082048,0
199,1727586181806,960,1180,799,868,842,824,842,886,930,1388,831,963,862,800,853,816,873,799,875,829,839,863,828,1039,1010,891,800,888,816,813,1171,845,0,0,0,0,0,0,0,0,0,0,0,0,0,100,0,0,0,0,0,0,0,0,0,0,0,0,0,0,0,4.761904716491699,0,0,147140.81170654297,129349.62097167969,0,404335493120,8589930496,26381549568,0
199,1727586182006,960,1180,799,868,842,824,842,886,930,1388,831,963,862,800,853,816,873,799,875,829,839,863,828,1039,1010,891,800,888,816,813,1171,845,5,0,15.789472579956055,0,0,4.761904716491699,0,0,0,4.761904716491699,0,0,0,100,5.263157844543457,0,0,0,0,0,0,0,5,0,0,5,4.761904716491699,0,0,0,15.000000953674316,0,147145.15106201172,129356.3110961914,0,404335493120,8589930496,26383622144,0
199,1727586182207,960,1180,799,868,842,824,842,886,930,1388,831,963,862,800,853,816,873,799,875,829,839,863,828,1039,1010,891,800,888,816,813,1171,845,0,4.761904716491699,5,5,0,0,0,5,4.761904716491699,0,0,0,0,100,0,0,0,0,5,4.761904716491699,0,4.761904716491699,5,4.761904716491699,0,0,0,0,0,0,0,5,147149.49755859375,129362.99151611328,0,404335493120,8589930496,26384424960,0
199,1727586182407,960,1180,799,868,842,824,842,886,930,1388,831,963,862,800,853,816,873,799,875,829,839,863,828,1039,1010,891,800,888,816,813,1171,845,0,4.761904716491699,5,5,0,0,0,5,4.761904716491699,0,0,0,0,100,0,0,0,0,5,4.761904716491699,0,4.761904716491699,5,4.761904716491699,0,0,0,0,0,0,0,5,147153.8759765625,129369.73181152344,0,404335493120,8589930496,26384637952,0
199,1727586182607,960,1180,799,868,842,824,842,886,930,1388,831,963,862,800,853,816,873,799,875,829,839,863,828,1039,1010,891,800,888,816,813,1171,845,0,10,0,0,4.761904716491699,0,0,0,0,0,0,0,0,100,0,0,0,4.761904716491699,0,0,0,0,0,0,0,0,0,10,0,0,0,0,147158.1630859375,129376.42736816406,0,404335493120,8589930496,26384646144,0
199,1727586182807,960,1180,799,868,842,824,842,886,930,1388,831,963,862,800,853,816,873,799,875,829,839,863,828,1039,1010,891,800,888,816,813,1171,845,0,0,0,0,0,0,0,0,0,0,0,0,0,100,0,0,0,0,0,0,0,0,0,0,0,0,0,0,0,0,0,0,147162.45599365234,129383.12353515625,0,404335493120,8589930496,26384646144,0
199,1727586183007,960,1180,799,868,842,824,842,886,930,1388,831,963,862,800,853,816,873,799,875,829,839,863,828,1039,1010,891,800,888,816,813,1171,845,0,0,0,0,0,0,0,0,0,0,0,0,0,100,0,0,0,0,0,0,0,0,0,0,0,0,0,0,0,0,0,0,147166.80865478516,129389.80340576172,0,404335493120,8589930496,26384650240,0
199,1727586183207,960,1180,799,868,842,824,842,886,930,1388,831,963,862,800,853,816,873,799,875,829,839,863,828,1039,1010,891,800,888,816,813,1171,845,2.5641026496887207,0,2.4390242099761963,2.4390242099761963,0,0,0,9.756096839904785,0,0,0,2.5641026496887207,2.4390242099761963,100,0,2.5,0,10.256410598754883,0,0,0,0,0,0,2.5,0,0,0,0,0,0,0,147171.13342285156,129396.4833984375,0,404335493120,8589930496,26384650240,0
199,1727586183407,960,1180,799,868,842,824,842,886,930,1388,831,963,862,800,853,816,873,799,875,829,839,863,828,1039,1010,891,800,888,816,813,1171,845,2.5641026496887207,0,2.4390242099761963,2.4390242099761963,0,0,0,9.756096839904785,0,0,0,2.5641026496887207,2.4390242099761963,100,0,2.5,0,10.256410598754883,0,0,0,0,0,0,2.5,0,0,0,0,0,0,0,147175.42791748047,129403.13958740234,0,404335493120,8589930496,26384650240,0
199,1727586183608,960,1180,799,868,842,824,842,886,930,1388,831,963,862,800,853,816,873,799,875,829,839,863,828,1039,1010,891,800,888,816,813,1171,845,0,0,2.5,0,2.5,0,0,0,0,0,0,0,0,100,0,0,0,0,0,0,0,0,0,0,0,0,0,0,0,0,0,0,147179.76171875,129409.86199951172,0,404335493120,8589930496,26385076224,0
199,1727586183808,960,1180,799,868,842,824,842,886,930,1388,831,963,862,800,853,816,873,799,875,829,839,863,828,1039,1010,891,800,888,816,813,1171,845,0,0,0,0,0,0,0,0,0,0,0,0,0,100,0,0,0,0,0,0,0,0,0,0,0,0,0,0,0,0,0,0,147184.04650878906,129416.53973388672,0,404335493120,8589930496,26385674240,0
199,1727586184008,960,1180,799,868,842,824,842,886,930,1388,831,963,862,800,853,816,873,799,875,829,839,863,828,1039,1010,891,800,888,816,813,1171,845,0,0,0,0,0,0,0,0,0,0,0,0,0,100,0,0,0,0,0,0,0,0,0,0,0,0,0,0,0,0,0,0,147188.37561035156,129423.2269897461,0,404335493120,8589930496,26386255872,0
199,1727586184208,960,1180,799,868,842,824,842,886,930,1388,831,963,862,800,853,816,873,799,875,829,839,863,828,1039,1010,891,800,888,816,813,1171,845,0,0,0,0,0,0,0,0,0,0,0,0,4.761904716491699,100,0,0,0,0,5,0,0,0,0,0,0,0,0,0,0,0,0,0,147192.7066040039,129429.91784667969,0,404335493120,8589930496,26386874368,0
199,1727586184408,960,1180,799,868,842,824,842,886,930,1388,831,963,862,800,853,816,873,799,875,829,839,863,828,1039,1010,891,800,888,816,813,1171,845,0,0,0,0,0,0,0,0,0,0,0,0,0,100,0,0,0,0,0,0,0,0,0,0,0,0,0,0,0,0,0,0,147197.05548095703,129436.61401367188,0,404335493120,8589930496,26387300352,0
199,1727586184608,960,1180,799,868,842,824,842,886,930,1388,831,963,862,800,853,816,873,799,875,829,839,863,828,1039,1010,891,800,888,816,813,1171,845,0,0,0,0,0,0,0,0,0,0,0,0,0,100,0,0,0,0,0,0,0,0,0,0,0,0,0,0,0,0,0,0,147201.38470458984,129443.3013305664,0,404335493120,8589930496,26387873792,0
199,1727586184808,960,1180,799,868,842,824,842,886,930,1388,831,963,862,800,853,816,873,799,875,829,839,863,828,1039,1010,891,800,888,816,813,1171,845,0,0,0,0,0,0,0,0,0,0,0,0,5,100,0,0,0,0,0,0,0,0,0,0,0,0,0,0,0,0,0,0,147205.7130126953,129450.00390625,0,404335493120,8589930496,26385616896,0
199,1727586185009,960,1180,799,868,842,824,842,886,930,1388,831,963,862,800,853,816,873,799,875,829,839,863,828,1039,1010,891,800,888,816,813,1171,845,0,0,4.761904716491699,4.761904716491699,0,4.761904716491699,0,0,0,0,0,0,4.761904716491699,57.142860412597656,5,0,5,13.043478012084961,0,0,0,5,0,0,4.761904716491699,0,45,0,0,0,4.761904716491699,0,147210.05450439453,129456.71600341797,0,404335493120,8589930496,26387820544,0
199,1727586185209,960,1180,799,868,842,824,842,886,930,1388,831,963,862,800,853,816,873,799,875,829,839,863,828,1039,1010,891,800,888,816,813,1171,845,0,0,4.761904716491699,0,0,0,0,0,0,0,0,0,0,0,5,0,0,0,0,0,0,0,0,0,0,0,100,0,0,5,0,0,147214.38397216797,129463.42694091797,0,404335493120,8589930496,26385649664,0
199,1727586185409,960,1180,799,868,842,824,842,886,930,1388,831,963,862,800,853,816,873,799,875,829,839,863,828,1039,1010,891,800,888,816,813,1171,845,0,0,4.761904716491699,0,0,0,0,0,0,0,0,0,0,0,5,0,0,0,0,0,0,0,0,0,0,0,100,0,0,5,0,0,147218.71783447266,129470.09271240234,0,404335493120,8589930496,26385649664,0
199,1727586185609,960,1180,799,868,842,824,842,886,930,1388,831,963,862,800,853,816,873,799,875,829,839,863,828,1039,1010,891,800,888,816,813,1171,845,0,0,0,0,0,0,0,0,0,0,0,0,0,0,0,0,0,0,0,0,0,0,0,0,0,0,100,0,0,0,0,0,147223.07446289063,129476.79620361328,0,404335493120,8589930496,26385657856,0
199,1727586185809,960,1180,799,868,842,824,842,886,930,1388,831,963,862,800,853,816,873,799,875,829,839,863,828,1039,1010,891,800,888,816,813,1171,845,0,0,0,0,0,0,0,0,0,0,0,0,0,0,0,0,0,0,0,0,0,4.761904716491699,0,0,0,0,100,0,0,0,0,0,147227.36639404297,129483.4829711914,0,404335493120,8589930496,26385723392,0
199,1727586186009,960,1180,799,868,842,824,842,886,930,1388,831,963,862,800,853,816,873,799,875,829,839,863,828,1039,1010,891,800,888,816,813,1171,845,5,0,0,0,0,0,0,0,0,0,0,0,0,0,0,0,0,0,0,0,0,0,0,0,0,0,100,0,0,0,0,0,147231.6801147461,129490.16674804688,0,404335493120,8589930496,26385731584,0
199,1727586186209,960,1180,799,868,842,824,842,886,930,1388,831,963,862,800,853,816,873,799,875,829,839,863,828,1039,1010,891,800,888,816,813,1171,845,4.761904716491699,0,0,0,0,5,0,5,0,0,0,0,4.761904716491699,0,0,0,0,4.761904716491699,0,0,0,5,0,0,0,0,100,0,0,0,0,0,147236.05401611328,129496.89111328125,0,404335493120,8589930496,26386317312,0
199,1727586186409,960,1180,799,868,842,824,842,886,930,1388,831,963,862,800,853,816,873,799,875,829,839,863,828,1039,1010,891,800,888,816,813,1171,845,4.761904716491699,0,0,0,0,0,0,0,0,0,0,0,0,0,0,0,0,0,0,0,0,0,0,0,5,0,100,0,0,0,0,0,147240.40032958984,129503.55346679688,0,404335493120,8589930496,26386485248,0
199,1727586186610,960,1180,799,868,842,824,842,886,930,1388,831,963,862,800,853,816,873,799,875,829,839,863,828,1039,1010,891,800,888,816,813,1171,845,0,0,0,0,0,0,0,0,0,0,0,0,0,0,0,0,0,0,0,0,0,4.761904716491699,0,0,0,0,100,0,0,0,0,0,147244.74334716797,129510.2451171875,0,404335493120,8589930496,26386485248,0
199,1727586186810,960,1180,799,868,842,824,842,886,930,1388,831,963,862,800,853,816,873,799,875,829,839,863,828,1039,1010,891,800,888,816,813,1171,845,5,0,0,0,0,0,0,0,0,0,0,0,0,0,0,0,0,0,0,0,0,5,0,0,0,0,100,0,0,0,0,0,147249.07891845703,129516.93481445313,0,404335493120,8589930496,26386489344,0
199,1727586187010,960,1180,799,868,842,824,842,886,930,1388,831,963,862,800,853,816,873,799,875,829,839,863,828,1039,1010,891,800,888,816,813,1171,845,4.761904716491699,0,0,0,0,0,0,0,0,0,0,0,4.761904716491699,0,0,4.761904716491699,0,5,0,0,20,0,0,0,0,0,100,0,0,0,0,0,147253.41888427734,129523.61352539063,0,404335493120,8589930496,26386698240,0
199,1727586187210,960,1180,799,868,842,824,842,886,930,1388,831,963,862,800,853,816,873,799,875,829,839,863,828,1039,1010,891,800,888,816,813,1171,845,0,5.263157844543457,0,0,4.761904716491699,0,0,0,0,5,0,0,9.523809432983398,0,0,5.263157844543457,5,4.761904716491699,4.761904716491699,0,5,0,0,0,4.761904716491699,9.523809432983398,100,0,0,5,5.263157844543457,9.523809432983398,147257.78259277344,129530.36096191406,0,404335493120,8589930496,26396565504,0
199,1727586187410,960,1180,799,868,842,824,842,886,930,1388,831,963,862,800,853,816,873,799,875,829,839,863,828,1039,1010,891,800,888,816,813,1171,845,0,5.263157844543457,0,0,4.761904716491699,0,0,0,0,5,0,0,9.523809432983398,0,0,5.263157844543457,5,4.761904716491699,4.761904716491699,0,5,0,0,0,4.761904716491699,9.523809432983398,100,0,0,5,5.263157844543457,9.523809432983398,147262.11431884766,129537.0224609375,0,404335493120,8589930496,26396762112,0
199,1727586187610,960,1180,799,868,842,824,842,886,930,1388,831,963,862,800,853,816,873,799,875,829,839,863,828,1039,1010,891,800,888,816,813,1171,845,0,2.4390242099761963,0,0,0,2.5,2.5,0,0,0,0,4.878048419952393,0,0,0,0,0,0,2.5641026496887207,0,0,4.878048419952393,2.4390242099761963,0,0,0,100,0,0,0,0,0,147266.40600585938,129543.71588134766,0,404335493120,8589930496,26396762112,0
199,1727586187810,960,1180,799,868,842,824,842,886,930,1388,831,963,862,800,853,816,873,799,875,829,839,863,828,1039,1010,891,800,888,816,813,1171,845,0,0,0,0,0,0,0,0,0,0,0,0,0,0,0,0,0,0,0,0,0,0,0,0,0,0,100,0,0,0,0,0,147270.68725585938,129550.40759277344,0,404335493120,8589930496,26396762112,0
199,1727586188010,960,1180,799,868,842,824,842,886,930,1388,831,963,862,800,853,816,873,799,875,829,839,863,828,1039,1010,891,800,888,816,813,1171,845,0,0,0,0,0,0,0,0,0,0,0,0,0,0,0,0,0,0,0,0,0,0,0,0,0,0,100,0,0,0,0,0,147274.97998046875,129557.10833740234,0,404335493120,8589930496,26396762112,0
199,1727586188211,960,1180,799,868,842,824,842,886,930,1388,831,963,862,800,853,816,873,799,875,829,839,863,828,1039,1010,891,800,888,816,813,1171,845,0,0,0,0,0,0,0,0,0,0,4.761904716491699,0,0,0,0,0,0,0,0,0,0,0,0,0,0,0,100,0,0,0,5,0,147279.2901611328,129563.81469726563,0,404335493120,8589930496,26396770304,0
199,1727586188411,960,1180,799,868,842,824,842,886,930,1388,831,963,862,800,853,816,873,799,875,829,839,863,828,1039,1010,891,800,888,816,813,1171,845,0,0,0,0,0,0,0,0,0,0,4.761904716491699,0,0,0,0,0,0,0,0,0,0,0,0,0,0,0,100,0,0,0,5,0,147283.5708618164,129570.5009765625,0,404335493120,8589930496,26396770304,0
199,1727586188611,960,1180,799,868,842,824,842,886,930,1388,831,963,862,800,853,816,873,799,875,829,839,863,828,1039,1010,891,800,888,816,813,1171,845,0,0,0,0,0,0,0,0,0,0,0,0,0,0,0,0,0,0,0,0,0,0,0,0,0,0,100,0,0,0,0,0,147287.87145996094,129577.18878173828,0,404335493120,8589930496,26396770304,0
199,1727586188811,960,1180,799,868,842,824,842,886,930,1388,831,963,862,800,853,816,873,799,875,829,839,863,828,1039,1010,891,800,888,816,813,1171,845,0,0,0,0,0,0,0,0,0,0,0,0,0,0,9.523809432983398,0,0,0,0,0,0,0,0,4.761904716491699,0,0,100,0,0,0,5,4.761904716491699,147292.1983642578,129583.86883544922,0,404335493120,8589930496,26401468416,0
199,1727586189011,960,1180,799,868,842,824,842,886,930,1388,831,963,862,800,853,816,873,799,875,829,839,863,828,1039,1010,891,800,888,816,813,1171,845,0,0,0,0,0,0,4.761904716491699,0,0,0,0,0,0,0,0,0,0,0,0,0,0,0,0,0,0,0,100,0,0,0,0,0,147296.54077148438,129590.55108642578,0,404335493120,8589930496,26401468416,0
199,1727586189211,960,1180,799,868,842,824,842,886,930,1388,831,963,862,800,853,816,873,799,875,829,839,863,828,1039,1010,891,800,888,816,813,1171,845,0,0,0,5,0,0,0,0,0,0,0,0,0,84.21052551269531,0,0,0,0,0,5.263157844543457,0,0,0,0,0,0,19.047618865966797,0,0,0,0,0,147300.85217285156,129597.23889160156,0,404335493120,8589930496,26403397632,0
199,1727586189411,960,1180,799,868,842,824,842,886,930,1388,831,963,862,800,853,816,873,799,875,829,839,863,828,1039,1010,891,800,888,816,813,1171,845,0,0,0,0,0,0,0,0,0,0,0,5,0,100,0,0,0,0,0,5,0,4.761904716491699,0,0,0,0,0,0,0,0,0,0,147305.1746826172,129603.91479492188,0,404335493120,8589930496,26403753984,0
199,1727586189612,960,1180,799,868,842,824,842,886,930,1388,831,963,862,800,853,816,873,799,875,829,839,863,828,1039,1010,891,800,888,816,813,1171,845,0,0,0,0,0,0,0,0,0,0,0,0,0,100,0,0,4.761904716491699,0,0,0,0,4.761904716491699,0,0,0,0,0,0,0,0,0,0,147309.53680419922,129610.60845947266,0,404335493120,8589930496,26403758080,0
199,1727586189812,960,1180,799,868,842,824,842,886,930,1388,831,963,862,800,853,816,873,799,875,829,839,863,828,1039,1010,891,800,888,816,813,1171,845,0,0,0,0,0,0,0,0,0,0,0,0,0,100,0,0,0,0,0,0,0,0,0,0,0,0,0,0,0,0,0,0,147313.88800048828,129617.30212402344,0,404335493120,8589930496,26403745792,0
199,1727586190012,960,1180,799,868,842,824,842,886,930,1388,831,963,862,800,853,816,873,799,875,829,839,863,828,1039,1010,891,800,888,816,813,1171,845,4.761904716491699,0,5,0,0,4.761904716491699,9.523809432983398,0,0,0,0,0,0,100,0,4.761904716491699,0,0,0,0,0,0,0,0,0,4.761904716491699,0,0,0,0,0,0,147318.24243164063,129624.02490234375,0,404335493120,8589930496,26403758080,0
199,1727586190212,960,1180,799,868,842,824,842,886,930,1388,831,963,862,800,853,816,873,799,875,829,839,863,828,1039,1010,891,800,888,816,813,1171,845,0,0,0,0,0,0,0,0,0,0,0,0,4.761904716491699,100,0,0,0,0,4.761904716491699,0,0,0,0,0,0,0,0,0,0,0,0,0,147322.58990478516,129630.7041015625,0,404335493120,8589930496,26403954688,0
199,1727586190412,960,1180,799,868,842,824,842,886,930,1388,831,963,862,800,853,816,873,799,875,829,839,863,828,1039,1010,891,800,888,816,813,1171,845,0,0,0,0,0,0,0,0,0,0,0,0,4.761904716491699,100,0,0,0,0,4.761904716491699,0,0,0,0,0,0,0,0,0,0,0,0,0,147326.90844726563,129637.3617553711,0,404335493120,8589930496,26403954688,0
199,1727586190612,960,1180,799,868,842,824,842,886,930,1388,831,963,862,800,853,816,873,799,875,829,839,863,828,1039,1010,891,800,888,816,813,1171,845,0,0,0,0,0,0,0,0,0,0,0,0,0,100,0,0,0,0,0,0,0,0,0,0,0,0,0,0,0,0,0,0,147331.251953125,129644.08544921875,0,404335493120,8589930496,26403954688,0
199,1727586190812,960,1180,799,868,842,824,842,886,930,1388,831,963,862,800,853,816,873,799,875,829,839,863,828,1039,1010,891,800,888,816,813,1171,845,0,0,0,0,0,0,0,0,0,10,0,0,0,100,5,0,0,0,0,0,0,0,0,0,0,0,0,0,0,0,0,0,147335.61950683594,129650.8041381836,0,404335493120,8589930496,26408636416,0
199,1727586191012,960,1180,799,868,842,824,842,886,930,1388,831,963,862,800,853,816,873,799,875,829,839,863,828,1039,1010,891,800,888,816,813,1171,845,0,0,0,0,0,0,0,0,0,0,0,4.761904716491699,0,100,0,0,0,0,0,0,0,0,0,0,0,0,0,0,0,0,0,0,147340.00122070313,129657.48895263672,0,404335493120,8589930496,26408640512,0
199,1727586191213,960,1180,799,868,842,824,842,886,930,1388,831,963,862,800,853,816,873,799,875,829,839,863,828,1039,1010,891,800,888,816,813,1171,845,0,5,0,5,4.761904716491699,0,0,0,0,4.761904716491699,0,5,0,100,0,0,0,0,5,4.761904716491699,0,0,0,9.523809432983398,4.761904716491699,5,0,5,0,0,0,0,147344.38262939453,129664.16790771484,0,404335493120,8589930496,26409529344,0
199,1727586191413,960,1180,799,868,842,824,842,886,930,1388,831,963,862,800,853,816,873,799,875,829,839,863,828,1039,1010,891,800,888,816,813,1171,845,0,5,0,5,4.761904716491699,0,0,0,0,4.761904716491699,0,5,0,100,0,0,0,0,5,4.761904716491699,0,0,0,9.523809432983398,4.761904716491699,5,0,5,0,0,0,0,147348.7117919922,129670.81744384766,0,404335493120,8589930496,26409701376,0
199,1727586191613,960,1180,799,868,842,824,842,886,930,1388,831,963,862,800,853,816,873,799,875,829,839,863,828,1039,1010,891,800,888,816,813,1171,845,0,0,0,2.5,0,0,0,0,0,0,0,0,0,100,0,0,0,0,0,0,0,0,0,0,0,0,0,0,0,0,0,0,147353.0297241211,129677.49951171875,0,404335493120,8589930496,26407415808,0
199,1727586191813,960,1180,799,868,842,824,842,886,930,1388,831,963,862,800,853,816,873,799,875,829,839,863,828,1039,1010,891,800,888,816,813,1171,845,0,0,0,0,0,0,0,0,0,0,0,0,0,100,0,0,0,0,0,0,0,0,0,0,0,0,0,0,0,0,0,0,147357.32373046875,129684.17999267578,0,404335493120,8589930496,26407419904,0
199,1727586192013,960,1180,799,868,842,824,842,886,930,1388,831,963,862,800,853,816,873,799,875,829,839,863,828,1039,1010,891,800,888,816,813,1171,845,0,0,0,0,0,0,0,0,0,0,0,0,0,100,0,0,0,0,0,0,0,0,0,0,0,0,0,0,0,0,0,0,147361.65588378906,129690.90869140625,0,404335493120,8589930496,26407419904,0
199,1727586192213,960,1180,799,868,842,824,842,886,930,1388,831,963,862,800,853,816,873,799,875,829,839,863,828,1039,1010,891,800,888,816,813,1171,845,9.523809432983398,0,5,4.761904716491699,5,19.047618865966797,0,10,4.761904716491699,5,5,9.523809432983398,9.523809432983398,100,0,0,10,0,0,0,0,0,0,5,0,0,0,4.761904716491699,4.761904716491699,4.761904716491699,10,0,147366.01458740234,129697.62390136719,0,404335493120,8589930496,26412781568,0
199,1727586192414,960,1180,799,868,842,824,842,886,930,1388,831,963,862,800,853,816,873,799,875,829,839,863,828,1039,1010,891,800,888,816,813,1171,845,9.523809432983398,0,5,4.761904716491699,5,19.047618865966797,0,10,4.761904716491699,5,5,9.523809432983398,9.523809432983398,100,0,0,10,0,0,0,0,0,0,5,0,0,0,4.761904716491699,4.761904716491699,4.761904716491699,10,0,147370.3442993164,129704.3228149414,0,404335493120,8589930496,26413101056,0
199,1727586192614,960,1180,799,868,842,824,842,886,930,1388,831,963,862,800,853,816,873,799,875,829,839,863,828,1039,1010,891,800,888,816,813,1171,845,2.5641026496887207,0,0,0,2.5641026496887207,0,0,0,0,0,0,0,2.5,100,0,0,0,0,0,0,0,0,4.878048419952393,0,0,0,0,0,0,0,0,0,147374.6519165039,129710.98626708984,0,404335493120,8589930496,26413445120,0
199,1727586192814,960,1180,799,868,842,824,842,886,930,1388,831,963,862,800,853,816,873,799,875,829,839,863,828,1039,1010,891,800,888,816,813,1171,845,0,0,0,0,0,0,0,0,0,0,0,0,0,100,0,0,5,0,0,0,0,0,0,0,0,0,0,0,0,0,0,0,147378.94744873047,129717.67431640625,0,404335493120,8589930496,26413445120,0
199,1727586193014,960,1180,799,868,842,824,842,886,930,1388,831,963,862,800,853,816,873,799,875,829,839,863,828,1039,1010,891,800,888,816,813,1171,845,0,0,0,0,0,0,0,0,0,0,0,0,5,100,0,0,0,0,0,0,0,0,0,0,0,0,0,0,0,0,0,0,147383.25329589844,129724.37524414063,0,404335493120,8589930496,26413445120,0
199,1727586193214,960,1180,799,868,842,824,842,886,930,1388,831,963,862,800,853,816,873,799,875,829,839,863,828,1039,1010,891,800,888,816,813,1171,845,0,15.000000953674316,4.761904716491699,0,0,0,0,5,0,0,0,0,0,0,0,0,0,0,0,0,0,0,0,4.761904716491699,5,0,100,0,0,0,0,0,147387.60327148438,129731.14868164063,0,404335493120,8589930496,26423844864,0
199,1727586193414,960,1180,799,868,842,824,842,886,930,1388,831,963,862,800,853,816,873,799,875,829,839,863,828,1039,1010,891,800,888,816,813,1171,845,5,5.263157844543457,0,0,0,4.761904716491699,0,0,0,0,0,0,0,0,0,0,0,0,0,0,0,0,0,0,0,0,100,5.263157844543457,0,0,0,4.761904716491699,147391.9151611328,129737.8589477539,0,404335493120,8589930496,26413723648,0
199,1727586193614,960,1180,799,868,842,824,842,886,930,1388,831,963,862,800,853,816,873,799,875,829,839,863,828,1039,1010,891,800,888,816,813,1171,845,5,5.263157844543457,0,0,0,4.761904716491699,0,0,0,0,0,0,0,0,0,0,0,0,0,0,0,0,0,0,0,0,100,5.263157844543457,0,0,0,4.761904716491699,147396.17944335938,129744.52465820313,0,404335493120,8589930496,26413862912,0
199,1727586193815,960,1180,799,868,842,824,842,886,930,1388,831,963,862,800,853,816,873,799,875,829,839,863,828,1039,1010,891,800,888,816,813,1171,845,0,0,0,0,0,0,0,0,0,0,0,0,0,0,0,0,0,0,0,0,0,0,0,0,0,0,100,0,0,0,0,0,147400.45471191406,129751.21350097656,0,404335493120,8589930496,26413862912,0
199,1727586194015,960,1180,799,868,842,824,842,886,930,1388,831,963,862,800,853,816,873,799,875,829,839,863,828,1039,1010,891,800,888,816,813,1171,845,0,0,0,0,0,0,0,0,0,0,0,0,0,0,0,0,0,0,0,0,0,0,0,0,0,0,100,0,0,0,0,0,147404.70239257813,129757.9087524414,0,404335493120,8589930496,26413862912,0
199,1727586194215,960,1180,799,868,842,824,842,886,930,1388,831,963,862,800,853,816,873,799,875,829,839,863,828,1039,1010,891,800,888,816,813,1171,845,0,0,0,0,0,0,0,0,0,0,0,0,0,25,0,0,0,0,0,0,0,0,0,0,0,0,75,0,0,0,0,0,147408.962890625,129764.60125732422,0,404335493120,8589930496,26413862912,0
199,1727586194415,960,1180,799,868,842,824,842,886,930,1388,831,963,862,800,853,816,873,799,875,829,839,863,828,1039,1010,891,800,888,816,813,1171,845,0,0,0,0,0,0,0,0,0,0,0,0,0,100,0,0,0,0,0,0,0,0,0,0,0,0,0,0,0,0,0,0,147413.27795410156,129771.29034423828,0,404335493120,8589930496,26413862912,0
199,1727586194615,960,1180,799,868,842,824,842,886,930,1388,831,963,862,800,853,816,873,799,875,829,839,863,828,1039,1010,891,800,888,816,813,1171,845,0,0,0,0,0,0,0,0,0,0,0,0,0,100,0,0,0,0,0,0,0,0,0,0,0,0,0,0,0,0,0,0,147417.57598876953,129777.98638916016,0,404335493120,8589930496,26414006272,0
199,1727586194815,960,1180,799,868,842,824,842,886,930,1388,831,963,862,800,853,816,873,799,875,829,839,863,828,1039,1010,891,800,888,816,813,1171,845,0,0,0,0,0,0,0,0,0,0,0,0,0,100,0,0,0,0,0,0,0,0,0,0,0,0,0,0,0,0,0,0,147421.87658691406,129784.67315673828,0,404335493120,8589930496,26414006272,0
199,1727586195015,960,1180,799,868,842,824,842,886,930,1388,831,963,862,800,853,816,873,799,875,829,839,863,828,1039,1010,891,800,888,816,813,1171,845,4.761904716491699,5,5,0,0,0,5,0,0,0,0,0,0,100,0,4.761904716491699,0,0,0,0,0,4.761904716491699,5,0,0,0,0,4.761904716491699,0,0,4.761904716491699,0,147426.1524658203,129791.3735961914,0,404335493120,8589930496,26414063616,0
199,1727586195215,960,1180,799,868,842,824,842,886,930,1388,831,963,862,800,853,816,873,799,875,829,839,863,828,1039,1010,891,800,888,816,813,1171,845,0,0,0,0,0,0,0,0,0,0,0,0,0,100,0,0,0,4.761904716491699,0,0,0,0,5,0,0,0,0,0,0,0,0,0,147430.42974853516,129798.03973388672,0,404335493120,8589930496,26414428160,0
199,1727586195416,960,1180,799,868,842,824,842,886,930,1388,831,963,862,800,853,816,873,799,875,829,839,863,828,1039,1010,891,800,888,816,813,1171,845,0,0,0,0,0,0,0,0,0,0,0,0,0,100,0,0,0,4.761904716491699,0,0,0,0,5,0,0,0,0,0,0,0,0,0,147434.75616455078,129804.7353515625,0,404335493120,8589930496,26414428160,0
199,1727586195616,960,1180,799,868,842,824,842,886,930,1388,831,963,862,800,853,816,873,799,875,829,839,863,828,1039,1010,891,800,888,816,813,1171,845,0,0,0,0,0,0,0,2.4390242099761963,0,0,0,0,0,100,0,0,0,0,0,0,0,0,0,0,0,0,0,0,0,0,0,0,147439.05310058594,129811.42864990234,0,404335493120,8589930496,26414567424,0
199,1727586195816,960,1180,799,868,842,824,842,886,930,1388,831,963,862,800,853,816,873,799,875,829,839,863,828,1039,1010,891,800,888,816,813,1171,845,0,0,0,0,0,0,0,0,0,0,0,0,0,100,0,0,0,0,0,0,0,0,0,0,0,0,0,0,0,0,0,0,147443.35620117188,129818.11907958984,0,404335493120,8589930496,26414567424,0
199,1727586196016,960,1180,799,868,842,824,842,886,930,1388,831,963,862,800,853,816,873,799,875,829,839,863,828,1039,1010,891,800,888,816,813,1171,845,0,0,0,0,0,0,0,0,0,0,0,0,0,100,0,0,0,0,0,0,0,0,0,0,0,0,0,0,0,0,0,0,147447.66107177734,129824.8110961914,0,404335493120,8589930496,26414567424,0
199,1727586196216,960,1180,799,868,842,824,842,886,930,1388,831,963,862,800,853,816,873,799,875,829,839,863,828,1039,1010,891,800,888,816,813,1171,845,0,4.761904716491699,9.523809432983398,5,9.523809432983398,0,5,0,0,0,0,5,5,25,5,4.761904716491699,0,0,0,0,5,5,0,5,5,4.761904716491699,78.94737243652344,5,5,5,5,5,147451.98956298828,129831.54553222656,0,404335493120,8589930496,26415218688,0
199,1727586196416,960,1180,799,868,842,824,842,886,930,1388,831,963,862,800,853,816,873,799,875,829,839,863,828,1039,1010,891,800,888,816,813,1171,845,0,4.761904716491699,9.523809432983398,5,9.523809432983398,0,5,0,0,0,0,5,5,25,5,4.761904716491699,0,0,0,0,5,5,0,5,5,4.761904716491699,78.94737243652344,5,5,5,5,5,147456.29650878906,129838.24090576172,0,404335493120,8589930496,26415218688,0
199,1727586196616,960,1180,799,868,842,824,842,886,930,1388,831,963,862,800,853,816,873,799,875,829,839,863,828,1039,1010,891,800,888,816,813,1171,845,0,0,2.4390242099761963,0,0,0,0,0,0,0,0,0,0,0,0,0,0,0,0,0,0,0,0,0,0,0,100,0,0,0,0,0,147460.5864868164,129844.94012451172,0,404335493120,8589930496,26415218688,0
199,1727586196817,960,1180,799,868,842,824,842,886,930,1388,831,963,862,800,853,816,873,799,875,829,839,863,828,1039,1010,891,800,888,816,813,1171,845,0,0,0,0,0,0,0,0,0,0,0,0,0,0,0,0,0,0,0,0,0,0,0,0,0,0,100,0,0,0,0,0,147464.87982177734,129851.63385009766,0,404335493120,8589930496,26415218688,0
199,1727586197017,960,1180,799,868,842,824,842,886,930,1388,831,963,862,800,853,816,873,799,875,829,839,863,828,1039,1010,891,800,888,816,813,1171,845,0,0,0,0,0,0,0,0,0,0,0,0,0,0,0,0,0,0,0,0,0,0,0,0,0,0,100,0,0,0,0,0,147469.13104248047,129858.3285522461,0,404335493120,8589930496,26415218688,0
199,1727586197217,960,1180,799,868,842,824,842,886,930,1388,831,963,862,800,853,816,873,799,875,829,839,863,828,1039,1010,891,800,888,816,813,1171,845,5,0,0,0,0,0,0,20,9.090909004211426,5,0,5.263157844543457,5,0,4.761904716491699,0,0,5,5,9.523809432983398,4.761904716491699,9.523809432983398,5,0,0,0,100,5,5,5,5.263157844543457,0,147473.46807861328,129865.00799560547,0,404335493120,8589930496,26425389056,0
199,1727586197417,960,1180,799,868,842,824,842,886,930,1388,831,963,862,800,853,816,873,799,875,829,839,863,828,1039,1010,891,800,888,816,813,1171,845,5,0,0,0,15.000000953674316,4.761904716491699,4.761904716491699,4.761904716491699,0,0,0,5,5,5,0,4.761904716491699,4.761904716491699,4.761904716491699,4.761904716491699,0,0,0,0,0,0,5,100,5,0,0,10,5.263157844543457,147477.85412597656,129871.68688964844,0,404335493120,8589930496,26426535936,0
199,1727586197617,960,1180,799,868,842,824,842,886,930,1388,831,963,862,800,853,816,873,799,875,829,839,863,828,1039,1010,891,800,888,816,813,1171,845,5,0,0,0,15.000000953674316,4.761904716491699,4.761904716491699,4.761904716491699,0,0,0,5,5,5,0,4.761904716491699,4.761904716491699,4.761904716491699,4.761904716491699,0,0,0,0,0,0,5,100,5,0,0,10,5.263157844543457,147482.22003173828,129878.37097167969,0,404335493120,8589930496,26426535936,0
199,1727586197817,960,1180,799,868,842,824,842,886,930,1388,831,963,862,800,853,816,873,799,875,829,839,863,828,1039,1010,891,800,888,816,813,1171,845,0,0,0,0,0,0,0,0,0,0,0,0,0,0,0,0,0,0,0,0,0,0,0,0,0,0,100,0,0,0,0,0,147486.54388427734,129885.05517578125,0,404335493120,8589930496,26426535936,0
199,1727586198017,960,1180,799,868,842,824,842,886,930,1388,831,963,862,800,853,816,873,799,875,829,839,863,828,1039,1010,891,800,888,816,813,1171,845,0,0,0,0,0,0,0,0,0,0,0,0,0,0,0,0,0,0,0,0,0,0,0,0,4.761904716491699,0,100,0,0,0,0,0,147490.82940673828,129891.73181152344,0,404335493120,8589930496,26426535936,0
199,1727586198217,960,1180,799,868,842,824,842,886,930,1388,831,963,862,800,853,816,873,799,875,829,839,863,828,1039,1010,891,800,888,816,813,1171,845,0,0,0,0,0,0,0,0,0,0,0,4.761904716491699,0,0,0,0,5,0,0,4.761904716491699,0,0,0,0,0,0,100,0,0,0,0,0,147495.14990234375,129898.4097290039,0,404335493120,8589930496,26426540032,0
199,1727586198418,960,1180,799,868,842,824,842,886,930,1388,831,963,862,800,853,816,873,799,875,829,839,863,828,1039,1010,891,800,888,816,813,1171,845,0,0,0,0,0,0,0,0,0,0,0,0,4.761904716491699,0,0,0,0,0,0,0,0,0,0,0,0,0,100,0,0,0,0,0,147499.45404052734,129905.09747314453,0,404335493120,8589930496,26426540032,0
199,1727586198618,960,1180,799,868,842,824,842,886,930,1388,831,963,862,800,853,816,873,799,875,829,839,863,828,1039,1010,891,800,888,816,813,1171,845,0,0,0,0,0,0,0,0,0,0,0,0,4.761904716491699,0,0,0,0,0,0,0,0,0,0,0,0,0,100,0,0,0,9.523809432983398,0,147503.75616455078,129911.77655029297,0,404335493120,8589930496,26428448768,0
199,1727586198818,960,1180,799,868,842,824,842,886,930,1388,831,963,862,800,853,816,873,799,875,829,839,863,828,1039,1010,891,800,888,816,813,1171,845,0,0,0,0,0,0,0,0,0,4.761904716491699,0,0,0,0,0,5.263157844543457,0,0,0,0,0,0,0,0,0,0,100,0,0,0,0,0,147508.0922241211,129918.45086669922,0,404335493120,8589930496,26433142784,0
199,1727586199018,960,1180,799,868,842,824,842,886,930,1388,831,963,862,800,853,816,873,799,875,829,839,863,828,1039,1010,891,800,888,816,813,1171,845,0,0,0,0,0,0,0,0,0,4.761904716491699,0,0,0,0,0,5.263157844543457,0,0,0,0,0,0,0,0,0,0,100,0,0,0,0,0,147512.33459472656,129925.09033203125,0,404335493120,8589930496,26433155072,0
199,1727586199218,960,1180,799,868,842,824,842,886,930,1388,831,963,862,800,853,816,873,799,875,829,839,863,828,1039,1010,891,800,888,816,813,1171,845,0,0,0,0,0,0,0,0,0,0,0,0,2.5,0,0,0,0,0,4.878048419952393,0,0,0,0,0,0,0,100,0,0,0,0,0,147516.66033935547,129931.80657958984,0,404335493120,8589930496,26433155072,0
199,1727586199418,960,1180,799,868,842,824,842,886,930,1388,831,963,862,800,853,816,873,799,875,829,839,863,828,1039,1010,891,800,888,816,813,1171,845,0,0,0,0,0,0,0,0,0,0,0,0,0,0,0,0,0,0,0,0,0,0,0,0,0,0,100,0,0,0,0,0,147520.9644165039,129938.4595336914,0,404335493120,8589930496,26433155072,0
199,1727586199619,960,1180,799,868,842,824,842,886,930,1388,831,963,862,800,853,816,873,799,875,829,839,863,828,1039,1010,891,800,888,816,813,1171,845,0,0,0,0,0,0,0,0,0,0,0,0,0,0,0,0,0,0,0,0,0,0,0,0,0,0,100,0,0,0,0,0,147525.24194335938,129945.1958618164,0,404335493120,8589930496,26433159168,0
199,1727586199819,960,1180,799,868,842,824,842,886,930,1388,831,963,862,800,853,816,873,799,875,829,839,863,828,1039,1010,891,800,888,816,813,1171,845,0,0,0,0,0,0,0,0,0,0,0,0,0,0,0,0,0,0,0,0,0,0,0,0,0,0,100,0,0,0,0,0,147529.53649902344,129951.8994140625,0,404335493120,8589930496,26433474560,0
199,1727586200019,960,1180,799,868,842,824,842,886,930,1388,831,963,862,800,853,816,873,799,875,829,839,863,828,1039,1010,891,800,888,816,813,1171,845,0,0,5,0,0,0,0,0,0,0,0,0,0,0,0,4.761904716491699,5,0,0,0,0,0,0,0,0,0,100,9.523809432983398,5,0,0,0,147533.87628173828,129958.6107788086,0,404335493120,8589930496,26433507328,0
199,1727586200219,960,1180,799,868,842,824,842,886,930,1388,831,963,862,800,853,816,873,799,875,829,839,863,828,1039,1010,891,800,888,816,813,1171,845,0,0,0,0,0,0,0,0,0,0,0,0,0,0,0,4.761904716491699,0,0,0,0,0,0,0,0,0,0,100,0,0,0,0,0,147538.17626953125,129965.28326416016,0,404335493120,8589930496,26433531904,0
199,1727586200419,960,1180,799,868,842,824,842,886,930,1388,831,963,862,800,853,816,873,799,875,829,839,863,828,1039,1010,891,800,888,816,813,1171,845,0,0,0,0,0,0,0,4.761904716491699,0,0,4.761904716491699,0,0,0,0,0,0,0,0,0,0,0,0,0,0,0,100,0,0,0,0,0,147542.4423828125,129971.92462158203,0,404335493120,8589930496,26433531904,0
199,1727586200619,960,1180,799,868,842,824,842,886,930,1388,831,963,862,800,853,816,873,799,875,829,839,863,828,1039,1010,891,800,888,816,813,1171,845,0,0,0,0,0,0,0,4.761904716491699,0,0,4.761904716491699,0,0,0,0,0,0,0,0,0,0,0,0,0,0,0,100,0,0,0,0,0,147546.75134277344,129978.6177368164,0,404335493120,8589930496,26433531904,0
199,1727586200819,960,1180,799,868,842,824,842,886,930,1388,831,963,862,800,853,816,873,799,875,829,839,863,828,1039,1010,891,800,888,816,813,1171,845,0,0,0,0,0,0,0,0,0,0,0,0,0,0,0,0,0,0,0,0,0,0,0,0,0,0,100,0,0,0,2.4390242099761963,0,147551.06317138672,129985.30187988281,0,404335493120,8589930496,26438258688,0
199,1727586201019,960,1180,799,868,842,824,842,886,930,1388,831,963,862,800,853,816,873,799,875,829,839,863,828,1039,1010,891,800,888,816,813,1171,845,0,0,0,0,0,0,0,0,0,0,0,0,0,0,0,0,0,0,0,0,0,0,0,0,0,0,100,0,0,0,0,0,147555.37951660156,129991.99780273438,0,404335493120,8589930496,26438262784,0
199,1727586201220,960,1180,799,868,842,824,842,886,930,1388,831,963,862,800,853,816,873,799,875,829,839,863,828,1039,1010,891,800,888,816,813,1171,845,10,5,0,5,5,5,5,5,5,5,5.263157844543457,5,9.523809432983398,5,5,5,10,0,4.761904716491699,5,9.523809432983398,4.761904716491699,5,5,5,5.263157844543457,100,5.263157844543457,5,9.523809432983398,5,5,147559.80053710938,129998.79760742188,0,404335493120,8589930496,26438967296,0
199,1727586201419,960,1180,799,868,842,824,842,886,930,1388,831,963,862,800,853,816,873,799,875,829,839,863,828,1039,1010,891,800,888,816,813,1171,845,10,5,0,5,5,5,5,5,5,5,5.263157844543457,5,9.523809432983398,5,5,5,10,0,4.761904716491699,5,9.523809432983398,4.761904716491699,5,5,5,5.263157844543457,100,5.263157844543457,5,9.523809432983398,5,5,147564.14392089844,130005.53466796875,0,404335493120,8589930496,26440519680,0
199,1727586201619,960,1180,799,868,842,824,842,886,930,1388,831,963,862,800,853,816,873,799,875,829,839,863,828,1039,1010,891,800,888,816,813,1171,845,0,2.5,5,2.4390242099761963,0,0,0,2.4390242099761963,2.4390242099761963,0,2.4390242099761963,2.4390242099761963,2.5641026496887207,0,0,0,0,2.4390242099761963,0,0,2.5,0,2.5,0,0,0,100,2.4390242099761963,2.5,0,2.5,0,147568.4243774414,130012.2289428711,0,404335493120,8589930496,26440519680,0
199,1727586201820,960,1180,799,868,842,824,842,886,930,1388,831,963,862,800,853,816,873,799,875,829,839,863,828,1039,1010,891,800,888,816,813,1171,845,0,0,0,0,0,0,0,0,0,0,0,0,0,0,0,0,0,0,0,0,0,0,0,0,0,0,100,0,0,0,0,0,147572.72387695313,130018.92071533203,0,404335493120,8589930496,26440519680,0
199,1727586202020,960,1180,799,868,842,824,842,886,930,1388,831,963,862,800,853,816,873,799,875,829,839,863,828,1039,1010,891,800,888,816,813,1171,845,0,0,9.523809432983398,0,0,0,0,0,0,0,0,0,0,0,0,0,0,0,0,0,0,0,0,0,0,0,100,0,0,0,0,0,147577.00372314453,130025.6099243164,0,404335493120,8589930496,26440523776,0
199,1727586202220,960,1180,799,868,842,824,842,886,930,1388,831,963,862,800,853,816,873,799,875,829,839,863,828,1039,1010,891,800,888,816,813,1171,845,4.761904716491699,0,9.523809432983398,0,0,4.761904716491699,0,0,5,0,0,5,0,0,0,0,5,0,0,5,5.263157844543457,0,5.263157844543457,0,5,9.523809432983398,100,0,0,0,0,5,147581.3349609375,130032.2904663086,0,404335493120,8589930496,26447179776,0
199,1727586202420,960,1180,799,868,842,824,842,886,930,1388,831,963,862,800,853,816,873,799,875,829,839,863,828,1039,1010,891,800,888,816,813,1171,845,0,0,5.263157844543457,0,0,0,0,0,0,0,0,4.761904716491699,0,0,10,0,4.761904716491699,0,0,0,5.263157844543457,0,0,5.263157844543457,5,5,100,0,0,0,0,0,147585.61657714844,130038.98748779297,0,404335493120,8589930496,26445729792,0
199,1727586202620,960,1180,799,868,842,824,842,886,930,1388,831,963,862,800,853,816,873,799,875,829,839,863,828,1039,1010,891,800,888,816,813,1171,845,0,0,5.263157844543457,0,0,0,0,0,0,0,0,4.761904716491699,0,0,10,0,4.761904716491699,0,0,0,5.263157844543457,0,0,5.263157844543457,5,5,100,0,0,0,0,0,147589.89776611328,130045.67193603516,0,404335493120,8589930496,26445729792,0
199,1727586202820,960,1180,799,868,842,824,842,886,930,1388,831,963,862,800,853,816,873,799,875,829,839,863,828,1039,1010,891,800,888,816,813,1171,845,0,0,0,0,0,0,0,0,0,0,0,0,0,0,0,0,0,0,0,0,0,2.4390242099761963,0,0,0,0,100,0,0,0,0,0,147594.16412353516,130052.35998535156,0,404335493120,8589930496,26445729792,0
199,1727586203020,960,1180,799,868,842,824,842,886,930,1388,831,963,862,800,853,816,873,799,875,829,839,863,828,1039,1010,891,800,888,816,813,1171,845,0,0,0,0,4.761904716491699,0,0,0,0,0,0,0,5,0,0,0,0,0,0,0,0,0,0,0,0,0,100,0,0,0,0,0,147598.4296875,130059.05267333984,0,404335493120,8589930496,26445729792,0
199,1727586203221,960,1180,799,868,842,824,842,886,930,1388,831,963,862,800,853,816,873,799,875,829,839,863,828,1039,1010,891,800,888,816,813,1171,845,0,0,0,0,0,0,0,0,0,0,0,0,0,0,0,0,0,0,0,0,0,0,0,0,0,0,100,0,0,0,0,0,147602.7208251953,130065.74627685547,0,404335493120,8589930496,26445729792,0
199,1727586203421,960,1180,799,868,842,824,842,886,930,1388,831,963,862,800,853,816,873,799,875,829,839,863,828,1039,1010,891,800,888,816,813,1171,845,0,0,0,0,0,0,0,0,0,0,0,0,0,0,0,0,0,0,0,0,0,0,0,0,0,0,100,0,0,0,0,0,147607.04278564453,130072.43041992188,0,404335493120,8589930496,26445860864,0
199,1727586203621,960,1180,799,868,842,824,842,886,930,1388,831,963,862,800,853,816,873,799,875,829,839,863,828,1039,1010,891,800,888,816,813,1171,845,9.523809432983398,0,0,0,30.000001907348633,0,0,0,0,0,0,0,0,0,0,5,5,0,9.523809432983398,4.761904716491699,4.761904716491699,0,0,4.761904716491699,0,0,100,0,0,0,9.523809432983398,0,147611.35723876953,130079.1005859375,0,404335493120,8589930496,26445860864,0
199,1727586203821,960,1180,799,868,842,824,842,886,930,1388,831,963,862,800,853,816,873,799,875,829,839,863,828,1039,1010,891,800,888,816,813,1171,845,9.523809432983398,0,0,0,30.000001907348633,0,0,0,0,0,0,0,0,0,0,5,5,0,9.523809432983398,4.761904716491699,4.761904716491699,0,0,4.761904716491699,0,0,100,0,0,0,9.523809432983398,0,147615.66986083984,130085.74627685547,0,404335493120,8589930496,26445860864,0
199,1727586204021,960,1180,799,868,842,824,842,886,930,1388,831,963,862,800,853,816,873,799,875,829,839,863,828,1039,1010,891,800,888,816,813,1171,845,0,0,0,2.4390242099761963,0,0,0,0,0,0,0,0,0,0,0,0,0,0,0,0,0,0,0,0,0,0,100,0,0,0,0,0,147619.9783935547,130092.47705078125,0,404335493120,8589930496,26445860864,0
199,1727586204221,960,1180,799,868,842,824,842,886,930,1388,831,963,862,800,853,816,873,799,875,829,839,863,828,1039,1010,891,800,888,816,813,1171,845,5,0,0,0,0,0,0,0,0,0,0,0,0,100,0,0,0,0,0,0,5,0,0,0,0,0,0,0,0,0,4.761904716491699,0,147624.27911376953,130099.16009521484,0,404335493120,8589930496,26443616256,0
199,1727586204421,960,1180,799,868,842,824,842,886,930,1388,831,963,862,800,853,816,873,799,875,829,839,863,828,1039,1010,891,800,888,816,813,1171,845,5,0,0,0,0,0,0,0,0,0,0,0,0,100,0,0,0,0,0,0,5,0,0,0,0,0,0,0,0,0,4.761904716491699,0,147628.54296875,130105.8140258789,0,404335493120,8589930496,26443620352,0
199,1727586204622,960,1180,799,868,842,824,842,886,930,1388,831,963,862,800,853,816,873,799,875,829,839,863,828,1039,1010,891,800,888,816,813,1171,845,0,2.4390242099761963,0,0,0,0,0,0,0,0,0,0,0,100,0,0,0,0,0,0,0,0,0,0,0,0,0,0,0,0,0,0,147632.8643798828,130112.54034423828,0,404335493120,8589930496,26443620352,0
199,1727586204822,960,1180,799,868,842,824,842,886,930,1388,831,963,862,800,853,816,873,799,875,829,839,863,828,1039,1010,891,800,888,816,813,1171,845,0,0,0,0,0,0,0,0,0,0,0,0,0,100,0,0,0,0,0,0,0,0,0,0,0,0,0,0,0,0,0,0,147637.1865234375,130119.23010253906,0,404335493120,8589930496,26443620352,0
199,1727586205022,960,1180,799,868,842,824,842,886,930,1388,831,963,862,800,853,816,873,799,875,829,839,863,828,1039,1010,891,800,888,816,813,1171,845,0,0,0,0,0,0,0,0,0,0,0,0,0,100,0,0,0,0,0,0,0,0,0,0,0,0,0,0,0,0,0,0,147641.41973876953,130125.88641357422,0,404335493120,8589930496,26443857920,0
199,1727586205222,960,1180,799,868,842,824,842,886,930,1388,831,963,862,800,853,816,873,799,875,829,839,863,828,1039,1010,891,800,888,816,813,1171,845,4.878048419952393,0,0,0,2.4390242099761963,0,2.4390242099761963,5,0,2.4390242099761963,0,0,0,100,0,0,0,0,0,2.5,0,0,4.878048419952393,0,2.4390242099761963,0,0,0,0,0,0,2.4390242099761963,147645.73583984375,130132.59478759766,0,404335493120,8589930496,26443878400,0
199,1727586205422,960,1180,799,868,842,824,842,886,930,1388,831,963,862,800,853,816,873,799,875,829,839,863,828,1039,1010,891,800,888,816,813,1171,845,4.878048419952393,0,0,0,2.4390242099761963,0,2.4390242099761963,5,0,2.4390242099761963,0,0,0,100,0,0,0,0,0,2.5,0,0,4.878048419952393,0,2.4390242099761963,0,0,0,0,0,0,2.4390242099761963,147650.0087890625,130139.24816894531,0,404335493120,8589930496,26443878400,0
199,1727586205622,960,1180,799,868,842,824,842,886,930,1388,831,963,862,800,853,816,873,799,875,829,839,863,828,1039,1010,891,800,888,816,813,1171,845,0,2.4390242099761963,0,0,0,0,0,0,0,0,0,0,0,100,0,2.4390242099761963,0,0,0,0,0,0,0,0,0,0,0,0,0,0,0,0,147654.30560302734,130145.93151855469,0,404335493120,8589930496,26443284480,0
199,1727586205822,960,1180,799,868,842,824,842,886,930,1388,831,963,862,800,853,816,873,799,875,829,839,863,828,1039,1010,891,800,888,816,813,1171,845,0,0,0,0,0,0,0,0,0,0,0,0,0,100,0,0,0,0,0,4.761904716491699,0,0,0,0,0,0,0,0,0,0,0,0,147658.62786865234,130152.6156616211,0,404335493120,8589930496,26443284480,0
199,1727586206022,960,1180,799,868,842,824,842,886,930,1388,831,963,862,800,853,816,873,799,875,829,839,863,828,1039,1010,891,800,888,816,813,1171,845,0,0,0,0,0,0,0,0,0,0,0,0,4.761904716491699,100,0,0,0,0,0,0,0,0,0,0,0,0,0,0,0,0,0,0,147662.96551513672,130159.30517578125,0,404335493120,8589930496,26443284480,0
199,1727586206222,960,1180,799,868,842,824,842,886,930,1388,831,963,862,800,853,816,873,799,875,829,839,863,828,1039,1010,891,800,888,816,813,1171,845,5,4.761904716491699,0,4.761904716491699,5,0,0,0,0,0,5,0,5,100,5,4.761904716491699,0,0,0,0,5,0,0,0,0,0,0,10,0,0,0,0,147667.37109375,130166.0210571289,0,404335493120,8589930496,26442444800,0
199,1727586206423,960,1180,799,868,842,824,842,886,930,1388,831,963,862,800,853,816,873,799,875,829,839,863,828,1039,1010,891,800,888,816,813,1171,845,5,4.761904716491699,0,4.761904716491699,5,0,0,0,0,0,5,0,5,100,5,4.761904716491699,0,0,0,0,5,0,0,0,0,0,0,10,0,0,0,0,147671.70471191406,130172.71484375,0,404335493120,8589930496,26442616832,0
199,1727586206623,960,1180,799,868,842,824,842,886,930,1388,831,963,862,800,853,816,873,799,875,829,839,863,828,1039,1010,891,800,888,816,813,1171,845,0,0,0,0,0,0,0,0,0,0,0,0,0,100,0,0,0,0,0,2.5,0,0,0,0,0,0,0,0,0,0,0,0,147676.00994873047,130179.41589355469,0,404335493120,8589930496,26442616832,0
199,1727586206823,960,1180,799,868,842,824,842,886,930,1388,831,963,862,800,853,816,873,799,875,829,839,863,828,1039,1010,891,800,888,816,813,1171,845,0,0,0,0,0,0,0,0,0,0,0,0,0,100,0,0,0,0,0,0,0,0,0,0,0,0,0,0,0,0,0,0,147680.32360839844,130186.1117553711,0,404335493120,8589930496,26442625024,0
199,1727586207023,960,1180,799,868,842,824,842,886,930,1388,831,963,862,800,853,816,873,799,875,829,839,863,828,1039,1010,891,800,888,816,813,1171,845,0,0,0,0,0,0,0,0,0,0,0,0,0,100,0,0,0,0,0,4.761904716491699,0,0,0,0,0,0,0,0,0,0,0,0,147684.63262939453,130192.80767822266,0,404335493120,8589930496,26442625024,0
199,1727586207223,960,1180,799,868,842,824,842,886,930,1388,831,963,862,800,853,816,873,799,875,829,839,863,828,1039,1010,891,800,888,816,813,1171,845,5,4.761904716491699,4.761904716491699,0,0,0,0,9.090909004211426,0,0,0,0,0,28.571430206298828,0,5,5,0,0,0,0,0,5,5,5,0,75,0,0,4.761904716491699,0,0,147688.9649658203,130199.52978515625,0,404335493120,8589930496,26447392768,0
199,1727586207423,960,1180,799,868,842,824,842,886,930,1388,831,963,862,800,853,816,873,799,875,829,839,863,828,1039,1010,891,800,888,816,813,1171,845,9.523809432983398,0,0,5.263157844543457,0,0,5,5.263157844543457,0,0,9.523809432983398,5,0,0,5,0,0,5,25,4.761904716491699,9.523809432983398,5,0,0,9.523809432983398,4.761904716491699,100,0,4.761904716491699,0,0,0,147693.31701660156,130206.18518066406,0,404335493120,8589930496,26452197376,0
199,1727586207623,960,1180,799,868,842,824,842,886,930,1388,831,963,862,800,853,816,873,799,875,829,839,863,828,1039,1010,891,800,888,816,813,1171,845,9.523809432983398,0,0,5.263157844543457,0,0,5,5.263157844543457,0,0,9.523809432983398,5,0,0,5,0,0,5,25,4.761904716491699,9.523809432983398,5,0,0,9.523809432983398,4.761904716491699,100,0,4.761904716491699,0,0,0,147697.60705566406,130212.87628173828,0,404335493120,8589930496,26452197376,0
199,1727586207823,960,1180,799,868,842,824,842,886,930,1388,831,963,862,800,853,816,873,799,875,829,839,863,828,1039,1010,891,800,888,816,813,1171,845,0,0,0,2.5,0,0,0,0,0,0,0,0,0,0,0,0,0,0,0,0,0,0,0,0,0,0,100,0,0,0,0,0,147701.86877441406,130219.57000732422,0,404335493120,8589930496,26452197376,0
199,1727586208023,960,1180,799,868,842,824,842,886,930,1388,831,963,862,800,853,816,873,799,875,829,839,863,828,1039,1010,891,800,888,816,813,1171,845,0,0,0,0,0,0,0,0,0,0,0,0,4.761904716491699,0,0,0,0,0,0,0,0,0,0,0,0,0,100,0,0,0,0,0,147706.18927001953,130226.2660522461,0,404335493120,8589930496,26452197376,0
199,1727586208224,960,1180,799,868,842,824,842,886,930,1388,831,963,862,800,853,816,873,799,875,829,839,863,828,1039,1010,891,800,888,816,813,1171,845,0,0,0,0,0,0,0,0,0,0,0,0,0,0,0,0,0,0,0,0,0,0,0,0,0,0,100,0,0,0,0,0,147710.4970703125,130232.9560546875,0,404335493120,8589930496,26452197376,0
199,1727586208424,960,1180,799,868,842,824,842,886,930,1388,831,963,862,800,853,816,873,799,875,829,839,863,828,1039,1010,891,800,888,816,813,1171,845,0,0,0,0,0,0,0,0,0,0,0,0,0,0,0,0,0,0,0,0,0,0,0,0,0,0,100,0,0,4.761904716491699,0,0,147714.7817993164,130239.64855957031,0,404335493120,8589930496,26451451904,0
199,1727586208624,960,1180,799,868,842,824,842,886,930,1388,831,963,862,800,853,816,873,799,875,829,839,863,828,1039,1010,891,800,888,816,813,1171,845,0,0,0,0,0,0,0,0,0,0,0,0,0,0,0,0,0,0,0,0,0,0,0,0,0,0,100,0,0,0,0,0,147719.0640258789,130246.34539794922,0,404335493120,8589930496,26450251776,0
199,1727586208824,960,1180,799,868,842,824,842,886,930,1388,831,963,862,800,853,816,873,799,875,829,839,863,828,1039,1010,891,800,888,816,813,1171,845,0,0,0,0,0,0,0,0,0,0,0,0,0,0,0,5,0,0,0,0,0,0,0,0,0,0,100,0,0,0,0,0,147723.31860351563,130253.03210449219,0,404335493120,8589930496,26453622784,0
199,1727586209024,960,1180,799,868,842,824,842,886,930,1388,831,963,862,800,853,816,873,799,875,829,839,863,828,1039,1010,891,800,888,816,813,1171,845,0,0,0,0,0,0,0,0,0,0,0,0,0,0,0,0,0,0,0,0,0,0,0,0,0,0,100,0,0,0,0,0,147727.59631347656,130259.72204589844,0,404335493120,8589930496,26453622784,0
199,1727586209224,960,1180,799,868,842,824,842,886,930,1388,831,963,862,800,853,816,873,799,875,829,839,863,828,1039,1010,891,800,888,816,813,1171,845,0,0,0,0,0,0,0,0,0,0,0,0,0,0,0,0,0,0,0,0,0,0,0,0,0,0,100,0,0,0,0,0,147731.90258789063,130266.4107055664,0,404335493120,8589930496,26453622784,0
199,1727586209424,960,1180,799,868,842,824,842,886,930,1388,831,963,862,800,853,816,873,799,875,829,839,863,828,1039,1010,891,800,888,816,813,1171,845,0,0,0,0,0,0,0,0,0,0,0,0,0,0,0,0,0,0,0,0,0,0,0,0,0,0,100,0,0,0,0,0,147736.16381835938,130273.1011352539,0,404335493120,8589930496,26453626880,0
199,1727586209625,960,1180,799,868,842,824,842,886,930,1388,831,963,862,800,853,816,873,799,875,829,839,863,828,1039,1010,891,800,888,816,813,1171,845,0,0,0,0,0,0,0,0,0,0,0,0,0,0,0,0,0,0,0,0,0,0,0,0,0,0,100,0,0,0,0,0,147740.4697265625,130279.79296875,0,404335493120,8589930496,26453626880,0
199,1727586209825,960,1180,799,868,842,824,842,886,930,1388,831,963,862,800,853,816,873,799,875,829,839,863,828,1039,1010,891,800,888,816,813,1171,845,0,0,0,0,0,0,0,0,0,0,0,0,0,0,0,0,0,0,0,0,0,0,0,0,0,0,100,0,0,0,0,0,147744.7416381836,130286.48370361328,0,404335493120,8589930496,26453626880,0
199,1727586210025,960,1180,799,868,842,824,842,886,930,1388,831,963,862,800,853,816,873,799,875,829,839,863,828,1039,1010,891,800,888,816,813,1171,845,0,0,0,0,0,0,0,0,0,0,0,0,10,0,5,0,0,4.761904716491699,0,0,0,0,0,5,0,0,100,4.761904716491699,0,0,0,5,147749.01983642578,130293.19458007813,0,404335493120,8589930496,26453676032,0
199,1727586210225,960,1180,799,868,842,824,842,886,930,1388,831,963,862,800,853,816,873,799,875,829,839,863,828,1039,1010,891,800,888,816,813,1171,845,0,0,0,0,0,0,0,4.761904716491699,0,0,0,0,0,0,0,0,0,0,0,0,0,0,0,0,0,0,100,0,0,0,0,4.761904716491699,147753.3358154297,130299.90295410156,0,404335493120,8589930496,26453110784,0
199,1727586210425,960,1180,799,868,842,824,842,886,930,1388,831,963,862,800,853,816,873,799,875,829,839,863,828,1039,1010,891,800,888,816,813,1171,845,0,0,0,0,0,0,0,4.761904716491699,0,0,0,0,0,0,0,0,0,0,0,0,0,0,0,0,0,0,100,0,0,0,0,4.761904716491699,147757.5990600586,130306.55102539063,0,404335493120,8589930496,26453110784,0
199,1727586210625,960,1180,799,868,842,824,842,886,930,1388,831,963,862,800,853,816,873,799,875,829,839,863,828,1039,1010,891,800,888,816,813,1171,845,2.4390242099761963,0,0,0,0,0,0,0,0,2.4390242099761963,2.5,0,0,0,0,0,0,0,0,0,0,0,0,0,0,0,100,0,0,0,0,0,147761.88134765625,130313.27404785156,0,404335493120,8589930496,26452369408,0
199,1727586210825,960,1180,799,868,842,824,842,886,930,1388,831,963,862,800,853,816,873,799,875,829,839,863,828,1039,1010,891,800,888,816,813,1171,845,5,0,0,0,0,0,0,0,0,20,0,0,0,0,0,0,0,0,0,0,0,0,0,0,0,0,100,5.263157844543457,0,0,4.761904716491699,0,147766.11291503906,130320.0205078125,0,404335493120,8589930496,26457047040,0
199,1727586211026,960,1180,799,868,842,824,842,886,930,1388,831,963,862,800,853,816,873,799,875,829,839,863,828,1039,1010,891,800,888,816,813,1171,845,0,0,0,0,0,0,0,0,0,0,0,0,4.761904716491699,0,0,0,0,0,0,0,0,0,0,0,0,0,100,0,0,0,0,0,147770.3458251953,130326.67364501953,0,404335493120,8589930496,26457047040,0
199,1727586211226,960,1180,799,868,842,824,842,886,930,1388,831,963,862,800,853,816,873,799,875,829,839,863,828,1039,1010,891,800,888,816,813,1171,845,0,0,0,4.761904716491699,0,0,5.263157844543457,0,0,0,0,4.761904716491699,0,0,5,0,4.761904716491699,5,4.761904716491699,0,5,0,0,0,0,0,100,0,0,0,0,0,147774.59600830078,130333.34735107422,0,404335493120,8589930496,26457960448,0
199,1727586211426,960,1180,799,868,842,824,842,886,930,1388,831,963,862,800,853,816,873,799,875,829,839,863,828,1039,1010,891,800,888,816,813,1171,845,0,0,0,4.761904716491699,0,0,5.263157844543457,0,0,0,0,4.761904716491699,0,0,5,0,4.761904716491699,5,4.761904716491699,0,5,0,0,0,0,0,100,0,0,0,0,0,147778.83459472656,130340.03448486328,0,404335493120,8589930496,26457960448,0
199,1727586211626,960,1180,799,868,842,824,842,886,930,1388,831,963,862,800,853,816,873,799,875,829,839,863,828,1039,1010,891,800,888,816,813,1171,845,0,0,0,0,0,0,0,0,0,0,0,0,0,65,0,0,0,0,0,0,0,0,0,0,0,0,35,0,0,0,0,0,147783.10107421875,130346.72241210938,0,404335493120,8589930496,26457960448,0
199,1727586211826,960,1180,799,868,842,824,842,886,930,1388,831,963,862,800,853,816,873,799,875,829,839,863,828,1039,1010,891,800,888,816,813,1171,845,2.4390242099761963,0,0,0,0,0,0,0,0,0,0,0,0,100,0,2.4390242099761963,0,0,0,0,0,0,0,0,0,0,0,0,0,2.4390242099761963,0,0,147787.38641357422,130353.41107177734,0,404335493120,8589930496,26457489408,0
199,1727586212026,960,1180,799,868,842,824,842,886,930,1388,831,963,862,800,853,816,873,799,875,829,839,863,828,1039,1010,891,800,888,816,813,1171,845,0,0,0,0,0,0,0,0,0,0,0,0,0,100,0,0,0,0,0,5,0,0,0,0,0,0,0,0,0,0,0,0,147791.64544677734,130360.1107788086,0,404335493120,8589930496,26457489408,0
199,1727586212226,960,1180,799,868,842,824,842,886,930,1388,831,963,862,800,853,816,873,799,875,829,839,863,828,1039,1010,891,800,888,816,813,1171,845,0,0,0,0,0,0,5,0,0,0,4.761904716491699,0,0,100,5,0,0,0,0,0,0,4.761904716491699,5,0,4.761904716491699,0,0,0,0,0,0,5,147795.97442626953,130366.8490600586,0,404335493120,8589930496,26458161152,0
199,1727586212426,960,1180,799,868,842,824,842,886,930,1388,831,963,862,800,853,816,873,799,875,829,839,863,828,1039,1010,891,800,888,816,813,1171,845,5,10.526315689086914,5,0,0,0,19.047618865966797,5,0,5,0,0,5,100,0,4.761904716491699,0,5,5,0,5,15.000000953674316,5,0,0,0,0,0,15.000000953674316,5,9.523809432983398,9.523809432983398,147800.28839111328,130373.5394897461,0,404335493120,8589930496,26465357824,0
199,1727586212626,960,1180,799,868,842,824,842,886,930,1388,831,963,862,800,853,816,873,799,875,829,839,863,828,1039,1010,891,800,888,816,813,1171,845,5,10.526315689086914,5,0,0,0,19.047618865966797,5,0,5,0,0,5,100,0,4.761904716491699,0,5,5,0,5,15.000000953674316,5,0,0,0,0,0,15.000000953674316,5,9.523809432983398,9.523809432983398,147804.57720947266,130380.19494628906,0,404335493120,8589930496,26465357824,0
199,1727586212827,960,1180,799,868,842,824,842,886,930,1388,831,963,862,800,853,816,873,799,875,829,839,863,828,1039,1010,891,800,888,816,813,1171,845,0,0,0,0,0,0,0,0,0,0,0,0,0,100,2.5,0,0,2.5,0,0,0,0,0,0,0,0,0,0,0,0,0,0,147808.88500976563,130386.88208007813,0,404335493120,8589930496,26465357824,0
199,1727586213027,960,1180,799,868,842,824,842,886,930,1388,831,963,862,800,853,816,873,799,875,829,839,863,828,1039,1010,891,800,888,816,813,1171,845,0,0,0,0,0,0,0,0,0,0,0,0,0,100,0,0,0,0,0,0,0,0,0,0,4.761904716491699,0,0,0,0,0,0,0,147813.20135498047,130393.57299804688,0,404335493120,8589930496,26465357824,0
199,1727586213227,960,1180,799,868,842,824,842,886,930,1388,831,963,862,800,853,816,873,799,875,829,839,863,828,1039,1010,891,800,888,816,813,1171,845,0,0,0,0,0,0,0,0,0,0,0,0,0,100,0,0,0,0,0,0,0,0,0,0,0,0,0,0,0,0,0,0,147817.50469970703,130400.26751708984,0,404335493120,8589930496,26465357824,0
199,1727586213427,960,1180,799,868,842,824,842,886,930,1388,831,963,862,800,853,816,873,799,875,829,839,863,828,1039,1010,891,800,888,816,813,1171,845,0,0,0,0,0,0,0,0,0,0,0,0,0,100,0,0,0,0,0,0,0,0,0,0,0,0,0,0,0,0,4.761904716491699,0,147821.80145263672,130406.95422363281,0,404335493120,8589930496,26465345536,0
199,1727586213627,960,1180,799,868,842,824,842,886,930,1388,831,963,862,800,853,816,873,799,875,829,839,863,828,1039,1010,891,800,888,816,813,1171,845,0,0,0,0,0,0,0,0,0,0,0,0,0,100,0,0,0,0,0,0,0,0,0,0,4.761904716491699,0,0,0,0,0,0,0,147826.0796508789,130413.64367675781,0,404335493120,8589930496,26465345536,0
199,1727586213827,960,1180,799,868,842,824,842,886,930,1388,831,963,862,800,853,816,873,799,875,829,839,863,828,1039,1010,891,800,888,816,813,1171,845,5.263157844543457,5,14.285715103149414,15.789472579956055,0,4.761904716491699,4.761904716491699,0,0,0,0,4.761904716491699,0,100,5,0,0,0,0,0,0,5,4.761904716491699,0,0,5,0,0,0,0,0,4.761904716491699,147830.40216064453,130420.31579589844,0,404335493120,8589930496,26465345536,0
199,1727586214027,960,1180,799,868,842,824,842,886,930,1388,831,963,862,800,853,816,873,799,875,829,839,863,828,1039,1010,891,800,888,816,813,1171,845,5.263157844543457,5,14.285715103149414,15.789472579956055,0,4.761904716491699,4.761904716491699,0,0,0,0,4.761904716491699,0,100,5,0,0,0,0,0,0,5,4.761904716491699,0,0,5,0,0,0,0,0,4.761904716491699,147834.66674804688,130426.97521972656,0,404335493120,8589930496,26465349632,0
199,1727586214227,960,1180,799,868,842,824,842,886,930,1388,831,963,862,800,853,816,873,799,875,829,839,863,828,1039,1010,891,800,888,816,813,1171,845,0,0,0,0,0,0,0,2.5,0,0,0,0,2.4390242099761963,100,0,0,0,0,0,0,0,0,0,0,0,0,0,0,0,0,0,0,147838.95233154297,130433.69805908203,0,404335493120,8589930496,26465353728,0
199,1727586214427,960,1180,799,868,842,824,842,886,930,1388,831,963,862,800,853,816,873,799,875,829,839,863,828,1039,1010,891,800,888,816,813,1171,845,0,0,0,0,0,0,0,0,0,0,0,0,0,100,0,0,0,0,0,0,0,0,0,0,0,0,0,0,0,0,0,0,147843.22650146484,130440.38800048828,0,404335493120,8589930496,26465353728,0
199,1727586214628,960,1180,799,868,842,824,842,886,930,1388,831,963,862,800,853,816,873,799,875,829,839,863,828,1039,1010,891,800,888,816,813,1171,845,0,0,0,0,0,0,0,0,0,0,0,0,0,100,0,0,0,0,0,0,0,0,0,0,0,0,0,0,0,0,0,0,147847.5054321289,130447.0816040039,0,404335493120,8589930496,26465353728,0
199,1727586214828,960,1180,799,868,842,824,842,886,930,1388,831,963,862,800,853,816,873,799,875,829,839,863,828,1039,1010,891,800,888,816,813,1171,845,0,0,0,0,0,0,0,4.761904716491699,0,0,0,0,0,100,0,0,0,0,0,0,0,0,0,0,0,0,0,0,0,0,0,0,147851.79669189453,130453.76904296875,0,404335493120,8589930496,26465353728,0
199,1727586215028,960,1180,799,868,842,824,842,886,930,1388,831,963,862,800,853,816,873,799,875,829,839,863,828,1039,1010,891,800,888,816,813,1171,845,0,0,0,9.090909004211426,0,0,0,0,0,4.761904716491699,9.523809432983398,0,5,100,0,0,0,0,0,0,5,0,5,0,0,0,0,5,0,0,0,0,147856.1229248047,130460.4564819336,0,404335493120,8589930496,26465447936,0
199,1727586215228,960,1180,799,868,842,824,842,886,930,1388,831,963,862,800,853,816,873,799,875,829,839,863,828,1039,1010,891,800,888,816,813,1171,845,0,0,0,0,0,0,0,0,0,0,0,0,0,100,0,0,0,0,0,0,0,0,0,0,0,0,0,0,0,0,0,0,147860.435546875,130467.1478881836,0,404335493120,8589930496,26465447936,0
199,1727586215428,960,1180,799,868,842,824,842,886,930,1388,831,963,862,800,853,816,873,799,875,829,839,863,828,1039,1010,891,800,888,816,813,1171,845,0,0,0,0,0,0,0,0,0,0,0,0,0,100,0,0,0,0,0,0,0,0,0,0,0,0,0,0,0,0,0,0,147864.70220947266,130473.79357910156,0,404335493120,8589930496,26465447936,0
199,1727586215628,960,1180,799,868,842,824,842,886,930,1388,831,963,862,800,853,816,873,799,875,829,839,863,828,1039,1010,891,800,888,816,813,1171,845,0,0,0,0,2.4390242099761963,0,0,0,0,0,0,0,0,100,0,0,0,0,0,0,0,0,0,0,0,0,0,0,0,0,0,0,147869.0242919922,130480.5103149414,0,404335493120,8589930496,26465447936,0
199,1727586215828,960,1180,799,868,842,824,842,886,930,1388,831,963,862,800,853,816,873,799,875,829,839,863,828,1039,1010,891,800,888,816,813,1171,845,0,0,0,0,0,0,0,0,0,0,0,0,0,100,0,0,0,0,0,0,0,0,0,0,0,0,0,0,0,0,0,0,147873.34832763672,130487.15057373047,0,404335493120,8589930496,26463166464,0
199,1727586216028,960,1180,799,868,842,824,842,886,930,1388,831,963,862,800,853,816,873,799,875,829,839,863,828,1039,1010,891,800,888,816,813,1171,845,0,0,0,0,0,0,0,0,0,0,0,0,4.761904716491699,100,0,0,0,0,0,0,0,0,0,0,0,0,0,0,0,0,0,0,147877.6485595703,130493.78936767578,0,404335493120,8589930496,26463318016,0
199,1727586216229,960,1180,799,868,842,824,842,886,930,1388,831,963,862,800,853,816,873,799,875,829,839,863,828,1039,1010,891,800,888,816,813,1171,845,0,0,0,0,0,0,0,0,0,0,0,0,0,100,0,4.761904716491699,4.761904716491699,4.761904716491699,0,9.523809432983398,9.523809432983398,0,5,0,0,0,0,0,0,0,0,0,147881.9623413086,130500.45501708984,0,404335493120,8589930496,26464120832,0
199,1727586216429,960,1180,799,868,842,824,842,886,930,1388,831,963,862,800,853,816,873,799,875,829,839,863,828,1039,1010,891,800,888,816,813,1171,845,0,0,0,0,0,0,0,0,0,0,0,0,0,100,0,4.761904716491699,4.761904716491699,4.761904716491699,0,9.523809432983398,9.523809432983398,0,5,0,0,0,0,0,0,0,0,0,147886.2607421875,130507.13403320313,0,404335493120,8589930496,26464124928,0
199,1727586216629,960,1180,799,868,842,824,842,886,930,1388,831,963,862,800,853,816,873,799,875,829,839,863,828,1039,1010,891,800,888,816,813,1171,845,0,0,0,0,0,0,0,0,0,0,0,0,0,85,0,0,0,0,0,0,0,0,0,0,0,0,15.384615898132324,0,0,0,0,0,147890.51831054688,130513.8150024414,0,404335493120,8589930496,26464124928,0
199,1727586216829,960,1180,799,868,842,824,842,886,930,1388,831,963,862,800,853,816,873,799,875,829,839,863,828,1039,1010,891,800,888,816,813,1171,845,0,0,0,0,0,0,0,0,0,0,0,0,0,0,0,0,0,0,0,0,0,0,0,0,0,0,100,0,0,0,0,0,147894.7587890625,130520.48760986328,0,404335493120,8589930496,26464129024,0
199,1727586217029,960,1180,799,868,842,824,842,886,930,1388,831,963,862,800,853,816,873,799,875,829,839,863,828,1039,1010,891,800,888,816,813,1171,845,0,0,0,0,0,0,0,0,0,0,0,0,0,0,0,0,0,0,0,0,0,0,0,0,0,0,100,0,0,0,0,0,147899.03192138672,130527.1685180664,0,404335493120,8589930496,26464129024,0
199,1727586217229,960,1180,799,868,842,824,842,886,930,1388,831,963,862,800,853,816,873,799,875,829,839,863,828,1039,1010,891,800,888,816,813,1171,845,5,5,5,0,0,0,0,0,0,0,0,4.761904716491699,4.761904716491699,0,4.761904716491699,0,0,0,0,0,0,0,0,0,4.761904716491699,0,100,0,0,4.761904716491699,5,4.761904716491699,147903.3826904297,130533.90301513672,0,404335493120,8589930496,26469736448,0
199,1727586217429,960,1180,799,868,842,824,842,886,930,1388,831,963,862,800,853,816,873,799,875,829,839,863,828,1039,1010,891,800,888,816,813,1171,845,5.263157844543457,4.761904716491699,9.523809432983398,0,10,0,0,0,5,0,0,0,0,0,0,0,0,0,0,0,0,5,9.523809432983398,4.761904716491699,0,0,100,0,0,0,0,5,147907.6885986328,130540.59484863281,0,404335493120,8589930496,26473328640,0
199,1727586217630,960,1180,799,868,842,824,842,886,930,1388,831,963,862,800,853,816,873,799,875,829,839,863,828,1039,1010,891,800,888,816,813,1171,845,0,0,0,0,15.000000953674316,0,0,0,0,0,0,0,0,0,9.523809432983398,0,0,0,0,0,0,0,0,5,5,0,100,0,0,0,5.263157844543457,0,147912.02374267578,130547.26135253906,0,404335493120,8589930496,26474627072,0
199,1727586217830,960,1180,799,868,842,824,842,886,930,1388,831,963,862,800,853,816,873,799,875,829,839,863,828,1039,1010,891,800,888,816,813,1171,845,0,0,0,0,15.000000953674316,0,0,0,0,0,0,0,0,0,9.523809432983398,0,0,0,0,0,0,0,0,5,5,0,100,0,0,0,5.263157844543457,0,147916.25750732422,130553.9243774414,0,404335493120,8589930496,26474631168,0
199,1727586218030,960,1180,799,868,842,824,842,886,930,1388,831,963,862,800,853,816,873,799,875,829,839,863,828,1039,1010,891,800,888,816,813,1171,845,0,0,0,0,0,0,0,0,2.4390242099761963,0,0,0,2.4390242099761963,0,0,0,0,0,0,0,0,0,0,0,0,0,100,0,0,0,0,0,147920.57421875,130560.623046875,0,404335493120,8589930496,26474631168,0
199,1727586218230,960,1180,799,868,842,824,842,886,930,1388,831,963,862,800,853,816,873,799,875,829,839,863,828,1039,1010,891,800,888,816,813,1171,845,4.761904716491699,0,0,0,4.761904716491699,0,0,5,0,4.761904716491699,5,4.761904716491699,0,4.761904716491699,4.761904716491699,4.761904716491699,0,5,4.761904716491699,0,0,4.761904716491699,0,0,0,5,100,4.761904716491699,4.761904716491699,0,0,0,147924.95025634766,130567.33447265625,0,404335493120,8589930496,26474639360,0
199,1727586218430,960,1180,799,868,842,824,842,886,930,1388,831,963,862,800,853,816,873,799,875,829,839,863,828,1039,1010,891,800,888,816,813,1171,845,4.761904716491699,0,0,0,4.761904716491699,0,0,5,0,4.761904716491699,5,4.761904716491699,0,4.761904716491699,4.761904716491699,4.761904716491699,0,5,4.761904716491699,0,0,4.761904716491699,0,0,0,5,100,4.761904716491699,4.761904716491699,0,0,0,147929.26239013672,130574.03192138672,0,404335493120,8589930496,26474639360,0
199,1727586218630,960,1180,799,868,842,824,842,886,930,1388,831,963,862,800,853,816,873,799,875,829,839,863,828,1039,1010,891,800,888,816,813,1171,845,0,0,0,0,0,0,0,0,0,0,0,0,0,0,0,0,0,0,0,0,0,0,0,0,0,0,100,0,0,0,0,0,147933.61108398438,130580.73718261719,0,404335493120,8589930496,26474639360,0
199,1727586218830,960,1180,799,868,842,824,842,886,930,1388,831,963,862,800,853,816,873,799,875,829,839,863,828,1039,1010,891,800,888,816,813,1171,845,0,0,0,0,0,0,0,0,0,0,0,0,0,0,0,0,0,0,0,0,0,0,0,0,0,0,100,0,0,0,0,0,147937.92510986328,130587.4389038086,0,404335493120,8589930496,26477391872,0
199,1727586219031,960,1180,799,868,842,824,842,886,930,1388,831,963,862,800,853,816,873,799,875,829,839,863,828,1039,1010,891,800,888,816,813,1171,845,0,0,0,0,0,0,0,0,0,0,0,0,0,0,0,0,0,0,0,0,0,0,0,9.523809432983398,0,0,100,0,0,0,5,0,147942.29559326172,130594.1410522461,0,404335493120,8589930496,26479304704,0
199,1727586219231,960,1180,799,868,842,824,842,886,930,1388,831,963,862,800,853,816,873,799,875,829,839,863,828,1039,1010,891,800,888,816,813,1171,845,0,0,0,0,0,0,0,0,0,0,0,0,0,0,0,0,0,0,0,0,0,0,0,0,0,0,100,0,0,0,0,0,147946.65283203125,130600.84399414063,0,404335493120,8589930496,26479312896,0
199,1727586219431,960,1180,799,868,842,824,842,886,930,1388,831,963,862,800,853,816,873,799,875,829,839,863,828,1039,1010,891,800,888,816,813,1171,845,0,0,0,0,0,0,0,0,0,0,0,0,0,0,0,0,0,0,0,0,0,0,0,0,0,0,100,0,0,0,0,0,147951.05303955078,130607.5405883789,0,404335493120,8589930496,26479312896,0
199,1727586219631,960,1180,799,868,842,824,842,886,930,1388,831,963,862,800,853,816,873,799,875,829,839,863,828,1039,1010,891,800,888,816,813,1171,845,0,0,0,0,0,0,0,0,0,0,0,0,0,0,0,0,0,0,0,0,0,0,0,0,0,9.090909004211426,100,0,0,0,0,0,147955.41088867188,130614.21997070313,0,404335493120,8589930496,26479312896,0
199,1727586219831,960,1180,799,868,842,824,842,886,930,1388,831,963,862,800,853,816,873,799,875,829,839,863,828,1039,1010,891,800,888,816,813,1171,845,0,0,0,0,0,0,0,0,0,0,0,0,0,0,0,0,0,0,0,0,0,0,0,0,0,9.090909004211426,100,0,0,0,0,0,147959.7592163086,130620.90356445313,0,404335493120,8589930496,26479312896,0
199,1727586220031,960,1180,799,868,842,824,842,886,930,1388,831,963,862,800,853,816,873,799,875,829,839,863,828,1039,1010,891,800,888,816,813,1171,845,0,2.5,0,0,0,2.5,2.5,0,0,0,0,0,0,0,0,0,2.5641026496887207,0,0,0,0,0,0,2.5,2.5,0,100,0,0,2.4390242099761963,0,2.5,147964.13818359375,130627.64141845703,0,404335493120,8589930496,26479378432,0
199,1727586220231,960,1180,799,868,842,824,842,886,930,1388,831,963,862,800,853,816,873,799,875,829,839,863,828,1039,1010,891,800,888,816,813,1171,845,0,0,0,0,0,0,0,0,0,0,0,0,0,0,0,0,0,0,0,0,0,0,0,0,0,0,100,0,0,0,0,0,147968.47106933594,130634.3217163086,0,404335493120,8589930496,26479378432,0
199,1727586220431,960,1180,799,868,842,824,842,886,930,1388,831,963,862,800,853,816,873,799,875,829,839,863,828,1039,1010,891,800,888,816,813,1171,845,0,0,0,0,0,0,0,0,0,0,0,0,0,0,0,0,0,0,0,0,0,0,0,0,0,0,100,0,0,0,0,0,147972.80169677734,130640.97265625,0,404335493120,8589930496,26479382528,0
199,1727586220632,960,1180,799,868,842,824,842,886,930,1388,831,963,862,800,853,816,873,799,875,829,839,863,828,1039,1010,891,800,888,816,813,1171,845,0,0,0,0,0,0,0,0,0,0,0,0,0,0,0,0,0,0,0,0,0,0,0,0,4.761904716491699,0,100,0,0,0,0,0,147977.08923339844,130647.65216064453,0,404335493120,8589930496,26479386624,0
199,1727586220832,960,1180,799,868,842,824,842,886,930,1388,831,963,862,800,853,816,873,799,875,829,839,863,828,1039,1010,891,800,888,816,813,1171,845,0,0,0,0,0,0,0,0,0,0,0,0,0,0,0,0,0,0,0,0,0,0,0,5,0,0,100,0,0,0,4.761904716491699,0,147981.35284423828,130654.3388671875,0,404335493120,8589930496,26484031488,0
199,1727586221032,960,1180,799,868,842,824,842,886,930,1388,831,963,862,800,853,816,873,799,875,829,839,863,828,1039,1010,891,800,888,816,813,1171,845,0,0,0,0,0,0,0,0,0,0,0,4.761904716491699,0,0,0,0,0,0,0,0,0,0,0,0,0,0,100,0,0,0,0,0,147985.6410522461,130661.03137207031,0,404335493120,8589930496,26484154368,0
199,1727586221232,960,1180,799,868,842,824,842,886,930,1388,831,963,862,800,853,816,873,799,875,829,839,863,828,1039,1010,891,800,888,816,813,1171,845,0,0,4.761904716491699,4.761904716491699,0,0,0,0,0,0,5,0,5,0,9.523809432983398,0,0,0,0,0,0,0,0,0,0,0,100,0,0,0,5.263157844543457,0,147989.96405029297,130667.72393798828,0,404335493120,8589930496,26484879360,0
199,1727586221432,960,1180,799,868,842,824,842,886,930,1388,831,963,862,800,853,816,873,799,875,829,839,863,828,1039,1010,891,800,888,816,813,1171,845,0,0,4.761904716491699,4.761904716491699,0,0,0,0,0,0,5,0,5,0,9.523809432983398,0,0,0,0,0,0,0,0,0,0,0,100,0,0,0,5.263157844543457,0,147994.24609375,130674.37292480469,0,404335493120,8589930496,26484879360,0
199,1727586221632,960,1180,799,868,842,824,842,886,930,1388,831,963,862,800,853,816,873,799,875,829,839,863,828,1039,1010,891,800,888,816,813,1171,845,0,0,0,0,0,0,0,0,0,0,0,0,0,0,0,0,0,0,0,0,0,0,0,0,0,0,100,0,0,0,0,0,147998.59338378906,130681.08251953125,0,404335493120,8589930496,26484879360,0
199,1727586221832,960,1180,799,868,842,824,842,886,930,1388,831,963,862,800,853,816,873,799,875,829,839,863,828,1039,1010,891,800,888,816,813,1171,845,0,0,0,0,0,0,0,0,0,0,0,0,0,0,0,0,0,0,0,0,0,0,0,0,0,0,100,0,0,0,0,0,148002.9096069336,130687.7720336914,0,404335493120,8589930496,26484883456,0
199,1727586222032,960,1180,799,868,842,824,842,886,930,1388,831,963,862,800,853,816,873,799,875,829,839,863,828,1039,1010,891,800,888,816,813,1171,845,0,0,0,0,0,0,0,0,0,0,0,0,0,0,0,0,0,0,0,0,0,0,0,0,0,0,100,0,0,0,0,0,148007.2084350586,130694.45288085938,0,404335493120,8589930496,26484883456,0
199,1727586222233,960,1180,799,868,842,824,842,886,930,1388,831,963,862,800,853,816,873,799,875,829,839,863,828,1039,1010,891,800,888,816,813,1171,845,0,0,0,0,5,4.761904716491699,0,5,0,0,4.761904716491699,5,5,0,0,0,0,0,0,5,0,0,0,0,4.761904716491699,4.761904716491699,100,5,0,0,9.523809432983398,0,148011.5121459961,130701.12408447266,0,404335493120,8589930496,26485325824,0
199,1727586222433,960,1180,799,868,842,824,842,886,930,1388,831,963,862,800,853,816,873,799,875,829,839,863,828,1039,1010,891,800,888,816,813,1171,845,0,0,0,0,5,4.761904716491699,0,5,0,0,4.761904716491699,5,5,0,0,0,0,0,0,5,0,0,0,0,4.761904716491699,4.761904716491699,100,5,0,0,9.523809432983398,0,148015.80798339844,130707.79614257813,0,404335493120,8589930496,26485501952,0
199,1727586222633,960,1180,799,868,842,824,842,886,930,1388,831,963,862,800,853,816,873,799,875,829,839,863,828,1039,1010,891,800,888,816,813,1171,845,2.4390242099761963,2.5,5,0,0,0,2.4390242099761963,5,2.4390242099761963,0,0,2.5,0,0,0,0,2.4390242099761963,5,0,0,2.5,0,0,4.878048419952393,2.5,5,100,2.5,0,2.4390242099761963,5,10,148020.16845703125,130714.47875976563,0,404335493120,8589930496,26490208256,0
199,1727586222833,960,1180,799,868,842,824,842,886,930,1388,831,963,862,800,853,816,873,799,875,829,839,863,828,1039,1010,891,800,888,816,813,1171,845,2.4390242099761963,2.5,5,0,0,0,2.4390242099761963,5,2.4390242099761963,0,0,2.5,0,0,0,0,2.4390242099761963,5,0,0,2.5,0,0,4.878048419952393,2.5,5,100,2.5,0,2.4390242099761963,5,10,148024.44903564453,130721.12939453125,0,404335493120,8589930496,26490208256,0
199,1727586223033,960,1180,799,868,842,824,842,886,930,1388,831,963,862,800,853,816,873,799,875,829,839,863,828,1039,1010,891,800,888,816,813,1171,845,0,0,0,0,0,0,0,0,0,0,0,0,0,0,0,0,0,0,0,0,0,0,0,0,0,0,100,0,0,0,0,0,148028.76440429688,130727.81286621094,0,404335493120,8589930496,26490208256,0
199,1727586223233,960,1180,799,868,842,824,842,886,930,1388,831,963,862,800,853,816,873,799,875,829,839,863,828,1039,1010,891,800,888,816,813,1171,845,0,0,0,0,0,0,0,0,4.761904716491699,0,0,0,0,0,0,0,0,0,0,0,0,0,0,0,0,0,100,0,0,0,0,0,148033.03326416016,130734.48712158203,0,404335493120,8589930496,26490208256,0
199,1727586223433,960,1180,799,868,842,824,842,886,930,1388,831,963,862,800,853,816,873,799,875,829,839,863,828,1039,1010,891,800,888,816,813,1171,845,0,0,0,0,0,0,0,0,0,0,0,0,0,0,0,0,0,0,0,0,0,0,0,0,0,0,100,0,0,0,0,0,148037.3042602539,130741.16986083984,0,404335493120,8589930496,26490208256,0
199,1727586223634,960,1180,799,868,842,824,842,886,930,1388,831,963,862,800,853,816,873,799,875,829,839,863,828,1039,1010,891,800,888,816,813,1171,845,0,0,0,0,0,0,0,0,0,0,0,0,0,0,0,0,0,0,0,0,0,0,0,0,0,0,100,0,0,0,0,0,148041.59942626953,130747.8618774414,0,404335493120,8589930496,26490208256,0
199,1727586223834,960,1180,799,868,842,824,842,886,930,1388,831,963,862,800,853,816,873,799,875,829,839,863,828,1039,1010,891,800,888,816,813,1171,845,0,0,0,0,0,0,0,0,5,0,0,0,0,0,0,0,0,0,0,0,0,0,0,0,0,0,100,0,0,0,0,0,148045.88708496094,130754.55358886719,0,404335493120,8589930496,26490208256,0
199,1727586224034,960,1180,799,868,842,824,842,886,930,1388,831,963,862,800,853,816,873,799,875,829,839,863,828,1039,1010,891,800,888,816,813,1171,845,4.761904716491699,0,5.263157844543457,23.809524536132813,0,0,0,0,0,4.761904716491699,0,0,0,0,0,0,0,0,0,0,0,0,0,5.263157844543457,0,0,100,0,0,0,0,0,148050.24591064453,130761.27136230469,0,404335493120,8589930496,26490212352,0
199,1727586224234,960,1180,799,868,842,824,842,886,930,1388,831,963,862,800,853,816,873,799,875,829,839,863,828,1039,1010,891,800,888,816,813,1171,845,4.761904716491699,0,5.263157844543457,23.809524536132813,0,0,0,0,0,4.761904716491699,0,0,0,0,0,0,0,0,0,0,0,0,0,5.263157844543457,0,0,100,0,0,0,0,0,148054.48083496094,130767.90252685547,0,404335493120,8589930496,26490216448,0
199,1727586224434,960,1180,799,868,842,824,842,886,930,1388,831,963,862,800,853,816,873,799,875,829,839,863,828,1039,1010,891,800,888,816,813,1171,845,0,0,0,0,0,0,0,0,0,0,0,0,0,0,0,0,0,0,0,0,0,0,0,0,0,0,100,0,0,2.4390242099761963,2.4390242099761963,0,148058.75830078125,130774.58996582031,0,404335493120,8589930496,26490216448,0
199,1727586224634,960,1180,799,868,842,824,842,886,930,1388,831,963,862,800,853,816,873,799,875,829,839,863,828,1039,1010,891,800,888,816,813,1171,845,0,0,0,0,0,0,0,0,0,0,0,0,0,0,0,0,0,0,0,0,0,0,0,0,0,0,100,0,0,0,4.761904716491699,0,148063.03009033203,130781.279296875,0,404335493120,8589930496,26490216448,0
199,1727586224834,960,1180,799,868,842,824,842,886,930,1388,831,963,862,800,853,816,873,799,875,829,839,863,828,1039,1010,891,800,888,816,813,1171,845,0,0,0,0,0,0,0,0,0,0,0,0,0,0,0,0,0,0,0,0,0,0,0,0,4.761904716491699,0,100,0,0,0,0,0,148067.31768798828,130787.96697998047,0,404335493120,8589930496,26490216448,0
199,1727586225035,960,1180,799,868,842,824,842,886,930,1388,831,963,862,800,853,816,873,799,875,829,839,863,828,1039,1010,891,800,888,816,813,1171,845,0,0,0,0,0,5.263157844543457,0,0,0,0,0,0,0,0,4.761904716491699,0,5,0,0,4.761904716491699,5,0,0,0,0,4.761904716491699,100,4.761904716491699,4.761904716491699,0,0,0,148071.61431884766,130794.65649414063,0,404335493120,8589930496,26490257408,0
199,1727586225235,960,1180,799,868,842,824,842,886,930,1388,831,963,862,800,853,816,873,799,875,829,839,863,828,1039,1010,891,800,888,816,813,1171,845,0,0,0,0,0,0,0,0,0,0,0,0,0,0,0,0,0,0,0,0,0,0,0,0,4.761904716491699,0,100,0,0,0,0,0,148075.9183959961,130801.333984375,0,404335493120,8589930496,26490257408,0
199,1727586225435,960,1180,799,868,842,824,842,886,930,1388,831,963,862,800,853,816,873,799,875,829,839,863,828,1039,1010,891,800,888,816,813,1171,845,0,0,0,0,0,0,0,0,0,0,0,0,0,0,0,0,0,0,0,0,0,0,0,0,0,0,100,0,0,0,0,0,148080.16357421875,130808.01751708984,0,404335493120,8589930496,26490257408,0
199,1727586225635,960,1180,799,868,842,824,842,886,930,1388,831,963,862,800,853,816,873,799,875,829,839,863,828,1039,1010,891,800,888,816,813,1171,845,0,0,0,0,0,0,0,0,0,0,0,0,0,0,0,0,0,0,0,0,0,0,0,0,0,0,100,0,0,0,0,0,148084.4086303711,130814.70892333984,0,404335493120,8589930496,26490257408,0
199,1727586225835,960,1180,799,868,842,824,842,886,930,1388,831,963,862,800,853,816,873,799,875,829,839,863,828,1039,1010,891,800,888,816,813,1171,845,0,0,0,0,0,0,0,0,0,0,0,0,0,0,0,0,0,0,0,0,0,0,0,0,0,0,100,0,0,0,0,0,148088.65350341797,130821.39715576172,0,404335493120,8589930496,26490257408,0
199,1727586226035,960,1180,799,868,842,824,842,886,930,1388,831,963,862,800,853,816,873,799,875,829,839,863,828,1039,1010,891,800,888,816,813,1171,845,0,0,0,0,0,0,0,0,4.761904716491699,0,0,4.761904716491699,0,0,0,0,0,0,0,0,0,0,0,5,0,0,100,0,0,0,0,0,148092.89617919922,130828.07666015625,0,404335493120,8589930496,26490433536,0
199,1727586226235,960,1180,799,868,842,824,842,886,930,1388,831,963,862,800,853,816,873,799,875,829,839,863,828,1039,1010,891,800,888,816,813,1171,845,5,5,5,9.523809432983398,0,0,5,4.761904716491699,0,4.761904716491699,0,4.761904716491699,0,0,10,0,4.761904716491699,5,4.761904716491699,5,10,5,4.761904716491699,0,4.761904716491699,0,100,0,0,0,0,0,148097.22143554688,130834.74426269531,0,404335493120,8589930496,26492317696,0
199,1727586226435,960,1180,799,868,842,824,842,886,930,1388,831,963,862,800,853,816,873,799,875,829,839,863,828,1039,1010,891,800,888,816,813,1171,845,5,5,5,9.523809432983398,0,0,5,4.761904716491699,0,4.761904716491699,0,4.761904716491699,0,0,10,0,4.761904716491699,5,4.761904716491699,5,10,5,4.761904716491699,0,4.761904716491699,0,100,0,0,0,0,0,148101.5098876953,130841.443359375,0,404335493120,8589930496,26492383232,0
199,1727586226636,960,1180,799,868,842,824,842,886,930,1388,831,963,862,800,853,816,873,799,875,829,839,863,828,1039,1010,891,800,888,816,813,1171,845,0,0,0,0,0,0,0,0,0,2.4390242099761963,0,0,0,0,0,0,0,0,0,0,0,0,0,0,0,0,100,0,0,0,0,0,148105.8189086914,130848.1459350586,0,404335493120,8589930496,26492387328,0
199,1727586226836,960,1180,799,868,842,824,842,886,930,1388,831,963,862,800,853,816,873,799,875,829,839,863,828,1039,1010,891,800,888,816,813,1171,845,0,0,0,0,0,0,0,0,0,0,0,0,0,0,0,0,0,0,0,0,0,0,0,0,0,0,100,0,0,0,0,0,148110.1527709961,130854.83404541016,0,404335493120,8589930496,26492387328,0
199,1727586227036,960,1180,799,868,842,824,842,886,930,1388,831,963,862,800,853,816,873,799,875,829,839,863,828,1039,1010,891,800,888,816,813,1171,845,0,0,0,0,0,0,0,0,0,0,0,0,0,0,0,0,0,0,0,0,0,0,0,0,0,0,100,0,0,0,0,0,148114.47369384766,130861.5170288086,0,404335493120,8589930496,26492387328,0
199,1727586227236,960,1180,799,868,842,824,842,886,930,1388,831,963,862,800,853,816,873,799,875,829,839,863,828,1039,1010,891,800,888,816,813,1171,845,5,0,0,0,0,0,4.761904716491699,0,5,0,5,0,9.523809432983398,0,0,5.263157844543457,0,4.761904716491699,0,0,5,0,0,5,5,4.761904716491699,100,0,0,0,5,0,148118.83038330078,130868.26513671875,0,404335493120,8589930496,26497548288,0
199,1727586227436,960,1180,799,868,842,824,842,886,930,1388,831,963,862,800,853,816,873,799,875,829,839,863,828,1039,1010,891,800,888,816,813,1171,845,5,5,5.263157844543457,5.263157844543457,5,5,5.263157844543457,5,5,5.263157844543457,5,4.761904716491699,5,5.263157844543457,15.000000953674316,5,5,5,5,5,10.526315689086914,5,5,5,5,5,100,10.526315689086914,9.523809432983398,19.047618865966797,5,5,148123.2088623047,130875.13104248047,0,404335493120,8589930496,26507452416,0
199,1727586227636,960,1180,799,868,842,824,842,886,930,1388,831,963,862,800,853,816,873,799,875,829,839,863,828,1039,1010,891,800,888,816,813,1171,845,5,5,5.263157844543457,5.263157844543457,5,5,5.263157844543457,5,5,5.263157844543457,5,4.761904716491699,5,5.263157844543457,15.000000953674316,5,5,5,5,5,10.526315689086914,5,5,5,5,5,100,10.526315689086914,9.523809432983398,19.047618865966797,5,5,148127.5147705078,130881.8150024414,0,404335493120,8589930496,26512093184,0
199,1727586227836,960,1180,799,868,842,824,842,886,930,1388,831,963,862,800,853,816,873,799,875,829,839,863,828,1039,1010,891,800,888,816,813,1171,845,0,0,0,0,0,0,0,0,0,0,0,0,0,0,0,0,0,0,0,0,0,0,0,0,0,0,100,0,0,0,0,0,148131.81463623047,130888.458984375,0,404335493120,8589930496,26512101376,0
199,1727586228036,960,1180,799,868,842,824,842,886,930,1388,831,963,862,800,853,816,873,799,875,829,839,863,828,1039,1010,891,800,888,816,813,1171,845,0,0,0,0,0,0,0,0,0,0,0,0,0,0,0,0,0,0,0,0,0,0,0,0,0,0,100,0,0,0,0,0,148136.11798095703,130895.09936523438,0,404335493120,8589930496,26512105472,0
199,1727586228237,960,1180,799,868,842,824,842,886,930,1388,831,963,862,800,853,816,873,799,875,829,839,863,828,1039,1010,891,800,888,816,813,1171,845,0,0,0,0,0,0,0,0,0,0,0,0,0,0,0,0,0,0,0,0,0,0,0,0,0,0,100,0,2.5,0,0,0,148140.47357177734,130901.80487060547,0,404335493120,8589930496,26512113664,0
199,1727586228437,960,1180,799,868,842,824,842,886,930,1388,831,963,862,800,853,816,873,799,875,829,839,863,828,1039,1010,891,800,888,816,813,1171,845,0,0,0,0,0,0,0,0,0,0,0,0,0,0,0,0,0,0,0,0,0,0,0,0,0,0,100,0,0,0,0,0,148144.7915649414,130908.46221923828,0,404335493120,8589930496,26512142336,0
199,1727586228637,960,1180,799,868,842,824,842,886,930,1388,831,963,862,800,853,816,873,799,875,829,839,863,828,1039,1010,891,800,888,816,813,1171,845,0,0,0,0,0,0,0,0,0,0,0,0,0,0,0,0,0,0,0,0,0,0,0,0,0,0,100,0,0,0,0,0,148149.09436035156,130915.10736083984,0,404335493120,8589930496,26512146432,0
199,1727586228837,960,1180,799,868,842,824,842,886,930,1388,831,963,862,800,853,816,873,799,875,829,839,863,828,1039,1010,891,800,888,816,813,1171,845,0,0,0,0,0,0,0,0,0,0,0,0,0,0,0,0,4.761904716491699,0,0,0,0,0,0,4.761904716491699,0,0,100,0,0,0,0,0,148153.3819580078,130921.77862548828,0,404335493120,8589930496,26512146432,0
199,1727586229037,960,1180,799,868,842,824,842,886,930,1388,831,963,862,800,853,816,873,799,875,829,839,863,828,1039,1010,891,800,888,816,813,1171,845,0,0,0,0,0,0,0,0,0,0,0,0,0,0,0,0,0,5,0,0,0,0,0,5.263157844543457,0,0,100,0,0,0,0,0,148157.71295166016,130928.49780273438,0,404335493120,8589930496,26516811776,0
199,1727586229237,960,1180,799,868,842,824,842,886,930,1388,831,963,862,800,853,816,873,799,875,829,839,863,828,1039,1010,891,800,888,816,813,1171,845,4.761904716491699,0,0,0,0,0,0,5,0,0,0,0,0,0,0,0,0,0,0,0,0,0,0,0,0,0,100,0,0,0,0,0,148162.0194091797,130935.13214111328,0,404335493120,8589930496,26516811776,0
199,1727586229437,960,1180,799,868,842,824,842,886,930,1388,831,963,862,800,853,816,873,799,875,829,839,863,828,1039,1010,891,800,888,816,813,1171,845,5,0,0,0,0,0,0,0,0,0,0,0,0,0,0,0,0,0,0,0,0,0,0,0,0,0,100,0,0,0,0,0,148166.30932617188,130941.79821777344,0,404335493120,8589930496,26516811776,0
199,1727586229637,960,1180,799,868,842,824,842,886,930,1388,831,963,862,800,853,816,873,799,875,829,839,863,828,1039,1010,891,800,888,816,813,1171,845,0,0,0,0,0,0,0,4.761904716491699,0,0,0,0,0,0,0,0,0,0,0,0,0,0,0,0,0,0,100,0,0,0,0,0,148170.6026611328,130948.46826171875,0,404335493120,8589930496,26516811776,0
199,1727586229838,960,1180,799,868,842,824,842,886,930,1388,831,963,862,800,853,816,873,799,875,829,839,863,828,1039,1010,891,800,888,816,813,1171,845,0,0,0,0,0,0,0,0,0,0,0,0,0,0,0,0,0,0,0,0,0,0,0,0,0,0,100,0,0,0,0,0,148174.87133789063,130955.15106201172,0,404335493120,8589930496,26516811776,0
199,1727586230038,960,1180,799,868,842,824,842,886,930,1388,831,963,862,800,853,816,873,799,875,829,839,863,828,1039,1010,891,800,888,816,813,1171,845,4.761904716491699,0,0,0,4.761904716491699,0,0,5,5,0,5,0,0,5,5,0,0,9.090909004211426,0,0,0,0,0,5,4.761904716491699,0,100,0,4.761904716491699,0,4.761904716491699,4.761904716491699,148179.22784423828,130961.91815185547,0,404335493120,8589930496,26516865024,0
199,1727586230238,960,1180,799,868,842,824,842,886,930,1388,831,963,862,800,853,816,873,799,875,829,839,863,828,1039,1010,891,800,888,816,813,1171,845,4.761904716491699,0,0,0,4.761904716491699,0,0,5,5,0,5,0,0,5,5,0,0,9.090909004211426,0,0,0,0,0,5,4.761904716491699,0,100,0,4.761904716491699,0,4.761904716491699,4.761904716491699,148183.52966308594,130968.5580444336,0,404335493120,8589930496,26516865024,0
199,1727586230438,960,1180,799,868,842,824,842,886,930,1388,831,963,862,800,853,816,873,799,875,829,839,863,828,1039,1010,891,800,888,816,813,1171,845,2.4390242099761963,0,0,0,0,0,0,0,0,0,0,0,2.4390242099761963,0,0,0,0,0,0,0,0,0,0,0,0,0,100,0,0,0,0,0,148187.84521484375,130975.23846435547,0,404335493120,8589930496,26516865024,0
199,1727586230638,960,1180,799,868,842,824,842,886,930,1388,831,963,862,800,853,816,873,799,875,829,839,863,828,1039,1010,891,800,888,816,813,1171,845,0,0,0,0,0,0,0,0,0,0,0,0,0,0,0,0,0,0,0,0,0,0,0,0,0,0,100,0,0,0,0,0,148192.14324951172,130981.9273071289,0,404335493120,8589930496,26516865024,0
199,1727586230838,960,1180,799,868,842,824,842,886,930,1388,831,963,862,800,853,816,873,799,875,829,839,863,828,1039,1010,891,800,888,816,813,1171,845,0,0,0,0,0,0,0,0,0,0,0,0,0,0,0,0,0,0,0,0,0,0,0,9.523809432983398,0,0,100,0,0,0,0,0,148196.4818725586,130988.62048339844,0,404335493120,8589930496,26521526272,0
199,1727586231038,960,1180,799,868,842,824,842,886,930,1388,831,963,862,800,853,816,873,799,875,829,839,863,828,1039,1010,891,800,888,816,813,1171,845,0,0,0,0,0,0,0,0,0,0,0,0,0,0,0,0,0,0,0,0,0,0,0,9.523809432983398,0,0,100,0,0,0,0,0,148200.8193359375,130995.31506347656,0,404335493120,8589930496,26521546752,0
199,1727586231238,960,1180,799,868,842,824,842,886,930,1388,831,963,862,800,853,816,873,799,875,829,839,863,828,1039,1010,891,800,888,816,813,1171,845,0,0,0,0,0,0,0,2.5,2.5,0,0,2.4390242099761963,2.5,0,0,0,0,0,0,0,0,2.5641026496887207,0,0,0,0,100,0,0,0,0,2.5641026496887207,148205.18438720703,131001.94342041016,0,404335493120,8589930496,26521759744,0
199,1727586231439,960,1180,799,868,842,824,842,886,930,1388,831,963,862,800,853,816,873,799,875,829,839,863,828,1039,1010,891,800,888,816,813,1171,845,0,0,0,0,0,0,0,2.5,2.5,0,0,2.4390242099761963,2.5,0,0,0,0,0,0,0,0,2.5641026496887207,0,0,0,0,100,0,0,0,0,2.5641026496887207,148209.52215576172,131008.65936279297,0,404335493120,8589930496,26521759744,0
199,1727586231639,960,1180,799,868,842,824,842,886,930,1388,831,963,862,800,853,816,873,799,875,829,839,863,828,1039,1010,891,800,888,816,813,1171,845,0,0,0,0,0,0,0,0,0,0,0,0,0,0,0,0,0,0,0,0,0,2.4390242099761963,0,0,0,0,100,0,0,0,0,0,148213.841796875,131015.35144042969,0,404335493120,8589930496,26521763840,0
199,1727586231839,960,1180,799,868,842,824,842,886,930,1388,831,963,862,800,853,816,873,799,875,829,839,863,828,1039,1010,891,800,888,816,813,1171,845,0,0,0,0,0,0,0,0,0,0,0,0,0,0,0,0,0,0,0,0,0,0,0,0,0,0,100,0,0,0,0,0,148218.1719970703,131022.0482788086,0,404335493120,8589930496,26521763840,0
199,1727586232039,960,1180,799,868,842,824,842,886,930,1388,831,963,862,800,853,816,873,799,875,829,839,863,828,1039,1010,891,800,888,816,813,1171,845,0,0,0,0,0,0,0,4.761904716491699,0,0,0,0,0,0,0,0,0,0,0,0,0,0,0,0,0,0,100,0,0,0,0,0,148222.5170288086,131028.74505615234,0,404335493120,8589930496,26521763840,0
199,1727586232239,960,1180,799,868,842,824,842,886,930,1388,831,963,862,800,853,816,873,799,875,829,839,863,828,1039,1010,891,800,888,816,813,1171,845,0,0,0,0,0,0,0,0,0,5,9.523809432983398,0,0,0,0,9.090909004211426,5,0,0,0,0,4.761904716491699,5,0,4.761904716491699,0,100,0,0,0,0,4.761904716491699,148226.8296508789,131035.4545288086,0,404335493120,8589930496,26522112000,0
199,1727586232439,960,1180,799,868,842,824,842,886,930,1388,831,963,862,800,853,816,873,799,875,829,839,863,828,1039,1010,891,800,888,816,813,1171,845,0,0,0,0,0,0,0,0,0,5,9.523809432983398,0,0,0,0,9.090909004211426,5,0,0,0,0,4.761904716491699,5,0,4.761904716491699,0,100,0,0,0,0,4.761904716491699,148231.12451171875,131042.14147949219,0,404335493120,8589930496,26522312704,0
199,1727586232639,960,1180,799,868,842,824,842,886,930,1388,831,963,862,800,853,816,873,799,875,829,839,863,828,1039,1010,891,800,888,816,813,1171,845,0,0,0,0,0,0,0,0,0,2.4390242099761963,0,0,0,0,0,0,0,2.5,0,0,2.4390242099761963,2.5641026496887207,0,0,2.5,0,100,0,0,0,2.5641026496887207,2.5641026496887207,148235.4536743164,131048.84466552734,0,404335493120,8589930496,26522320896,0
199,1727586232840,960,1180,799,868,842,824,842,886,930,1388,831,963,862,800,853,816,873,799,875,829,839,863,828,1039,1010,891,800,888,816,813,1171,845,10.526315689086914,5.263157844543457,0,5.263157844543457,0,4.761904716491699,0,5.263157844543457,0,0,0,15.000000953674316,5.263157844543457,10,10,0,0,0,0,0,0,5,14.285715103149414,19.047618865966797,9.523809432983398,0,100,23.809524536132813,10,10,5,19.047618865966797,148239.9599609375,131055.79425048828,0,404335493120,8589930496,26554494976,0
199,1727586233040,960,1180,799,868,842,824,842,886,930,1388,831,963,862,800,853,816,873,799,875,829,839,863,828,1039,1010,891,800,888,816,813,1171,845,10.526315689086914,5.263157844543457,0,5.263157844543457,0,4.761904716491699,0,5.263157844543457,0,0,0,15.000000953674316,5.263157844543457,10,10,0,0,0,0,0,0,5,14.285715103149414,19.047618865966797,9.523809432983398,0,100,23.809524536132813,10,10,5,19.047618865966797,148244.27117919922,131062.48553466797,0,404335493120,8589930496,26554494976,0
199,1727586233240,960,1180,799,868,842,824,842,886,930,1388,831,963,862,800,853,816,873,799,875,829,839,863,828,1039,1010,891,800,888,816,813,1171,845,0,0,0,0,0,2.4390242099761963,0,0,0,0,0,2.4390242099761963,0,0,0,0,0,0,0,0,0,0,0,0,0,0,100,0,0,0,0,0,148248.56072998047,131069.15911865234,0,404335493120,8589930496,26554494976,0
199,1727586233440,960,1180,799,868,842,824,842,886,930,1388,831,963,862,800,853,816,873,799,875,829,839,863,828,1039,1010,891,800,888,816,813,1171,845,5,5,0,0,5,0,0,4.761904716491699,4.761904716491699,0,0,0,5,0,0,0,0,4.761904716491699,0,0,0,0,5,0,0,0,100,4.761904716491699,4.761904716491699,0,0,0,148252.86547851563,131075.86297607422,0,404335493120,8589930496,26554769408,0
199,1727586233640,960,1180,799,868,842,824,842,886,930,1388,831,963,862,800,853,816,873,799,875,829,839,863,828,1039,1010,891,800,888,816,813,1171,845,0,0,0,0,0,0,0,0,0,0,0,0,0,0,0,0,0,0,0,0,0,0,0,0,0,0,100,0,0,0,0,0,148257.1469116211,131082.5523071289,0,404335493120,8589930496,26554773504,0
199,1727586233840,960,1180,799,868,842,824,842,886,930,1388,831,963,862,800,853,816,873,799,875,829,839,863,828,1039,1010,891,800,888,816,813,1171,845,0,0,0,0,0,0,0,0,0,0,0,0,0,0,0,0,0,0,0,0,0,0,0,0,0,0,100,0,0,0,0,0,148261.43463134766,131089.24444580078,0,404335493120,8589930496,26554781696,0
199,1727586234040,960,1180,799,868,842,824,842,886,930,1388,831,963,862,800,853,816,873,799,875,829,839,863,828,1039,1010,891,800,888,816,813,1171,845,0,0,0,0,0,0,0,0,0,0,0,0,0,0,0,0,0,0,0,0,0,0,0,0,0,0,100,0,0,0,0,0,148265.720703125,131095.93005371094,0,404335493120,8589930496,26554785792,0
199,1727586234240,960,1180,799,868,842,824,842,886,930,1388,831,963,862,800,853,816,873,799,875,829,839,863,828,1039,1010,891,800,888,816,813,1171,845,0,0,9.090909004211426,0,0,0,19.047618865966797,0,0,0,4.761904716491699,0,0,0,0,0,5,11.111111640930176,4.761904716491699,0,5,5,0,9.523809432983398,0,9.523809432983398,100,0,0,0,0,0,148270.01458740234,131102.60369873047,0,404335493120,8589930496,26570067968,0
199,1727586234441,960,1180,799,868,842,824,842,886,930,1388,831,963,862,800,853,816,873,799,875,829,839,863,828,1039,1010,891,800,888,816,813,1171,845,0,0,0,0,0,0,0,0,0,0,0,0,0,0,0,0,0,4.761904716491699,0,0,0,0,0,0,0,0,100,0,0,0,0,0,148274.31634521484,131109.25842285156,0,404335493120,8589930496,26554789888,0
199,1727586234641,960,1180,799,868,842,824,842,886,930,1388,831,963,862,800,853,816,873,799,875,829,839,863,828,1039,1010,891,800,888,816,813,1171,845,0,0,0,0,0,0,0,0,0,0,0,0,0,0,0,0,0,4.761904716491699,0,0,0,0,0,0,0,0,100,0,0,0,0,0,148278.58099365234,131115.9169921875,0,404335493120,8589930496,26554789888,0
199,1727586234841,960,1180,799,868,842,824,842,886,930,1388,831,963,862,800,853,816,873,799,875,829,839,863,828,1039,1010,891,800,888,816,813,1171,845,0,0,0,0,0,0,0,0,0,0,0,0,0,0,0,0,0,0,0,0,0,0,0,0,0,0,100,0,0,0,0,0,148282.89392089844,131122.64129638672,0,404335493120,8589930496,26554789888,0
199,1727586235041,960,1180,799,868,842,824,842,886,930,1388,831,963,862,800,853,816,873,799,875,829,839,863,828,1039,1010,891,800,888,816,813,1171,845,0,0,0,0,0,0,0,0,0,0,0,0,0,0,0,0,0,0,0,0,0,0,0,0,0,0,100,0,0,0,0,0,148287.1830444336,131129.30694580078,0,404335493120,8589930496,26554884096,0
199,1727586235241,960,1180,799,868,842,824,842,886,930,1388,831,963,862,800,853,816,873,799,875,829,839,863,828,1039,1010,891,800,888,816,813,1171,845,4.761904716491699,0,0,0,0,0,0,0,0,0,0,0,0,0,0,0,0,0,0,0,0,0,0,0,0,0,100,0,0,0,0,0,148291.47229003906,131136.0157470703,0,404335493120,8589930496,26554884096,0
199,1727586235441,960,1180,799,868,842,824,842,886,930,1388,831,963,862,800,853,816,873,799,875,829,839,863,828,1039,1010,891,800,888,816,813,1171,845,4.761904716491699,0,0,0,0,0,0,0,0,0,0,0,0,0,0,0,0,0,0,0,0,0,0,0,0,0,100,0,0,0,0,0,148295.75518798828,131142.6665649414,0,404335493120,8589930496,26554884096,0
199,1727586235641,960,1180,799,868,842,824,842,886,930,1388,831,963,862,800,853,816,873,799,875,829,839,863,828,1039,1010,891,800,888,816,813,1171,845,0,0,0,0,0,0,0,0,0,0,0,0,0,0,0,0,0,0,0,2.4390242099761963,0,0,0,0,0,0,100,0,0,0,2.5,0,148300.0360107422,131149.3491821289,0,404335493120,8589930496,26554339328,0
199,1727586235841,960,1180,799,868,842,824,842,886,930,1388,831,963,862,800,853,816,873,799,875,829,839,863,828,1039,1010,891,800,888,816,813,1171,845,0,0,0,0,0,0,0,0,0,0,0,0,0,0,0,0,0,0,0,0,0,0,0,0,0,0,100,0,0,0,0,0,148304.38153076172,131156.02734375,0,404335493120,8589930496,26554339328,0
199,1727586236041,960,1180,799,868,842,824,842,886,930,1388,831,963,862,800,853,816,873,799,875,829,839,863,828,1039,1010,891,800,888,816,813,1171,845,0,0,0,0,0,0,0,0,0,0,0,0,5,0,0,0,0,0,0,0,0,0,0,0,0,0,100,4.761904716491699,0,0,0,0,148308.72009277344,131162.72607421875,0,404335493120,8589930496,26554646528,0
199,1727586236242,960,1180,799,868,842,824,842,886,930,1388,831,963,862,800,853,816,873,799,875,829,839,863,828,1039,1010,891,800,888,816,813,1171,845,4.761904716491699,0,9.523809432983398,0,4.761904716491699,0,0,0,0,0,0,0,0,47.619049072265625,0,0,0,0,0,5,0,0,0,4.761904716491699,0,0,55,0,0,0,0,0,148313.0576171875,131169.43298339844,0,404335493120,8589930496,26554937344,0
199,1727586236442,960,1180,799,868,842,824,842,886,930,1388,831,963,862,800,853,816,873,799,875,829,839,863,828,1039,1010,891,800,888,816,813,1171,845,4.761904716491699,0,9.523809432983398,0,4.761904716491699,0,0,0,0,0,0,0,0,47.619049072265625,0,0,0,0,0,5,0,0,0,4.761904716491699,0,0,55,0,0,0,0,0,148317.34014892578,131176.0874633789,0,404335493120,8589930496,26555060224,0
199,1727586236642,960,1180,799,868,842,824,842,886,930,1388,831,963,862,800,853,816,873,799,875,829,839,863,828,1039,1010,891,800,888,816,813,1171,845,2.4390242099761963,0,0,0,0,0,0,0,0,0,0,0,0,100,0,0,0,0,0,0,0,2.4390242099761963,0,0,0,0,0,0,0,0,0,0,148321.67315673828,131182.78900146484,0,404335493120,8589930496,26555060224,0
199,1727586236842,960,1180,799,868,842,824,842,886,930,1388,831,963,862,800,853,816,873,799,875,829,839,863,828,1039,1010,891,800,888,816,813,1171,845,0,0,0,0,0,0,0,0,0,0,0,0,0,100,0,0,0,0,0,0,0,0,0,0,0,0,0,0,0,0,0,9.090909004211426,148325.99053955078,131189.4937133789,0,404335493120,8589930496,26555060224,0
199,1727586237042,960,1180,799,868,842,824,842,886,930,1388,831,963,862,800,853,816,873,799,875,829,839,863,828,1039,1010,891,800,888,816,813,1171,845,0,0,0,0,0,0,0,0,0,0,0,0,0,100,5,0,0,0,0,0,0,0,0,0,0,0,0,0,0,0,0,0,148330.3296508789,131196.1929321289,0,404335493120,8589930496,26554798080,0
199,1727586237242,960,1180,799,868,842,824,842,886,930,1388,831,963,862,800,853,816,873,799,875,829,839,863,828,1039,1010,891,800,888,816,813,1171,845,0,0,0,5,5,4.761904716491699,4.761904716491699,5,5,4.761904716491699,0,0,0,100,4.761904716491699,5,0,0,4.761904716491699,5,0,9.523809432983398,0,0,4.761904716491699,4.761904716491699,0,9.523809432983398,5,4.761904716491699,5,0,148334.66217041016,131202.8953857422,0,404335493120,8589930496,26559614976,0
199,1727586237442,960,1180,799,868,842,824,842,886,930,1388,831,963,862,800,853,816,873,799,875,829,839,863,828,1039,1010,891,800,888,816,813,1171,845,0,0,9.523809432983398,0,0,0,10,0,0,0,0,0,0,100,0,0,0,9.523809432983398,0,0,0,0,0,0,0,0,0,0,0,0,0,10,148338.90881347656,131209.56829833984,0,404335493120,8589930496,26560458752,0
199,1727586237643,960,1180,799,868,842,824,842,886,930,1388,831,963,862,800,853,816,873,799,875,829,839,863,828,1039,1010,891,800,888,816,813,1171,845,0,0,9.523809432983398,0,0,0,10,0,0,0,0,0,0,100,0,0,0,9.523809432983398,0,0,0,0,0,0,0,0,0,0,0,0,0,10,148343.19458007813,131216.25201416016,0,404335493120,8589930496,26560458752,0
199,1727586237843,960,1180,799,868,842,824,842,886,930,1388,831,963,862,800,853,816,873,799,875,829,839,863,828,1039,1010,891,800,888,816,813,1171,845,0,0,0,10,2.4390242099761963,0,0,2.4390242099761963,0,0,2.5,2.5,0,100,0,0,2.4390242099761963,0,0,4.878048419952393,0,2.5,0,2.5,0,0,0,0,0,0,0,2.5641026496887207,148347.5219116211,131222.91400146484,0,404335493120,8589930496,26560647168,0
199,1727586238043,960,1180,799,868,842,824,842,886,930,1388,831,963,862,800,853,816,873,799,875,829,839,863,828,1039,1010,891,800,888,816,813,1171,845,0,0,0,10,2.4390242099761963,0,0,2.4390242099761963,0,0,2.5,2.5,0,100,0,0,2.4390242099761963,0,0,4.878048419952393,0,2.5,0,2.5,0,0,0,0,0,0,0,2.5641026496887207,148351.81219482422,131229.59204101563,0,404335493120,8589930496,26560647168,0
199,1727586238243,960,1180,799,868,842,824,842,886,930,1388,831,963,862,800,853,816,873,799,875,829,839,863,828,1039,1010,891,800,888,816,813,1171,845,0,0,0,0,0,0,0,0,0,0,0,0,0,100,0,0,0,0,0,0,0,0,0,2.4390242099761963,0,0,0,0,0,0,0,4.761904716491699,148356.0799560547,131236.27673339844,0,404335493120,8589930496,26560647168,0
199,1727586238443,960,1180,799,868,842,824,842,886,930,1388,831,963,862,800,853,816,873,799,875,829,839,863,828,1039,1010,891,800,888,816,813,1171,845,0,0,0,0,0,0,0,0,0,0,0,4.761904716491699,0,100,0,0,0,0,0,0,0,0,0,0,0,0,0,0,0,0,0,0,148360.42449951172,131242.95581054688,0,404335493120,8589930496,26559942656,0
199,1727586238643,960,1180,799,868,842,824,842,886,930,1388,831,963,862,800,853,816,873,799,875,829,839,863,828,1039,1010,891,800,888,816,813,1171,845,0,0,0,0,0,0,0,0,0,0,0,0,0,100,0,0,0,0,0,0,0,0,0,0,0,0,0,0,4.761904716491699,0,0,5,148364.76135253906,131249.646484375,0,404335493120,8589930496,26558812160,0
199,1727586238843,960,1180,799,868,842,824,842,886,930,1388,831,963,862,800,853,816,873,799,875,829,839,863,828,1039,1010,891,800,888,816,813,1171,845,0,0,0,0,0,0,0,0,0,0,0,0,0,100,0,0,0,0,0,0,0,0,0,0,0,0,0,0,0,0,0,0,148369.07568359375,131256.33374023438,0,404335493120,8589930496,26557415424,0
199,1727586239044,960,1180,799,868,842,824,842,886,930,1388,831,963,862,800,853,816,873,799,875,829,839,863,828,1039,1010,891,800,888,816,813,1171,845,0,0,0,0,0,0,0,5,0,0,0,0,4.761904716491699,100,5,0,0,0,0,0,0,4.761904716491699,0,0,0,0,0,0,0,0,0,0,148373.4312133789,131263.03155517578,0,404335493120,8589930496,26557550592,0
199,1727586239244,960,1180,799,868,842,824,842,886,930,1388,831,963,862,800,853,816,873,799,875,829,839,863,828,1039,1010,891,800,888,816,813,1171,845,0,0,0,0,0,0,0,0,0,0,0,0,0,25,0,0,0,0,0,0,0,0,0,0,0,0,75,0,0,0,0,5,148377.77459716797,131269.73669433594,0,404335493120,8589930496,26557554688,0
199,1727586239444,960,1180,799,868,842,824,842,886,930,1388,831,963,862,800,853,816,873,799,875,829,839,863,828,1039,1010,891,800,888,816,813,1171,845,0,0,0,0,0,0,0,0,0,0,0,0,0,0,0,0,0,0,0,0,0,0,0,0,0,0,100,0,0,0,0,0,148382.07781982422,131276.43292236328,0,404335493120,8589930496,26557558784,0
199,1727586239644,960,1180,799,868,842,824,842,886,930,1388,831,963,862,800,853,816,873,799,875,829,839,863,828,1039,1010,891,800,888,816,813,1171,845,0,0,0,0,0,0,0,0,0,0,0,0,0,0,0,0,0,0,0,0,0,0,0,4.761904716491699,0,0,100,0,0,0,0,4.761904716491699,148386.4135131836,131283.1431274414,0,404335493120,8589930496,26557562880,0
199,1727586239844,960,1180,799,868,842,824,842,886,930,1388,831,963,862,800,853,816,873,799,875,829,839,863,828,1039,1010,891,800,888,816,813,1171,845,0,0,0,0,0,0,0,0,0,0,0,0,0,0,0,0,4.761904716491699,0,0,0,0,0,0,0,0,0,100,0,0,0,0,0,148390.75122070313,131289.83526611328,0,404335493120,8589930496,26557562880,0
199,1727586240044,960,1180,799,868,842,824,842,886,930,1388,831,963,862,800,853,816,873,799,875,829,839,863,828,1039,1010,891,800,888,816,813,1171,845,5,0,0,0,0,0,0,5,0,0,0,0,0,0,4.761904716491699,5,0,0,0,0,0,10,0,0,0,0,100,0,0,0,4.761904716491699,0,148395.15209960938,131296.55743408203,0,404335493120,8589930496,26557710336,0
199,1727586240244,960,1180,799,868,842,824,842,886,930,1388,831,963,862,800,853,816,873,799,875,829,839,863,828,1039,1010,891,800,888,816,813,1171,845,5,0,0,0,0,0,0,5,0,0,0,0,0,0,4.761904716491699,5,0,0,0,0,0,10,0,0,0,0,100,0,0,0,4.761904716491699,0,148399.45123291016,131303.2567138672,0,404335493120,8589930496,26557157376,0
199,1727586240444,960,1180,799,868,842,824,842,886,930,1388,831,963,862,800,853,816,873,799,875,829,839,863,828,1039,1010,891,800,888,816,813,1171,845,0,0,0,0,0,0,0,0,4.761904716491699,0,0,5,0,0,0,0,0,0,0,0,0,0,0,0,0,0,100,0,0,0,0,0,148403.78704833984,131309.93292236328,0,404335493120,8589930496,26557181952,0
199,1727586240645,960,1180,799,868,842,824,842,886,930,1388,831,963,862,800,853,816,873,799,875,829,839,863,828,1039,1010,891,800,888,816,813,1171,845,5,0,0,0,0,0,0,0,0,0,9.523809432983398,4.761904716491699,4.761904716491699,0,0,0,0,0,0,0,0,0,0,0,0,0,100,0,0,0,0,4.761904716491699,148408.11743164063,131316.6396484375,0,404335493120,8589930496,26556530688,0
199,1727586240845,960,1180,799,868,842,824,842,886,930,1388,831,963,862,800,853,816,873,799,875,829,839,863,828,1039,1010,891,800,888,816,813,1171,845,0,0,0,0,0,0,0,15.000000953674316,0,0,0,0,0,0,0,0,0,0,0,0,0,5,0,0,0,0,100,0,0,0,0,0,148412.41986083984,131323.33758544922,0,404335493120,8589930496,26556661760,0
199,1727586241045,960,1180,799,868,842,824,842,886,930,1388,831,963,862,800,853,816,873,799,875,829,839,863,828,1039,1010,891,800,888,816,813,1171,845,0,0,0,0,0,0,0,15.000000953674316,0,0,0,0,0,0,0,0,0,0,0,0,0,5,0,0,0,0,100,0,0,0,0,0,148416.74548339844,131330.01361083984,0,404335493120,8589930496,26557366272,0
199,1727586241245,960,1180,799,868,842,824,842,886,930,1388,831,963,862,800,853,816,873,799,875,829,839,863,828,1039,1010,891,800,888,816,813,1171,845,4.878048419952393,2.4390242099761963,0,2.4390242099761963,0,0,2.5,0,4.878048419952393,0,0,0,0,0,7.142857551574707,2.4390242099761963,0,2.5641026496887207,0,0,0,0,0,0,0,0,100,0,0,2.5,0,0,148421.13671875,131336.76007080078,0,404335493120,8589930496,26555793408,0
199,1727586241445,960,1180,799,868,842,824,842,886,930,1388,831,963,862,800,853,816,873,799,875,829,839,863,828,1039,1010,891,800,888,816,813,1171,845,4.878048419952393,2.4390242099761963,0,2.4390242099761963,0,0,2.5,0,4.878048419952393,0,0,0,0,0,7.142857551574707,2.4390242099761963,0,2.5641026496887207,0,0,0,0,0,0,0,0,100,0,0,2.5,0,0,148425.45678710938,131343.41876220703,0,404335493120,8589930496,26555797504,0
199,1727586241645,960,1180,799,868,842,824,842,886,930,1388,831,963,862,800,853,816,873,799,875,829,839,863,828,1039,1010,891,800,888,816,813,1171,845,0,2.5,0,0,0,0,0,0,0,0,0,0,0,0,0,0,0,0,0,0,0,0,0,0,0,0,100,0,0,0,0,2.4390242099761963,148429.74560546875,131350.1163330078,0,404335493120,8589930496,26555797504,0
199,1727586241845,960,1180,799,868,842,824,842,886,930,1388,831,963,862,800,853,816,873,799,875,829,839,863,828,1039,1010,891,800,888,816,813,1171,845,0,0,0,0,0,0,0,0,0,0,0,0,0,0,0,0,4.761904716491699,0,0,0,0,0,0,0,0,0,100,0,0,0,0,0,148434.08154296875,131356.79852294922,0,404335493120,8589930496,26555269120,0
199,1727586242046,960,1180,799,868,842,824,842,886,930,1388,831,963,862,800,853,816,873,799,875,829,839,863,828,1039,1010,891,800,888,816,813,1171,845,4.761904716491699,0,0,0,0,0,0,0,0,0,0,0,0,0,0,0,0,0,0,0,0,0,0,0,0,5,100,0,0,0,0,0,148438.45916748047,131363.49884033203,0,404335493120,8589930496,26555187200,0
199,1727586242246,960,1180,799,868,842,824,842,886,930,1388,831,963,862,800,853,816,873,799,875,829,839,863,828,1039,1010,891,800,888,816,813,1171,845,0,0,9.523809432983398,0,5.263157844543457,4.761904716491699,0,5,5,0,0,4.761904716491699,5,0,0,4.761904716491699,0,4.761904716491699,0,4.761904716491699,4.761904716491699,5,5,4.761904716491699,4.761904716491699,0,100,9.523809432983398,5,5,5,0,148442.87921142578,131370.26611328125,0,404335493120,8589930496,26557079552,0
199,1727586242446,960,1180,799,868,842,824,842,886,930,1388,831,963,862,800,853,816,873,799,875,829,839,863,828,1039,1010,891,800,888,816,813,1171,845,0,0,0,0,0,5.263157844543457,0,0,0,0,0,0,0,0,0,0,0,5,0,0,5,10,0,0,0,0,100,0,0,0,0,0,148447.2783203125,131376.99255371094,0,404335493120,8589930496,26557288448,0
199,1727586242646,960,1180,799,868,842,824,842,886,930,1388,831,963,862,800,853,816,873,799,875,829,839,863,828,1039,1010,891,800,888,816,813,1171,845,0,0,0,0,0,5.263157844543457,0,0,0,0,0,0,0,0,0,0,0,5,0,0,5,10,0,0,0,0,100,0,0,0,0,0,148451.5975341797,131383.65655517578,0,404335493120,8589930496,26557288448,0
199,1727586242846,960,1180,799,868,842,824,842,886,930,1388,831,963,862,800,853,816,873,799,875,829,839,863,828,1039,1010,891,800,888,816,813,1171,845,2.4390242099761963,0,0,0,4.878048419952393,0,0,0,2.4390242099761963,0,0,2.5,0,0,0,0,0,0,0,2.5641026496887207,0,0,0,2.5,2.5,2.5,100,2.4390242099761963,0,0,0,2.5,148455.9634399414,131390.3692626953,0,404335493120,8589930496,26563690496,0
199,1727586243046,960,1180,799,868,842,824,842,886,930,1388,831,963,862,800,853,816,873,799,875,829,839,863,828,1039,1010,891,800,888,816,813,1171,845,0,0,0,0,0,0,0,0,0,0,0,0,0,9.523809432983398,0,0,0,0,0,5,0,0,0,0,0,4.761904716491699,100,0,0,0,0,0,148460.27404785156,131397.03540039063,0,404335493120,8589930496,26557460480,0
199,1727586243246,960,1180,799,868,842,824,842,886,930,1388,831,963,862,800,853,816,873,799,875,829,839,863,828,1039,1010,891,800,888,816,813,1171,845,0,0,0,0,0,0,0,0,0,0,0,0,0,9.523809432983398,0,0,0,0,0,5,0,0,0,0,0,4.761904716491699,100,0,0,0,0,0,148464.54656982422,131403.70166015625,0,404335493120,8589930496,26557460480,0
199,1727586243447,960,1180,799,868,842,824,842,886,930,1388,831,963,862,800,853,816,873,799,875,829,839,863,828,1039,1010,891,800,888,816,813,1171,845,0,0,0,0,0,0,0,0,0,0,0,0,0,0,0,0,0,0,0,0,0,0,0,0,0,0,100,0,0,2.4390242099761963,0,0,148468.83624267578,131410.3930053711,0,404335493120,8589930496,26557460480,0
199,1727586243647,960,1180,799,868,842,824,842,886,930,1388,831,963,862,800,853,816,873,799,875,829,839,863,828,1039,1010,891,800,888,816,813,1171,845,0,0,0,0,0,0,0,0,0,0,0,0,0,0,0,0,0,0,0,0,0,0,0,0,0,0,100,0,0,0,0,0,148473.1654663086,131417.08502197266,0,404335493120,8589930496,26557464576,0
199,1727586243847,960,1180,799,868,842,824,842,886,930,1388,831,963,862,800,853,816,873,799,875,829,839,863,828,1039,1010,891,800,888,816,813,1171,845,0,0,0,0,0,0,0,0,0,0,0,0,0,0,0,0,0,0,0,0,0,0,0,0,0,0,100,0,0,0,0,0,148477.5146484375,131423.77685546875,0,404335493120,8589930496,26557464576,0
199,1727586244047,960,1180,799,868,842,824,842,886,930,1388,831,963,862,800,853,816,873,799,875,829,839,863,828,1039,1010,891,800,888,816,813,1171,845,0,0,0,0,0,0,0,0,0,0,0,0,0,0,0,0,0,0,0,0,0,0,0,0,0,0,100,0,0,0,0,0,148481.88897705078,131430.46044921875,0,404335493120,8589930496,26557464576,0
199,1727586244247,960,1180,799,868,842,824,842,886,930,1388,831,963,862,800,853,816,873,799,875,829,839,863,828,1039,1010,891,800,888,816,813,1171,845,0,0,0,0,0,0,0,4.761904716491699,0,0,0,0,0,0,0,0,0,0,0,0,0,0,0,0,0,0,100,0,0,0,0,0,148486.21606445313,131437.14971923828,0,404335493120,8589930496,26557464576,0
199,1727586244447,960,1180,799,868,842,824,842,886,930,1388,831,963,862,800,853,816,873,799,875,829,839,863,828,1039,1010,891,800,888,816,813,1171,845,0,0,0,0,0,0,0,4.761904716491699,0,0,0,0,0,0,0,0,0,0,0,0,0,0,0,0,0,0,100,0,0,0,0,0,148490.55474853516,131443.8246459961,0,404335493120,8589930496,26563342336,0
199,1727586244647,960,1180,799,868,842,824,842,886,930,1388,831,963,862,800,853,816,873,799,875,829,839,863,828,1039,1010,891,800,888,816,813,1171,845,2.5,4.761904716491699,2.5,2.4390242099761963,0,0,0,2.5,2.5,2.4390242099761963,0,0,2.4390242099761963,0,0,2.4390242099761963,9.302325248718262,0,0,0,4.878048419952393,2.4390242099761963,2.5,12.820513725280762,0,0,100,2.5,2.4390242099761963,0,2.4390242099761963,2.5,148494.9581298828,131450.61517333984,0,404335493120,8589930496,26557468672,0
199,1727586244847,960,1180,799,868,842,824,842,886,930,1388,831,963,862,800,853,816,873,799,875,829,839,863,828,1039,1010,891,800,888,816,813,1171,845,2.5,4.761904716491699,2.5,2.4390242099761963,0,0,0,2.5,2.5,2.4390242099761963,0,0,2.4390242099761963,0,0,2.4390242099761963,9.302325248718262,0,0,0,4.878048419952393,2.4390242099761963,2.5,12.820513725280762,0,0,100,2.5,2.4390242099761963,0,2.4390242099761963,2.5,148499.26818847656,131457.27465820313,0,404335493120,8589930496,26557468672,0
199,1727586245047,960,1180,799,868,842,824,842,886,930,1388,831,963,862,800,853,816,873,799,875,829,839,863,828,1039,1010,891,800,888,816,813,1171,845,0,2.4390242099761963,2.5,2.4390242099761963,2.5,0,2.5,0,0,0,0,0,0,0,0,2.4390242099761963,0,0,0,2.5,0,0,2.4390242099761963,0,4.761904716491699,0,100,0,2.5,0,0,0,148503.6358642578,131463.98999023438,0,404335493120,8589930496,26557599744,0
199,1727586245248,960,1180,799,868,842,824,842,886,930,1388,831,963,862,800,853,816,873,799,875,829,839,863,828,1039,1010,891,800,888,816,813,1171,845,0,0,0,0,0,0,0,0,0,0,0,0,0,0,0,0,0,0,0,0,0,0,0,0,0,0,100,0,0,0,0,0,148507.93487548828,131470.66186523438,0,404335493120,8589930496,26557599744,0
199,1727586245448,960,1180,799,868,842,824,842,886,930,1388,831,963,862,800,853,816,873,799,875,829,839,863,828,1039,1010,891,800,888,816,813,1171,845,0,0,0,0,0,0,0,0,0,0,0,0,0,0,0,0,0,0,0,0,0,0,0,0,0,0,100,0,0,0,0,0,148512.2294921875,131477.34826660156,0,404335493120,8589930496,26557599744,0
199,1727586245648,960,1180,799,868,842,824,842,886,930,1388,831,963,862,800,853,816,873,799,875,829,839,863,828,1039,1010,891,800,888,816,813,1171,845,0,0,0,0,0,0,0,0,0,0,0,0,0,0,0,0,0,0,0,0,0,0,0,0,0,0,100,0,0,0,0,0,148516.4901123047,131484.00659179688,0,404335493120,8589930496,26557599744,0
199,1727586245848,960,1180,799,868,842,824,842,886,930,1388,831,963,862,800,853,816,873,799,875,829,839,863,828,1039,1010,891,800,888,816,813,1171,845,0,0,0,0,0,0,0,0,0,0,0,0,0,0,0,0,0,0,0,0,0,0,0,0,0,0,100,0,0,0,0,0,148520.77490234375,131490.68969726563,0,404335493120,8589930496,26557599744,0
199,1727586246048,960,1180,799,868,842,824,842,886,930,1388,831,963,862,800,853,816,873,799,875,829,839,863,828,1039,1010,891,800,888,816,813,1171,845,0,0,0,0,0,0,0,5,0,5,0,0,0,0,0,0,5,0,0,0,4.761904716491699,0,0,0,0,0,100,4.761904716491699,0,4.761904716491699,0,0,148525.09686279297,131497.38763427734,0,404335493120,8589930496,26558480384,0
199,1727586246248,960,1180,799,868,842,824,842,886,930,1388,831,963,862,800,853,816,873,799,875,829,839,863,828,1039,1010,891,800,888,816,813,1171,845,0,0,0,5,5,0,0,0,0,0,0,0,0,0,0,5.263157844543457,0,0,0,0,0,0,0,4.761904716491699,0,0,100,0,0,0,0,0,148529.4389038086,131504.0912475586,0,404335493120,8589930496,26559549440,0
199,1727586246448,960,1180,799,868,842,824,842,886,930,1388,831,963,862,800,853,816,873,799,875,829,839,863,828,1039,1010,891,800,888,816,813,1171,845,4.761904716491699,0,4.761904716491699,0,4.761904716491699,4.761904716491699,0,5,4.761904716491699,0,0,0,4.761904716491699,0,4.761904716491699,4.761904716491699,0,0,4.761904716491699,0,0,0,0,0,0,5,100,0,0,0,0,0,148533.7607421875,131510.7947998047,0,404335493120,8589930496,26559516672,0
199,1727586246648,960,1180,799,868,842,824,842,886,930,1388,831,963,862,800,853,816,873,799,875,829,839,863,828,1039,1010,891,800,888,816,813,1171,845,4.761904716491699,0,4.761904716491699,0,4.761904716491699,4.761904716491699,0,5,4.761904716491699,0,0,0,4.761904716491699,0,4.761904716491699,4.761904716491699,0,0,4.761904716491699,0,0,0,0,0,0,5,100,0,0,0,0,0,148538.08209228516,131517.45318603516,0,404335493120,8589930496,26559516672,0
199,1727586246849,960,1180,799,868,842,824,842,886,930,1388,831,963,862,800,853,816,873,799,875,829,839,863,828,1039,1010,891,800,888,816,813,1171,845,0,0,2.4390242099761963,0,0,0,2.5,0,0,0,0,0,0,0,0,0,0,0,0,0,0,2.4390242099761963,0,0,0,0,100,0,0,0,0,0,148542.3748779297,131524.14477539063,0,404335493120,8589930496,26559516672,0
199,1727586247049,960,1180,799,868,842,824,842,886,930,1388,831,963,862,800,853,816,873,799,875,829,839,863,828,1039,1010,891,800,888,816,813,1171,845,0,0,0,0,0,0,0,0,0,0,0,0,0,0,0,0,0,0,0,0,0,0,0,0,0,0,100,0,0,0,0,0,148546.6231689453,131530.83764648438,0,404335493120,8589930496,26559246336,0
199,1727586247249,960,1180,799,868,842,824,842,886,930,1388,831,963,862,800,853,816,873,799,875,829,839,863,828,1039,1010,891,800,888,816,813,1171,845,0,0,0,4.761904716491699,0,0,0,4.761904716491699,5,0,5,0,0,0,0,0,4.761904716491699,0,0,0,0,0,5,0,0,4.761904716491699,100,0,0,4.761904716491699,4.761904716491699,0,148550.94897460938,131537.53491210938,0,404335493120,8589930496,26559840256,0
199,1727586247449,960,1180,799,868,842,824,842,886,930,1388,831,963,862,800,853,816,873,799,875,829,839,863,828,1039,1010,891,800,888,816,813,1171,845,0,0,5,0,0,4.761904716491699,5,0,0,0,0,0,0,0,10,0,0,0,0,0,0,9.090909004211426,0,0,0,0,100,0,0,0,0,0,148555.19799804688,131544.2274169922,0,404335493120,8589930496,26560024576,0
199,1727586247649,960,1180,799,868,842,824,842,886,930,1388,831,963,862,800,853,816,873,799,875,829,839,863,828,1039,1010,891,800,888,816,813,1171,845,0,0,5,0,0,4.761904716491699,5,0,0,0,0,0,0,0,10,0,0,0,0,0,0,9.090909004211426,0,0,0,0,100,0,0,0,0,0,148559.46545410156,131550.9208984375,0,404335493120,8589930496,26560024576,0
199,1727586247849,960,1180,799,868,842,824,842,886,930,1388,831,963,862,800,853,816,873,799,875,829,839,863,828,1039,1010,891,800,888,816,813,1171,845,0,0,0,0,0,0,0,0,0,0,0,0,0,0,0,0,0,0,0,0,0,0,0,0,0,0,100,0,0,0,0,0,148563.7651977539,131557.62084960938,0,404335493120,8589930496,26560024576,0
199,1727586248049,960,1180,799,868,842,824,842,886,930,1388,831,963,862,800,853,816,873,799,875,829,839,863,828,1039,1010,891,800,888,816,813,1171,845,9.523809432983398,0,0,0,0,0,0,5,0,0,4.761904716491699,0,0,4.761904716491699,0,0,0,0,5,4.761904716491699,0,15.789472579956055,0,0,10,5.263157844543457,100,0,0,0,5,0,148568.0991821289,131564.3101196289,0,404335493120,8589930496,26560221184,0
199,1727586248250,960,1180,799,868,842,824,842,886,930,1388,831,963,862,800,853,816,873,799,875,829,839,863,828,1039,1010,891,800,888,816,813,1171,845,9.523809432983398,0,0,0,0,0,0,5,0,0,4.761904716491699,0,0,4.761904716491699,0,0,0,0,5,4.761904716491699,0,15.789472579956055,0,0,10,5.263157844543457,100,0,0,0,5,0,148572.37957763672,131570.96936035156,0,404335493120,8589930496,26560221184,0
199,1727586248450,960,1180,799,868,842,824,842,886,930,1388,831,963,862,800,853,816,873,799,875,829,839,863,828,1039,1010,891,800,888,816,813,1171,845,2.4390242099761963,0,0,0,0,0,2.4390242099761963,0,0,0,0,0,0,0,0,0,0,0,0,0,0,0,0,0,0,0,100,0,0,0,0,0,148576.73303222656,131577.66412353516,0,404335493120,8589930496,26560225280,0
199,1727586248650,960,1180,799,868,842,824,842,886,930,1388,831,963,862,800,853,816,873,799,875,829,839,863,828,1039,1010,891,800,888,816,813,1171,845,0,0,0,0,0,0,0,0,0,0,0,0,0,0,0,0,0,0,4.761904716491699,0,0,0,0,0,0,0,100,0,0,0,0,0,148581.0737915039,131584.36791992188,0,404335493120,8589930496,26560225280,0
199,1727586248850,960,1180,799,868,842,824,842,886,930,1388,831,963,862,800,853,816,873,799,875,829,839,863,828,1039,1010,891,800,888,816,813,1171,845,4.761904716491699,0,0,0,0,0,0,0,0,0,0,0,0,0,0,0,0,0,0,0,0,0,0,0,0,0,100,0,0,0,0,0,148585.39678955078,131591.06048583984,0,404335493120,8589930496,26560225280,0
199,1727586249050,960,1180,799,868,842,824,842,886,930,1388,831,963,862,800,853,816,873,799,875,829,839,863,828,1039,1010,891,800,888,816,813,1171,845,0,0,0,0,0,0,0,0,0,0,0,0,0,0,0,0,0,0,0,0,0,0,0,4.761904716491699,0,0,100,5,0,0,5,0,148589.7586669922,131597.75427246094,0,404335493120,8589930496,26560409600,0
199,1727586249250,960,1180,799,868,842,824,842,886,930,1388,831,963,862,800,853,816,873,799,875,829,839,863,828,1039,1010,891,800,888,816,813,1171,845,0,0,0,0,0,0,0,0,0,0,0,0,0,0,0,0,0,0,0,0,0,0,0,4.761904716491699,0,0,100,5,0,0,5,0,148594.09155273438,131604.4603881836,0,404335493120,8589930496,26560409600,0
199,1727586249450,960,1180,799,868,842,824,842,886,930,1388,831,963,862,800,853,816,873,799,875,829,839,863,828,1039,1010,891,800,888,816,813,1171,845,0,0,0,0,0,0,0,0,0,0,0,0,0,0,0,0,0,0,0,0,0,0,0,0,0,0,100,0,0,0,0,0,148598.41467285156,131611.15521240234,0,404335493120,8589930496,26560409600,0
199,1727586249650,960,1180,799,868,842,824,842,886,930,1388,831,963,862,800,853,816,873,799,875,829,839,863,828,1039,1010,891,800,888,816,813,1171,845,0,0,0,0,0,0,0,0,0,0,0,0,0,0,0,0,0,0,0,0,0,0,0,0,0,0,100,0,0,0,0,0,148602.74298095703,131617.85614013672,0,404335493120,8589930496,26560409600,0
199,1727586249851,960,1180,799,868,842,824,842,886,930,1388,831,963,862,800,853,816,873,799,875,829,839,863,828,1039,1010,891,800,888,816,813,1171,845,0,0,0,0,0,0,0,0,0,0,0,0,0,0,0,0,0,0,0,0,0,0,0,0,0,0,100,0,0,0,0,0,148607.0799560547,131624.5634765625,0,404335493120,8589930496,26560409600,0
199,1727586250051,960,1180,799,868,842,824,842,886,930,1388,831,963,862,800,853,816,873,799,875,829,839,863,828,1039,1010,891,800,888,816,813,1171,845,0,4.761904716491699,0,0,0,0,0,5.263157844543457,0,0,0,4.761904716491699,0,0,4.761904716491699,0,0,0,4.761904716491699,0,0,0,0,0,0,4.761904716491699,100,4.761904716491699,0,0,0,0,148611.35418701172,131631.2787475586,0,404335493120,8589930496,26560548864,0
199,1727586250251,960,1180,799,868,842,824,842,886,930,1388,831,963,862,800,853,816,873,799,875,829,839,863,828,1039,1010,891,800,888,816,813,1171,845,0,0,0,0,0,0,0,0,0,0,0,0,0,0,0,0,0,0,0,0,0,0,0,0,0,0,100,0,0,0,0,0,148615.6713256836,131637.97387695313,0,404335493120,8589930496,26560548864,0
199,1727586250451,960,1180,799,868,842,824,842,886,930,1388,831,963,862,800,853,816,873,799,875,829,839,863,828,1039,1010,891,800,888,816,813,1171,845,0,0,0,0,0,0,0,0,0,0,0,0,0,0,0,0,0,0,0,0,0,0,0,0,0,0,100,0,0,0,0,0,148619.99676513672,131644.67376708984,0,404335493120,8589930496,26560548864,0
199,1727586250651,960,1180,799,868,842,824,842,886,930,1388,831,963,862,800,853,816,873,799,875,829,839,863,828,1039,1010,891,800,888,816,813,1171,845,0,0,0,0,0,0,0,0,0,0,0,0,0,0,0,0,0,0,0,0,0,0,0,0,0,0,100,0,0,0,0,0,148624.29998779297,131651.36993408203,0,404335493120,8589930496,26560548864,0
199,1727586250851,960,1180,799,868,842,824,842,886,930,1388,831,963,862,800,853,816,873,799,875,829,839,863,828,1039,1010,891,800,888,816,813,1171,845,0,0,0,0,0,0,0,0,0,0,0,0,0,0,0,0,0,0,0,0,0,0,0,0,0,0,100,0,0,0,0,0,148628.58709716797,131658.04174804688,0,404335493120,8589930496,26560569344,0
199,1727586251051,960,1180,799,868,842,824,842,886,930,1388,831,963,862,800,853,816,873,799,875,829,839,863,828,1039,1010,891,800,888,816,813,1171,845,0,0,2.4390242099761963,2.4390242099761963,0,0,0,2.4390242099761963,4.878048419952393,2.5,2.4390242099761963,0,0,0,0,0,0,2.4390242099761963,0,0,0,2.5,0,0,0,0,100,0,2.4390242099761963,0,2.5,0,148632.95532226563,131664.77758789063,0,404335493120,8589930496,26561277952,0
199,1727586251251,960,1180,799,868,842,824,842,886,930,1388,831,963,862,800,853,816,873,799,875,829,839,863,828,1039,1010,891,800,888,816,813,1171,845,0,0,0,0,0,13.636363983154297,0,0,0,0,0,0,0,0,0,0,0,0,0,0,0,0,0,0,0,0,100,0,0,0,0,0,148637.28839111328,131671.48846435547,0,404335493120,8589930496,26561437696,0
199,1727586251452,960,1180,799,868,842,824,842,886,930,1388,831,963,862,800,853,816,873,799,875,829,839,863,828,1039,1010,891,800,888,816,813,1171,845,0,0,0,0,0,13.636363983154297,0,0,0,0,0,0,0,0,0,0,0,0,0,0,0,0,0,0,0,0,100,0,0,0,0,0,148641.5994873047,131678.14672851563,0,404335493120,8589930496,26561437696,0
199,1727586251652,960,1180,799,868,842,824,842,886,930,1388,831,963,862,800,853,816,873,799,875,829,839,863,828,1039,1010,891,800,888,816,813,1171,845,0,0,0,0,2.4390242099761963,0,0,0,0,0,0,0,0,0,0,0,0,0,0,0,0,0,0,0,0,0,100,0,0,0,0,0,148645.9256591797,131684.84692382813,0,404335493120,8589930496,26561437696,0
199,1727586251852,960,1180,799,868,842,824,842,886,930,1388,831,963,862,800,853,816,873,799,875,829,839,863,828,1039,1010,891,800,888,816,813,1171,845,0,0,0,0,0,0,0,0,0,0,0,0,0,0,0,0,0,0,0,0,0,0,0,0,0,0,100,0,0,0,0,0,148650.2657470703,131691.55139160156,0,404335493120,8589930496,26561437696,0
199,1727586252052,960,1180,799,868,842,824,842,886,930,1388,831,963,862,800,853,816,873,799,875,829,839,863,828,1039,1010,891,800,888,816,813,1171,845,0,0,10,4.761904716491699,5,0,0,0,0,0,0,0,0,0,0,0,0,0,0,0,0,0,0,0,0,0,100,0,0,0,0,0,148654.58905029297,131698.25762939453,0,404335493120,8589930496,26563350528,0
199,1727586252252,960,1180,799,868,842,824,842,886,930,1388,831,963,862,800,853,816,873,799,875,829,839,863,828,1039,1010,891,800,888,816,813,1171,845,4.761904716491699,0,0,0,0,0,0,0,5,5,5,0,0,0,0,0,0,0,0,0,0,0,0,0,0,0,100,5,4.761904716491699,4.761904716491699,0,0,148658.92443847656,131704.9932861328,0,404335493120,8589930496,26563608576,0
199,1727586252452,960,1180,799,868,842,824,842,886,930,1388,831,963,862,800,853,816,873,799,875,829,839,863,828,1039,1010,891,800,888,816,813,1171,845,0,0,0,0,5,0,4.761904716491699,0,0,0,0,0,0,0,10,0,0,4.761904716491699,0,0,0,0,0,0,0,5,100,0,0,0,5.263157844543457,0,148663.21685791016,131711.66186523438,0,404335493120,8589930496,26563825664,0
199,1727586252652,960,1180,799,868,842,824,842,886,930,1388,831,963,862,800,853,816,873,799,875,829,839,863,828,1039,1010,891,800,888,816,813,1171,845,0,0,5,9.523809432983398,0,0,0,0,0,0,0,0,0,60.000003814697266,0,0,0,0,0,0,0,0,0,0,0,4.761904716491699,40,0,0,0,0,0,148667.48602294922,131718.35772705078,0,404335493120,8589930496,26563846144,0
199,1727586252853,960,1180,799,868,842,824,842,886,930,1388,831,963,862,800,853,816,873,799,875,829,839,863,828,1039,1010,891,800,888,816,813,1171,845,0,0,0,0,0,0,0,0,0,0,0,0,0,100,0,0,0,0,0,0,0,0,0,0,0,0,0,0,0,0,0,0,148671.76818847656,131725.0565185547,0,404335493120,8589930496,26563846144,0
199,1727586253053,960,1180,799,868,842,824,842,886,930,1388,831,963,862,800,853,816,873,799,875,829,839,863,828,1039,1010,891,800,888,816,813,1171,845,9.523809432983398,0,0,0,0,0,0,0,0,0,0,5,0,100,0,0,0,5,0,5,0,15.000000953674316,0,0,0,5,0,0,0,0,5,0,148676.10089111328,131731.76947021484,0,404335493120,8589930496,26563993600,0
199,1727586253253,960,1180,799,868,842,824,842,886,930,1388,831,963,862,800,853,816,873,799,875,829,839,863,828,1039,1010,891,800,888,816,813,1171,845,9.523809432983398,0,0,0,0,0,0,0,0,0,0,5,0,100,0,0,0,5,0,5,0,15.000000953674316,0,0,0,5,0,0,0,0,5,0,148680.41217041016,131738.44384765625,0,404335493120,8589930496,26564038656,0
199,1727586253453,960,1180,799,868,842,824,842,886,930,1388,831,963,862,800,853,816,873,799,875,829,839,863,828,1039,1010,891,800,888,816,813,1171,845,0,2.5,2.5,0,0,0,0,0,4.761904716491699,0,0,2.4390242099761963,0,100,2.4390242099761963,2.4390242099761963,2.4390242099761963,0,0,0,2.4390242099761963,0,2.5,0,0,2.5,2.4390242099761963,0,0,0,0,2.4390242099761963,148684.72430419922,131745.13348388672,0,404335493120,8589930496,26564395008,0
199,1727586253653,960,1180,799,868,842,824,842,886,930,1388,831,963,862,800,853,816,873,799,875,829,839,863,828,1039,1010,891,800,888,816,813,1171,845,4.761904716491699,0,0,0,0,4.761904716491699,0,0,0,0,0,0,0,100,0,0,0,0,0,0,0,0,0,0,0,0,0,0,0,0,0,0,148689.02154541016,131751.82012939453,0,404335493120,8589930496,26564399104,0
199,1727586253853,960,1180,799,868,842,824,842,886,930,1388,831,963,862,800,853,816,873,799,875,829,839,863,828,1039,1010,891,800,888,816,813,1171,845,0,0,0,0,0,0,0,0,0,0,0,0,0,100,0,0,0,0,0,0,0,0,4.761904716491699,0,0,0,0,0,0,0,0,0,148693.3641357422,131758.51287841797,0,404335493120,8589930496,26564399104,0
199,1727586254053,960,1180,799,868,842,824,842,886,930,1388,831,963,862,800,853,816,873,799,875,829,839,863,828,1039,1010,891,800,888,816,813,1171,845,0,0,0,0,0,0,0,0,0,0,0,0,0,100,0,0,0,0,0,0,0,0,0,0,0,0,0,0,0,0,0,0,148697.69799804688,131765.2130126953,0,404335493120,8589930496,26564399104,0
199,1727586254253,960,1180,799,868,842,824,842,886,930,1388,831,963,862,800,853,816,873,799,875,829,839,863,828,1039,1010,891,800,888,816,813,1171,845,4.761904716491699,0,0,0,0,0,0,0,0,0,0,0,0,100,0,0,0,0,0,0,0,0,0,0,0,0,0,0,0,0,0,0,148702.06127929688,131771.91290283203,0,404335493120,8589930496,26564399104,0
199,1727586254454,960,1180,799,868,842,824,842,886,930,1388,831,963,862,800,853,816,873,799,875,829,839,863,828,1039,1010,891,800,888,816,813,1171,845,4.761904716491699,0,0,0,0,5,0,0,0,0,0,0,0,100,0,0,0,0,0,0,0,0,0,0,0,0,0,0,0,0,0,0,148706.37628173828,131778.60290527344,0,404335493120,8589930496,26564399104,0
199,1727586254654,960,1180,799,868,842,824,842,886,930,1388,831,963,862,800,853,816,873,799,875,829,839,863,828,1039,1010,891,800,888,816,813,1171,845,0,0,0,0,0,0,0,0,0,0,0,0,0,100,0,0,0,0,0,0,0,0,0,0,0,0,0,0,0,0,0,0,148710.69696044922,131785.29913330078,0,404335493120,8589930496,26564399104,0
199,1727586254854,960,1180,799,868,842,824,842,886,930,1388,831,963,862,800,853,816,873,799,875,829,839,863,828,1039,1010,891,800,888,816,813,1171,845,21.052631378173828,5,4.761904716491699,0,0,0,5,0,0,0,0,0,15.000000953674316,100,0,5,5,4.761904716491699,4.761904716491699,0,0,4.761904716491699,0,0,0,0,0,0,0,0,0,4.761904716491699,148715.09204101563,131792.08337402344,0,404335493120,8589930496,26564399104,0
199,1727586255054,960,1180,799,868,842,824,842,886,930,1388,831,963,862,800,853,816,873,799,875,829,839,863,828,1039,1010,891,800,888,816,813,1171,845,21.052631378173828,5,4.761904716491699,0,0,0,5,0,0,0,0,0,15.000000953674316,100,0,5,5,4.761904716491699,4.761904716491699,0,0,4.761904716491699,0,0,0,0,0,0,0,0,0,4.761904716491699,148719.4076538086,131798.80377197266,0,404335493120,8589930496,26564489216,0
199,1727586255254,960,1180,799,868,842,824,842,886,930,1388,831,963,862,800,853,816,873,799,875,829,839,863,828,1039,1010,891,800,888,816,813,1171,845,0,2.5,0,0,4.761904716491699,0,0,2.4390242099761963,0,0,0,2.4390242099761963,0,100,0,2.5,0,0,0,2.5,0,0,0,0,4.878048419952393,2.4390242099761963,0,5,0,0,0,0,148723.77661132813,131805.50469970703,0,404335493120,8589930496,26564489216,0
199,1727586255454,960,1180,799,868,842,824,842,886,930,1388,831,963,862,800,853,816,873,799,875,829,839,863,828,1039,1010,891,800,888,816,813,1171,845,0,2.5,0,0,4.761904716491699,0,0,2.4390242099761963,0,0,0,2.4390242099761963,0,100,0,2.5,0,0,0,2.5,0,0,0,0,4.878048419952393,2.4390242099761963,0,5,0,0,0,0,148728.11389160156,131812.18853759766,0,404335493120,8589930496,26564489216,0
199,1727586255654,960,1180,799,868,842,824,842,886,930,1388,831,963,862,800,853,816,873,799,875,829,839,863,828,1039,1010,891,800,888,816,813,1171,845,0,0,0,0,2.5,0,0,0,0,0,0,0,0,100,0,0,0,0,0,0,0,0,0,0,0,0,0,0,0,0,0,0,148732.41888427734,131818.86962890625,0,404335493120,8589930496,26564489216,0
199,1727586255854,960,1180,799,868,842,824,842,886,930,1388,831,963,862,800,853,816,873,799,875,829,839,863,828,1039,1010,891,800,888,816,813,1171,845,0,0,0,0,0,0,0,0,0,0,0,0,0,100,0,0,0,0,0,0,0,0,0,0,0,0,0,0,0,0,0,0,148736.65576171875,131825.56732177734,0,404335493120,8589930496,26564509696,0
199,1727586256054,960,1180,799,868,842,824,842,886,930,1388,831,963,862,800,853,816,873,799,875,829,839,863,828,1039,1010,891,800,888,816,813,1171,845,0,0,0,0,0,4.761904716491699,0,0,0,4.761904716491699,5,0,4.761904716491699,100,0,9.090909004211426,5,0,0,0,0,0,0,0,4.761904716491699,0,0,0,0,0,0,0,148740.9790649414,131832.27362060547,0,404335493120,8589930496,26564702208,0
199,1727586256255,960,1180,799,868,842,824,842,886,930,1388,831,963,862,800,853,816,873,799,875,829,839,863,828,1039,1010,891,800,888,816,813,1171,845,10,5,5.263157844543457,9.523809432983398,5,5.263157844543457,5,5,5,5,5,5,5,100,5,5,5,5,5,10,9.523809432983398,5,10,5,10.526315689086914,5,4.761904716491699,9.523809432983398,9.523809432983398,9.523809432983398,5.263157844543457,9.523809432983398,148745.3793334961,131839.05743408203,0,404335493120,8589930496,26564988928,0
199,1727586256455,960,1180,799,868,842,824,842,886,930,1388,831,963,862,800,853,816,873,799,875,829,839,863,828,1039,1010,891,800,888,816,813,1171,845,10,5,5.263157844543457,9.523809432983398,5,5.263157844543457,5,5,5,5,5,5,5,100,5,5,5,5,5,10,9.523809432983398,5,10,5,10.526315689086914,5,4.761904716491699,9.523809432983398,9.523809432983398,9.523809432983398,5.263157844543457,9.523809432983398,148749.67645263672,131845.72387695313,0,404335493120,8589930496,26562703360,0
198,1727586256656,960,1180,799,868,842,824,842,886,930,1388,831,963,862,800,853,816,873,799,875,829,839,863,828,1039,1010,891,800,888,816,813,1171,845,0,0,0,0,0,0,0,0,0,0,0,0,0,100,0,0,0,0,0,0,0,0,0,0,0,0,0,0,0,0,0,0,148754.04791259766,131852.4503173828,0,404335493120,8589930496,26562748416,0
199,1727586256855,960,1180,799,868,842,824,842,886,930,1388,831,963,862,800,853,816,873,799,875,829,839,863,828,1039,1010,891,800,888,816,813,1171,845,0,0,0,0,0,0,0,0,0,0,0,0,0,100,0,0,0,0,0,0,0,0,0,0,0,0,0,0,0,0,0,0,148758.3550415039,131859.11877441406,0,404335493120,8589930496,26562748416,0
199,1727586257055,960,1180,799,868,842,824,842,886,930,1388,831,963,862,800,853,816,873,799,875,829,839,863,828,1039,1010,891,800,888,816,813,1171,845,0,0,0,0,0,0,0,0,0,0,0,0,0,100,0,0,0,0,0,0,0,0,2.5,0,0,0,0,0,0,0,0,0,148762.6824951172,131865.81799316406,0,404335493120,8589930496,26562826240,0
199,1727586257255,960,1180,799,868,842,824,842,886,930,1388,831,963,862,800,853,816,873,799,875,829,839,863,828,1039,1010,891,800,888,816,813,1171,845,0,0,4.761904716491699,0,0,4.761904716491699,0,0,0,0,0,0,0,100,0,0,0,4.761904716491699,0,0,4.761904716491699,5,0,0,0,0,0,0,0,0,0,0,148767.03149414063,131872.50408935547,0,404335493120,8589930496,26562977792,0
199,1727586257455,960,1180,799,868,842,824,842,886,930,1388,831,963,862,800,853,816,873,799,875,829,839,863,828,1039,1010,891,800,888,816,813,1171,845,0,0,4.761904716491699,10,10,0,0,0,5,0,0,0,0,100,0,10,0,0,0,0,0,0,0,0,0,0,0,0,0,0,0,0,148771.3983154297,131879.20263671875,0,404335493120,8589930496,26563158016,0
199,1727586257655,960,1180,799,868,842,824,842,886,930,1388,831,963,862,800,853,816,873,799,875,829,839,863,828,1039,1010,891,800,888,816,813,1171,845,0,0,0,0,0,0,4.761904716491699,0,0,0,0,0,0,100,0,0,0,0,0,0,0,0,0,0,0,0,0,0,0,0,0,0,148775.74737548828,131885.89862060547,0,404335493120,8589930496,26563158016,0
199,1727586257856,960,1180,799,868,842,824,842,886,930,1388,831,963,862,800,853,816,873,799,875,829,839,863,828,1039,1010,891,800,888,816,813,1171,845,0,0,0,0,0,0,0,0,0,0,0,0,0,95,0,0,0,0,0,0,0,0,0,0,0,0,5,0,0,0,0,0,148780.09979248047,131892.59106445313,0,404335493120,8589930496,26563158016,0
199,1727586258056,960,1180,799,868,842,824,842,886,930,1388,831,963,862,800,853,816,873,799,875,829,839,863,828,1039,1010,891,800,888,816,813,1171,845,0,0,0,4.761904716491699,0,0,0,0,0,0,0,9.523809432983398,0,0,0,0,0,9.523809432983398,0,0,0,0,0,9.523809432983398,0,0,100,0,0,0,0,14.285715103149414,148784.45086669922,131899.31799316406,0,404335493120,8589930496,26569465856,0
199,1727586258256,960,1180,799,868,842,824,842,886,930,1388,831,963,862,800,853,816,873,799,875,829,839,863,828,1039,1010,891,800,888,816,813,1171,845,0,0,0,0,0,0,4.761904716491699,0,0,0,0,0,0,0,0,0,0,0,0,0,0,0,5,0,0,9.523809432983398,100,4.761904716491699,0,5,0,0,148788.74639892578,131905.96948242188,0,404335493120,8589930496,26563354624,0
199,1727586258456,960,1180,799,868,842,824,842,886,930,1388,831,963,862,800,853,816,873,799,875,829,839,863,828,1039,1010,891,800,888,816,813,1171,845,0,0,0,0,0,0,4.761904716491699,0,0,0,0,0,0,0,0,0,0,0,0,0,0,0,5,0,0,9.523809432983398,100,4.761904716491699,0,5,0,0,148792.9344482422,131912.61560058594,0,404335493120,8589930496,26563354624,0
199,1727586258656,960,1180,799,868,842,824,842,886,930,1388,831,963,862,800,853,816,873,799,875,829,839,863,828,1039,1010,891,800,888,816,813,1171,845,0,0,0,0,0,0,0,0,0,0,0,0,0,0,0,0,0,0,0,0,0,0,0,0,0,0,100,0,0,0,0,0,148797.14349365234,131919.30108642578,0,404335493120,8589930496,26563354624,0
199,1727586258856,960,1180,799,868,842,824,842,886,930,1388,831,963,862,800,853,816,873,799,875,829,839,863,828,1039,1010,891,800,888,816,813,1171,845,0,0,0,0,0,0,0,0,0,0,0,0,0,0,0,0,0,0,0,0,0,0,0,0,0,0,100,0,0,0,0,0,148801.36975097656,131925.98712158203,0,404335493120,8589930496,26563268608,0
199,1727586259056,960,1180,799,868,842,824,842,886,930,1388,831,963,862,800,853,816,873,799,875,829,839,863,828,1039,1010,891,800,888,816,813,1171,845,5,0,0,0,0,0,0,0,0,0,0,0,0,0,0,0,0,0,0,0,0,0,5,0,0,5.263157844543457,100,0,0,0,0,0,148805.64776611328,131932.66845703125,0,404335493120,8589930496,26563485696,0
199,1727586259256,960,1180,799,868,842,824,842,886,930,1388,831,963,862,800,853,816,873,799,875,829,839,863,828,1039,1010,891,800,888,816,813,1171,845,0,0,0,0,0,0,0,0,0,0,0,0,0,0,0,0,0,0,0,0,0,0,0,0,0,0,100,0,0,0,0,0,148809.92224121094,131939.35766601563,0,404335493120,8589930496,26563485696,0
199,1727586259457,960,1180,799,868,842,824,842,886,930,1388,831,963,862,800,853,816,873,799,875,829,839,863,828,1039,1010,891,800,888,816,813,1171,845,0,0,0,0,0,0,0,0,0,0,0,0,0,0,0,0,0,0,0,0,0,0,0,0,0,0,100,0,0,0,0,0,148814.19073486328,131946.04931640625,0,404335493120,8589930496,26563485696,0
199,1727586259657,960,1180,799,868,842,824,842,886,930,1388,831,963,862,800,853,816,873,799,875,829,839,863,828,1039,1010,891,800,888,816,813,1171,845,0,0,0,0,0,0,0,0,0,0,0,0,0,0,0,0,0,0,0,0,0,0,0,0,0,0,100,0,0,0,0,0,148818.49169921875,131952.7293701172,0,404335493120,8589930496,26563485696,0
199,1727586259857,960,1180,799,868,842,824,842,886,930,1388,831,963,862,800,853,816,873,799,875,829,839,863,828,1039,1010,891,800,888,816,813,1171,845,0,0,0,0,0,0,0,0,0,0,0,0,0,0,0,0,0,0,0,0,0,0,0,0,0,0,100,0,0,0,0,0,148822.8148803711,131959.4232788086,0,404335493120,8589930496,26563485696,0
199,1727586260057,960,1180,799,868,842,824,842,886,930,1388,831,963,862,800,853,816,873,799,875,829,839,863,828,1039,1010,891,800,888,816,813,1171,845,2.5,0,0,2.5,2.5,0,0,2.5,0,0,0,2.5641026496887207,2.5,0,0,2.4390242099761963,0,0,4.878048419952393,0,0,0,0,0,2.5,0,100,0,0,0,2.5,0,148827.1329345703,131966.13787841797,0,404335493120,8589930496,26563518464,0
199,1727586260257,960,1180,799,868,842,824,842,886,930,1388,831,963,862,800,853,816,873,799,875,829,839,863,828,1039,1010,891,800,888,816,813,1171,845,2.5,0,0,2.5,2.5,0,0,2.5,0,0,0,2.5641026496887207,2.5,0,0,2.4390242099761963,0,0,4.878048419952393,0,0,0,0,0,2.5,0,100,0,0,0,2.5,0,148831.43103027344,131972.8267211914,0,404335493120,8589930496,26563518464,0
199,1727586260457,960,1180,799,868,842,824,842,886,930,1388,831,963,862,800,853,816,873,799,875,829,839,863,828,1039,1010,891,800,888,816,813,1171,845,2.5,0,0,0,0,0,0,0,0,0,2.4390242099761963,0,0,0,5,0,0,0,0,0,0,0,0,0,0,0,100,0,0,0,0,0,148835.7847290039,131979.48126220703,0,404335493120,8589930496,26563522560,0
199,1727586260657,960,1180,799,868,842,824,842,886,930,1388,831,963,862,800,853,816,873,799,875,829,839,863,828,1039,1010,891,800,888,816,813,1171,845,2.5,0,0,0,0,0,0,0,0,0,2.4390242099761963,0,0,0,5,0,0,0,0,0,0,0,0,0,0,0,100,0,0,0,0,0,148840.08654785156,131986.14001464844,0,404335493120,8589930496,26563522560,0
199,1727586260858,960,1180,799,868,842,824,842,886,930,1388,831,963,862,800,853,816,873,799,875,829,839,863,828,1039,1010,891,800,888,816,813,1171,845,2.4390242099761963,0,0,0,0,0,0,0,0,2.4390242099761963,0,0,0,0,0,0,0,0,0,0,0,0,2.4390242099761963,0,0,0,100,0,0,0,0,0,148844.43029785156,131992.85974121094,0,404335493120,8589930496,26563592192,0
199,1727586261057,960,1180,799,868,842,824,842,886,930,1388,831,963,862,800,853,816,873,799,875,829,839,863,828,1039,1010,891,800,888,816,813,1171,845,2.4390242099761963,0,0,0,0,0,0,0,0,2.4390242099761963,0,0,0,0,0,0,0,0,0,0,0,0,2.4390242099761963,0,0,0,100,0,0,0,0,0,148848.75439453125,131999.5333251953,0,404335493120,8589930496,26563915776,0
199,1727586261258,960,1180,799,868,842,824,842,886,930,1388,831,963,862,800,853,816,873,799,875,829,839,863,828,1039,1010,891,800,888,816,813,1171,845,2.5,2.5,2.4390242099761963,0,0,0,2.4390242099761963,0,2.5,0,0,0,2.5,15.000000953674316,0,2.5,0,5,0,2.4390242099761963,0,0,0,0,2.5,0,85,2.5,0,0,0,0,148853.13513183594,132006.25244140625,0,404335493120,8589930496,26564075520,0
199,1727586261458,960,1180,799,868,842,824,842,886,930,1388,831,963,862,800,853,816,873,799,875,829,839,863,828,1039,1010,891,800,888,816,813,1171,845,2.5,2.5,2.4390242099761963,0,0,0,2.4390242099761963,0,2.5,0,0,0,2.5,15.000000953674316,0,2.5,0,5,0,2.4390242099761963,0,0,0,0,2.5,0,85,2.5,0,0,0,0,148857.4682006836,132012.90020751953,0,404335493120,8589930496,26564075520,0
199,1727586261658,960,1180,799,868,842,824,842,886,930,1388,831,963,862,800,853,816,873,799,875,829,839,863,828,1039,1010,891,800,888,816,813,1171,845,2.4390242099761963,0,0,0,0,0,0,0,0,0,0,0,0,100,0,0,0,0,0,0,0,0,0,0,0,0,0,0,0,0,0,0,148861.7935180664,132019.59338378906,0,404335493120,8589930496,26564075520,0
199,1727586261858,960,1180,799,868,842,824,842,886,930,1388,831,963,862,800,853,816,873,799,875,829,839,863,828,1039,1010,891,800,888,816,813,1171,845,0,0,0,0,0,0,0,0,0,0,0,0,0,100,0,0,0,0,0,0,0,0,0,0,0,0,0,0,0,0,0,0,148866.06512451172,132026.27044677734,0,404335493120,8589930496,26564075520,0
199,1727586262058,960,1180,799,868,842,824,842,886,930,1388,831,963,862,800,853,816,873,799,875,829,839,863,828,1039,1010,891,800,888,816,813,1171,845,0,0,0,0,0,0,0,0,0,0,0,0,0,100,0,0,0,0,0,0,0,0,0,0,0,0,0,0,5,0,0,0,148870.38452148438,132032.9966430664,0,404335493120,8589930496,26564108288,0
199,1727586262258,960,1180,799,868,842,824,842,886,930,1388,831,963,862,800,853,816,873,799,875,829,839,863,828,1039,1010,891,800,888,816,813,1171,845,0,0,0,0,4.761904716491699,5,0,0,0,0,0,4.761904716491699,0,100,4.761904716491699,0,0,0,0,0,0,4.761904716491699,4.761904716491699,0,0,0,0,0,0,0,0,0,148874.68225097656,132039.6830444336,0,404335493120,8589930496,26564206592,0
199,1727586262458,960,1180,799,868,842,824,842,886,930,1388,831,963,862,800,853,816,873,799,875,829,839,863,828,1039,1010,891,800,888,816,813,1171,845,0,0,0,0,0,0,0,4.761904716491699,0,0,0,0,0,100,0,0,0,5,0,5.263157844543457,0,0,0,0,5,0,5,0,0,0,0,0,148878.9360961914,132046.37005615234,0,404335493120,8589930496,26564390912,0
199,1727586262658,960,1180,799,868,842,824,842,886,930,1388,831,963,862,800,853,816,873,799,875,829,839,863,828,1039,1010,891,800,888,816,813,1171,845,0,0,0,0,0,0,0,4.761904716491699,0,0,0,0,0,100,0,0,0,5,0,5.263157844543457,0,0,0,0,5,0,5,0,0,0,0,0,148883.1830444336,132053.0362548828,0,404335493120,8589930496,26564415488,0
199,1727586262859,960,1180,799,868,842,824,842,886,930,1388,831,963,862,800,853,816,873,799,875,829,839,863,828,1039,1010,891,800,888,816,813,1171,845,0,0,0,2.5,0,0,0,0,0,0,0,2.4390242099761963,0,100,0,0,0,0,2.4390242099761963,0,0,0,0,0,0,0,0,0,0,2.4390242099761963,0,0,148887.48663330078,132059.72265625,0,404335493120,8589930496,26561888256,0
199,1727586263059,960,1180,799,868,842,824,842,886,930,1388,831,963,862,800,853,816,873,799,875,829,839,863,828,1039,1010,891,800,888,816,813,1171,845,0,0,0,0,0,0,0,0,0,0,0,0,0,100,0,0,0,0,0,0,0,0,0,0,0,0,0,0,0,0,0,0,148891.78649902344,132066.41931152344,0,404335493120,8589930496,26561888256,0
199,1727586263259,960,1180,799,868,842,824,842,886,930,1388,831,963,862,800,853,816,873,799,875,829,839,863,828,1039,1010,891,800,888,816,813,1171,845,0,9.523809432983398,0,0,10,4.761904716491699,5,15.000000953674316,4.761904716491699,4.761904716491699,0,0,0,71.42857360839844,0,0,0,0,0,0,0,0,0,0,0,4.761904716491699,30.000001907348633,0,0,0,5,0,148896.13250732422,132073.0941772461,0,404335493120,8589930496,26561159168,0
199,1727586263459,960,1180,799,868,842,824,842,886,930,1388,831,963,862,800,853,816,873,799,875,829,839,863,828,1039,1010,891,800,888,816,813,1171,845,0,9.523809432983398,0,0,10,4.761904716491699,5,15.000000953674316,4.761904716491699,4.761904716491699,0,0,0,71.42857360839844,0,0,0,0,0,0,0,0,0,0,0,4.761904716491699,30.000001907348633,0,0,0,5,0,148900.40728759766,132079.78076171875,0,404335493120,8589930496,26561159168,0
199,1727586263659,960,1180,799,868,842,824,842,886,930,1388,831,963,862,800,853,816,873,799,875,829,839,863,828,1039,1010,891,800,888,816,813,1171,845,0,0,0,0,0,0,0,0,0,0,0,0,0,0,0,0,0,0,0,0,0,0,0,2.4390242099761963,0,0,100,0,0,0,0,0,148904.70599365234,132086.48114013672,0,404335493120,8589930496,26561159168,0
199,1727586263859,960,1180,799,868,842,824,842,886,930,1388,831,963,862,800,853,816,873,799,875,829,839,863,828,1039,1010,891,800,888,816,813,1171,845,0,0,0,0,0,0,0,0,0,0,0,0,0,0,0,0,0,0,0,0,0,0,0,0,0,0,100,0,0,0,0,0,148909.03161621094,132093.17791748047,0,404335493120,8589930496,26561159168,0
199,1727586264059,960,1180,799,868,842,824,842,886,930,1388,831,963,862,800,853,816,873,799,875,829,839,863,828,1039,1010,891,800,888,816,813,1171,845,0,0,0,0,0,0,0,0,0,0,0,0,0,0,0,0,0,0,0,0,0,0,0,0,0,0,100,0,0,0,0,0,148913.3685913086,132099.86602783203,0,404335493120,8589930496,26561159168,0
199,1727586264259,960,1180,799,868,842,824,842,886,930,1388,831,963,862,800,853,816,873,799,875,829,839,863,828,1039,1010,891,800,888,816,813,1171,845,0,0,0,0,0,0,0,0,0,0,0,0,0,0,0,0,0,0,0,0,0,0,0,0,0,0,100,0,0,0,0,0,148917.69970703125,132106.544921875,0,404335493120,8589930496,26561159168,0
199,1727586264460,960,1180,799,868,842,824,842,886,930,1388,831,963,862,800,853,816,873,799,875,829,839,863,828,1039,1010,891,800,888,816,813,1171,845,0,0,0,0,0,0,0,0,0,0,0,0,0,0,0,0,0,0,0,0,0,0,0,0,0,0,100,0,0,0,0,0,148921.98663330078,132113.23248291016,0,404335493120,8589930496,26561159168,0
199,1727586264660,960,1180,799,868,842,824,842,886,930,1388,831,963,862,800,853,816,873,799,875,829,839,863,828,1039,1010,891,800,888,816,813,1171,845,0,0,0,0,0,0,0,0,0,0,0,0,0,0,0,0,0,0,0,0,0,0,0,0,0,0,100,0,0,0,0,0,148926.2957763672,132119.92724609375,0,404335493120,8589930496,26561159168,0
199,1727586264860,960,1180,799,868,842,824,842,886,930,1388,831,963,862,800,853,816,873,799,875,829,839,863,828,1039,1010,891,800,888,816,813,1171,845,0,0,0,0,0,0,0,0,0,0,0,0,0,0,0,0,0,0,0,0,0,0,0,0,0,0,100,0,0,0,0,0,148930.57025146484,132126.6279296875,0,404335493120,8589930496,26561159168,0
199,1727586265060,960,1180,799,868,842,824,842,886,930,1388,831,963,862,800,853,816,873,799,875,829,839,863,828,1039,1010,891,800,888,816,813,1171,845,0,5,5,5.263157844543457,0,10.526315689086914,20,0,0,0,0,0,4.761904716491699,0,10,5,5,4.761904716491699,0,4.761904716491699,0,0,0,10,9.523809432983398,5,100,5,5,0,0,0,148934.9503173828,132133.34735107422,0,404335493120,8589930496,26561261568,0
199,1727586265260,960,1180,799,868,842,824,842,886,930,1388,831,963,862,800,853,816,873,799,875,829,839,863,828,1039,1010,891,800,888,816,813,1171,845,0,5,5,5.263157844543457,0,10.526315689086914,20,0,0,0,0,0,4.761904716491699,0,10,5,5,4.761904716491699,0,4.761904716491699,0,0,0,10,9.523809432983398,5,100,5,5,0,0,0,148939.23236083984,132140.0020751953,0,404335493120,8589930496,26561261568,0
199,1727586265460,960,1180,799,868,842,824,842,886,930,1388,831,963,862,800,853,816,873,799,875,829,839,863,828,1039,1010,891,800,888,816,813,1171,845,2.5,0,0,0,0,0,0,0,0,0,2.5,0,0,0,0,0,0,0,0,0,0,0,0,0,0,0,100,0,0,0,0,0,148943.54064941406,132146.72955322266,0,404335493120,8589930496,26561261568,0
199,1727586265660,960,1180,799,868,842,824,842,886,930,1388,831,963,862,800,853,816,873,799,875,829,839,863,828,1039,1010,891,800,888,816,813,1171,845,0,0,0,0,0,0,0,0,0,0,0,0,0,0,0,0,0,0,0,0,0,0,0,0,0,0,100,0,0,0,0,0,148947.88220214844,132153.42205810547,0,404335493120,8589930496,26560684032,0
199,1727586265860,960,1180,799,868,842,824,842,886,930,1388,831,963,862,800,853,816,873,799,875,829,839,863,828,1039,1010,891,800,888,816,813,1171,845,0,0,0,0,0,0,0,0,0,0,0,0,0,0,0,0,0,0,0,0,0,0,0,0,0,0,100,0,0,0,0,0,148952.19061279297,132160.1166381836,0,404335493120,8589930496,26560688128,0
199,1727586266061,960,1180,799,868,842,824,842,886,930,1388,831,963,862,800,853,816,873,799,875,829,839,863,828,1039,1010,891,800,888,816,813,1171,845,0,5,0,4.761904716491699,0,0,0,0,0,4.761904716491699,0,0,0,0,4.761904716491699,4.761904716491699,5,0,5,0,0,0,0,5,0,0,100,4.761904716491699,0,0,0,0,148956.50134277344,132166.81665039063,0,404335493120,8589930496,26560868352,0
199,1727586266261,960,1180,799,868,842,824,842,886,930,1388,831,963,862,800,853,816,873,799,875,829,839,863,828,1039,1010,891,800,888,816,813,1171,845,0,0,0,0,0,0,0,0,0,0,0,0,0,0,0,0,5.263157844543457,0,0,0,0,0,0,0,0,0,100,0,0,0,10,0,148960.88513183594,132173.47161865234,0,404335493120,8589930496,26561044480,0
199,1727586266461,960,1180,799,868,842,824,842,886,930,1388,831,963,862,800,853,816,873,799,875,829,839,863,828,1039,1010,891,800,888,816,813,1171,845,0,0,0,0,0,0,0,0,0,0,0,0,0,0,0,0,5.263157844543457,0,0,0,0,0,0,0,0,0,100,0,0,0,10,0,148965.22290039063,132180.1224975586,0,404335493120,8589930496,26561077248,0
199,1727586266661,960,1180,799,868,842,824,842,886,930,1388,831,963,862,800,853,816,873,799,875,829,839,863,828,1039,1010,891,800,888,816,813,1171,845,0,0,0,0,0,0,0,0,0,0,0,0,0,0,0,0,2.4390242099761963,0,0,0,0,0,0,0,0,0,100,0,0,0,0,0,148969.55767822266,132186.80450439453,0,404335493120,8589930496,26561077248,0
199,1727586266861,960,1180,799,868,842,824,842,886,930,1388,831,963,862,800,853,816,873,799,875,829,839,863,828,1039,1010,891,800,888,816,813,1171,845,0,0,0,0,0,0,0,0,0,0,0,0,0,0,0,0,0,0,0,0,0,0,0,0,0,4.761904716491699,100,0,0,0,0,0,148973.86309814453,132193.49200439453,0,404335493120,8589930496,26561081344,0
199,1727586267061,960,1180,799,868,842,824,842,886,930,1388,831,963,862,800,853,816,873,799,875,829,839,863,828,1039,1010,891,800,888,816,813,1171,845,0,0,0,0,0,0,0,0,0,0,0,0,0,0,0,0,0,0,0,0,0,0,0,0,0,4.761904716491699,100,0,0,0,0,0,148978.14306640625,132200.18383789063,0,404335493120,8589930496,26561187840,0
199,1727586267261,960,1180,799,868,842,824,842,886,930,1388,831,963,862,800,853,816,873,799,875,829,839,863,828,1039,1010,891,800,888,816,813,1171,845,2.5,0,0,2.5,0,0,0,2.4390242099761963,2.5,0,0,2.4390242099761963,0,0,2.5,2.5,0,2.4390242099761963,0,0,0,0,0,0,0,2.5,100,0,0,0,0,0,148982.48614501953,132206.86450195313,0,404335493120,8589930496,26561298432,0
199,1727586267461,960,1180,799,868,842,824,842,886,930,1388,831,963,862,800,853,816,873,799,875,829,839,863,828,1039,1010,891,800,888,816,813,1171,845,4.761904716491699,0,0,0,0,4.761904716491699,0,0,4.761904716491699,0,0,0,4.761904716491699,0,0,0,19.047618865966797,0,0,0,0,0,10,0,0,0,100,0,0,0,0,4.761904716491699,148986.88610839844,132213.57342529297,0,404335493120,8589930496,26561376256,0
199,1727586267662,960,1180,799,868,842,824,842,886,930,1388,831,963,862,800,853,816,873,799,875,829,839,863,828,1039,1010,891,800,888,816,813,1171,845,4.761904716491699,0,0,0,0,4.761904716491699,0,0,4.761904716491699,0,0,0,4.761904716491699,0,0,0,19.047618865966797,0,0,0,0,0,10,0,0,0,100,0,0,0,0,4.761904716491699,148991.20684814453,132220.2625732422,0,404335493120,8589930496,26561376256,0
199,1727586267862,960,1180,799,868,842,824,842,886,930,1388,831,963,862,800,853,816,873,799,875,829,839,863,828,1039,1010,891,800,888,816,813,1171,845,2.5,0,0,0,0,0,0,0,0,0,0,0,0,0,0,0,0,0,0,0,0,0,0,0,0,0,100,0,0,0,0,0,148995.5560913086,132226.94659423828,0,404335493120,8589930496,26561376256,0
199,1727586268062,960,1180,799,868,842,824,842,886,930,1388,831,963,862,800,853,816,873,799,875,829,839,863,828,1039,1010,891,800,888,816,813,1171,845,0,0,0,0,0,0,0,0,0,0,0,0,0,0,0,0,0,0,0,0,0,0,0,0,0,0,100,0,0,0,0,0,148999.9194946289,132233.62756347656,0,404335493120,8589930496,26561376256,0
199,1727586268262,960,1180,799,868,842,824,842,886,930,1388,831,963,862,800,853,816,873,799,875,829,839,863,828,1039,1010,891,800,888,816,813,1171,845,0,0,0,0,0,0,0,0,0,0,0,0,0,0,0,0,0,10,0,9.523809432983398,0,0,0,10,0,10,100,0,0,4.761904716491699,0,15.000000953674316,149004.32055664063,132240.31762695313,0,404335493120,8589930496,26561458176,0
199,1727586268462,960,1180,799,868,842,824,842,886,930,1388,831,963,862,800,853,816,873,799,875,829,839,863,828,1039,1010,891,800,888,816,813,1171,845,0,0,0,0,0,0,0,0,0,0,0,0,0,0,0,0,0,10,0,9.523809432983398,0,0,0,10,0,10,100,0,0,4.761904716491699,0,15.000000953674316,149008.62438964844,132246.94757080078,0,404335493120,8589930496,26561028096,0
199,1727586268662,960,1180,799,868,842,824,842,886,930,1388,831,963,862,800,853,816,873,799,875,829,839,863,828,1039,1010,891,800,888,816,813,1171,845,0,0,0,0,0,0,0,0,0,0,2.4390242099761963,0,2.4390242099761963,100,0,0,0,0,0,0,0,0,0,0,0,0,2.4390242099761963,0,2.4390242099761963,0,0,0,149012.97283935547,132253.63916015625,0,404335493120,8589930496,26559975424,0
199,1727586268862,960,1180,799,868,842,824,842,886,930,1388,831,963,862,800,853,816,873,799,875,829,839,863,828,1039,1010,891,800,888,816,813,1171,845,0,0,0,0,0,0,0,0,4.761904716491699,0,0,0,0,100,0,0,0,0,0,0,0,0,0,0,0,0,0,0,0,0,0,0,149017.3203125,132260.32452392578,0,404335493120,8589930496,26558722048,0
199,1727586269062,960,1180,799,868,842,824,842,886,930,1388,831,963,862,800,853,816,873,799,875,829,839,863,828,1039,1010,891,800,888,816,813,1171,845,0,0,0,0,0,0,0,0,0,0,0,0,0,100,0,0,0,0,4.761904716491699,0,0,0,0,0,0,5,0,0,0,0,0,0,149021.66088867188,132267.01440429688,0,404335493120,8589930496,26558840832,0
199,1727586269263,960,1180,799,868,842,824,842,886,930,1388,831,963,862,800,853,816,873,799,875,829,839,863,828,1039,1010,891,800,888,816,813,1171,845,0,0,0,0,0,0,0,0,0,0,0,0,0,100,0,0,0,0,0,0,0,0,0,0,0,0,0,0,0,0,0,0,149026.05236816406,132273.69494628906,0,404335493120,8589930496,26558840832,0
199,1727586269463,960,1180,799,868,842,824,842,886,930,1388,831,963,862,800,853,816,873,799,875,829,839,863,828,1039,1010,891,800,888,816,813,1171,845,0,0,0,0,0,0,0,0,0,0,0,0,0,100,0,0,0,0,0,0,0,0,0,0,0,0,0,0,0,0,0,0,149030.42022705078,132280.38189697266,0,404335493120,8589930496,26558840832,0
199,1727586269663,960,1180,799,868,842,824,842,886,930,1388,831,963,862,800,853,816,873,799,875,829,839,863,828,1039,1010,891,800,888,816,813,1171,845,0,0,0,0,0,0,0,0,0,0,0,0,0,100,0,0,0,0,0,0,0,0,0,0,0,0,0,0,0,0,0,0,149034.7822265625,132287.06701660156,0,404335493120,8589930496,26558840832,0
199,1727586269863,960,1180,799,868,842,824,842,886,930,1388,831,963,862,800,853,816,873,799,875,829,839,863,828,1039,1010,891,800,888,816,813,1171,845,0,0,0,0,0,0,0,0,0,0,0,0,0,100,0,0,0,0,0,0,0,0,0,0,0,0,0,0,0,0,0,0,149039.16021728516,132293.76342773438,0,404335493120,8589930496,26558840832,0
199,1727586270063,960,1180,799,868,842,824,842,886,930,1388,831,963,862,800,853,816,873,799,875,829,839,863,828,1039,1010,891,800,888,816,813,1171,845,4.761904716491699,0,5,0,0,0,0,0,0,0,0,9.523809432983398,4.761904716491699,100,0,0,0,0,0,0,0,0,0,0,0,0,0,5,0,5.263157844543457,0,0,149043.55151367188,132300.48809814453,0,404335493120,8589930496,26558930944,0
199,1727586270263,960,1180,799,868,842,824,842,886,930,1388,831,963,862,800,853,816,873,799,875,829,839,863,828,1039,1010,891,800,888,816,813,1171,845,4.761904716491699,0,5,0,0,0,0,0,0,0,0,9.523809432983398,4.761904716491699,100,0,0,0,0,0,0,0,0,0,0,0,0,0,5,0,5.263157844543457,0,0,149047.91735839844,132307.1703491211,0,404335493120,8589930496,26558382080,0
199,1727586270463,960,1180,799,868,842,824,842,886,930,1388,831,963,862,800,853,816,873,799,875,829,839,863,828,1039,1010,891,800,888,816,813,1171,845,0,0,0,0,0,0,0,0,0,0,0,0,0,100,0,0,0,0,2.4390242099761963,0,0,0,0,0,0,0,0,0,0,0,0,0,149052.2857055664,132313.85089111328,0,404335493120,8589930496,26558386176,0
199,1727586270664,960,1180,799,868,842,824,842,886,930,1388,831,963,862,800,853,816,873,799,875,829,839,863,828,1039,1010,891,800,888,816,813,1171,845,0,0,0,0,0,0,0,0,0,0,0,0,4.761904716491699,100,0,4.761904716491699,0,0,5,0,0,0,0,0,0,0,0,0,4.761904716491699,4.761904716491699,0,0,149056.62658691406,132320.5425415039,0,404335493120,8589930496,26557689856,0
199,1727586270864,960,1180,799,868,842,824,842,886,930,1388,831,963,862,800,853,816,873,799,875,829,839,863,828,1039,1010,891,800,888,816,813,1171,845,0,0,0,0,0,0,0,0,0,14.285715103149414,0,0,0,100,0,4.761904716491699,5,0,0,0,0,0,0,0,0,4.761904716491699,0,0,0,0,0,0,149061.00061035156,132327.26306152344,0,404335493120,8589930496,26557714432,0
199,1727586271064,960,1180,799,868,842,824,842,886,930,1388,831,963,862,800,853,816,873,799,875,829,839,863,828,1039,1010,891,800,888,816,813,1171,845,0,5,0,5,4.761904716491699,0,0,0,0,0,0,0,0,100,0,0,0,0,4.761904716491699,0,0,0,5,0,0,0,0,0,0,4.761904716491699,0,0,149065.31127929688,132333.95526123047,0,404335493120,8589930496,26558377984,0
199,1727586271264,960,1180,799,868,842,824,842,886,930,1388,831,963,862,800,853,816,873,799,875,829,839,863,828,1039,1010,891,800,888,816,813,1171,845,0,0,5.263157844543457,0,0,0,0,0,0,0,0,4.761904716491699,0,15.000000953674316,0,0,5,0,5,0,0,0,0,0,0,0,85,0,0,0,0,0,149069.67376708984,132340.6182861328,0,404335493120,8589930496,26558545920,0
199,1727586271464,960,1180,799,868,842,824,842,886,930,1388,831,963,862,800,853,816,873,799,875,829,839,863,828,1039,1010,891,800,888,816,813,1171,845,0,0,0,0,5,0,0,0,0,0,0,0,0,0,0,0,0,0,0,0,0,0,0,0,4.761904716491699,4.761904716491699,100,0,0,4.761904716491699,5,0,149074.06671142578,132347.3257446289,0,404335493120,8589930496,26558619648,0
199,1727586271664,960,1180,799,868,842,824,842,886,930,1388,831,963,862,800,853,816,873,799,875,829,839,863,828,1039,1010,891,800,888,816,813,1171,845,0,0,0,0,5,0,0,0,0,0,0,0,0,0,0,0,0,0,0,0,0,0,0,0,4.761904716491699,4.761904716491699,100,0,0,4.761904716491699,5,0,149078.35772705078,132353.98443603516,0,404335493120,8589930496,26558623744,0
199,1727586271864,960,1180,799,868,842,824,842,886,930,1388,831,963,862,800,853,816,873,799,875,829,839,863,828,1039,1010,891,800,888,816,813,1171,845,0,0,0,0,0,0,0,0,0,0,0,0,0,0,0,0,0,0,0,0,0,0,0,0,0,0,100,0,0,0,0,0,149082.71911621094,132360.72259521484,0,404335493120,8589930496,26557997056,0
199,1727586272064,960,1180,799,868,842,824,842,886,930,1388,831,963,862,800,853,816,873,799,875,829,839,863,828,1039,1010,891,800,888,816,813,1171,845,0,0,0,0,0,0,0,0,0,0,0,0,0,0,0,0,0,0,0,0,0,0,0,0,0,0,100,0,0,0,0,0,149087.01171875,132367.39086914063,0,404335493120,8589930496,26558509056,0
199,1727586272265,960,1180,799,868,842,824,842,886,930,1388,831,963,862,800,853,816,873,799,875,829,839,863,828,1039,1010,891,800,888,816,813,1171,845,0,2.4390242099761963,2.4390242099761963,0,0,0,0,0,0,0,0,0,0,0,2.5,0,0,2.4390242099761963,0,0,0,2.4390242099761963,0,0,2.5,0,100,0,0,0,0,0,149091.37506103516,132374.10546875,0,404335493120,8589930496,26558697472,0
199,1727586272465,960,1180,799,868,842,824,842,886,930,1388,831,963,862,800,853,816,873,799,875,829,839,863,828,1039,1010,891,800,888,816,813,1171,845,0,0,0,0,0,10,0,0,0,0,0,0,0,0,0,0,0,0,0,0,0,0,4.761904716491699,0,0,0,100,10,0,5,0,5,149095.76708984375,132380.80731201172,0,404335493120,8589930496,26558795776,0
199,1727586272665,960,1180,799,868,842,824,842,886,930,1388,831,963,862,800,853,816,873,799,875,829,839,863,828,1039,1010,891,800,888,816,813,1171,845,0,0,0,0,0,10,0,0,0,0,0,0,0,0,0,0,0,0,0,0,0,0,4.761904716491699,0,0,0,100,10,0,5,0,5,149100.08380126953,132387.4545288086,0,404335493120,8589930496,26558795776,0
199,1727586272865,960,1180,799,868,842,824,842,886,930,1388,831,963,862,800,853,816,873,799,875,829,839,863,828,1039,1010,891,800,888,816,813,1171,845,0,0,0,0,0,0,0,0,0,0,0,0,0,0,0,0,0,0,0,0,0,0,0,0,0,0,100,0,0,0,0,0,149104.39697265625,132394.1396484375,0,404335493120,8589930496,26558795776,0
199,1727586273065,960,1180,799,868,842,824,842,886,930,1388,831,963,862,800,853,816,873,799,875,829,839,863,828,1039,1010,891,800,888,816,813,1171,845,0,0,0,0,0,0,0,0,0,0,0,0,0,0,0,0,0,0,0,0,0,0,0,0,0,0,100,0,0,0,0,0,149108.66796875,132400.8309326172,0,404335493120,8589930496,26558795776,0
199,1727586273265,960,1180,799,868,842,824,842,886,930,1388,831,963,862,800,853,816,873,799,875,829,839,863,828,1039,1010,891,800,888,816,813,1171,845,2.5,0,0,0,0,0,0,0,0,0,0,0,0,0,0,0,0,2.5,0,0,0,0,0,2.4390242099761963,2.5,5,100,0,0,0,0,0,149113.00177001953,132407.52801513672,0,404335493120,8589930496,26564960256,0
199,1727586273465,960,1180,799,868,842,824,842,886,930,1388,831,963,862,800,853,816,873,799,875,829,839,863,828,1039,1010,891,800,888,816,813,1171,845,4.761904716491699,0,4.761904716491699,9.523809432983398,0,0,0,0,0,9.523809432983398,0,0,4.761904716491699,0,0,5,0,0,5,0,0,0,0,0,0,10,100,0,0,0,4.761904716491699,0,149117.3837890625,132414.2218017578,0,404335493120,8589930496,26559041536,0
199,1727586273665,960,1180,799,868,842,824,842,886,930,1388,831,963,862,800,853,816,873,799,875,829,839,863,828,1039,1010,891,800,888,816,813,1171,845,4.761904716491699,0,4.761904716491699,9.523809432983398,0,0,0,0,0,9.523809432983398,0,0,4.761904716491699,0,0,5,0,0,5,0,0,0,0,0,0,10,100,0,0,0,4.761904716491699,0,149121.69982910156,132420.89331054688,0,404335493120,8589930496,26559041536,0
199,1727586273866,960,1180,799,868,842,824,842,886,930,1388,831,963,862,800,853,816,873,799,875,829,839,863,828,1039,1010,891,800,888,816,813,1171,845,2.5,0,0,0,0,0,0,0,0,0,0,0,0,0,0,0,0,0,0,0,0,0,0,0,0,0,100,0,0,0,0,0,149126.0264892578,132427.58782958984,0,404335493120,8589930496,26559041536,0
199,1727586274066,960,1180,799,868,842,824,842,886,930,1388,831,963,862,800,853,816,873,799,875,829,839,863,828,1039,1010,891,800,888,816,813,1171,845,0,0,0,0,0,0,0,0,0,0,0,0,0,0,0,0,0,0,0,0,0,0,0,0,0,0,100,0,0,0,0,0,149130.32666015625,132434.2752685547,0,404335493120,8589930496,26559041536,0
199,1727586274266,960,1180,799,868,842,824,842,886,930,1388,831,963,862,800,853,816,873,799,875,829,839,863,828,1039,1010,891,800,888,816,813,1171,845,0,0,0,0,0,0,0,0,0,0,0,0,0,0,0,0,0,0,0,0,4.761904716491699,0,0,0,0,0,100,0,0,0,0,0,149134.60150146484,132440.9608154297,0,404335493120,8589930496,26559041536,0
199,1727586274466,960,1180,799,868,842,824,842,886,930,1388,831,963,862,800,853,816,873,799,875,829,839,863,828,1039,1010,891,800,888,816,813,1171,845,0,0,0,0,0,0,0,0,0,0,0,0,0,0,0,0,0,0,4.761904716491699,0,0,0,0,0,0,0,100,0,0,0,0,0,149138.89166259766,132447.65234375,0,404335493120,8589930496,26559041536,0
199,1727586274666,960,1180,799,868,842,824,842,886,930,1388,831,963,862,800,853,816,873,799,875,829,839,863,828,1039,1010,891,800,888,816,813,1171,845,0,0,0,0,0,0,0,0,0,0,0,0,0,0,0,0,0,0,0,0,0,0,0,0,0,0,100,4.761904716491699,0,0,0,0,149143.20861816406,132454.35186767578,0,404335493120,8589930496,26559041536,0
199,1727586274866,960,1180,799,868,842,824,842,886,930,1388,831,963,862,800,853,816,873,799,875,829,839,863,828,1039,1010,891,800,888,816,813,1171,845,0,0,0,0,0,0,0,0,0,0,0,0,0,0,0,0,0,0,0,0,0,0,0,0,0,0,100,0,0,0,0,0,149147.5069580078,132461.05377197266,0,404335493120,8589930496,26559041536,0
199,1727586275066,960,1180,799,868,842,824,842,886,930,1388,831,963,862,800,853,816,873,799,875,829,839,863,828,1039,1010,891,800,888,816,813,1171,845,10,0,0,5.263157844543457,0,0,0,0,0,0,0,0,0,0,0,0,0,0,5,4.761904716491699,4.761904716491699,4.761904716491699,0,0,0,0,100,0,0,5,0,0,149151.78692626953,132467.7706298828,0,404335493120,8589930496,26559119360,0
199,1727586275266,960,1180,799,868,842,824,842,886,930,1388,831,963,862,800,853,816,873,799,875,829,839,863,828,1039,1010,891,800,888,816,813,1171,845,5.263157844543457,0,0,0,9.523809432983398,0,0,0,0,0,0,0,0,0,0,0,0,0,5.263157844543457,25,0,0,0,0,0,0,100,0,0,0,0,0,149156.08331298828,132474.45281982422,0,404335493120,8589930496,26559119360,0
199,1727586275467,960,1180,799,868,842,824,842,886,930,1388,831,963,862,800,853,816,873,799,875,829,839,863,828,1039,1010,891,800,888,816,813,1171,845,5.263157844543457,0,0,0,9.523809432983398,0,0,0,0,0,0,0,0,0,0,0,0,0,5.263157844543457,25,0,0,0,0,0,0,100,0,0,0,0,0,149160.39471435547,132481.14178466797,0,404335493120,8589930496,26559119360,0
199,1727586275667,960,1180,799,868,842,824,842,886,930,1388,831,963,862,800,853,816,873,799,875,829,839,863,828,1039,1010,891,800,888,816,813,1171,845,0,0,0,0,0,0,0,0,0,0,0,0,0,0,0,0,0,0,0,0,0,0,0,0,0,0,100,0,0,0,0,2.5,149164.73559570313,132487.8341064453,0,404335493120,8589930496,26559119360,0
199,1727586275867,960,1180,799,868,842,824,842,886,930,1388,831,963,862,800,853,816,873,799,875,829,839,863,828,1039,1010,891,800,888,816,813,1171,845,0,0,0,0,0,0,0,0,0,0,0,0,0,0,0,0,0,0,0,0,0,0,0,0,0,0,100,0,0,0,0,0,149169.08361816406,132494.52325439453,0,404335493120,8589930496,26559123456,0
0,1727586276067,960,1180,799,868,842,824,842,886,930,1388,831,963,862,800,853,816,873,799,875,829,839,863,828,1039,1010,891,800,888,816,813,1171,845,0,0,0,0,0,0,0,0,0,5,0,0,0,0,0,0,9.090909004211426,0,0,0,0,0,0,0,0,0,52.6315803527832,0,0,0,0,4.761904716491699,149172.01629638672,132500.05590820313,0,404335493120,8589930496,26556002304,0
