Delta,Time,CPU_FREQUENCY_0,CPU_FREQUENCY_1,CPU_FREQUENCY_10,CPU_FREQUENCY_11,CPU_FREQUENCY_12,CPU_FREQUENCY_13,CPU_FREQUENCY_14,CPU_FREQUENCY_15,CPU_FREQUENCY_16,CPU_FREQUENCY_17,CPU_FREQUENCY_18,CPU_FREQUENCY_19,CPU_FREQUENCY_2,CPU_FREQUENCY_20,CPU_FREQUENCY_21,CPU_FREQUENCY_22,CPU_FREQUENCY_23,CPU_FREQUENCY_24,CPU_FREQUENCY_25,CPU_FREQUENCY_26,CPU_FREQUENCY_27,CPU_FREQUENCY_28,CPU_FREQUENCY_29,CPU_FREQUENCY_3,CPU_FREQUENCY_30,CPU_FREQUENCY_31,CPU_FREQUENCY_4,CPU_FREQUENCY_5,CPU_FREQUENCY_6,CPU_FREQUENCY_7,CPU_FREQUENCY_8,CPU_FREQUENCY_9,CPU_USAGE_0,CPU_USAGE_1,CPU_USAGE_10,CPU_USAGE_11,CPU_USAGE_12,CPU_USAGE_13,CPU_USAGE_14,CPU_USAGE_15,CPU_USAGE_16,CPU_USAGE_17,CPU_USAGE_18,CPU_USAGE_19,CPU_USAGE_2,CPU_USAGE_20,CPU_USAGE_21,CPU_USAGE_22,CPU_USAGE_23,CPU_USAGE_24,CPU_USAGE_25,CPU_USAGE_26,CPU_USAGE_27,CPU_USAGE_28,CPU_USAGE_29,CPU_USAGE_3,CPU_USAGE_30,CPU_USAGE_31,CPU_USAGE_4,CPU_USAGE_5,CPU_USAGE_6,CPU_USAGE_7,CPU_USAGE_8,CPU_USAGE_9,DRAM_ENERGY (J),PACKAGE_ENERGY (J),PP0_ENERGY (J),PP1_ENERGY (J),TOTAL_MEMORY,TOTAL_SWAP,USED_MEMORY,USED_SWAP
0,1724148262860,1100,1100,900,800,800,800,800,1100,800,799,799,799,900,800,800,799,799,799,800,800,799,800,800,800,799,799,800,800,901,800,800,800,5.555555820465088,5.405405521392822,2.777777910232544,5.405405521392822,2.777777910232544,2.777777910232544,2.777777910232544,5.405405521392822,8.108107566833496,5.405405521392822,5.555555820465088,5.405405521392822,2.777777910232544,5.555555820465088,5.405405521392822,2.777777910232544,5.405405521392822,5.405405521392822,5.405405521392822,5.405405521392822,2.777777910232544,2.777777910232544,5.405405521392822,5.714285850524902,2.777777910232544,2.777777910232544,2.777777910232544,2.777777910232544,2.777777910232544,5.405405521392822,2.777777910232544,5.555555820465088,0,64244.95916748047,5833.5911865234375,0,67221336064,8589930496,1384316928,457560064
199,1724148262860,1100,1100,900,800,800,800,800,1100,800,799,799,799,900,800,800,799,799,799,800,800,799,800,800,800,799,799,800,800,901,800,800,800,5.555555820465088,5.405405521392822,2.777777910232544,5.405405521392822,2.777777910232544,2.777777910232544,2.777777910232544,5.405405521392822,8.108107566833496,5.405405521392822,5.555555820465088,5.405405521392822,2.777777910232544,5.555555820465088,5.405405521392822,2.777777910232544,5.405405521392822,5.405405521392822,5.405405521392822,5.405405521392822,2.777777910232544,2.777777910232544,5.405405521392822,5.714285850524902,2.777777910232544,2.777777910232544,2.777777910232544,2.777777910232544,2.777777910232544,5.405405521392822,2.777777910232544,5.555555820465088,0,64244.970275878906,5833.593322753906,0,67221336064,8589930496,1384316928,457560064
200,1724148263060,1100,1100,900,800,800,800,800,1100,800,799,799,799,900,800,800,799,799,799,800,800,799,800,800,800,799,799,800,800,901,800,800,800,0,0,0,0,0,0,0,0,0,0,0,0,0,0,0,0,0,0,0,0,0,0,0,0,0,0,0,0,0,0,95.23809814453125,0,0,64253.25225830078,5840.1995849609375,0,67221336064,8589930496,1400819712,457560064
200,1724148263260,1100,1100,900,800,800,800,800,1100,800,799,799,799,900,800,800,799,799,799,800,800,799,800,800,800,799,799,800,800,901,800,800,800,0,0,0,0,0,0,0,0,0,0,0,0,0,0,0,0,0,0,0,0,0,0,0,0,0,0,0,0,0,0,100,0,0,64263.70721435547,5848.97265625,0,67221336064,8589930496,1403396096,457560064
200,1724148263460,1100,1100,900,800,800,800,800,1100,800,799,799,799,900,800,800,799,799,799,800,800,799,800,800,800,799,799,800,800,901,800,800,800,0,0,0,0,0,0,0,0,0,0,0,0,0,0,0,0,0,0,0,0,0,0,0,0,0,0,0,0,0,0,100,0,0,64274.261779785156,5857.788757324219,0,67221336064,8589930496,1403396096,457560064
200,1724148263660,1100,1100,900,800,800,800,800,1100,800,799,799,799,900,800,800,799,799,799,800,800,799,800,800,800,799,799,800,800,901,800,800,800,0,0,0,0,0,0,0,0,0,0,0,0,0,0,0,0,0,0,0,0,0,0,0,0,0,0,0,0,0,0,100,0,0,64284.725341796875,5866.5736083984375,0,67221336064,8589930496,1403396096,457560064
200,1724148263860,1100,1100,900,800,800,800,800,1100,800,799,799,799,900,800,800,799,799,799,800,800,799,800,800,800,799,799,800,800,901,800,800,800,0,0,0,0,0,0,0,0,0,0,0,0,0,0,0,0,0,0,0,0,0,0,0,0,0,0,0,0,0,0,100,0,0,64295.12487792969,5875.345520019531,0,67221336064,8589930496,1403396096,457560064
200,1724148264061,1100,1100,900,800,800,800,800,1100,800,799,799,799,900,800,800,799,799,799,800,800,799,800,800,800,799,799,800,800,901,800,800,800,0,0,0,0,0,0,0,0,0,0,0,0,0,0,0,0,0,0,0,0,0,0,0,0,0,0,0,0,0,0,100,0,0,64305.55993652344,5884.0472412109375,0,67221336064,8589930496,1403396096,457560064
200,1724148264261,1100,1100,900,800,800,800,800,1100,800,799,799,799,900,800,800,799,799,799,800,800,799,800,800,800,799,799,800,800,901,800,800,800,0,0,0,0,0,0,0,0,0,0,0,0,0,0,0,0,0,0,0,0,0,0,0,0,0,0,0,0,0,0,100,0,0,64316.037658691406,5892.897705078125,0,67221336064,8589930496,1403396096,457560064
200,1724148264461,1100,1100,900,800,800,800,800,1100,800,799,799,799,900,800,800,799,799,799,800,800,799,800,800,800,799,799,800,800,901,800,800,800,0,0,0,0,0,0,0,0,0,0,0,0,0,0,0,0,0,0,0,0,0,0,0,0,0,0,0,0,0,0,100,0,0,64326.463623046875,5901.64501953125,0,67221336064,8589930496,1403396096,457560064
200,1724148264661,1100,1100,900,800,800,800,800,1100,800,799,799,799,900,800,800,799,799,799,800,800,799,800,800,800,799,799,800,800,901,800,800,800,0,0,0,0,0,0,0,0,0,0,0,0,0,0,0,0,0,0,0,0,0,0,0,0,0,0,0,0,0,0,100,0,0,64336.96533203125,5910.465087890625,0,67221336064,8589930496,1403396096,457560064
200,1724148264861,1100,1100,900,800,800,800,800,1100,800,799,799,799,900,800,800,799,799,799,800,800,799,800,800,800,799,799,800,800,901,800,800,800,0,0,0,0,0,0,0,0,0,0,0,0,0,0,0,0,0,0,0,0,0,0,0,0,0,0,0,0,0,0,100,0,0,64347.38635253906,5919.205627441406,0,67221336064,8589930496,1403396096,457560064
200,1724148265061,1100,1100,900,800,800,800,800,1100,800,799,799,799,900,800,800,799,799,799,800,800,799,800,800,800,799,799,800,800,901,800,800,800,0,0,0,0,0,0,0,0,0,0,0,0,0,0,0,0,0,0,0,0,0,0,0,0,0,0,0,0,0,0,100,0,0,64357.90704345703,5928.0477294921875,0,67221336064,8589930496,1403396096,457560064
200,1724148265261,1100,1100,900,800,800,800,800,1100,800,799,799,799,900,800,800,799,799,799,800,800,799,800,800,800,799,799,800,800,901,800,800,800,0,0,0,0,0,0,0,0,0,0,0,0,0,0,0,0,0,0,0,0,0,0,0,0,0,0,0,0,0,0,100,0,0,64368.35888671875,5936.81982421875,0,67221336064,8589930496,1403396096,457560064
200,1724148265461,1100,1100,900,800,800,800,800,1100,800,799,799,799,900,800,800,799,799,799,800,800,799,800,800,800,799,799,800,800,901,800,800,800,0,0,0,0,0,0,0,0,0,0,0,0,0,0,0,0,0,0,0,0,0,0,0,0,0,0,0,0,0,0,100,0,0,64378.81219482422,5945.592468261719,0,67221336064,8589930496,1403396096,457560064
200,1724148265661,1100,1100,900,800,800,800,800,1100,800,799,799,799,900,800,800,799,799,799,800,800,799,800,800,800,799,799,800,800,901,800,800,800,0,0,0,0,0,0,0,0,0,0,0,0,0,0,0,0,0,0,0,0,0,0,0,0,0,0,0,0,0,0,100,0,0,64389.264709472656,5954.366516113281,0,67221336064,8589930496,1403396096,457560064
200,1724148265861,1100,1100,900,800,800,800,800,1100,800,799,799,799,900,800,800,799,799,799,800,800,799,800,800,800,799,799,800,800,901,800,800,800,0,0,0,0,0,0,0,0,0,0,0,0,0,0,0,0,0,0,0,0,0,0,0,0,0,0,0,0,0,0,100,0,0,64399.81884765625,5963.2325439453125,0,67221336064,8589930496,1403396096,457560064
200,1724148266062,1100,1100,900,800,800,800,800,1100,800,799,799,799,900,800,800,799,799,799,800,800,799,800,800,800,799,799,800,800,901,800,800,800,0,0,0,0,0,0,0,0,0,0,0,0,0,0,0,0,0,0,0,0,0,0,0,0,0,0,0,0,0,0,100,0,0,64410.370849609375,5972.103820800781,0,67221336064,8589930496,1403396096,457560064
200,1724148266262,1100,1100,900,800,800,800,800,1100,800,799,799,799,900,800,800,799,799,799,800,800,799,800,800,800,799,799,800,800,901,800,800,800,0,0,0,0,0,0,0,0,0,0,0,0,0,0,0,0,0,0,0,0,0,0,0,0,0,0,0,0,0,0,100,0,0,64420.937561035156,5980.9896240234375,0,67221336064,8589930496,1403211776,457560064
200,1724148266462,1100,1100,900,800,800,800,800,1100,800,799,799,799,900,800,800,799,799,799,800,800,799,800,800,800,799,799,800,800,901,800,800,800,0,0,0,0,0,0,0,0,0,0,0,0,0,0,0,0,0,0,0,0,0,0,0,0,0,0,0,0,0,0,100,0,0,64431.47180175781,5989.8433837890625,0,67221336064,8589930496,1403211776,457560064
200,1724148266662,1100,1100,900,800,800,800,800,1100,800,799,799,799,900,800,800,799,799,799,800,800,799,800,800,800,799,799,800,800,901,800,800,800,0,0,0,0,0,0,0,0,0,0,0,0,0,0,0,0,0,0,0,0,0,0,0,0,0,0,0,0,0,0,100,0,0,64441.96307373047,5998.65576171875,0,67221336064,8589930496,1403211776,457560064
200,1724148266862,1100,1100,900,800,800,800,800,1100,800,799,799,799,900,800,800,799,799,799,800,800,799,800,800,800,799,799,800,800,901,800,800,800,0,0,0,0,0,0,0,0,0,0,0,0,0,0,0,0,0,0,0,0,0,0,0,0,0,0,0,0,0,0,100,0,0,64452.44647216797,6007.4598388671875,0,67221336064,8589930496,1403211776,457560064
200,1724148267062,1100,1100,900,800,800,800,800,1100,800,799,799,799,900,800,800,799,799,799,800,800,799,800,800,800,799,799,800,800,901,800,800,800,0,0,0,0,0,0,0,0,0,0,0,0,0,0,0,0,0,0,0,0,0,0,0,0,0,0,0,0,0,0,100,0,0,64462.93273925781,6016.265686035156,0,67221336064,8589930496,1403211776,457560064
200,1724148267262,1100,1100,900,800,800,800,800,1100,800,799,799,799,900,800,800,799,799,799,800,800,799,800,800,800,799,799,800,800,901,800,800,800,0,0,0,0,0,0,0,0,0,0,0,0,0,0,0,0,0,0,0,0,0,0,0,4.761904716491699,0,0,0,0,0,0,100,0,0,64473.54992675781,6025.2010498046875,0,67221336064,8589930496,1403469824,457560064
200,1724148267462,1100,1100,900,800,800,800,800,1100,800,799,799,799,900,800,800,799,799,799,800,800,799,800,800,800,799,799,800,800,901,800,800,800,0,0,0,0,0,0,0,0,0,0,0,0,0,0,0,0,0,0,0,0,0,0,0,0,0,0,0,0,0,0,100,0,0,64484.04229736328,6034.0123291015625,0,67221336064,8589930496,1403469824,457560064
200,1724148267662,1100,1100,900,800,800,800,800,1100,800,799,799,799,900,800,800,799,799,799,800,800,799,800,800,800,799,799,800,800,901,800,800,800,0,0,0,0,0,0,0,0,0,0,0,0,0,0,0,0,0,0,0,0,0,0,0,0,0,0,0,0,0,0,100,0,0,64494.55847167969,6042.8055419921875,0,67221336064,8589930496,1403469824,457560064
200,1724148267863,1100,1100,900,800,800,800,800,1100,800,799,799,799,900,800,800,799,799,799,800,800,799,800,800,800,799,799,800,800,901,800,800,800,0,0,0,0,0,0,0,0,0,0,0,0,0,0,0,0,0,0,0,0,0,0,0,0,0,0,0,0,0,0,100,0,0,64505.04992675781,6051.604919433594,0,67221336064,8589930496,1403469824,457560064
200,1724148268063,1100,1100,900,800,800,800,800,1100,800,799,799,799,900,800,800,799,799,799,800,800,799,800,800,800,799,799,800,800,901,800,800,800,0,0,0,0,0,0,0,0,0,0,0,0,0,0,0,0,0,0,0,0,0,0,0,0,0,0,0,0,0,0,100,0,0,64515.60241699219,6060.523376464844,0,67221336064,8589930496,1403469824,457560064
200,1724148268263,1100,1100,900,800,800,800,800,1100,800,799,799,799,900,800,800,799,799,799,800,800,799,800,800,800,799,799,800,800,901,800,800,800,0,0,0,0,0,0,0,0,0,0,0,0,0,0,0,0,0,0,0,0,0,0,0,0,0,0,0,0,0,0,100,0,0,64526.08386230469,6069.3260498046875,0,67221336064,8589930496,1403465728,457560064
200,1724148268463,1100,1100,900,800,800,800,800,1100,800,799,799,799,900,800,800,799,799,799,800,800,799,800,800,800,799,799,800,800,901,800,800,800,0,0,0,0,0,0,0,0,0,0,0,0,0,0,0,0,0,0,0,0,0,0,0,0,0,0,0,0,0,0,100,0,0,64536.59735107422,6078.160705566406,0,67221336064,8589930496,1403465728,457560064
200,1724148268663,1100,1100,900,800,800,800,800,1100,800,799,799,799,900,800,800,799,799,799,800,800,799,800,800,800,799,799,800,800,901,800,800,800,0,0,0,0,0,0,0,0,0,0,0,0,0,0,0,0,0,0,0,0,0,0,0,0,0,0,0,0,0,0,100,0,0,64547.112548828125,6086.994812011719,0,67221336064,8589930496,1403465728,457560064
200,1724148268863,1100,1100,900,800,800,800,800,1100,800,799,799,799,900,800,800,799,799,799,800,800,799,800,800,800,799,799,800,800,901,800,800,800,0,0,0,0,0,0,0,0,0,0,0,0,0,0,0,0,0,0,0,0,0,0,0,0,0,0,0,0,0,0,100,0,0,64557.625549316406,6095.826721191406,0,67221336064,8589930496,1403465728,457560064
200,1724148269063,1100,1100,900,800,800,800,800,1100,800,799,799,799,900,800,800,799,799,799,800,800,799,800,800,800,799,799,800,800,901,800,800,800,0,0,0,0,0,0,0,0,0,0,0,0,0,0,0,0,0,0,0,0,0,0,0,0,0,0,0,0,0,0,100,0,0,64568.15692138672,6104.679931640625,0,67221336064,8589930496,1402019840,457560064
200,1724148269263,1100,1100,900,800,800,800,800,1100,800,799,799,799,900,800,800,799,799,799,800,800,799,800,800,800,799,799,800,800,901,800,800,800,4.761904716491699,0,0,0,0,0,0,0,0,0,0,0,0,0,0,0,0,0,0,0,0,0,0,0,0,0,0,0,0,0,100,0,0,64578.836364746094,6113.677429199219,0,67221336064,8589930496,1402019840,457560064
200,1724148269463,1100,1100,900,800,800,800,800,1100,800,799,799,799,900,800,800,799,799,799,800,800,799,800,800,800,799,799,800,800,901,800,800,800,0,0,0,0,0,0,0,0,0,0,0,0,0,0,0,0,0,0,0,0,0,0,0,0,0,0,0,0,0,0,100,0,0,64589.34582519531,6122.507568359375,0,67221336064,8589930496,1402019840,457560064
200,1724148269663,1100,1100,900,800,800,800,800,1100,800,799,799,799,900,800,800,799,799,799,800,800,799,800,800,800,799,799,800,800,901,800,800,800,0,0,0,0,0,0,0,0,0,0,0,0,0,0,0,0,0,0,0,0,0,0,0,0,0,0,0,0,0,0,100,0,0,64599.835693359375,6131.3162841796875,0,67221336064,8589930496,1402019840,457560064
200,1724148269863,1100,1100,900,800,800,800,800,1100,800,799,799,799,900,800,800,799,799,799,800,800,799,800,800,800,799,799,800,800,901,800,800,800,0,0,0,0,0,0,0,0,0,0,0,0,0,0,0,0,0,0,0,0,0,0,0,0,0,0,0,0,0,0,100,0,0,64610.40869140625,6140.2081298828125,0,67221336064,8589930496,1402019840,457560064
200,1724148270064,1100,1100,900,800,800,800,800,1100,800,799,799,799,900,800,800,799,799,799,800,800,799,800,800,800,799,799,800,800,901,800,800,800,0,0,0,0,0,0,0,0,0,0,0,0,0,0,0,0,0,0,0,0,0,0,0,0,0,0,0,0,0,0,100,0,0,64620.900451660156,6149.019836425781,0,67221336064,8589930496,1400860672,457560064
200,1724148270264,1100,1100,900,800,800,800,800,1100,800,799,799,799,900,800,800,799,799,799,800,800,799,800,800,800,799,799,800,800,901,800,800,800,0,0,0,0,0,0,0,0,0,0,0,0,0,0,0,0,0,0,0,0,0,0,0,0,0,0,0,0,0,0,100,0,0,64631.46667480469,6157.898254394531,0,67221336064,8589930496,1400860672,457560064
200,1724148270464,1100,1100,900,800,800,800,800,1100,800,799,799,799,900,800,800,799,799,799,800,800,799,800,800,800,799,799,800,800,901,800,800,800,0,0,0,0,0,0,0,0,0,0,0,0,0,0,0,0,0,0,0,0,0,0,0,0,0,0,0,0,0,0,100,0,0,64642.00653076172,6166.7586669921875,0,67221336064,8589930496,1400860672,457560064
200,1724148270664,1100,1100,900,800,800,800,800,1100,800,799,799,799,900,800,800,799,799,799,800,800,799,800,800,800,799,799,800,800,901,800,800,800,0,0,0,0,0,0,0,0,0,0,0,0,0,0,0,0,0,0,0,0,0,0,0,0,0,0,0,0,0,0,100,0,0,64652.49621582031,6175.569641113281,0,67221336064,8589930496,1400860672,457560064
200,1724148270864,1100,1100,900,800,800,800,800,1100,800,799,799,799,900,800,800,799,799,799,800,800,799,800,800,800,799,799,800,800,901,800,800,800,0,0,0,0,0,0,0,0,0,0,0,0,0,0,0,0,0,0,0,0,0,0,0,0,0,0,0,0,0,0,100,0,0,64662.99719238281,6184.390380859375,0,67221336064,8589930496,1400860672,457560064
200,1724148271064,1100,1100,900,800,800,800,800,1100,800,799,799,799,900,800,800,799,799,799,800,800,799,800,800,800,799,799,800,800,901,800,800,800,0,0,0,0,0,0,0,0,0,0,0,0,0,0,0,0,0,0,0,0,0,0,0,0,0,0,0,0,0,0,100,0,0,64673.49786376953,6193.209899902344,0,67221336064,8589930496,1400340480,457560064
200,1724148271264,1100,1100,900,800,800,800,800,1100,800,799,799,799,900,800,800,799,799,799,800,800,799,800,800,800,799,799,800,800,901,800,800,800,0,0,0,0,0,0,0,0,0,0,0,0,0,0,0,0,0,0,0,0,0,0,0,0,0,0,0,0,0,0,100,0,0,64684.10467529297,6202.135559082031,0,67221336064,8589930496,1400340480,457560064
200,1724148271464,1100,1100,900,800,800,800,800,1100,800,799,799,799,900,800,800,799,799,799,800,800,799,800,800,800,799,799,800,800,901,800,800,800,0,0,0,0,0,0,0,0,0,0,0,0,0,0,0,0,0,0,0,0,0,0,0,0,0,0,0,0,0,0,100,0,0,64694.591552734375,6210.943542480469,0,67221336064,8589930496,1400340480,457560064
200,1724148271664,1100,1100,900,800,800,800,800,1100,800,799,799,799,900,800,800,799,799,799,800,800,799,800,800,800,799,799,800,800,901,800,800,800,0,0,0,0,0,0,0,0,0,0,0,0,0,0,0,0,0,0,0,0,0,0,0,0,0,0,0,0,0,0,100,0,0,64705.09313964844,6219.7635498046875,0,67221336064,8589930496,1400340480,457560064
200,1724148271865,1100,1100,900,800,800,800,800,1100,800,799,799,799,900,800,800,799,799,799,800,800,799,800,800,800,799,799,800,800,901,800,800,800,0,0,0,0,0,0,0,0,0,0,0,0,0,0,0,0,0,0,0,0,0,0,0,0,0,0,0,0,0,0,100,0,0,64715.65441894531,6228.636962890625,0,67221336064,8589930496,1400340480,457560064
200,1724148272065,1100,1100,900,800,800,800,800,1100,800,799,799,799,900,800,800,799,799,799,800,800,799,800,800,800,799,799,800,800,901,800,800,800,0,0,0,0,0,0,0,0,0,0,0,0,0,0,0,0,0,0,0,0,0,0,0,0,0,0,0,0,0,0,100,0,0,64726.10437011719,6237.4141845703125,0,67221336064,8589930496,1399451648,457560064
200,1724148272265,1100,1100,900,800,800,800,800,1100,800,799,799,799,900,800,800,799,799,799,800,800,799,800,800,800,799,799,800,800,901,800,800,800,0,0,0,0,0,0,0,0,0,0,0,0,0,0,0,0,0,0,0,0,0,0,0,0,0,0,0,0,0,0,100,0,0,64736.63555908203,6246.258361816406,0,67221336064,8589930496,1399451648,457560064
200,1724148272465,1100,1100,900,800,800,800,800,1100,800,799,799,799,900,800,800,799,799,799,800,800,799,800,800,800,799,799,800,800,901,800,800,800,0,0,0,0,0,0,0,0,0,0,0,0,0,0,0,0,0,0,0,0,0,0,0,0,0,0,0,0,0,0,100,0,0,64747.160888671875,6255.102844238281,0,67221336064,8589930496,1399451648,457560064
200,1724148272665,1100,1100,900,800,800,800,800,1100,800,799,799,799,900,800,800,799,799,799,800,800,799,800,800,800,799,799,800,800,901,800,800,800,0,0,0,0,0,0,0,0,0,0,0,0,0,0,0,0,0,0,0,0,0,0,0,0,0,0,0,0,0,0,100,0,0,64757.663513183594,6263.925048828125,0,67221336064,8589930496,1399451648,457560064
200,1724148272865,1100,1100,900,800,800,800,800,1100,800,799,799,799,900,800,800,799,799,799,800,800,799,800,800,800,799,799,800,800,901,800,800,800,0,0,0,0,0,0,0,0,0,0,0,0,0,0,0,0,0,0,0,0,0,0,0,0,0,0,0,0,0,0,100,0,0,64768.27667236328,6272.859191894531,0,67221336064,8589930496,1399451648,457560064
200,1724148273065,1100,1100,900,800,800,800,800,1100,800,799,799,799,900,800,800,799,799,799,800,800,799,800,800,800,799,799,800,800,901,800,800,800,0,0,0,0,0,0,0,0,0,0,0,0,0,0,0,0,0,0,0,0,0,0,0,0,0,0,0,0,0,0,100,0,0,64778.772033691406,6281.674499511719,0,67221336064,8589930496,1398677504,457560064
200,1724148273265,1100,1100,900,800,800,800,800,1100,800,799,799,799,900,800,800,799,799,799,800,800,799,800,800,800,799,799,800,800,901,800,800,800,0,0,0,0,0,0,0,0,0,0,0,0,0,0,0,0,0,0,0,0,0,0,0,0,0,0,0,0,0,0,100,0,0,64789.272399902344,6290.4930419921875,0,67221336064,8589930496,1398677504,457560064
200,1724148273465,1100,1100,900,800,800,800,800,1100,800,799,799,799,900,800,800,799,799,799,800,800,799,800,800,800,799,799,800,800,901,800,800,800,0,0,0,0,0,0,0,0,0,0,0,0,0,0,0,0,0,0,0,0,0,0,0,0,0,0,0,0,0,0,100,0,0,64799.778564453125,6299.321105957031,0,67221336064,8589930496,1398677504,457560064
200,1724148273665,1100,1100,900,800,800,800,800,1100,800,799,799,799,900,800,800,799,799,799,800,800,799,800,800,800,799,799,800,800,901,800,800,800,0,0,0,0,0,0,0,0,0,0,0,0,0,0,0,0,0,0,0,0,0,0,0,0,0,0,0,0,0,0,100,0,0,64810.279235839844,6308.142150878906,0,67221336064,8589930496,1398677504,457560064
200,1724148273865,1100,1100,900,800,800,800,800,1100,800,799,799,799,900,800,800,799,799,799,800,800,799,800,800,800,799,799,800,800,901,800,800,800,0,0,0,0,0,0,0,0,0,0,0,0,0,0,0,0,0,0,0,0,0,0,0,0,0,0,0,0,0,0,100,0,0,64820.86541748047,6317.038757324219,0,67221336064,8589930496,1398677504,457560064
200,1724148274066,1100,1100,900,800,800,800,800,1100,800,799,799,799,900,800,800,799,799,799,800,800,799,800,800,800,799,799,800,800,901,800,800,800,0,0,0,0,0,0,0,0,0,0,0,0,0,0,0,0,0,0,0,0,0,0,0,0,0,0,0,0,0,0,100,0,0,64831.306213378906,6325.8076171875,0,67221336064,8589930496,1397997568,457560064
200,1724148274266,1100,1100,900,800,800,800,800,1100,800,799,799,799,900,800,800,799,799,799,800,800,799,800,800,800,799,799,800,800,901,800,800,800,0,0,0,0,0,0,0,0,0,0,0,0,0,0,0,0,0,0,0,0,0,0,0,0,0,0,0,0,0,0,100,0,0,64841.95202636719,6334.763366699219,0,67221336064,8589930496,1397997568,457560064
200,1724148274466,1100,1100,900,800,800,800,800,1100,800,799,799,799,900,800,800,799,799,799,800,800,799,800,800,800,799,799,800,800,901,800,800,800,0,0,0,0,0,0,0,0,0,0,0,0,0,0,0,0,0,0,0,0,0,0,0,0,0,0,0,0,0,0,100,0,0,64852.443908691406,6343.576232910156,0,67221336064,8589930496,1397997568,457560064
200,1724148274666,1100,1100,900,800,800,800,800,1100,800,799,799,799,900,800,800,799,799,799,800,800,799,800,800,800,799,799,800,800,901,800,800,800,0,0,0,0,0,0,0,0,0,0,0,0,0,0,0,0,0,0,0,0,0,0,0,0,0,0,0,0,0,0,100,0,0,64862.94677734375,6352.397888183594,0,67221336064,8589930496,1397997568,457560064
200,1724148274866,1100,1100,900,800,800,800,800,1100,800,799,799,799,900,800,800,799,799,799,800,800,799,800,800,800,799,799,800,800,901,800,800,800,0,0,0,0,0,0,0,0,0,0,0,0,0,0,0,0,0,0,0,0,0,0,0,0,0,0,0,0,0,0,100,0,0,64873.677978515625,6361.4493408203125,0,67221336064,8589930496,1397997568,457560064
200,1724148275066,1100,1100,900,800,800,800,800,1100,800,799,799,799,900,800,800,799,799,799,800,800,799,800,800,800,799,799,800,800,901,800,800,800,0,0,0,0,0,0,0,0,0,0,0,0,0,0,0,0,0,0,0,0,0,0,0,0,0,0,0,0,0,0,100,0,0,64884.17449951172,6370.266052246094,0,67221336064,8589930496,1397899264,457560064
200,1724148275266,1100,1100,900,800,800,800,800,1100,800,799,799,799,900,800,800,799,799,799,800,800,799,800,800,800,799,799,800,800,901,800,800,800,0,0,0,0,0,0,0,0,0,0,0,0,0,0,0,0,0,0,0,0,0,0,0,0,0,0,0,0,0,0,100,0,0,64894.775817871094,6379.187927246094,0,67221336064,8589930496,1398149120,457560064
200,1724148275466,1100,1100,900,800,800,800,800,1100,800,799,799,799,900,800,800,799,799,799,800,800,799,800,800,800,799,799,800,800,901,800,800,800,0,0,0,0,0,0,0,0,0,0,0,0,0,0,0,0,0,0,0,0,0,0,0,0,0,0,0,0,0,0,100,0,0,64905.26434326172,6387.997253417969,0,67221336064,8589930496,1398149120,457560064
200,1724148275666,1100,1100,900,800,800,800,800,1100,800,799,799,799,900,800,800,799,799,799,800,800,799,800,800,800,799,799,800,800,901,800,800,800,0,0,0,0,0,0,0,0,0,0,0,0,0,0,0,0,0,0,0,0,0,0,0,0,0,0,0,0,0,0,100,0,0,64915.75354003906,6396.806335449219,0,67221336064,8589930496,1398149120,457560064
200,1724148275867,1100,1100,900,800,800,800,800,1100,800,799,799,799,900,800,800,799,799,799,800,800,799,800,800,800,799,799,800,800,901,800,800,800,0,0,0,0,0,0,0,0,0,0,0,0,0,0,0,0,0,0,0,0,0,0,0,0,0,0,0,0,0,0,100,0,0,64926.26220703125,6405.6336669921875,0,67221336064,8589930496,1398149120,457560064
200,1724148276067,1100,1100,900,800,800,800,800,1100,800,799,799,799,900,800,800,799,799,799,800,800,799,800,800,800,799,799,800,800,901,800,800,800,0,0,0,0,0,0,0,0,0,0,0,0,0,0,0,0,0,0,0,0,0,0,0,0,0,0,0,0,0,0,100,0,0,64936.817810058594,6414.49853515625,0,67221336064,8589930496,1398120448,457560064
200,1724148276267,1100,1100,900,800,800,800,800,1100,800,799,799,799,900,800,800,799,799,799,800,800,799,800,800,800,799,799,800,800,901,800,800,800,0,0,0,0,0,0,0,0,0,0,0,0,0,0,0,0,0,0,0,0,0,0,0,0,0,0,0,0,0,0,100,0,0,64947.45520019531,6423.3941650390625,0,67221336064,8589930496,1398120448,457560064
200,1724148276467,1100,1100,900,800,800,800,800,1100,800,799,799,799,900,800,800,799,799,799,800,800,799,800,800,800,799,799,800,800,901,800,800,800,0,0,0,0,0,0,0,0,0,0,0,0,0,0,0,0,0,0,0,0,0,0,0,0,0,0,0,0,0,0,100,0,0,64957.900329589844,6432.226623535156,0,67221336064,8589930496,1398120448,457560064
200,1724148276667,1100,1100,900,800,800,800,800,1100,800,799,799,799,900,800,800,799,799,799,800,800,799,800,800,800,799,799,800,800,901,800,800,800,0,0,0,0,0,0,0,0,0,0,0,0,0,0,0,0,0,0,0,0,0,0,0,0,0,0,0,0,0,0,100,0,0,64968.53015136719,6441.164733886719,0,67221336064,8589930496,1398120448,457560064
200,1724148276867,1100,1100,900,800,800,800,800,1100,800,799,799,799,900,800,800,799,799,799,800,800,799,800,800,800,799,799,800,800,901,800,800,800,0,0,0,0,0,0,0,0,0,0,0,0,0,0,0,0,0,0,0,0,0,0,0,0,0,0,0,0,0,0,100,0,0,64979.132080078125,6450.0860595703125,0,67221336064,8589930496,1398120448,457560064
200,1724148277067,1100,1100,900,800,800,800,800,1100,800,799,799,799,900,800,800,799,799,799,800,800,799,800,800,800,799,799,800,800,901,800,800,800,0,0,0,0,0,0,0,0,0,0,0,0,0,0,0,0,0,0,0,0,0,0,0,0,0,0,0,0,0,0,100,0,0,64989.567932128906,6458.840026855469,0,67221336064,8589930496,1398120448,457560064
200,1724148277267,1100,1100,900,800,800,800,800,1100,800,799,799,799,900,800,800,799,799,799,800,800,799,800,800,800,799,799,800,800,901,800,800,800,0,0,0,0,0,0,0,0,0,0,0,0,0,0,0,0,0,0,0,0,0,0,0,0,0,0,0,0,0,0,100,0,0,65000.103454589844,6467.697021484375,0,67221336064,8589930496,1398120448,457560064
200,1724148277467,1100,1100,900,800,800,800,800,1100,800,799,799,799,900,800,800,799,799,799,800,800,799,800,800,800,799,799,800,800,901,800,800,800,0,0,0,0,0,0,0,0,0,0,0,0,0,0,0,0,0,0,0,0,0,0,0,0,0,0,0,0,0,0,100,0,0,65010.611389160156,6476.5228271484375,0,67221336064,8589930496,1398120448,457560064
200,1724148277667,1100,1100,900,800,800,800,800,1100,800,799,799,799,900,800,800,799,799,799,800,800,799,800,800,800,799,799,800,800,901,800,800,800,0,0,0,0,0,0,0,0,0,0,0,0,0,0,0,0,0,0,0,0,0,0,0,0,0,0,0,0,0,0,100,0,0,65021.13000488281,6485.361572265625,0,67221336064,8589930496,1398120448,457560064
200,1724148277868,1100,1100,900,800,800,800,800,1100,800,799,799,799,900,800,800,799,799,799,800,800,799,800,800,800,799,799,800,800,901,800,800,800,0,0,0,0,0,0,0,0,0,0,0,0,0,0,0,0,0,0,0,0,0,0,0,0,0,0,0,0,0,0,100,0,0,65031.90264892578,6494.396667480469,0,67221336064,8589930496,1398120448,457560064
200,1724148278068,1100,1100,900,800,800,800,800,1100,800,799,799,799,900,800,800,799,799,799,800,800,799,800,800,800,799,799,800,800,901,800,800,800,0,0,0,0,0,0,0,0,0,0,0,0,0,0,0,0,0,0,0,0,0,0,0,0,0,0,0,0,0,0,100,0,0,65042.43054199219,6503.23291015625,0,67221336064,8589930496,1398120448,457560064
200,1724148278268,1100,1100,900,800,800,800,800,1100,800,799,799,799,900,800,800,799,799,799,800,800,799,800,800,800,799,799,800,800,901,800,800,800,0,0,0,0,0,0,0,0,0,0,0,0,0,0,0,0,0,0,0,0,0,0,0,0,0,0,0,0,0,0,100,0,0,65052.85852050781,6512.0511474609375,0,67221336064,8589930496,1398120448,457560064
200,1724148278468,1100,1100,900,800,800,800,800,1100,800,799,799,799,900,800,800,799,799,799,800,800,799,800,800,800,799,799,800,800,901,800,800,800,0,0,0,0,0,0,0,0,0,0,0,0,0,0,0,0,0,0,0,0,0,0,0,0,0,0,0,0,0,0,100,0,0,65063.42657470703,6520.929626464844,0,67221336064,8589930496,1398120448,457560064
200,1724148278668,1100,1100,900,800,800,800,800,1100,800,799,799,799,900,800,800,799,799,799,800,800,799,800,800,800,799,799,800,800,901,800,800,800,0,0,0,0,0,0,0,0,0,0,0,0,0,0,0,0,0,0,0,0,0,0,0,0,0,0,0,0,0,0,100,0,0,65073.922119140625,6529.745361328125,0,67221336064,8589930496,1398120448,457560064
200,1724148278868,1100,1100,900,800,800,800,800,1100,800,799,799,799,900,800,800,799,799,799,800,800,799,800,800,800,799,799,800,800,901,800,800,800,0,0,0,0,0,0,0,0,0,0,0,0,0,0,0,0,0,0,0,0,0,0,0,0,0,0,0,0,0,0,100,0,0,65084.42431640625,6538.567565917969,0,67221336064,8589930496,1398120448,457560064
200,1724148279068,1100,1100,900,800,800,800,800,1100,800,799,799,799,900,800,800,799,799,799,800,800,799,800,800,800,799,799,800,800,901,800,800,800,0,0,0,0,0,0,0,0,0,0,0,0,0,0,0,0,0,0,0,0,0,0,0,0,0,0,0,0,0,0,100,0,0,65094.92156982422,6547.3841552734375,0,67221336064,8589930496,1398120448,457560064
200,1724148279268,1100,1100,900,800,800,800,800,1100,800,799,799,799,900,800,800,799,799,799,800,800,799,800,800,800,799,799,800,800,901,800,800,800,0,0,0,0,0,0,0,0,0,0,0,0,0,0,0,0,0,0,0,0,0,0,0,0,0,0,0,0,0,0,100,0,0,65105.516174316406,6556.298156738281,0,67221336064,8589930496,1398120448,457560064
200,1724148279468,1100,1100,900,800,800,800,800,1100,800,799,799,799,900,800,800,799,799,799,800,800,799,800,800,800,799,799,800,800,901,800,800,800,0,0,0,0,0,0,0,0,0,0,0,0,0,0,0,0,0,0,0,0,0,0,0,0,0,0,0,0,0,0,100,0,0,65115.998474121094,6565.102111816406,0,67221336064,8589930496,1398120448,457560064
200,1724148279668,1100,1100,900,800,800,800,800,1100,800,799,799,799,900,800,800,799,799,799,800,800,799,800,800,800,799,799,800,800,901,800,800,800,0,0,0,0,0,0,0,0,0,0,0,0,0,0,0,0,0,0,0,0,0,0,0,0,0,0,0,0,0,0,100,0,0,65126.522888183594,6573.945068359375,0,67221336064,8589930496,1398120448,457560064
200,1724148279869,1100,1100,900,800,800,800,800,1100,800,799,799,799,900,800,800,799,799,799,800,800,799,800,800,800,799,799,800,800,901,800,800,800,0,0,0,0,0,0,0,0,0,0,0,0,0,0,0,0,0,0,0,0,0,0,0,0,0,0,0,0,0,0,100,0,0,65137.013244628906,6582.75634765625,0,67221336064,8589930496,1398120448,457560064
200,1724148280069,1100,1100,900,800,800,800,800,1100,800,799,799,799,900,800,800,799,799,799,800,800,799,800,800,800,799,799,800,800,901,800,800,800,0,0,0,0,0,0,0,0,0,0,0,0,0,0,0,0,0,0,0,0,0,0,0,0,0,0,0,0,0,0,100,0,0,65147.50769042969,6591.5712890625,0,67221336064,8589930496,1398120448,457560064
200,1724148280269,1100,1100,900,800,800,800,800,1100,800,799,799,799,900,800,800,799,799,799,800,800,799,800,800,800,799,799,800,800,901,800,800,800,0,0,0,0,0,0,0,0,0,0,0,0,0,0,0,0,0,0,0,0,0,0,0,0,0,0,0,0,0,0,80.95238494873047,15.000000953674316,0,65158.02783203125,6600.4091796875,0,67221336064,8589930496,1398120448,457560064
200,1724148280469,1100,1100,900,800,800,800,800,1100,800,799,799,799,900,800,800,799,799,799,800,800,799,800,800,800,799,799,800,800,901,800,800,800,0,0,0,0,0,0,0,0,0,0,0,0,0,0,0,0,0,0,0,0,0,0,0,0,0,0,0,0,0,0,0,100,0,65168.61877441406,6609.313049316406,0,67221336064,8589930496,1398120448,457560064
200,1724148280669,1100,1100,900,800,800,800,800,1100,800,799,799,799,900,800,800,799,799,799,800,800,799,800,800,800,799,799,800,800,901,800,800,800,0,0,0,0,0,0,0,0,0,0,0,0,0,0,0,0,0,0,0,0,0,0,0,0,0,0,0,0,0,0,0,100,0,65179.108337402344,6618.1231689453125,0,67221336064,8589930496,1398120448,457560064
200,1724148280869,1100,1100,900,800,800,800,800,1100,800,799,799,799,900,800,800,799,799,799,800,800,799,800,800,800,799,799,800,800,901,800,800,800,0,0,0,0,0,0,0,0,0,0,0,0,0,0,0,0,0,0,0,0,0,0,0,0,0,0,0,0,0,0,0,100,0,65189.604431152344,6626.9395751953125,0,67221336064,8589930496,1398120448,457560064
200,1724148281069,1100,1100,900,800,800,800,800,1100,800,799,799,799,900,800,800,799,799,799,800,800,799,800,800,800,799,799,800,800,901,800,800,800,0,0,0,0,0,0,0,0,0,0,0,0,0,0,0,0,0,0,0,0,0,0,0,0,0,0,0,0,0,0,0,100,0,65200.101318359375,6635.755920410156,0,67221336064,8589930496,1398120448,457560064
200,1724148281269,1100,1100,900,800,800,800,800,1100,800,799,799,799,900,800,800,799,799,799,800,800,799,800,800,800,799,799,800,800,901,800,800,800,0,0,0,0,0,0,0,0,0,0,0,0,0,0,0,0,0,0,0,0,0,0,0,0,0,0,0,0,0,0,0,100,0,65210.83801269531,6644.811584472656,0,67221336064,8589930496,1398120448,457560064
200,1724148281469,1100,1100,900,800,800,800,800,1100,800,799,799,799,900,800,800,799,799,799,800,800,799,800,800,800,799,799,800,800,901,800,800,800,0,0,0,0,0,0,0,0,0,0,0,0,0,0,0,0,0,0,0,0,0,0,0,0,0,0,0,0,0,0,0,100,0,65221.34680175781,6653.638427734375,0,67221336064,8589930496,1398120448,457560064
200,1724148281669,1100,1100,900,800,800,800,800,1100,800,799,799,799,900,800,800,799,799,799,800,800,799,800,800,800,799,799,800,800,901,800,800,800,0,0,0,0,0,0,0,0,0,0,0,0,0,0,0,0,0,0,0,0,0,0,0,0,0,0,0,0,0,0,0,100,0,65231.82537841797,6662.43896484375,0,67221336064,8589930496,1398120448,457560064
200,1724148281870,1100,1100,900,800,800,800,800,1100,800,799,799,799,900,800,800,799,799,799,800,800,799,800,800,800,799,799,800,800,901,800,800,800,0,0,0,0,0,0,0,0,0,0,0,0,0,0,0,0,0,0,0,0,0,0,0,0,0,0,0,0,0,0,0,100,0,65242.34149169922,6671.274841308594,0,67221336064,8589930496,1398120448,457560064
200,1724148282070,1100,1100,900,800,800,800,800,1100,800,799,799,799,900,800,800,799,799,799,800,800,799,800,800,800,799,799,800,800,901,800,800,800,0,0,0,0,0,0,0,0,0,0,0,0,0,0,0,0,0,0,0,0,0,0,0,0,0,0,0,0,0,0,0,100,0,65252.838928222656,6680.091125488281,0,67221336064,8589930496,1398120448,457560064
200,1724148282270,1100,1100,900,800,800,800,800,1100,800,799,799,799,900,800,800,799,799,799,800,800,799,800,800,800,799,799,800,800,901,800,800,800,0,0,0,0,0,0,0,0,0,0,0,0,0,0,0,0,0,0,0,0,0,0,0,0,0,0,0,0,0,0,0,100,0,65263.483947753906,6689.047302246094,0,67221336064,8589930496,1398120448,457560064
200,1724148282470,1100,1100,900,800,800,800,800,1100,800,799,799,799,900,800,800,799,799,799,800,800,799,800,800,800,799,799,800,800,901,800,800,800,0,0,0,0,0,0,0,0,0,0,0,0,0,0,0,0,0,0,0,0,0,0,0,0,0,0,0,0,0,0,0,100,0,65274.03485107422,6697.9171142578125,0,67221336064,8589930496,1398120448,457560064
200,1724148282670,1100,1100,900,800,800,800,800,1100,800,799,799,799,900,800,800,799,799,799,800,800,799,800,800,800,799,799,800,800,901,800,800,800,0,0,0,0,0,0,0,0,0,0,0,0,0,0,0,0,0,0,0,0,0,0,0,0,0,0,0,0,0,0,0,100,0,65284.527282714844,6706.731018066406,0,67221336064,8589930496,1398120448,457560064
200,1724148282870,1100,1100,900,800,800,800,800,1100,800,799,799,799,900,800,800,799,799,799,800,800,799,800,800,800,799,799,800,800,901,800,800,800,0,0,0,0,0,0,0,0,0,0,0,0,0,0,0,0,0,0,0,0,0,0,0,0,0,0,0,0,0,0,0,100,0,65295.0458984375,6715.567077636719,0,67221336064,8589930496,1398120448,457560064
200,1724148283070,1100,1100,900,800,800,800,800,1100,800,799,799,799,900,800,800,799,799,799,800,800,799,800,800,800,799,799,800,800,901,800,800,800,0,0,0,0,0,0,0,0,0,0,0,0,0,0,0,0,0,0,0,0,0,0,0,0,0,0,0,0,0,0,0,100,0,65305.54870605469,6724.388122558594,0,67221336064,8589930496,1398120448,457560064
200,1724148283270,1100,1100,900,800,800,800,800,1100,800,799,799,799,900,800,800,799,799,799,800,800,799,800,800,800,799,799,800,800,901,800,800,800,0,0,0,0,0,0,0,0,0,0,0,0,0,0,0,0,0,0,0,0,0,0,0,0,0,0,0,0,0,0,0,100,0,65316.151794433594,6733.312805175781,0,67221336064,8589930496,1398120448,457560064
200,1724148283470,1100,1100,900,800,800,800,800,1100,800,799,799,799,900,800,800,799,799,799,800,800,799,800,800,800,799,799,800,800,901,800,800,800,0,0,0,0,0,0,0,0,0,0,0,0,0,0,0,0,0,0,0,0,0,0,0,0,0,0,0,0,0,0,0,100,0,65326.676208496094,6742.156005859375,0,67221336064,8589930496,1398120448,457560064
200,1724148283670,1100,1100,900,800,800,800,800,1100,800,799,799,799,900,800,800,799,799,799,800,800,799,800,800,800,799,799,800,800,901,800,800,800,0,0,0,0,0,0,0,0,0,0,0,0,0,0,0,0,0,0,0,0,0,0,0,0,0,0,0,0,0,0,0,100,0,65337.16259765625,6750.964172363281,0,67221336064,8589930496,1398120448,457560064
200,1724148283871,1100,1100,900,800,800,800,800,1100,800,799,799,799,900,800,800,799,799,799,800,800,799,800,800,800,799,799,800,800,901,800,800,800,0,0,0,0,0,0,0,0,0,0,0,0,0,0,0,0,0,0,0,0,0,0,0,0,0,0,0,0,0,0,0,100,0,65347.69854736328,6759.818420410156,0,67221336064,8589930496,1398120448,457560064
200,1724148284071,1100,1100,900,800,800,800,800,1100,800,799,799,799,900,800,800,799,799,799,800,800,799,800,800,800,799,799,800,800,901,800,800,800,0,0,0,0,0,0,0,0,0,0,0,0,0,0,0,0,0,0,0,0,0,0,0,0,0,0,0,0,0,0,0,100,0,65358.254333496094,6768.6375732421875,0,67221336064,8589930496,1398120448,457560064
200,1724148284271,1100,1100,900,800,800,800,800,1100,800,799,799,799,900,800,800,799,799,799,800,800,799,800,800,800,799,799,800,800,901,800,800,800,0,0,0,0,0,0,0,0,0,0,0,0,0,0,0,0,0,0,0,0,0,0,0,0,0,0,0,0,0,0,0,100,0,65368.73583984375,6777.487121582031,0,67221336064,8589930496,1398120448,457560064
200,1724148284471,1100,1100,900,800,800,800,800,1100,800,799,799,799,900,800,800,799,799,799,800,800,799,800,800,800,799,799,800,800,901,800,800,800,0,0,0,0,0,0,0,0,0,0,0,0,0,0,0,0,0,0,0,0,0,0,0,0,0,0,0,0,0,0,0,100,0,65379.22741699219,6786.298156738281,0,67221336064,8589930496,1398120448,457560064
200,1724148284671,1100,1100,900,800,800,800,800,1100,800,799,799,799,900,800,800,799,799,799,800,800,799,800,800,800,799,799,800,800,901,800,800,800,0,0,0,0,0,0,0,0,0,0,0,0,0,0,0,0,0,0,0,0,0,0,0,0,0,0,0,0,0,0,0,100,0,65389.74200439453,6795.1341552734375,0,67221336064,8589930496,1398120448,457560064
200,1724148284871,1100,1100,900,800,800,800,800,1100,800,799,799,799,900,800,800,799,799,799,800,800,799,800,800,800,799,799,800,800,901,800,800,800,0,0,0,0,0,0,0,0,0,0,0,0,0,0,0,0,0,0,0,0,0,0,0,0,0,0,0,0,0,0,0,100,0,65400.30969238281,6804.020935058594,0,67221336064,8589930496,1398120448,457560064
200,1724148285071,1100,1100,900,800,800,800,800,1100,800,799,799,799,900,800,800,799,799,799,800,800,799,800,800,800,799,799,800,800,901,800,800,800,0,0,0,0,0,0,0,0,0,0,0,0,0,0,0,0,0,0,0,0,0,0,0,4.761904716491699,0,0,0,0,0,0,0,100,0,65410.805236816406,6812.83740234375,0,67221336064,8589930496,1398120448,457560064
200,1724148285271,1100,1100,900,800,800,800,800,1100,800,799,799,799,900,800,800,799,799,799,800,800,799,800,800,800,799,799,800,800,901,800,800,800,0,0,0,0,0,0,0,0,0,0,0,0,0,0,0,0,0,0,0,0,0,0,0,0,0,0,0,0,0,0,0,100,0,65421.376953125,6821.729248046875,0,67221336064,8589930496,1398120448,457560064
200,1724148285471,1100,1100,900,800,800,800,800,1100,800,799,799,799,900,800,800,799,799,799,800,800,799,800,800,800,799,799,800,800,901,800,800,800,0,0,0,0,0,0,0,0,0,0,0,0,0,0,0,0,0,0,0,0,0,0,0,0,0,0,0,0,0,0,0,100,0,65431.87548828125,6830.547790527344,0,67221336064,8589930496,1398120448,457560064
200,1724148285671,1100,1100,900,800,800,800,800,1100,800,799,799,799,900,800,800,799,799,799,800,800,799,800,800,800,799,799,800,800,901,800,800,800,0,0,0,0,0,0,0,0,0,0,0,0,0,0,0,0,0,0,0,0,0,0,0,0,0,0,0,0,0,0,0,100,0,65442.39599609375,6839.388122558594,0,67221336064,8589930496,1398120448,457560064
200,1724148285872,1100,1100,900,800,800,800,800,1100,800,799,799,799,900,800,800,799,799,799,800,800,799,800,800,800,799,799,800,800,901,800,800,800,0,0,0,0,0,0,0,0,0,0,0,0,0,0,0,0,0,0,0,0,0,0,0,0,0,0,0,0,0,0,0,100,0,65452.90246582031,6848.2135009765625,0,67221336064,8589930496,1398120448,457560064
200,1724148286072,1100,1100,900,800,800,800,800,1100,800,799,799,799,900,800,800,799,799,799,800,800,799,800,800,800,799,799,800,800,901,800,800,800,0,0,0,0,0,0,0,0,0,0,0,0,0,0,0,0,0,0,0,0,0,0,0,0,0,0,0,0,0,0,0,100,0,65463.41296386719,6857.046081542969,0,67221336064,8589930496,1398120448,457560064
199,1724148286272,1100,1100,900,800,800,800,800,1100,800,799,799,799,900,800,800,799,799,799,800,800,799,800,800,800,799,799,800,800,901,800,800,800,0,0,0,0,0,0,0,0,0,0,0,0,0,0,0,0,0,0,0,0,0,0,0,0,0,0,0,0,0,0,0,100,0,65473.913024902344,6865.865417480469,0,67221336064,8589930496,1398120448,457560064
200,1724148286472,1100,1100,900,800,800,800,800,1100,800,799,799,799,900,800,800,799,799,799,800,800,799,800,800,800,799,799,800,800,901,800,800,800,0,0,0,0,0,0,0,0,0,0,0,0,0,0,0,0,0,0,0,0,0,0,0,0,0,0,0,0,0,0,0,100,0,65484.40905761719,6874.680725097656,0,67221336064,8589930496,1398120448,457560064
200,1724148286672,1100,1100,900,800,800,800,800,1100,800,799,799,799,900,800,800,799,799,799,800,800,799,800,800,800,799,799,800,800,901,800,800,800,0,0,0,0,0,0,0,0,0,0,0,0,0,0,0,0,0,0,0,0,0,0,0,0,0,0,0,0,0,0,0,100,0,65494.945556640625,6883.5296630859375,0,67221336064,8589930496,1398120448,457560064
200,1724148286872,1100,1100,900,800,800,800,800,1100,800,799,799,799,900,800,800,799,799,799,800,800,799,800,800,800,799,799,800,800,901,800,800,800,0,0,0,0,0,0,0,0,0,0,0,0,0,0,0,0,0,0,0,0,0,0,0,0,0,0,0,0,0,0,0,100,0,65505.435546875,6892.340026855469,0,67221336064,8589930496,1398120448,457560064
200,1724148287072,1100,1100,900,800,800,800,800,1100,800,799,799,799,900,800,800,799,799,799,800,800,799,800,800,800,799,799,800,800,901,800,800,800,0,0,0,0,0,0,0,0,0,0,0,0,0,0,0,0,0,0,0,0,0,0,0,0,0,0,0,0,0,0,0,100,0,65515.9443359375,6901.1668701171875,0,67221336064,8589930496,1398120448,457560064
200,1724148287272,1100,1100,900,800,800,800,800,1100,800,799,799,799,900,800,800,799,799,799,800,800,799,800,800,800,799,799,800,800,901,800,800,800,0,0,0,0,0,0,0,0,0,0,0,0,0,0,0,0,0,0,0,0,0,0,0,0,0,0,0,0,0,0,0,100,0,65526.38311767578,6909.934326171875,0,67221336064,8589930496,1398087680,457560064
200,1724148287472,1100,1100,900,800,800,800,800,1100,800,799,799,799,900,800,800,799,799,799,800,800,799,800,800,800,799,799,800,800,901,800,800,800,0,0,0,0,0,0,0,0,0,0,0,0,0,0,0,0,0,0,0,0,0,0,0,0,0,0,0,0,0,0,0,100,0,65537.02752685547,6918.890197753906,0,67221336064,8589930496,1398087680,457560064
200,1724148287672,1100,1100,900,800,800,800,800,1100,800,799,799,799,900,800,800,799,799,799,800,800,799,800,800,800,799,799,800,800,901,800,800,800,0,0,0,0,0,0,0,0,0,0,0,0,0,0,0,0,0,0,0,0,0,0,0,0,0,0,0,0,0,0,0,100,0,65547.61254882813,6927.796203613281,0,67221336064,8589930496,1398087680,457560064
199,1724148287872,1100,1100,900,800,800,800,800,1100,800,799,799,799,900,800,800,799,799,799,800,800,799,800,800,800,799,799,800,800,901,800,800,800,0,0,0,0,0,0,0,0,0,0,0,0,0,0,0,0,0,0,0,0,0,0,0,0,0,0,0,0,0,0,0,100,0,65558.19439697266,6936.698547363281,0,67221336064,8589930496,1398087680,457560064
199,1724148288072,1100,1100,900,800,800,800,800,1100,800,799,799,799,900,800,800,799,799,799,800,800,799,800,800,800,799,799,800,800,901,800,800,800,0,0,0,0,0,0,0,0,0,0,0,0,0,0,0,0,0,0,0,0,0,0,0,0,0,0,0,0,0,0,0,100,0,65568.85827636719,6945.682434082031,0,67221336064,8589930496,1398087680,457560064
199,1724148288272,1100,1100,900,800,800,800,800,1100,800,799,799,799,900,800,800,799,799,799,800,800,799,800,800,800,799,799,800,800,901,800,800,800,0,0,0,0,0,0,0,0,0,0,0,0,0,0,0,0,0,0,0,0,0,0,0,0,0,0,0,0,0,0,0,100,0,65579.34521484375,6954.4893798828125,0,67221336064,8589930496,1398087680,457560064
199,1724148288472,1100,1100,900,800,800,800,800,1100,800,799,799,799,900,800,800,799,799,799,800,800,799,800,800,800,799,799,800,800,901,800,800,800,0,0,0,0,0,0,0,0,0,0,0,0,0,0,0,0,0,0,0,0,0,0,0,0,0,0,0,0,0,0,0,100,0,65589.84216308594,6963.3052978515625,0,67221336064,8589930496,1398087680,457560064
199,1724148288672,1100,1100,900,800,800,800,800,1100,800,799,799,799,900,800,800,799,799,799,800,800,799,800,800,800,799,799,800,800,901,800,800,800,0,0,0,0,0,0,0,0,0,0,0,0,0,0,0,0,0,0,0,0,0,0,0,0,0,0,0,0,0,0,0,100,0,65600.32995605469,6972.112731933594,0,67221336064,8589930496,1398087680,457560064
200,1724148288872,1100,1100,900,800,800,800,800,1100,800,799,799,799,900,800,800,799,799,799,800,800,799,800,800,800,799,799,800,800,901,800,800,800,0,0,0,0,0,0,0,0,0,0,0,0,0,0,0,0,0,0,0,0,0,0,0,0,0,0,0,0,0,0,0,100,0,65610.82122802734,6980.925048828125,0,67221336064,8589930496,1398087680,457560064
200,1724148289072,1100,1100,900,800,800,800,800,1100,800,799,799,799,900,800,800,799,799,799,800,800,799,800,800,800,799,799,800,800,901,800,800,800,0,0,0,0,0,0,0,0,0,0,0,0,0,0,0,0,0,0,0,0,0,0,0,0,0,0,0,0,0,0,0,100,0,65621.31591796875,6989.7393798828125,0,67221336064,8589930496,1398087680,457560064
200,1724148289273,1100,1100,900,800,800,800,800,1100,800,799,799,799,900,800,800,799,799,799,800,800,799,800,800,800,799,799,800,800,901,800,800,800,0,0,0,0,0,0,0,0,0,0,0,0,0,0,0,0,0,0,0,0,0,0,0,0,0,0,0,0,0,0,0,100,0,65631.80548095703,6998.5513916015625,0,67221336064,8589930496,1398087680,457560064
200,1724148289473,1100,1100,900,800,800,800,800,1100,800,799,799,799,900,800,800,799,799,799,800,800,799,800,800,800,799,799,800,800,901,800,800,800,0,0,0,0,0,0,0,0,0,0,0,0,0,0,0,0,0,0,0,0,0,0,0,0,0,0,0,0,0,0,0,100,0,65642.30572509766,7007.370361328125,0,67221336064,8589930496,1398087680,457560064
200,1724148289673,1100,1100,900,800,800,800,800,1100,800,799,799,799,900,800,800,799,799,799,800,800,799,800,800,800,799,799,800,800,901,800,800,800,0,0,0,0,0,0,0,0,0,0,0,0,0,0,0,0,0,0,0,0,0,0,0,0,0,0,0,0,0,0,0,100,0,65652.78527832031,7016.171630859375,0,67221336064,8589930496,1398087680,457560064
200,1724148289873,1100,1100,900,800,800,800,800,1100,800,799,799,799,900,800,800,799,799,799,800,800,799,800,800,800,799,799,800,800,901,800,800,800,0,0,0,0,0,0,0,0,0,0,0,0,0,0,0,0,0,0,0,0,0,0,0,0,0,0,0,0,0,0,0,100,0,65663.28466796875,7024.990966796875,0,67221336064,8589930496,1398087680,457560064
200,1724148290073,1100,1100,900,800,800,800,800,1100,800,799,799,799,900,800,800,799,799,799,800,800,799,800,800,800,799,799,800,800,901,800,800,800,0,0,0,0,0,0,0,0,0,0,0,0,0,0,0,0,0,0,0,0,0,0,0,0,0,0,0,0,0,0,0,100,0,65673.7857055664,7033.8111572265625,0,67221336064,8589930496,1398087680,457560064
199,1724148290273,1100,1100,900,800,800,800,800,1100,800,799,799,799,900,800,800,799,799,799,800,800,799,800,800,800,799,799,800,800,901,800,800,800,0,0,0,0,0,0,0,0,0,0,0,0,0,0,0,0,0,0,0,0,0,0,0,0,0,0,0,0,0,0,0,100,0,65684.28686523438,7042.6302490234375,0,67221336064,8589930496,1398087680,457560064
200,1724148290473,1100,1100,900,800,800,800,800,1100,800,799,799,799,900,800,800,799,799,799,800,800,799,800,800,800,799,799,800,800,901,800,800,800,0,0,0,0,0,0,0,0,0,0,0,0,0,0,0,0,0,0,0,0,0,0,0,0,0,0,0,0,0,0,0,100,0,65694.83215332031,7051.4337158203125,0,67221336064,8589930496,1398087680,457560064
200,1724148290673,1100,1100,900,800,800,800,800,1100,800,799,799,799,900,800,800,799,799,799,800,800,799,800,800,800,799,799,800,800,901,800,800,800,0,0,0,0,0,0,0,0,0,0,0,0,0,0,0,0,0,0,0,0,0,0,0,0,0,0,0,0,0,0,0,100,0,65705.32055664063,7060.296691894531,0,67221336064,8589930496,1398087680,457560064
200,1724148290873,1100,1100,900,800,800,800,800,1100,800,799,799,799,900,800,800,799,799,799,800,800,799,800,800,800,799,799,800,800,901,800,800,800,0,0,0,0,0,0,0,0,0,0,0,0,0,0,0,0,0,0,0,0,0,0,0,0,0,0,0,0,0,0,0,100,0,65715.81359863281,7069.1104736328125,0,67221336064,8589930496,1398087680,457560064
200,1724148291073,1100,1100,900,800,800,800,800,1100,800,799,799,799,900,800,800,799,799,799,800,800,799,800,800,800,799,799,800,800,901,800,800,800,0,0,0,0,0,0,0,0,0,0,0,0,0,0,0,0,0,0,0,0,0,0,0,0,0,0,0,0,0,0,0,100,0,65726.31463623047,7077.927795410156,0,67221336064,8589930496,1398087680,457560064
200,1724148291273,1100,1100,900,800,800,800,800,1100,800,799,799,799,900,800,800,799,799,799,800,800,799,800,800,800,799,799,800,800,901,800,800,800,0,0,0,0,0,0,0,0,0,0,0,0,0,0,0,0,0,0,0,0,0,0,0,0,0,0,0,0,0,0,0,100,0,65736.96380615234,7086.8956298828125,0,67221336064,8589930496,1398087680,457560064
200,1724148291473,1100,1100,900,800,800,800,800,1100,800,799,799,799,900,800,800,799,799,799,800,800,799,800,800,800,799,799,800,800,901,800,800,800,0,0,0,0,0,0,0,0,0,0,0,0,0,0,0,0,0,0,0,0,0,0,0,0,0,0,0,0,0,0,4.761904716491699,100,0,65747.51092529297,7095.763732910156,0,67221336064,8589930496,1398087680,457560064
200,1724148291673,1100,1100,900,800,800,800,800,1100,800,799,799,799,900,800,800,799,799,799,800,800,799,800,800,800,799,799,800,800,901,800,800,800,0,0,0,0,0,0,0,0,0,0,0,0,0,0,0,0,0,0,0,0,0,0,0,0,0,0,0,0,0,0,0,100,0,65758.11590576172,7104.68701171875,0,67221336064,8589930496,1398087680,457560064
200,1724148291873,1100,1100,900,800,800,800,800,1100,800,799,799,799,900,800,800,799,799,799,800,800,799,800,800,800,799,799,800,800,901,800,800,800,0,0,0,0,0,0,0,0,0,0,0,0,0,0,0,0,0,0,0,0,0,0,0,0,0,0,0,0,0,0,0,100,0,65768.66613769531,7113.557678222656,0,67221336064,8589930496,1398087680,457560064
200,1724148292073,1100,1100,900,800,800,800,800,1100,800,799,799,799,900,800,800,799,799,799,800,800,799,800,800,800,799,799,800,800,901,800,800,800,0,0,0,0,0,0,0,0,0,0,0,0,0,0,0,0,0,0,0,0,0,0,0,0,0,0,0,0,0,0,0,100,0,65779.15911865234,7122.368103027344,0,67221336064,8589930496,1398087680,457560064
200,1724148292273,1100,1100,900,800,800,800,800,1100,800,799,799,799,900,800,800,799,799,799,800,800,799,800,800,800,799,799,800,800,901,800,800,800,0,0,0,0,0,0,0,0,0,0,0,0,0,0,0,0,0,0,0,0,0,0,0,0,0,0,0,0,0,0,0,100,0,65789.66088867188,7131.187927246094,0,67221336064,8589930496,1398087680,457560064
200,1724148292473,1100,1100,900,800,800,800,800,1100,800,799,799,799,900,800,800,799,799,799,800,800,799,800,800,800,799,799,800,800,901,800,800,800,0,0,0,0,0,0,0,0,0,0,0,0,0,0,0,0,0,0,0,0,0,0,0,0,0,0,0,0,0,0,0,100,0,65800.15344238281,7140.0009765625,0,67221336064,8589930496,1398087680,457560064
200,1724148292673,1100,1100,900,800,800,800,800,1100,800,799,799,799,900,800,800,799,799,799,800,800,799,800,800,800,799,799,800,800,901,800,800,800,0,0,0,0,0,0,0,0,0,0,0,0,0,0,0,0,0,0,0,0,0,0,0,0,0,0,0,0,0,0,0,100,0,65810.64764404297,7148.8154296875,0,67221336064,8589930496,1398087680,457560064
200,1724148292874,1100,1100,900,800,800,800,800,1100,800,799,799,799,900,800,800,799,799,799,800,800,799,800,800,800,799,799,800,800,901,800,800,800,0,0,0,0,0,0,0,0,0,0,0,0,0,0,0,0,0,0,0,0,0,0,0,0,0,0,0,0,0,0,0,100,0,65821.20440673828,7157.6929931640625,0,67221336064,8589930496,1398087680,457560064
200,1724148293074,1100,1100,900,800,800,800,800,1100,800,799,799,799,900,800,800,799,799,799,800,800,799,800,800,800,799,799,800,800,901,800,800,800,0,0,0,0,0,0,0,0,0,0,0,0,0,0,0,0,0,0,0,0,0,0,0,0,0,0,0,0,0,0,0,100,0,65831.734375,7166.5419921875,0,67221336064,8589930496,1398087680,457560064
200,1724148293274,1100,1100,900,800,800,800,800,1100,800,799,799,799,900,800,800,799,799,799,800,800,799,800,800,800,799,799,800,800,901,800,800,800,0,0,0,0,0,0,0,0,0,0,0,0,0,0,0,0,0,0,0,0,0,0,0,0,0,0,0,0,0,0,0,100,0,65842.27032470703,7175.399841308594,0,67221336064,8589930496,1398087680,457560064
200,1724148293474,1100,1100,900,800,800,800,800,1100,800,799,799,799,900,800,800,799,799,799,800,800,799,800,800,800,799,799,800,800,901,800,800,800,0,0,0,0,0,0,0,0,0,0,0,0,0,0,0,0,0,0,0,0,0,0,0,0,0,0,0,0,0,0,0,100,0,65852.76599121094,7184.21533203125,0,67221336064,8589930496,1398087680,457560064
199,1724148293674,1100,1100,900,800,800,800,800,1100,800,799,799,799,900,800,800,799,799,799,800,800,799,800,800,800,799,799,800,800,901,800,800,800,0,0,0,0,0,0,0,0,0,0,0,0,0,0,0,0,0,0,0,0,0,0,0,0,0,0,0,0,0,0,0,100,0,65863.2583618164,7193.02783203125,0,67221336064,8589930496,1398067200,457560064
199,1724148293874,1100,1100,900,800,800,800,800,1100,800,799,799,799,900,800,800,799,799,799,800,800,799,800,800,800,799,799,800,800,901,800,800,800,0,0,0,0,0,0,0,0,0,0,0,0,0,0,0,0,0,0,0,0,0,0,0,0,0,0,0,0,0,0,0,100,0,65873.81384277344,7201.839050292969,0,67221336064,8589930496,1398067200,457560064
200,1724148294074,1100,1100,900,800,800,800,800,1100,800,799,799,799,900,800,800,799,799,799,800,800,799,800,800,800,799,799,800,800,901,800,800,800,0,0,0,0,0,0,0,0,0,0,0,0,0,0,0,0,0,0,0,0,0,0,0,0,0,0,0,0,0,0,0,100,0,65884.31610107422,7210.716979980469,0,67221336064,8589930496,1398067200,457560064
200,1724148294274,1100,1100,900,800,800,800,800,1100,800,799,799,799,900,800,800,799,799,799,800,800,799,800,800,800,799,799,800,800,901,800,800,800,0,0,0,0,0,0,0,0,0,0,0,0,0,0,0,0,0,0,0,0,0,0,0,0,0,0,0,0,0,0,0,100,0,65894.8154296875,7219.5433349609375,0,67221336064,8589930496,1398059008,457560064
200,1724148294474,1100,1100,900,800,800,800,800,1100,800,799,799,799,900,800,800,799,799,799,800,800,799,800,800,800,799,799,800,800,901,800,800,800,0,0,0,0,0,0,0,0,0,0,0,0,0,0,0,0,0,0,0,0,0,0,0,0,0,0,0,0,0,0,0,100,0,65905.35418701172,7228.3948974609375,0,67221336064,8589930496,1398059008,457560064
200,1724148294674,1100,1100,900,800,800,800,800,1100,800,799,799,799,900,800,800,799,799,799,800,800,799,800,800,800,799,799,800,800,901,800,800,800,0,0,0,0,0,0,0,0,0,0,0,0,0,0,0,0,0,0,0,0,0,0,0,0,0,0,0,0,0,0,0,100,0,65915.919921875,7237.280822753906,0,67221336064,8589930496,1398059008,457560064
200,1724148294874,1100,1100,900,800,800,800,800,1100,800,799,799,799,900,800,800,799,799,799,800,800,799,800,800,800,799,799,800,800,901,800,800,800,0,0,0,0,0,0,0,0,0,0,0,0,0,0,0,0,0,0,0,0,0,0,0,0,0,0,0,0,0,0,0,100,0,65926.51428222656,7246.1949462890625,0,67221336064,8589930496,1398059008,457560064
200,1724148295074,1100,1100,900,800,800,800,800,1100,800,799,799,799,900,800,800,799,799,799,800,800,799,800,800,800,799,799,800,800,901,800,800,800,0,0,0,0,0,0,0,0,0,0,0,0,0,0,0,0,0,0,0,0,0,0,0,0,0,0,0,0,0,0,0,100,0,65937.0009765625,7255.002624511719,0,67221336064,8589930496,1398059008,457560064
200,1724148295274,1100,1100,900,800,800,800,800,1100,800,799,799,799,900,800,800,799,799,799,800,800,799,800,800,800,799,799,800,800,901,800,800,800,0,0,0,0,0,0,0,0,0,0,0,0,0,0,0,0,0,0,0,0,0,0,0,0,0,0,0,0,0,0,0,100,0,65947.49938964844,7263.819763183594,0,67221336064,8589930496,1398059008,457560064
200,1724148295474,1100,1100,900,800,800,800,800,1100,800,799,799,799,900,800,800,799,799,799,800,800,799,800,800,800,799,799,800,800,901,800,800,800,0,0,0,0,0,0,0,0,0,0,0,0,0,0,0,0,0,0,0,0,0,0,0,0,0,0,0,0,0,0,0,100,0,65957.97576904297,7272.617492675781,0,67221336064,8589930496,1398059008,457560064
200,1724148295675,1100,1100,900,800,800,800,800,1100,800,799,799,799,900,800,800,799,799,799,800,800,799,800,800,800,799,799,800,800,901,800,800,800,0,0,0,0,0,0,0,0,0,0,0,0,0,0,0,0,0,0,0,0,0,0,0,0,0,0,0,0,0,0,0,100,0,65968.4580078125,7281.420349121094,0,67221336064,8589930496,1398059008,457560064
200,1724148295875,1100,1100,900,800,800,800,800,1100,800,799,799,799,900,800,800,799,799,799,800,800,799,800,800,800,799,799,800,800,901,800,800,800,0,0,0,0,0,0,0,0,0,0,0,0,0,0,0,0,0,0,0,0,0,0,0,0,0,0,0,0,0,0,0,100,0,65978.95947265625,7290.241516113281,0,67221336064,8589930496,1398059008,457560064
200,1724148296075,1100,1100,900,800,800,800,800,1100,800,799,799,799,900,800,800,799,799,799,800,800,799,800,800,800,799,799,800,800,901,800,800,800,0,0,0,0,0,0,0,0,0,0,0,0,0,0,0,0,0,0,0,0,0,0,0,0,0,0,0,0,0,0,0,100,0,65989.45434570313,7299.0562744140625,0,67221336064,8589930496,1398059008,457560064
200,1724148296275,1100,1100,900,800,800,800,800,1100,800,799,799,799,900,800,800,799,799,799,800,800,799,800,800,800,799,799,800,800,901,800,800,800,0,0,0,0,0,0,0,0,0,0,0,0,0,0,0,0,0,0,0,0,0,0,0,0,0,0,0,0,0,0,0,100,0,65999.94311523438,7307.864501953125,0,67221336064,8589930496,1398059008,457560064
200,1724148296475,1100,1100,900,800,800,800,800,1100,800,799,799,799,900,800,800,799,799,799,800,800,799,800,800,800,799,799,800,800,901,800,800,800,0,0,0,0,0,0,0,0,0,0,0,0,0,0,0,0,0,0,0,0,0,0,0,0,0,0,0,0,0,0,0,100,0,66010.43084716797,7316.6722412109375,0,67221336064,8589930496,1398059008,457560064
200,1724148296675,1100,1100,900,800,800,800,800,1100,800,799,799,799,900,800,800,799,799,799,800,800,799,800,800,800,799,799,800,800,901,800,800,800,0,0,0,0,0,0,0,0,0,0,0,0,0,0,0,0,0,0,0,0,0,0,0,0,0,0,0,0,0,0,0,100,0,66020.966796875,7325.5211181640625,0,67221336064,8589930496,1398059008,457560064
200,1724148296875,1100,1100,900,800,800,800,800,1100,800,799,799,799,900,800,800,799,799,799,800,800,799,800,800,800,799,799,800,800,901,800,800,800,0,0,0,0,0,0,0,0,0,0,0,0,0,0,0,0,0,0,0,0,0,0,0,0,0,0,0,0,0,0,0,100,0,66031.51110839844,7334.3829345703125,0,67221336064,8589930496,1398059008,457560064
200,1724148297075,1100,1100,900,800,800,800,800,1100,800,799,799,799,900,800,800,799,799,799,800,800,799,800,800,800,799,799,800,800,901,800,800,800,0,0,0,0,0,0,0,0,0,0,0,0,0,0,0,0,0,0,0,0,0,0,0,0,0,0,0,0,0,0,0,100,0,66042.04608154297,7343.239196777344,0,67221336064,8589930496,1398059008,457560064
200,1724148297275,1100,1100,900,800,800,800,800,1100,800,799,799,799,900,800,800,799,799,799,800,800,799,800,800,800,799,799,800,800,901,800,800,800,0,0,0,0,0,0,0,0,0,0,0,0,0,0,0,0,0,0,0,0,0,0,0,0,0,0,0,0,0,0,0,100,0,66052.61602783203,7352.127380371094,0,67221336064,8589930496,1398059008,457560064
200,1724148297475,1100,1100,900,800,800,800,800,1100,800,799,799,799,900,800,800,799,799,799,800,800,799,800,800,800,799,799,800,800,901,800,800,800,0,0,0,0,0,0,0,0,0,0,0,0,0,0,0,0,0,0,0,0,0,0,0,0,0,0,0,0,0,0,0,100,0,66063.10760498047,7360.93896484375,0,67221336064,8589930496,1398059008,457560064
200,1724148297676,1100,1100,900,800,800,800,800,1100,800,799,799,799,900,800,800,799,799,799,800,800,799,800,800,800,799,799,800,800,901,800,800,800,0,0,0,0,0,0,0,0,0,0,0,0,0,0,0,0,0,0,0,0,0,0,0,0,0,0,0,0,0,0,0,100,0,66073.58978271484,7369.7427978515625,0,67221336064,8589930496,1398059008,457560064
200,1724148297876,1100,1100,900,800,800,800,800,1100,800,799,799,799,900,800,800,799,799,799,800,800,799,800,800,800,799,799,800,800,901,800,800,800,0,0,0,0,0,0,0,0,0,0,0,0,0,0,0,0,0,0,0,0,0,0,0,0,0,0,0,0,0,0,0,100,0,66084.18145751953,7378.6522216796875,0,67221336064,8589930496,1398059008,457560064
200,1724148298076,1100,1100,900,800,800,800,800,1100,800,799,799,799,900,800,800,799,799,799,800,800,799,800,800,800,799,799,800,800,901,800,800,800,0,0,0,0,0,0,0,0,0,0,0,0,0,0,0,0,0,0,0,0,0,0,0,0,0,0,0,0,0,0,0,100,0,66094.68371582031,7387.470947265625,0,67221336064,8589930496,1398059008,457560064
200,1724148298276,1100,1100,900,800,800,800,800,1100,800,799,799,799,900,800,800,799,799,799,800,800,799,800,800,800,799,799,800,800,901,800,800,800,0,0,0,0,0,0,0,0,0,0,0,0,0,0,0,0,0,0,0,0,0,0,0,0,0,0,0,0,0,0,0,100,0,66105.18334960938,7396.29052734375,0,67221336064,8589930496,1398059008,457560064
200,1724148298476,1100,1100,900,800,800,800,800,1100,800,799,799,799,900,800,800,799,799,799,800,800,799,800,800,800,799,799,800,800,901,800,800,800,0,0,0,0,0,0,0,0,0,0,0,0,0,0,0,0,0,0,0,0,0,0,0,0,0,0,0,0,0,0,0,100,0,66115.67706298828,7405.104064941406,0,67221336064,8589930496,1398059008,457560064
200,1724148298676,1100,1100,900,800,800,800,800,1100,800,799,799,799,900,800,800,799,799,799,800,800,799,800,800,800,799,799,800,800,901,800,800,800,0,0,0,0,0,0,0,0,0,0,0,0,0,0,0,0,0,0,0,0,0,0,0,0,0,0,0,0,0,0,0,100,0,66126.33880615234,7414.039794921875,0,67221336064,8589930496,1398059008,457560064
200,1724148298876,1100,1100,900,800,800,800,800,1100,800,799,799,799,900,800,800,799,799,799,800,800,799,800,800,800,799,799,800,800,901,800,800,800,0,0,0,0,0,0,0,0,0,0,0,0,0,0,0,0,0,0,0,0,0,0,0,0,0,0,0,0,0,0,0,100,0,66136.77905273438,7422.8463134765625,0,67221336064,8589930496,1398059008,457560064
200,1724148299076,1100,1100,900,800,800,800,800,1100,800,799,799,799,900,800,800,799,799,799,800,800,799,800,800,800,799,799,800,800,901,800,800,800,0,0,0,0,0,0,0,0,0,0,0,0,0,0,0,0,0,0,0,0,0,0,0,0,0,0,0,0,0,0,0,100,0,66147.27697753906,7431.6639404296875,0,67221336064,8589930496,1398059008,457560064
200,1724148299276,1100,1100,900,800,800,800,800,1100,800,799,799,799,900,800,800,799,799,799,800,800,799,800,800,800,799,799,800,800,901,800,800,800,0,0,0,0,0,0,0,0,0,0,0,0,0,0,0,0,0,0,0,0,0,0,0,0,0,0,0,0,0,0,0,100,0,66158.04412841797,7440.7427978515625,0,67221336064,8589930496,1398059008,457560064
200,1724148299476,1100,1100,900,800,800,800,800,1100,800,799,799,799,900,800,800,799,799,799,800,800,799,800,800,800,799,799,800,800,901,800,800,800,0,0,0,0,0,0,0,0,0,0,0,0,0,0,0,0,0,0,0,0,0,0,0,0,0,0,0,0,0,0,0,100,0,66168.54553222656,7449.563232421875,0,67221336064,8589930496,1398059008,457560064
200,1724148299676,1100,1100,900,800,800,800,800,1100,800,799,799,799,900,800,800,799,799,799,800,800,799,800,800,800,799,799,800,800,901,800,800,800,0,0,0,0,0,0,0,0,0,0,0,0,0,0,0,0,0,0,0,0,0,0,0,0,0,0,0,0,0,0,0,100,0,66179.04125976563,7458.3787841796875,0,67221336064,8589930496,1398059008,457560064
200,1724148299877,1100,1100,900,800,800,800,800,1100,800,799,799,799,900,800,800,799,799,799,800,800,799,800,800,800,799,799,800,800,901,800,800,800,0,0,0,0,0,0,0,0,0,0,0,0,0,0,0,0,0,0,0,0,0,0,0,0,0,0,0,0,0,0,0,100,0,66189.52178955078,7467.18115234375,0,67221336064,8589930496,1398059008,457560064
200,1724148300077,1100,1100,900,800,800,800,800,1100,800,799,799,799,900,800,800,799,799,799,800,800,799,800,800,800,799,799,800,800,901,800,800,800,0,0,0,0,0,0,0,0,0,0,0,0,0,0,0,0,0,0,0,0,0,0,0,0,0,0,0,0,0,0,0,100,0,66200.03039550781,7476.0087890625,0,67221336064,8589930496,1398054912,457560064
200,1724148300277,1100,1100,900,800,800,800,800,1100,800,799,799,799,900,800,800,799,799,799,800,800,799,800,800,800,799,799,800,800,901,800,800,800,0,0,0,0,0,0,0,0,0,0,0,0,0,0,0,0,0,0,0,0,0,0,0,0,0,0,0,0,0,0,0,100,0,66210.5385131836,7484.8345947265625,0,67221336064,8589930496,1398054912,457560064
200,1724148300477,1100,1100,900,800,800,800,800,1100,800,799,799,799,900,800,800,799,799,799,800,800,799,800,800,800,799,799,800,800,901,800,800,800,0,0,0,0,0,0,0,0,0,0,0,0,0,0,0,0,0,0,0,0,0,0,0,0,0,0,0,0,0,0,0,100,0,66221.03466796875,7493.649963378906,0,67221336064,8589930496,1398054912,457560064
200,1724148300677,1100,1100,900,800,800,800,800,1100,800,799,799,799,900,800,800,799,799,799,800,800,799,800,800,800,799,799,800,800,901,800,800,800,0,0,0,0,0,0,0,0,0,0,0,0,0,0,0,0,0,0,0,0,0,0,0,0,0,0,0,0,0,0,0,100,0,66231.5161743164,7502.451904296875,0,67221336064,8589930496,1398312960,457560064
200,1724148300877,1100,1100,900,800,800,800,800,1100,800,799,799,799,900,800,800,799,799,799,800,800,799,800,800,800,799,799,800,800,901,800,800,800,0,0,0,0,0,0,0,0,0,0,0,0,0,0,0,0,0,0,0,0,0,0,0,0,0,0,0,0,0,0,0,100,0,66241.990234375,7511.247314453125,0,67221336064,8589930496,1398312960,457560064
200,1724148301077,1100,1100,900,800,800,800,800,1100,800,799,799,799,900,800,800,799,799,799,800,800,799,800,800,800,799,799,800,800,901,800,800,800,0,0,0,0,0,0,0,0,0,0,0,0,0,0,0,0,0,0,0,0,0,0,0,0,0,0,0,0,0,0,0,100,0,66252.52642822266,7520.0455322265625,0,67221336064,8589930496,1398312960,457560064
199,1724148301277,1100,1100,900,800,800,800,800,1100,800,799,799,799,900,800,800,799,799,799,800,800,799,800,800,800,799,799,800,800,901,800,800,800,0,0,0,0,0,0,0,0,0,0,0,0,0,0,0,0,0,0,0,0,0,0,0,0,0,0,0,0,0,0,0,100,0,66263.00915527344,7528.898864746094,0,67221336064,8589930496,1398312960,457560064
200,1724148301477,1100,1100,900,800,800,800,800,1100,800,799,799,799,900,800,800,799,799,799,800,800,799,800,800,800,799,799,800,800,901,800,800,800,0,0,0,0,0,0,0,0,0,0,0,0,0,0,0,0,0,0,0,0,0,0,0,0,0,0,0,0,0,0,0,100,0,66273.62414550781,7537.835205078125,0,67221336064,8589930496,1399087104,457560064
200,1724148301677,1100,1100,900,800,800,800,800,1100,800,799,799,799,900,800,800,799,799,799,800,800,799,800,800,800,799,799,800,800,901,800,800,800,0,0,0,0,0,0,0,0,0,0,0,0,0,0,0,0,0,0,0,0,0,0,0,0,0,0,0,0,0,0,0,100,0,66284.34759521484,7546.864013671875,0,67221336064,8589930496,1399087104,457560064
200,1724148301877,1100,1100,900,800,800,800,800,1100,800,799,799,799,900,800,800,799,799,799,800,800,799,800,800,800,799,799,800,800,901,800,800,800,0,0,0,0,0,0,0,0,0,0,0,0,0,0,0,0,0,0,0,0,0,0,0,0,0,0,0,0,0,0,0,100,0,66294.83386230469,7555.671813964844,0,67221336064,8589930496,1399087104,457560064
200,1724148302077,1100,1100,900,800,800,800,800,1100,800,799,799,799,900,800,800,799,799,799,800,800,799,800,800,800,799,799,800,800,901,800,800,800,0,0,0,0,0,0,0,0,0,0,0,0,0,0,0,0,0,0,0,0,0,0,0,0,0,0,0,0,0,0,0,100,0,66305.34033203125,7564.497741699219,0,67221336064,8589930496,1399345152,457560064
200,1724148302278,1100,1100,900,800,800,800,800,1100,800,799,799,799,900,800,800,799,799,799,800,800,799,800,800,800,799,799,800,800,901,800,800,800,0,0,0,0,0,0,0,0,0,0,0,0,0,0,0,0,0,0,0,0,0,0,0,0,0,0,0,0,0,0,0,100,0,66315.9409790039,7573.416198730469,0,67221336064,8589930496,1399345152,457560064
200,1724148302478,1100,1100,900,800,800,800,800,1100,800,799,799,799,900,800,800,799,799,799,800,800,799,800,800,800,799,799,800,800,901,800,800,800,0,0,0,0,0,0,0,0,0,0,0,0,0,0,0,0,0,0,0,0,0,0,0,0,0,0,0,0,0,0,0,100,0,66326.42163085938,7582.217346191406,0,67221336064,8589930496,1399345152,457560064
200,1724148302678,1100,1100,900,800,800,800,800,1100,800,799,799,799,900,800,800,799,799,799,800,800,799,800,800,800,799,799,800,800,901,800,800,800,0,0,0,0,0,0,0,0,0,0,0,0,0,0,0,0,0,0,0,0,0,0,0,0,0,0,0,0,0,0,0,100,0,66336.9193725586,7591.034729003906,0,67221336064,8589930496,1399345152,457560064
200,1724148302878,1100,1100,900,800,800,800,800,1100,800,799,799,799,900,800,800,799,799,799,800,800,799,800,800,800,799,799,800,800,901,800,800,800,0,0,0,0,0,0,0,0,0,0,0,0,0,0,0,0,0,0,0,0,0,0,0,0,0,0,0,0,0,0,0,100,0,66347.4185180664,7599.8538818359375,0,67221336064,8589930496,1399345152,457560064
200,1724148303078,1100,1100,900,800,800,800,800,1100,800,799,799,799,900,800,800,799,799,799,800,800,799,800,800,800,799,799,800,800,901,800,800,800,0,0,0,0,0,0,0,0,0,0,0,0,0,0,0,0,0,0,0,0,0,0,0,0,0,0,0,0,0,0,0,100,0,66357.9140625,7608.668884277344,0,67221336064,8589930496,1399345152,457560064
200,1724148303278,1100,1100,900,800,800,800,800,1100,800,799,799,799,900,800,800,799,799,799,800,800,799,800,800,800,799,799,800,800,901,800,800,800,0,0,0,0,0,0,0,0,0,0,0,0,0,0,0,0,0,0,0,0,0,0,0,0,0,0,0,0,0,0,0,100,0,66368.40533447266,7617.479919433594,0,67221336064,8589930496,1399345152,457560064
200,1724148303478,1100,1100,900,800,800,800,800,1100,800,799,799,799,900,800,800,799,799,799,800,800,799,800,800,800,799,799,800,800,901,800,800,800,0,0,0,0,0,0,0,0,0,0,0,0,0,0,0,0,0,0,0,0,0,0,0,0,0,0,0,0,0,0,0,100,0,66378.93298339844,7626.322082519531,0,67221336064,8589930496,1399345152,457560064
200,1724148303678,1100,1100,900,800,800,800,800,1100,800,799,799,799,900,800,800,799,799,799,800,800,799,800,800,800,799,799,800,800,901,800,800,800,0,0,0,0,0,0,0,0,0,0,0,0,0,0,0,0,0,0,0,0,0,0,0,0,0,0,0,0,0,0,0,100,0,66389.52685546875,7635.236328125,0,67221336064,8589930496,1399345152,457560064
200,1724148303878,1100,1100,900,800,800,800,800,1100,800,799,799,799,900,800,800,799,799,799,800,800,799,800,800,800,799,799,800,800,901,800,800,800,0,0,0,0,0,0,0,0,0,0,0,0,0,0,0,0,0,0,0,0,0,0,0,0,0,0,0,0,0,0,0,100,0,66400.23559570313,7644.2635498046875,0,67221336064,8589930496,1399345152,457560064
200,1724148304078,1100,1100,900,800,800,800,800,1100,800,799,799,799,900,800,800,799,799,799,800,800,799,800,800,800,799,799,800,800,901,800,800,800,0,0,0,0,0,0,0,0,0,0,0,0,0,0,0,0,0,0,0,0,0,0,0,0,0,0,0,0,0,0,0,100,0,66410.7289428711,7653.0770263671875,0,67221336064,8589930496,1399345152,457560064
200,1724148304279,1100,1100,900,800,800,800,800,1100,800,799,799,799,900,800,800,799,799,799,800,800,799,800,800,800,799,799,800,800,901,800,800,800,0,0,0,0,0,0,0,0,0,0,0,0,0,0,0,0,0,0,0,0,0,0,0,0,0,0,0,0,0,0,0,100,0,66421.20672607422,7661.8775634765625,0,67221336064,8589930496,1399345152,457560064
200,1724148304479,1100,1100,900,800,800,800,800,1100,800,799,799,799,900,800,800,799,799,799,800,800,799,800,800,800,799,799,800,800,901,800,800,800,0,0,0,0,0,0,0,0,0,0,0,0,0,0,0,0,0,0,0,0,0,0,0,0,0,0,0,0,0,0,0,100,0,66431.71630859375,7670.704406738281,0,67221336064,8589930496,1399341056,457560064
200,1724148304679,1100,1100,900,800,800,800,800,1100,800,799,799,799,900,800,800,799,799,799,800,800,799,800,800,800,799,799,800,800,901,800,800,800,0,0,0,0,0,0,0,0,0,0,0,0,0,0,0,0,0,0,0,0,0,0,0,0,0,0,0,0,0,0,0,100,0,66442.20330810547,7679.512451171875,0,67221336064,8589930496,1399341056,457560064
200,1724148304879,1100,1100,900,800,800,800,800,1100,800,799,799,799,900,800,800,799,799,799,800,800,799,800,800,800,799,799,800,800,901,800,800,800,0,0,0,0,0,0,0,0,0,0,0,0,0,0,0,0,0,0,0,0,0,0,0,0,0,0,0,0,0,0,0,100,0,66452.68676757813,7688.3184814453125,0,67221336064,8589930496,1399341056,457560064
200,1724148305079,1100,1100,900,800,800,800,800,1100,800,799,799,799,900,800,800,799,799,799,800,800,799,800,800,800,799,799,800,800,901,800,800,800,0,0,0,0,0,0,0,0,0,0,0,0,0,0,0,0,0,0,0,0,0,0,0,0,0,0,0,0,0,0,0,100,0,66463.19158935547,7697.140625,0,67221336064,8589930496,1399341056,457560064
200,1724148305279,1100,1100,900,800,800,800,800,1100,800,799,799,799,900,800,800,799,799,799,800,800,799,800,800,800,799,799,800,800,901,800,800,800,0,0,0,0,0,0,0,0,0,0,0,0,0,0,0,0,0,0,0,0,0,0,0,0,0,0,0,0,0,0,0,100,0,66473.6802368164,7705.95068359375,0,67221336064,8589930496,1399341056,457560064
200,1724148305479,1100,1100,900,800,800,800,800,1100,800,799,799,799,900,800,800,799,799,799,800,800,799,800,800,800,799,799,800,800,901,800,800,800,0,0,0,0,0,0,0,0,0,0,0,0,0,0,0,0,0,0,0,0,0,0,0,0,0,0,0,0,0,0,0,100,0,66484.22003173828,7714.802429199219,0,67221336064,8589930496,1399341056,457560064
200,1724148305679,1100,1100,900,800,800,800,800,1100,800,799,799,799,900,800,800,799,799,799,800,800,799,800,800,800,799,799,800,800,901,800,800,800,0,0,0,0,0,0,0,0,0,0,0,0,0,0,0,0,0,0,0,0,0,0,0,0,0,0,0,0,0,0,0,100,0,66494.73406982422,7723.644775390625,0,67221336064,8589930496,1399341056,457560064
200,1724148305879,1100,1100,900,800,800,800,800,1100,800,799,799,799,900,800,800,799,799,799,800,800,799,800,800,800,799,799,800,800,901,800,800,800,0,0,0,0,0,0,0,0,0,0,0,0,0,0,0,0,0,0,0,0,0,0,0,0,0,0,0,0,0,0,0,100,0,66505.27917480469,7732.501708984375,0,67221336064,8589930496,1399341056,457560064
200,1724148306079,1100,1100,900,800,800,800,800,1100,800,799,799,799,900,800,800,799,799,799,800,800,799,800,800,800,799,799,800,800,901,800,800,800,0,0,0,0,0,0,0,0,0,0,0,0,0,0,0,0,0,0,0,0,0,0,0,0,0,0,0,0,0,0,0,100,0,66515.7827758789,7741.3211669921875,0,67221336064,8589930496,1399341056,457560064
200,1724148306279,1100,1100,900,800,800,800,800,1100,800,799,799,799,900,800,800,799,799,799,800,800,799,800,800,800,799,799,800,800,901,800,800,800,0,0,0,0,0,0,0,0,0,0,0,0,0,0,0,0,0,0,0,0,0,0,0,0,0,0,0,0,0,0,0,100,0,66526.39483642578,7750.251647949219,0,67221336064,8589930496,1399341056,457560064
200,1724148306480,1100,1100,900,800,800,800,800,1100,800,799,799,799,900,800,800,799,799,799,800,800,799,800,800,800,799,799,800,800,901,800,800,800,0,0,0,0,0,0,0,0,0,0,0,0,0,0,0,0,0,0,0,0,0,0,0,0,0,0,0,0,0,0,0,100,0,66536.87396240234,7759.0518798828125,0,67221336064,8589930496,1399341056,457560064
200,1724148306680,1100,1100,900,800,800,800,800,1100,800,799,799,799,900,800,800,799,799,799,800,800,799,800,800,800,799,799,800,800,901,800,800,800,0,0,0,0,0,0,0,0,0,0,0,0,0,0,0,0,0,0,0,0,0,0,0,0,0,0,0,0,0,0,0,100,0,66547.37377929688,7767.87109375,0,67221336064,8589930496,1399341056,457560064
200,1724148306880,1100,1100,900,800,800,800,800,1100,800,799,799,799,900,800,800,799,799,799,800,800,799,800,800,800,799,799,800,800,901,800,800,800,0,0,0,0,0,0,0,0,0,0,0,0,0,0,0,0,0,0,0,0,0,0,0,0,0,0,0,0,0,0,0,100,0,66557.91424560547,7776.730407714844,0,67221336064,8589930496,1399341056,457560064
200,1724148307080,1100,1100,900,800,800,800,800,1100,800,799,799,799,900,800,800,799,799,799,800,800,799,800,800,800,799,799,800,800,901,800,800,800,0,0,0,0,0,0,0,0,0,0,0,0,0,0,0,0,0,0,0,0,0,0,0,0,0,0,0,0,0,0,0,100,0,66568.43933105469,7785.5736083984375,0,67221336064,8589930496,1399341056,457560064
200,1724148307280,1100,1100,900,800,800,800,800,1100,800,799,799,799,900,800,800,799,799,799,800,800,799,800,800,800,799,799,800,800,901,800,800,800,0,0,0,0,0,0,0,0,0,0,0,0,0,0,0,0,0,0,0,0,0,0,0,0,0,0,0,0,0,0,0,100,0,66578.97668457031,7794.432922363281,0,67221336064,8589930496,1399341056,457560064
200,1724148307480,1100,1100,900,800,800,800,800,1100,800,799,799,799,900,800,800,799,799,799,800,800,799,800,800,800,799,799,800,800,901,800,800,800,0,0,0,0,0,0,0,0,0,0,0,0,0,0,0,0,0,0,0,0,0,0,0,0,0,0,0,0,0,0,0,100,0,66589.48217773438,7803.2569580078125,0,67221336064,8589930496,1399341056,457560064
200,1724148307680,1100,1100,900,800,800,800,800,1100,800,799,799,799,900,800,800,799,799,799,800,800,799,800,800,800,799,799,800,800,901,800,800,800,0,0,0,0,0,0,0,0,0,0,0,0,0,0,0,0,0,0,0,0,0,0,0,0,0,0,0,0,0,0,0,100,0,66599.9653930664,7812.061706542969,0,67221336064,8589930496,1399341056,457560064
200,1724148307880,1100,1100,900,800,800,800,800,1100,800,799,799,799,900,800,800,799,799,799,800,800,799,800,800,800,799,799,800,800,901,800,800,800,0,0,0,0,0,0,0,0,0,0,0,0,0,0,0,0,0,0,0,0,0,0,0,0,0,0,0,0,0,0,0,100,0,66610.6323852539,7821.04052734375,0,67221336064,8589930496,1399341056,457560064
200,1724148308080,1100,1100,900,800,800,800,800,1100,800,799,799,799,900,800,800,799,799,799,800,800,799,800,800,800,799,799,800,800,901,800,800,800,0,0,0,0,0,0,0,0,0,0,0,0,0,0,0,0,0,0,0,0,0,0,0,0,0,0,0,0,0,0,0,100,0,66621.1146850586,7829.843566894531,0,67221336064,8589930496,1399341056,457560064
200,1724148308280,1100,1100,900,800,800,800,800,1100,800,799,799,799,900,800,800,799,799,799,800,800,799,800,800,800,799,799,800,800,901,800,800,800,0,0,0,0,0,0,0,0,0,0,0,0,0,0,0,0,0,0,0,0,0,0,0,0,0,0,0,0,0,0,0,100,0,66631.60772705078,7838.656982421875,0,67221336064,8589930496,1399341056,457560064
200,1724148308481,1100,1100,900,800,800,800,800,1100,800,799,799,799,900,800,800,799,799,799,800,800,799,800,800,800,799,799,800,800,901,800,800,800,0,0,0,0,0,0,0,0,0,0,0,0,0,0,0,0,0,0,0,0,0,0,0,0,0,0,0,0,0,0,0,100,0,66642.0961303711,7847.4656982421875,0,67221336064,8589930496,1399341056,457560064
200,1724148308681,1100,1100,900,800,800,800,800,1100,800,799,799,799,900,800,800,799,799,799,800,800,799,800,800,800,799,799,800,800,901,800,800,800,0,0,0,0,0,0,0,0,0,0,0,0,0,0,0,0,0,0,0,0,0,0,0,0,0,0,0,0,0,0,0,100,0,66652.58282470703,7856.272705078125,0,67221336064,8589930496,1399341056,457560064
200,1724148308881,1100,1100,900,800,800,800,800,1100,800,799,799,799,900,800,800,799,799,799,800,800,799,800,800,800,799,799,800,800,901,800,800,800,0,0,0,0,0,0,0,0,0,0,0,0,0,0,0,0,0,0,0,0,0,0,0,0,0,0,0,0,0,0,0,100,0,66663.07000732422,7865.081237792969,0,67221336064,8589930496,1399341056,457560064
200,1724148309081,1100,1100,900,800,800,800,800,1100,800,799,799,799,900,800,800,799,799,799,800,800,799,800,800,800,799,799,800,800,901,800,800,800,0,0,0,0,0,0,0,0,0,0,0,0,0,0,0,0,0,0,0,0,0,0,0,0,0,0,0,0,0,0,0,100,0,66673.57415771484,7873.9039306640625,0,67221336064,8589930496,1399341056,457560064
200,1724148309281,1100,1100,900,800,800,800,800,1100,800,799,799,799,900,800,800,799,799,799,800,800,799,800,800,800,799,799,800,800,901,800,800,800,0,0,0,0,0,0,0,0,0,0,0,0,0,0,0,0,0,0,0,0,0,0,0,0,0,0,0,0,0,0,0,100,0,66684.07604980469,7882.725036621094,0,67221336064,8589930496,1399341056,457560064
200,1724148309481,1100,1100,900,800,800,800,800,1100,800,799,799,799,900,800,800,799,799,799,800,800,799,800,800,800,799,799,800,800,901,800,800,800,0,0,0,0,0,0,0,0,0,0,0,0,0,0,0,0,0,0,0,0,0,0,0,0,0,0,0,0,0,0,0,100,0,66694.56689453125,7891.535461425781,0,67221336064,8589930496,1399341056,457560064
200,1724148309681,1100,1100,900,800,800,800,800,1100,800,799,799,799,900,800,800,799,799,799,800,800,799,800,800,800,799,799,800,800,901,800,800,800,0,0,0,0,0,0,0,0,0,0,0,0,0,0,0,0,0,0,0,0,0,0,0,0,0,0,0,0,0,0,0,100,0,66705.09558105469,7900.3463134765625,0,67221336064,8589930496,1399341056,457560064
200,1724148309881,1100,1100,900,800,800,800,800,1100,800,799,799,799,900,800,800,799,799,799,800,800,799,800,800,800,799,799,800,800,901,800,800,800,0,0,0,0,0,0,0,0,0,0,0,0,0,0,0,0,0,0,0,0,0,0,0,0,0,0,0,0,0,0,0,100,0,66715.53900146484,7909.149841308594,0,67221336064,8589930496,1399341056,457560064
200,1724148310081,1100,1100,900,800,800,800,800,1100,800,799,799,799,900,800,800,799,799,799,800,800,799,800,800,800,799,799,800,800,901,800,800,800,0,0,0,0,0,0,0,0,0,0,0,0,0,0,0,0,0,0,0,0,0,0,0,0,0,0,0,0,0,0,0,100,0,66726.2466430664,7918.164489746094,0,67221336064,8589930496,1399341056,457560064
200,1724148310281,1100,1100,900,800,800,800,800,1100,800,799,799,799,900,800,800,799,799,799,800,800,799,800,800,800,799,799,800,800,901,800,800,800,0,0,0,0,0,0,0,0,0,0,0,0,0,0,0,0,0,0,0,0,0,0,0,0,0,0,0,0,0,0,0,100,0,66736.74127197266,7926.97802734375,0,67221336064,8589930496,1399341056,457560064
200,1724148310481,1100,1100,900,800,800,800,800,1100,800,799,799,799,900,800,800,799,799,799,800,800,799,800,800,800,799,799,800,800,901,800,800,800,0,0,0,0,0,0,0,0,0,0,0,0,0,0,0,0,0,0,0,0,0,0,0,0,0,0,0,0,0,0,0,100,0,66747.21551513672,7935.7744140625,0,67221336064,8589930496,1399341056,457560064
200,1724148310682,1100,1100,900,800,800,800,800,1100,800,799,799,799,900,800,800,799,799,799,800,800,799,800,800,800,799,799,800,800,901,800,800,800,0,0,0,0,0,0,0,0,0,0,0,0,0,0,0,0,0,0,0,0,0,0,0,0,0,0,0,0,0,0,0,100,0,66757.72064208984,7944.5970458984375,0,67221336064,8589930496,1399341056,457560064
200,1724148310882,1100,1100,900,800,800,800,800,1100,800,799,799,799,900,800,800,799,799,799,800,800,799,800,800,800,799,799,800,800,901,800,800,800,0,0,0,0,0,0,0,0,0,0,0,0,0,0,0,0,0,0,0,0,0,0,0,0,0,0,0,0,0,0,0,100,0,66768.2216796875,7953.418029785156,0,67221336064,8589930496,1399328768,457560064
200,1724148311082,1100,1100,900,800,800,800,800,1100,800,799,799,799,900,800,800,799,799,799,800,800,799,800,800,800,799,799,800,800,901,800,800,800,0,0,0,0,0,0,0,0,0,0,0,0,0,0,0,0,0,0,0,0,0,0,0,0,0,0,0,0,0,0,0,100,0,66778.69915771484,7962.216857910156,0,67221336064,8589930496,1399328768,457560064
200,1724148311282,1100,1100,900,800,800,800,800,1100,800,799,799,799,900,800,800,799,799,799,800,800,799,800,800,800,799,799,800,800,901,800,800,800,0,0,0,0,0,0,0,0,0,0,0,0,0,0,0,0,0,0,0,0,0,0,0,0,0,0,0,0,0,0,0,100,0,66789.19647216797,7971.033203125,0,67221336064,8589930496,1399328768,457560064
200,1724148311482,1100,1100,900,800,800,800,800,1100,800,799,799,799,900,800,800,799,799,799,800,800,799,800,800,800,799,799,800,800,901,800,800,800,0,0,0,0,0,0,0,0,0,0,0,0,0,0,0,0,0,0,0,0,0,0,0,0,0,0,0,0,0,0,0,100,0,66799.69842529297,7979.853515625,0,67221336064,8589930496,1399328768,457560064
200,1724148311682,1100,1100,900,800,800,800,800,1100,800,799,799,799,900,800,800,799,799,799,800,800,799,800,800,800,799,799,800,800,901,800,800,800,0,0,0,0,0,0,0,0,0,0,0,0,0,0,0,0,0,0,0,0,0,0,0,0,0,0,0,0,0,0,0,100,0,66810.17541503906,7988.65283203125,0,67221336064,8589930496,1399328768,457560064
200,1724148311882,1100,1100,900,800,800,800,800,1100,800,799,799,799,900,800,800,799,799,799,800,800,799,800,800,800,799,799,800,800,901,800,800,800,0,0,0,0,0,0,0,0,0,0,0,0,0,0,0,0,0,0,0,0,0,0,0,0,0,0,0,0,0,0,0,100,0,66820.67852783203,7997.473876953125,0,67221336064,8589930496,1399328768,457560064
200,1724148312082,1100,1100,900,800,800,800,800,1100,800,799,799,799,900,800,800,799,799,799,800,800,799,800,800,800,799,799,800,800,901,800,800,800,0,0,0,0,0,0,0,0,0,0,0,0,0,0,0,0,0,0,0,0,0,0,0,0,0,0,0,0,0,0,0,100,0,66831.30297851563,8006.411071777344,0,67221336064,8589930496,1399328768,457560064
200,1724148312282,1100,1100,900,800,800,800,800,1100,800,799,799,799,900,800,800,799,799,799,800,800,799,800,800,800,799,799,800,800,901,800,800,800,0,0,0,0,0,0,0,0,0,0,0,0,0,0,0,0,0,0,0,0,0,0,0,0,0,0,0,0,0,0,0,100,0,66841.79620361328,8015.222839355469,0,67221336064,8589930496,1399328768,457560064
200,1724148312482,1100,1100,900,800,800,800,800,1100,800,799,799,799,900,800,800,799,799,799,800,800,799,800,800,800,799,799,800,800,901,800,800,800,0,0,0,0,0,0,0,0,0,0,0,0,0,0,0,0,0,0,0,0,0,0,0,0,0,0,0,0,0,0,0,100,0,66852.27185058594,8024.020690917969,0,67221336064,8589930496,1399328768,457560064
200,1724148312683,1100,1100,900,800,800,800,800,1100,800,799,799,799,900,800,800,799,799,799,800,800,799,800,800,800,799,799,800,800,901,800,800,800,0,0,0,0,0,0,0,0,0,0,0,0,0,0,0,0,0,0,0,0,0,0,0,0,0,0,0,0,0,0,0,100,0,66862.75567626953,8032.823059082031,0,67221336064,8589930496,1399328768,457560064
200,1724148312883,1100,1100,900,800,800,800,800,1100,800,799,799,799,900,800,800,799,799,799,800,800,799,800,800,800,799,799,800,800,901,800,800,800,0,0,0,0,0,0,0,0,0,0,0,0,0,0,0,0,0,0,0,0,0,0,0,0,0,0,0,0,0,0,0,100,0,66873.2484741211,8041.636291503906,0,67221336064,8589930496,1399328768,457560064
200,1724148313083,1100,1100,900,800,800,800,800,1100,800,799,799,799,900,800,800,799,799,799,800,800,799,800,800,800,799,799,800,800,901,800,800,800,0,0,0,0,0,0,0,0,0,0,0,0,0,0,0,0,0,0,0,0,0,0,0,0,0,0,0,0,0,0,0,100,0,66883.74853515625,8050.4534912109375,0,67221336064,8589930496,1399328768,457560064
200,1724148313283,1100,1100,900,800,800,800,800,1100,800,799,799,799,900,800,800,799,799,799,800,800,799,800,800,800,799,799,800,800,901,800,800,800,0,0,0,0,0,0,0,0,0,0,0,0,0,0,0,0,0,0,0,0,0,0,0,0,0,0,0,0,0,0,0,100,0,66894.2660522461,8059.288757324219,0,67221336064,8589930496,1399328768,457560064
200,1724148313483,1100,1100,900,800,800,800,800,1100,800,799,799,799,900,800,800,799,799,799,800,800,799,800,800,800,799,799,800,800,901,800,800,800,0,0,0,0,0,0,0,0,0,0,0,0,0,0,0,0,0,0,0,0,0,0,0,0,0,0,0,0,0,0,0,100,0,66904.75146484375,8068.09521484375,0,67221336064,8589930496,1399328768,457560064
200,1724148313683,1100,1100,900,800,800,800,800,1100,800,799,799,799,900,800,800,799,799,799,800,800,799,800,800,800,799,799,800,800,901,800,800,800,0,0,0,0,0,0,0,0,0,0,0,0,0,0,0,0,0,0,0,0,0,0,0,0,0,0,0,0,0,0,0,100,0,66915.2485961914,8076.9119873046875,0,67221336064,8589930496,1399328768,457560064
200,1724148313883,1100,1100,900,800,800,800,800,1100,800,799,799,799,900,800,800,799,799,799,800,800,799,800,800,800,799,799,800,800,901,800,800,800,0,0,0,0,0,0,0,0,0,0,0,0,0,0,0,0,0,0,0,0,0,0,0,0,0,0,0,0,0,0,0,100,0,66925.74230957031,8085.726013183594,0,67221336064,8589930496,1399328768,457560064
200,1724148314083,1100,1100,900,800,800,800,800,1100,800,799,799,799,900,800,800,799,799,799,800,800,799,800,800,800,799,799,800,800,901,800,800,800,0,0,0,0,0,0,0,0,0,0,0,0,0,0,0,0,0,0,0,0,0,0,0,0,0,0,0,0,0,0,0,100,0,66936.34967041016,8094.6531982421875,0,67221336064,8589930496,1399324672,457560064
200,1724148314283,1100,1100,900,800,800,800,800,1100,800,799,799,799,900,800,800,799,799,799,800,800,799,800,800,800,799,799,800,800,901,800,800,800,0,0,0,0,0,0,0,0,0,0,0,0,0,0,0,0,0,0,0,0,0,0,0,0,0,0,0,0,0,0,0,100,0,66947.02911376953,8103.6422119140625,0,67221336064,8589930496,1399324672,457560064
200,1724148314483,1100,1100,900,800,800,800,800,1100,800,799,799,799,900,800,800,799,799,799,800,800,799,800,800,800,799,799,800,800,901,800,800,800,0,0,0,0,0,0,0,0,0,0,0,0,0,0,0,0,0,0,0,0,0,0,0,0,0,0,0,0,0,0,0,100,0,66957.58660888672,8112.521240234375,0,67221336064,8589930496,1399324672,457560064
200,1724148314684,1100,1100,900,800,800,800,800,1100,800,799,799,799,900,800,800,799,799,799,800,800,799,800,800,800,799,799,800,800,901,800,800,800,0,0,0,0,0,0,0,0,0,0,0,0,0,0,0,0,0,0,0,0,0,0,0,0,0,0,0,0,0,0,0,100,0,66968.08776855469,8121.3408203125,0,67221336064,8589930496,1399324672,457560064
200,1724148314884,1100,1100,900,800,800,800,800,1100,800,799,799,799,900,800,800,799,799,799,800,800,799,800,800,800,799,799,800,800,901,800,800,800,0,0,0,0,0,0,0,0,0,0,0,0,0,0,0,0,0,0,0,0,0,0,0,0,0,0,0,0,0,0,0,100,0,66978.64349365234,8130.217224121094,0,67221336064,8589930496,1399324672,457560064
200,1724148315084,1100,1100,900,800,800,800,800,1100,800,799,799,799,900,800,800,799,799,799,800,800,799,800,800,800,799,799,800,800,901,800,800,800,0,0,0,0,0,0,0,0,0,0,0,0,0,0,0,0,0,0,0,0,0,0,0,0,0,0,0,0,0,0,0,100,0,66989.12670898438,8139.021423339844,0,67221336064,8589930496,1399324672,457560064
200,1724148315284,1100,1100,900,800,800,800,800,1100,800,799,799,799,900,800,800,799,799,799,800,800,799,800,800,800,799,799,800,800,901,800,800,800,0,0,0,0,0,0,0,0,0,0,0,0,0,0,0,0,0,0,0,0,0,0,0,0,0,0,0,0,0,0,0,100,0,66999.70166015625,8147.9166259765625,0,67221336064,8589930496,1399324672,457560064
200,1724148315484,1100,1100,900,800,800,800,800,1100,800,799,799,799,900,800,800,799,799,799,800,800,799,800,800,800,799,799,800,800,901,800,800,800,0,0,0,0,0,0,0,0,0,0,0,0,0,0,0,0,0,0,0,0,0,0,0,0,0,0,0,0,0,0,0,100,0,67010.19714355469,8156.731506347656,0,67221336064,8589930496,1399324672,457560064
200,1724148315684,1100,1100,900,800,800,800,800,1100,800,799,799,799,900,800,800,799,799,799,800,800,799,800,800,800,799,799,800,800,901,800,800,800,0,0,0,0,0,0,0,0,0,0,0,0,0,0,0,0,0,0,0,0,0,0,0,0,0,0,0,0,0,0,0,100,0,67020.76708984375,8165.6240234375,0,67221336064,8589930496,1399324672,457560064
200,1724148315884,1100,1100,900,800,800,800,800,1100,800,799,799,799,900,800,800,799,799,799,800,800,799,800,800,800,799,799,800,800,901,800,800,800,0,0,0,0,0,0,0,0,0,0,0,0,0,0,0,0,0,0,0,0,0,0,0,0,0,0,0,0,0,0,0,100,0,67031.26989746094,8174.445251464844,0,67221336064,8589930496,1399324672,457560064
200,1724148316084,1100,1100,900,800,800,800,800,1100,800,799,799,799,900,800,800,799,799,799,800,800,799,800,800,800,799,799,800,800,901,800,800,800,0,0,0,0,0,0,0,0,0,0,0,0,0,0,0,0,0,0,0,0,0,0,0,0,0,0,0,0,0,0,0,100,0,67041.79211425781,8183.280578613281,0,67221336064,8589930496,1399324672,457560064
199,1724148316284,1100,1100,900,800,800,800,800,1100,800,799,799,799,900,800,800,799,799,799,800,800,799,800,800,800,799,799,800,800,901,800,800,800,0,0,0,0,0,0,0,0,0,0,0,0,0,0,0,0,0,0,0,0,0,0,0,0,0,0,0,0,0,0,0,100,0,67052.28546142578,8192.103088378906,0,67221336064,8589930496,1399324672,457560064
200,1724148316484,1100,1100,900,800,800,800,800,1100,800,799,799,799,900,800,800,799,799,799,800,800,799,800,800,800,799,799,800,800,901,800,800,800,0,0,0,0,0,0,0,0,0,0,0,0,0,0,0,0,0,0,0,0,0,0,0,0,0,0,0,0,0,0,0,100,0,67062.76678466797,8200.905334472656,0,67221336064,8589930496,1399324672,457560064
200,1724148316684,1100,1100,900,800,800,800,800,1100,800,799,799,799,900,800,800,799,799,799,800,800,799,800,800,800,799,799,800,800,901,800,800,800,0,0,0,0,0,0,0,0,0,0,0,0,0,0,0,0,0,0,0,0,0,0,0,0,0,0,0,0,0,0,0,100,0,67073.32043457031,8209.769348144531,0,67221336064,8589930496,1399324672,457560064
200,1724148316884,1100,1100,900,800,800,800,800,1100,800,799,799,799,900,800,800,799,799,799,800,800,799,800,800,800,799,799,800,800,901,800,800,800,0,0,0,0,0,0,0,0,0,0,0,0,0,0,0,0,0,0,0,0,0,0,0,0,0,0,0,0,0,0,0,100,0,67083.81811523438,8218.587036132813,0,67221336064,8589930496,1399324672,457560064
200,1724148317085,1100,1100,900,800,800,800,800,1100,800,799,799,799,900,800,800,799,799,799,800,800,799,800,800,800,799,799,800,800,901,800,800,800,0,0,0,0,0,0,0,0,0,0,0,0,0,0,0,0,0,0,0,0,0,0,0,0,0,0,0,0,0,0,0,100,0,67094.30688476563,8227.396179199219,0,67221336064,8589930496,1399324672,457560064
200,1724148317285,1100,1100,900,800,800,800,800,1100,800,799,799,799,900,800,800,799,799,799,800,800,799,800,800,800,799,799,800,800,901,800,800,800,0,0,0,0,0,0,0,0,0,0,0,0,0,0,0,0,0,0,0,0,0,0,0,0,0,0,0,0,0,0,0,100,0,67104.8080444336,8236.217041015625,0,67221336064,8589930496,1399324672,457560064
200,1724148317485,1100,1100,900,800,800,800,800,1100,800,799,799,799,900,800,800,799,799,799,800,800,799,800,800,800,799,799,800,800,901,800,800,800,0,0,0,0,0,0,0,0,0,0,0,0,0,0,0,0,0,0,0,0,0,0,0,0,0,0,0,0,0,0,0,100,0,67115.30139160156,8245.030578613281,0,67221336064,8589930496,1399324672,457560064
200,1724148317685,1100,1100,900,800,800,800,800,1100,800,799,799,799,900,800,800,799,799,799,800,800,799,800,800,800,799,799,800,800,901,800,800,800,0,0,0,0,0,0,0,0,0,0,0,0,0,0,0,0,0,0,0,0,0,0,0,0,0,0,0,0,0,0,0,100,0,67125.80004882813,8253.848937988281,0,67221336064,8589930496,1399324672,457560064
200,1724148317885,1100,1100,900,800,800,800,800,1100,800,799,799,799,900,800,800,799,799,799,800,800,799,800,800,800,799,799,800,800,901,800,800,800,0,0,0,0,0,0,0,0,0,0,0,0,0,0,0,0,0,0,0,0,0,0,0,0,0,0,0,0,0,0,0,100,0,67136.28527832031,8262.655456542969,0,67221336064,8589930496,1399324672,457560064
200,1724148318085,1100,1100,900,800,800,800,800,1100,800,799,799,799,900,800,800,799,799,799,800,800,799,800,800,800,799,799,800,800,901,800,800,800,0,0,0,0,0,0,0,0,0,0,0,0,0,0,0,0,0,0,0,0,0,0,0,0,0,0,0,0,0,0,0,100,0,67146.77850341797,8271.468322753906,0,67221336064,8589930496,1399324672,457560064
200,1724148318285,1100,1100,900,800,800,800,800,1100,800,799,799,799,900,800,800,799,799,799,800,800,799,800,800,800,799,799,800,800,901,800,800,800,0,0,0,0,0,0,0,0,0,0,0,0,0,0,0,0,0,0,0,0,0,0,0,0,0,0,0,0,0,0,0,100,0,67157.28594970703,8280.2958984375,0,67221336064,8589930496,1399324672,457560064
200,1724148318485,1100,1100,900,800,800,800,800,1100,800,799,799,799,900,800,800,799,799,799,800,800,799,800,800,800,799,799,800,800,901,800,800,800,4.761904716491699,0,0,0,0,0,0,0,0,0,0,0,0,0,0,0,0,0,0,0,0,0,0,0,0,0,0,0,0,0,0,100,0,67167.78936767578,8289.118774414063,0,67221336064,8589930496,1399324672,457560064
200,1724148318685,1100,1100,900,800,800,800,800,1100,800,799,799,799,900,800,800,799,799,799,800,800,799,800,800,800,799,799,800,800,901,800,800,800,0,0,0,0,0,0,0,0,0,0,0,0,0,0,0,0,0,0,0,0,0,0,0,0,0,0,0,0,0,0,0,100,0,67178.37084960938,8298.019653320313,0,67221336064,8589930496,1399324672,457560064
200,1724148318885,1100,1100,900,800,800,800,800,1100,800,799,799,799,900,800,800,799,799,799,800,800,799,800,800,800,799,799,800,800,901,800,800,800,0,0,0,0,0,0,0,0,0,0,0,0,0,0,0,0,0,0,0,0,0,0,0,0,0,0,0,0,0,0,0,100,0,67188.9223022461,8306.882690429688,0,67221336064,8589930496,1399324672,457560064
200,1724148319085,1100,1100,900,800,800,800,800,1100,800,799,799,799,900,800,800,799,799,799,800,800,799,800,800,800,799,799,800,800,901,800,800,800,0,0,0,0,0,0,0,0,0,0,0,0,0,0,0,0,0,0,0,0,0,0,0,0,0,0,0,0,0,0,0,100,0,67199.41528320313,8315.695983886719,0,67221336064,8589930496,1399324672,457560064
200,1724148319286,1100,1100,900,800,800,800,800,1100,800,799,799,799,900,800,800,799,799,799,800,800,799,800,800,800,799,799,800,800,901,800,800,800,0,0,0,0,0,0,0,0,0,0,0,0,0,0,0,0,0,0,0,0,0,0,0,0,0,0,0,0,0,0,0,100,0,67210.00506591797,8324.606079101563,0,67221336064,8589930496,1399324672,457560064
200,1724148319486,1100,1100,900,800,800,800,800,1100,800,799,799,799,900,800,800,799,799,799,800,800,799,800,800,800,799,799,800,800,901,800,800,800,0,0,0,0,0,0,0,0,0,0,0,0,0,0,0,0,0,0,0,0,0,0,0,0,0,0,0,0,0,0,0,100,0,67220.48510742188,8333.406494140625,0,67221336064,8589930496,1399324672,457560064
200,1724148319686,1100,1100,900,800,800,800,800,1100,800,799,799,799,900,800,800,799,799,799,800,800,799,800,800,800,799,799,800,800,901,800,800,800,0,0,0,0,0,0,0,0,0,0,0,0,0,0,0,0,0,0,0,0,0,0,0,0,0,0,0,0,0,0,0,100,0,67230.97888183594,8342.220520019531,0,67221336064,8589930496,1399324672,457560064
200,1724148319886,1100,1100,900,800,800,800,800,1100,800,799,799,799,900,800,800,799,799,799,800,800,799,800,800,800,799,799,800,800,901,800,800,800,0,0,0,0,0,0,0,0,0,0,0,0,0,0,0,0,0,0,0,0,0,0,0,0,0,0,0,0,0,0,0,100,0,67241.46569824219,8351.028747558594,0,67221336064,8589930496,1399324672,457560064
200,1724148320086,1100,1100,900,800,800,800,800,1100,800,799,799,799,900,800,800,799,799,799,800,800,799,800,800,800,799,799,800,800,901,800,800,800,0,0,0,0,0,0,0,0,0,0,0,0,0,0,0,0,0,0,0,0,0,0,0,0,0,0,0,0,0,0,0,100,0,67251.95495605469,8359.839050292969,0,67221336064,8589930496,1399324672,457560064
200,1724148320286,1100,1100,900,800,800,800,800,1100,800,799,799,799,900,800,800,799,799,799,800,800,799,800,800,800,799,799,800,800,901,800,800,800,0,0,0,0,0,0,0,0,0,0,0,0,0,0,0,0,0,0,0,0,0,0,0,0,0,0,0,0,0,0,0,100,0,67262.45251464844,8368.655639648438,0,67221336064,8589930496,1399324672,457560064
200,1724148320486,1100,1100,900,800,800,800,800,1100,800,799,799,799,900,800,800,799,799,799,800,800,799,800,800,800,799,799,800,800,901,800,800,800,0,0,0,0,0,0,0,0,0,0,0,0,0,0,0,0,0,0,0,0,0,0,0,0,0,0,0,0,0,0,0,100,0,67272.94885253906,8377.471740722656,0,67221336064,8589930496,1399324672,457560064
200,1724148320686,1100,1100,900,800,800,800,800,1100,800,799,799,799,900,800,800,799,799,799,800,800,799,800,800,800,799,799,800,800,901,800,800,800,0,0,0,0,0,0,0,0,0,0,0,0,0,0,0,0,0,0,0,0,0,0,0,0,0,0,0,0,0,0,0,100,0,67283.48626708984,8386.32958984375,0,67221336064,8589930496,1399324672,457560064
200,1724148320886,1100,1100,900,800,800,800,800,1100,800,799,799,799,900,800,800,799,799,799,800,800,799,800,800,800,799,799,800,800,901,800,800,800,0,0,0,0,0,0,0,0,0,0,0,0,0,0,0,0,0,0,0,0,0,0,0,0,0,0,0,0,0,0,0,100,0,67293.97833251953,8395.142456054688,0,67221336064,8589930496,1399324672,457560064
200,1724148321086,1100,1100,900,800,800,800,800,1100,800,799,799,799,900,800,800,799,799,799,800,800,799,800,800,800,799,799,800,800,901,800,800,800,0,0,0,0,0,0,0,0,0,0,0,0,0,0,0,0,0,0,0,0,0,0,0,0,0,0,0,0,0,0,0,100,0,67304.49194335938,8403.969604492188,0,67221336064,8589930496,1399324672,457560064
200,1724148321286,1100,1100,900,800,800,800,800,1100,800,799,799,799,900,800,800,799,799,799,800,800,799,800,800,800,799,799,800,800,901,800,800,800,0,0,0,0,0,0,0,0,0,0,0,0,0,0,0,0,0,0,0,0,0,0,0,0,0,0,0,0,0,0,0,100,0,67315.1128540039,8412.91015625,0,67221336064,8589930496,1399324672,457560064
200,1724148321487,1100,1100,900,800,800,800,800,1100,800,799,799,799,900,800,800,799,799,799,800,800,799,800,800,800,799,799,800,800,901,800,800,800,0,0,0,0,0,0,0,0,0,0,0,0,0,0,0,0,0,0,0,0,0,0,0,0,0,0,0,0,0,0,0,100,0,67325.65167236328,8421.761962890625,0,67221336064,8589930496,1399324672,457560064
200,1724148321687,1100,1100,900,800,800,800,800,1100,800,799,799,799,900,800,800,799,799,799,800,800,799,800,800,800,799,799,800,800,901,800,800,800,0,0,0,0,0,0,0,0,0,0,0,0,0,0,0,0,0,0,0,0,0,0,0,0,0,0,0,0,0,0,0,100,0,67336.19714355469,8430.626953125,0,67221336064,8589930496,1399324672,457560064
200,1724148321887,1100,1100,900,800,800,800,800,1100,800,799,799,799,900,800,800,799,799,799,800,800,799,800,800,800,799,799,800,800,901,800,800,800,0,0,0,0,0,0,0,0,0,0,0,0,0,0,0,0,0,0,0,0,0,0,0,0,0,0,0,0,0,0,0,100,0,67346.70324707031,8439.451782226563,0,67221336064,8589930496,1399324672,457560064
200,1724148322087,1100,1100,900,800,800,800,800,1100,800,799,799,799,900,800,800,799,799,799,800,800,799,800,800,800,799,799,800,800,901,800,800,800,0,0,0,0,0,0,0,0,0,0,0,0,0,0,0,0,0,0,0,0,0,0,0,0,0,0,0,0,0,0,0,100,0,67357.20812988281,8448.275451660156,0,67221336064,8589930496,1399312384,457560064
200,1724148322287,1100,1100,900,800,800,800,800,1100,800,799,799,799,900,800,800,799,799,799,800,800,799,800,800,800,799,799,800,800,901,800,800,800,0,0,0,0,0,0,0,0,0,0,0,0,0,0,0,0,0,0,0,0,0,0,0,0,0,0,0,0,0,0,0,100,0,67367.77374267578,8457.160705566406,0,67221336064,8589930496,1399312384,457560064
200,1724148322487,1100,1100,900,800,800,800,800,1100,800,799,799,799,900,800,800,799,799,799,800,800,799,800,800,800,799,799,800,800,901,800,800,800,0,0,0,0,0,0,0,0,0,0,0,0,0,0,0,0,0,0,0,0,0,0,0,0,0,0,0,0,0,0,0,100,0,67378.26641845703,8465.973876953125,0,67221336064,8589930496,1399312384,457560064
200,1724148322687,1100,1100,900,800,800,800,800,1100,800,799,799,799,900,800,800,799,799,799,800,800,799,800,800,800,799,799,800,800,901,800,800,800,0,0,0,0,0,0,0,0,0,0,0,0,0,0,0,0,0,0,0,0,0,0,0,0,0,0,0,0,0,0,0,100,0,67388.8314819336,8474.859497070313,0,67221336064,8589930496,1399312384,457560064
200,1724148322887,1100,1100,900,800,800,800,800,1100,800,799,799,799,900,800,800,799,799,799,800,800,799,800,800,800,799,799,800,800,901,800,800,800,0,0,0,4.761904716491699,0,0,0,0,0,0,0,0,0,0,0,0,0,0,0,0,0,0,0,0,0,0,0,0,0,0,0,100,0,67399.53338623047,8483.88134765625,0,67221336064,8589930496,1399312384,457560064
200,1724148323087,1100,1100,900,800,800,800,800,1100,800,799,799,799,900,800,800,799,799,799,800,800,799,800,800,800,799,799,800,800,901,800,800,800,0,0,0,0,0,0,0,0,0,0,0,0,0,0,0,0,0,0,0,0,0,0,0,0,0,0,0,0,0,0,0,100,0,67410.02252197266,8492.690979003906,0,67221336064,8589930496,1399312384,457560064
200,1724148323287,1100,1100,900,800,800,800,800,1100,800,799,799,799,900,800,800,799,799,799,800,800,799,800,800,800,799,799,800,800,901,800,800,800,0,0,0,0,0,0,0,0,0,0,0,0,0,0,0,0,0,0,0,0,0,0,0,0,0,0,0,0,0,0,0,100,0,67420.50067138672,8501.490600585938,0,67221336064,8589930496,1399312384,457560064
200,1724148323488,1100,1100,900,800,800,800,800,1100,800,799,799,799,900,800,800,799,799,799,800,800,799,800,800,800,799,799,800,800,901,800,800,800,0,0,0,0,0,0,0,0,0,0,0,0,0,0,0,0,0,0,0,0,0,0,0,0,0,0,0,0,0,0,0,100,0,67431.06115722656,8510.36083984375,0,67221336064,8589930496,1399312384,457560064
200,1724148323688,1100,1100,900,800,800,800,800,1100,800,799,799,799,900,800,800,799,799,799,800,800,799,800,800,800,799,799,800,800,901,800,800,800,0,0,0,0,0,0,0,0,0,0,0,0,0,0,0,0,0,0,0,0,0,0,0,0,0,0,0,0,0,0,0,100,0,67441.54949951172,8519.169616699219,0,67221336064,8589930496,1399312384,457560064
200,1724148323888,1100,1100,900,800,800,800,800,1100,800,799,799,799,900,800,800,799,799,799,800,800,799,800,800,800,799,799,800,800,901,800,800,800,0,0,0,0,0,0,0,0,0,0,0,0,0,0,0,0,0,0,0,0,0,0,0,0,0,0,0,0,0,0,0,100,0,67452.03643798828,8527.97802734375,0,67221336064,8589930496,1399312384,457560064
200,1724148324088,1100,1100,900,800,800,800,800,1100,800,799,799,799,900,800,800,799,799,799,800,800,799,800,800,800,799,799,800,800,901,800,800,800,0,0,0,0,0,0,0,0,0,0,0,0,0,0,0,0,0,0,0,0,0,0,0,0,0,0,0,0,0,0,0,100,0,67462.54473876953,8536.803405761719,0,67221336064,8589930496,1399312384,457560064
200,1724148324288,1100,1100,900,800,800,800,800,1100,800,799,799,799,900,800,800,799,799,799,800,800,799,800,800,800,799,799,800,800,901,800,800,800,0,0,0,0,0,0,0,0,0,0,0,0,0,0,0,0,0,0,0,0,0,0,0,0,0,0,0,0,0,0,0,100,0,67473.02862548828,8545.606079101563,0,67221336064,8589930496,1399312384,457560064
200,1724148324488,1100,1100,900,800,800,800,800,1100,800,799,799,799,900,800,800,799,799,799,800,800,799,800,800,800,799,799,800,800,901,800,800,800,0,0,0,0,0,0,0,0,0,0,0,0,0,0,0,0,0,0,0,0,0,0,0,0,0,0,0,0,0,0,0,100,0,67483.51739501953,8554.415466308594,0,67221336064,8589930496,1399312384,457560064
200,1724148324688,1100,1100,900,800,800,800,800,1100,800,799,799,799,900,800,800,799,799,799,800,800,799,800,800,800,799,799,800,800,901,800,800,800,0,0,0,0,0,0,0,0,0,0,0,0,0,0,0,0,0,0,0,0,0,0,0,0,0,0,0,0,0,0,0,100,0,67494.01599121094,8563.233581542969,0,67221336064,8589930496,1399312384,457560064
200,1724148324888,1100,1100,900,800,800,800,800,1100,800,799,799,799,900,800,800,799,799,799,800,800,799,800,800,800,799,799,800,800,901,800,800,800,0,0,0,0,0,0,0,0,0,0,0,0,0,0,0,0,0,0,0,0,0,0,0,0,0,0,0,0,0,0,0,100,0,67504.57904052734,8572.116821289063,0,67221336064,8589930496,1399312384,457560064
200,1724148325088,1100,1100,900,800,800,800,800,1100,800,799,799,799,900,800,800,799,799,799,800,800,799,800,800,800,799,799,800,800,901,800,800,800,0,0,0,0,0,0,0,0,0,0,0,0,0,0,0,0,0,0,0,0,0,0,0,0,0,0,0,0,0,0,0,100,0,67515.11505126953,8580.9658203125,0,67221336064,8589930496,1399312384,457560064
200,1724148325288,1100,1100,900,800,800,800,800,1100,800,799,799,799,900,800,800,799,799,799,800,800,799,800,800,800,799,799,800,800,901,800,800,800,0,0,0,0,0,0,0,0,0,0,0,0,0,0,0,0,0,0,0,0,0,0,0,0,0,0,0,0,0,0,0,100,0,67525.6187133789,8589.787719726563,0,67221336064,8589930496,1399312384,457560064
200,1724148325488,1100,1100,900,800,800,800,800,1100,800,799,799,799,900,800,800,799,799,799,800,800,799,800,800,800,799,799,800,800,901,800,800,800,0,0,0,0,0,0,0,0,0,0,0,0,0,0,0,0,0,0,0,0,0,0,0,0,0,0,0,0,0,0,0,100,0,67536.11853027344,8598.606567382813,0,67221336064,8589930496,1399312384,457560064
200,1724148325689,1100,1100,900,800,800,800,800,1100,800,799,799,799,900,800,800,799,799,799,800,800,799,800,800,800,799,799,800,800,901,800,800,800,0,0,0,0,0,0,0,0,0,0,0,0,0,0,0,0,0,0,0,0,0,0,0,0,0,0,0,0,0,0,0,100,0,67546.59887695313,8607.409301757813,0,67221336064,8589930496,1399312384,457560064
200,1724148325889,1100,1100,900,800,800,800,800,1100,800,799,799,799,900,800,800,799,799,799,800,800,799,800,800,800,799,799,800,800,901,800,800,800,0,0,0,0,0,0,0,0,0,0,0,0,0,0,0,0,0,0,0,0,0,0,0,0,0,0,0,0,0,0,0,100,0,67557.09313964844,8616.223449707031,0,67221336064,8589930496,1399312384,457560064
200,1724148326089,1100,1100,900,800,800,800,800,1100,800,799,799,799,900,800,800,799,799,799,800,800,799,800,800,800,799,799,800,800,901,800,800,800,0,0,0,0,0,0,0,0,0,0,0,0,0,0,0,0,0,0,0,0,0,0,0,0,0,0,0,0,0,0,0,100,0,67567.58026123047,8625.030700683594,0,67221336064,8589930496,1399312384,457560064
200,1724148326289,1100,1100,900,800,800,800,800,1100,800,799,799,799,900,800,800,799,799,799,800,800,799,800,800,800,799,799,800,800,901,800,800,800,0,0,0,0,0,0,0,0,0,0,0,0,0,4.761904716491699,0,0,0,0,0,0,0,0,0,0,0,0,0,0,0,0,0,100,0,67578.20050048828,8633.967407226563,0,67221336064,8589930496,1399312384,457560064
200,1724148326489,1100,1100,900,800,800,800,800,1100,800,799,799,799,900,800,800,799,799,799,800,800,799,800,800,800,799,799,800,800,901,800,800,800,0,0,0,0,0,0,0,0,0,0,0,0,0,0,0,0,0,0,0,0,0,0,0,0,0,0,0,0,0,0,0,100,0,67588.69696044922,8642.784606933594,0,67221336064,8589930496,1399312384,457560064
200,1724148326689,1100,1100,900,800,800,800,800,1100,800,799,799,799,900,800,800,799,799,799,800,800,799,800,800,800,799,799,800,800,901,800,800,800,0,0,0,0,0,0,0,0,0,0,0,0,0,0,0,0,0,0,0,0,0,0,0,0,0,0,0,0,0,0,0,100,0,67599.19567871094,8651.603332519531,0,67221336064,8589930496,1399312384,457560064
200,1724148326889,1100,1100,900,800,800,800,800,1100,800,799,799,799,900,800,800,799,799,799,800,800,799,800,800,800,799,799,800,800,901,800,800,800,0,0,0,0,0,0,0,0,0,0,0,0,0,0,0,0,0,0,0,0,0,0,0,0,0,0,0,0,0,0,0,100,0,67609.67999267578,8660.409484863281,0,67221336064,8589930496,1399312384,457560064
200,1724148327089,1100,1100,900,800,800,800,800,1100,800,799,799,799,900,800,800,799,799,799,800,800,799,800,800,800,799,799,800,800,901,800,800,800,0,0,0,0,0,0,0,0,0,0,0,0,0,0,0,0,0,0,0,0,0,0,0,0,0,0,0,0,0,0,0,100,0,67620.25915527344,8669.307373046875,0,67221336064,8589930496,1399312384,457560064
200,1724148327289,1100,1100,900,800,800,800,800,1100,800,799,799,799,900,800,800,799,799,799,800,800,799,800,800,800,799,799,800,800,901,800,800,800,0,0,0,0,0,0,0,0,0,0,0,0,0,0,0,0,0,0,0,0,0,0,0,0,0,0,0,0,0,0,0,100,0,67630.7514038086,8678.119506835938,0,67221336064,8589930496,1399312384,457560064
200,1724148327489,1100,1100,900,800,800,800,800,1100,800,799,799,799,900,800,800,799,799,799,800,800,799,800,800,800,799,799,800,800,901,800,800,800,0,0,0,0,0,0,0,0,0,0,0,0,0,0,0,0,0,0,0,0,0,0,0,0,0,0,0,0,0,0,0,100,0,67641.36853027344,8687.048583984375,0,67221336064,8589930496,1399312384,457560064
200,1724148327690,1100,1100,900,800,800,800,800,1100,800,799,799,799,900,800,800,799,799,799,800,800,799,800,800,800,799,799,800,800,901,800,800,800,0,0,0,0,0,0,0,0,0,0,0,0,0,0,0,0,0,0,0,0,0,0,0,0,0,0,0,0,0,0,0,100,0,67651.85174560547,8695.85302734375,0,67221336064,8589930496,1399312384,457560064
200,1724148327890,1100,1100,900,800,800,800,800,1100,800,799,799,799,900,800,800,799,799,799,800,800,799,800,800,800,799,799,800,800,901,800,800,800,0,0,0,0,0,0,0,0,0,0,0,0,0,0,0,0,0,0,0,0,0,0,0,0,0,0,0,0,0,0,0,100,0,67662.35333251953,8704.673095703125,0,67221336064,8589930496,1399312384,457560064
200,1724148328090,1100,1100,900,800,800,800,800,1100,800,799,799,799,900,800,800,799,799,799,800,800,799,800,800,800,799,799,800,800,901,800,800,800,0,0,0,0,0,0,0,0,0,0,0,0,0,0,0,0,0,0,0,0,0,0,0,0,0,0,0,0,0,0,0,100,0,67672.85705566406,8713.493713378906,0,67221336064,8589930496,1399312384,457560064
200,1724148328290,1100,1100,900,800,800,800,800,1100,800,799,799,799,900,800,800,799,799,799,800,800,799,800,800,800,799,799,800,800,901,800,800,800,0,0,0,0,0,0,0,0,0,0,0,0,0,0,0,0,0,0,0,0,0,0,0,0,0,0,0,0,0,0,0,100,0,67683.44134521484,8722.396179199219,0,67221336064,8589930496,1399312384,457560064
200,1724148328490,1100,1100,900,800,800,800,800,1100,800,799,799,799,900,800,800,799,799,799,800,800,799,800,800,800,799,799,800,800,901,800,800,800,0,0,0,0,0,0,0,0,0,0,0,0,0,0,0,0,0,0,0,0,0,0,0,0,0,0,0,0,0,0,0,100,0,67693.92736816406,8731.202941894531,0,67221336064,8589930496,1399312384,457560064
200,1724148328690,1100,1100,900,800,800,800,800,1100,800,799,799,799,900,800,800,799,799,799,800,800,799,800,800,800,799,799,800,800,901,800,800,800,0,0,0,0,0,0,0,0,0,0,0,0,0,0,0,0,0,0,0,0,0,0,0,0,0,0,0,0,0,0,0,100,0,67704.49475097656,8740.0888671875,0,67221336064,8589930496,1399312384,457560064
200,1724148328890,1100,1100,900,800,800,800,800,1100,800,799,799,799,900,800,800,799,799,799,800,800,799,800,800,800,799,799,800,800,901,800,800,800,0,0,0,0,0,0,0,0,0,0,0,0,0,0,0,0,0,0,0,0,0,0,0,0,0,0,0,0,0,0,0,100,0,67714.99035644531,8748.90478515625,0,67221336064,8589930496,1399312384,457560064
200,1724148329090,1100,1100,900,800,800,800,800,1100,800,799,799,799,900,800,800,799,799,799,800,800,799,800,800,800,799,799,800,800,901,800,800,800,0,0,0,0,0,0,0,0,0,0,0,0,0,0,0,0,0,0,0,0,0,0,0,0,0,0,0,0,0,0,0,100,0,67725.58807373047,8757.822937011719,0,67221336064,8589930496,1399312384,457560064
200,1724148329290,1100,1100,900,800,800,800,800,1100,800,799,799,799,900,800,800,799,799,799,800,800,799,800,800,800,799,799,800,800,901,800,800,800,0,0,0,0,0,0,0,0,0,0,0,0,0,0,0,0,0,0,0,0,0,0,0,0,0,0,0,0,0,0,0,100,0,67736.28161621094,8766.832885742188,0,67221336064,8589930496,1399312384,457560064
200,1724148329490,1100,1100,900,800,800,800,800,1100,800,799,799,799,900,800,800,799,799,799,800,800,799,800,800,800,799,799,800,800,901,800,800,800,0,0,0,0,0,0,0,0,0,0,0,0,0,0,0,0,0,0,0,0,0,0,0,0,0,0,0,0,0,0,0,100,0,67746.78802490234,8775.657470703125,0,67221336064,8589930496,1399312384,457560064
200,1724148329690,1100,1100,900,800,800,800,800,1100,800,799,799,799,900,800,800,799,799,799,800,800,799,800,800,800,799,799,800,800,901,800,800,800,0,0,0,0,0,0,0,0,0,0,0,0,0,0,0,0,0,0,0,0,0,0,0,0,0,0,0,0,0,0,0,100,0,67757.26531982422,8784.456115722656,0,67221336064,8589930496,1399312384,457560064
200,1724148329891,1100,1100,900,800,800,800,800,1100,800,799,799,799,900,800,800,799,799,799,800,800,799,800,800,800,799,799,800,800,901,800,800,800,0,0,0,0,0,0,0,0,0,0,0,0,0,0,0,0,0,0,0,0,0,0,0,0,0,0,0,0,0,0,0,100,0,67767.83319091797,8793.343933105469,0,67221336064,8589930496,1399312384,457560064
200,1724148330091,1100,1100,900,800,800,800,800,1100,800,799,799,799,900,800,800,799,799,799,800,800,799,800,800,800,799,799,800,800,901,800,800,800,0,0,0,0,0,0,0,0,0,0,0,0,0,0,0,0,0,0,0,0,0,0,0,0,0,0,0,0,0,0,0,100,0,67778.37884521484,8802.201843261719,0,67221336064,8589930496,1399312384,457560064
200,1724148330291,1100,1100,900,800,800,800,800,1100,800,799,799,799,900,800,800,799,799,799,800,800,799,800,800,800,799,799,800,800,901,800,800,800,0,0,0,0,0,0,0,0,0,0,0,0,0,0,0,0,0,0,0,0,0,0,0,0,0,0,0,0,0,0,0,100,0,67788.8871459961,8811.028259277344,0,67221336064,8589930496,1399312384,457560064
200,1724148330491,1100,1100,900,800,800,800,800,1100,800,799,799,799,900,800,800,799,799,799,800,800,799,800,800,800,799,799,800,800,901,800,800,800,0,0,0,0,0,0,0,0,0,0,0,0,0,0,0,0,0,0,0,0,0,0,0,0,0,0,0,0,0,0,0,100,0,67799.38018798828,8819.841979980469,0,67221336064,8589930496,1399312384,457560064
200,1724148330691,1100,1100,900,800,800,800,800,1100,800,799,799,799,900,800,800,799,799,799,800,800,799,800,800,800,799,799,800,800,901,800,800,800,0,0,0,0,0,0,0,0,0,0,0,0,0,0,0,0,0,0,0,0,0,0,0,0,0,0,0,0,0,0,0,100,0,67809.87487792969,8828.655578613281,0,67221336064,8589930496,1399312384,457560064
200,1724148330891,1100,1100,900,800,800,800,800,1100,800,799,799,799,900,800,800,799,799,799,800,800,799,800,800,800,799,799,800,800,901,800,800,800,0,0,0,0,0,0,0,0,0,0,0,0,0,0,0,0,0,0,0,0,0,0,0,0,0,0,0,0,0,0,0,100,0,67820.37316894531,8837.473937988281,0,67221336064,8589930496,1399312384,457560064
200,1724148331091,1100,1100,900,800,800,800,800,1100,800,799,799,799,900,800,800,799,799,799,800,800,799,800,800,800,799,799,800,800,901,800,800,800,0,0,0,0,0,0,0,0,0,0,0,0,0,0,0,0,0,0,0,0,0,0,0,0,0,0,0,0,0,0,0,100,0,67830.86395263672,8846.286010742188,0,67221336064,8589930496,1399312384,457560064
200,1724148331291,1100,1100,900,800,800,800,800,1100,800,799,799,799,900,800,800,799,799,799,800,800,799,800,800,800,799,799,800,800,901,800,800,800,0,0,0,0,0,0,0,0,0,0,0,0,0,0,0,0,0,0,0,0,0,0,0,0,0,0,0,0,0,0,0,100,0,67841.43103027344,8855.17236328125,0,67221336064,8589930496,1399312384,457560064
200,1724148331491,1100,1100,900,800,800,800,800,1100,800,799,799,799,900,800,800,799,799,799,800,800,799,800,800,800,799,799,800,800,901,800,800,800,0,0,0,0,0,0,0,0,0,0,0,0,0,0,0,0,0,0,0,0,0,0,0,0,0,0,0,0,0,0,0,100,0,67851.92370605469,8863.985290527344,0,67221336064,8589930496,1399312384,457560064
200,1724148331691,1100,1100,900,800,800,800,800,1100,800,799,799,799,900,800,800,799,799,799,800,800,799,800,800,800,799,799,800,800,901,800,800,800,0,0,0,0,0,0,0,0,0,0,0,0,0,0,0,0,0,0,0,0,0,0,0,0,0,0,0,0,0,0,0,100,0,67862.40454101563,8872.788269042969,0,67221336064,8589930496,1399312384,457560064
200,1724148331892,1100,1100,900,800,800,800,800,1100,800,799,799,799,900,800,800,799,799,799,800,800,799,800,800,800,799,799,800,800,901,800,800,800,0,0,0,0,0,0,0,0,0,0,0,0,0,0,0,0,0,0,0,0,0,0,0,0,0,0,0,0,0,0,0,100,0,67872.94989013672,8881.645690917969,0,67221336064,8589930496,1399312384,457560064
200,1724148332092,1100,1100,900,800,800,800,800,1100,800,799,799,799,900,800,800,799,799,799,800,800,799,800,800,800,799,799,800,800,901,800,800,800,0,0,0,0,0,0,0,0,0,0,0,0,0,0,0,0,0,0,0,0,0,0,0,0,0,0,0,0,0,0,0,100,0,67883.4506225586,8890.465698242188,0,67221336064,8589930496,1399312384,457560064
200,1724148332292,1100,1100,900,800,800,800,800,1100,800,799,799,799,900,800,800,799,799,799,800,800,799,800,800,800,799,799,800,800,901,800,800,800,0,0,0,0,0,0,0,0,0,0,0,0,0,0,0,0,0,0,0,0,0,0,0,0,0,0,0,0,0,0,0,100,0,67893.93621826172,8899.272583007813,0,67221336064,8589930496,1399312384,457560064
200,1724148332492,1100,1100,900,800,800,800,800,1100,800,799,799,799,900,800,800,799,799,799,800,800,799,800,800,800,799,799,800,800,901,800,800,800,0,0,0,0,0,0,0,0,0,0,0,0,0,0,0,0,0,0,0,0,0,0,0,0,0,0,0,0,0,0,0,100,0,67904.44897460938,8908.103210449219,0,67221336064,8589930496,1399312384,457560064
200,1724148332692,1100,1100,900,800,800,800,800,1100,800,799,799,799,900,800,800,799,799,799,800,800,799,800,800,800,799,799,800,800,901,800,800,800,0,0,0,0,0,0,0,0,0,0,0,0,0,0,0,0,0,0,0,0,0,0,0,0,0,0,0,0,0,0,0,100,0,67914.94323730469,8916.918212890625,0,67221336064,8589930496,1399312384,457560064
200,1724148332892,1100,1100,900,800,800,800,800,1100,800,799,799,799,900,800,800,799,799,799,800,800,799,800,800,800,799,799,800,800,901,800,800,800,0,0,0,0,0,0,0,0,0,0,0,0,0,0,0,0,0,0,0,0,0,0,0,0,0,0,0,0,0,0,0,100,0,67925.44561767578,8925.741760253906,0,67221336064,8589930496,1399312384,457560064
200,1724148333092,1100,1100,900,800,800,800,800,1100,800,799,799,799,900,800,800,799,799,799,800,800,799,800,800,800,799,799,800,800,901,800,800,800,0,0,0,0,0,0,0,0,0,0,0,0,0,0,0,0,0,0,0,0,0,0,0,0,0,0,0,0,0,0,0,100,0,67935.94006347656,8934.555297851563,0,67221336064,8589930496,1399312384,457560064
200,1724148333292,1100,1100,900,800,800,800,800,1100,800,799,799,799,900,800,800,799,799,799,800,800,799,800,800,800,799,799,800,800,901,800,800,800,0,0,0,0,0,0,0,0,0,0,0,0,0,0,0,0,0,0,0,0,0,0,0,0,0,0,0,0,0,0,0,100,0,67946.44104003906,8943.37646484375,0,67221336064,8589930496,1399312384,457560064
200,1724148333492,1100,1100,900,800,800,800,800,1100,800,799,799,799,900,800,800,799,799,799,800,800,799,800,800,800,799,799,800,800,901,800,800,800,0,0,0,0,0,0,0,0,0,0,0,0,0,0,0,0,0,0,0,0,0,0,0,0,0,0,0,0,0,0,0,100,0,67957.0679321289,8952.322082519531,0,67221336064,8589930496,1399312384,457560064
200,1724148333692,1100,1100,900,800,800,800,800,1100,800,799,799,799,900,800,800,799,799,799,800,800,799,800,800,800,799,799,800,800,901,800,800,800,0,0,0,0,0,0,0,0,0,0,0,0,0,0,0,0,0,0,0,0,0,0,0,0,0,0,0,0,0,0,0,100,0,67967.54382324219,8961.119873046875,0,67221336064,8589930496,1399312384,457560064
200,1724148333892,1100,1100,900,800,800,800,800,1100,800,799,799,799,900,800,800,799,799,799,800,800,799,800,800,800,799,799,800,800,901,800,800,800,0,0,0,0,0,0,0,0,0,0,0,0,0,0,0,0,0,0,0,0,0,0,0,0,0,0,0,0,0,0,0,100,0,67978.04907226563,8969.943420410156,0,67221336064,8589930496,1399312384,457560064
200,1724148334093,1100,1100,900,800,800,800,800,1100,800,799,799,799,900,800,800,799,799,799,800,800,799,800,800,800,799,799,800,800,901,800,800,800,0,0,0,0,0,0,0,0,0,0,0,0,0,0,0,0,0,0,0,0,0,0,0,0,0,0,0,0,0,0,0,100,0,67988.59185791016,8978.798583984375,0,67221336064,8589930496,1399312384,457560064
200,1724148334293,1100,1100,900,800,800,800,800,1100,800,799,799,799,900,800,800,799,799,799,800,800,799,800,800,800,799,799,800,800,901,800,800,800,0,0,0,0,0,0,0,0,0,0,0,0,0,0,0,0,0,0,0,0,0,0,0,0,0,0,0,0,0,0,0,100,0,67999.0874633789,8987.615112304688,0,67221336064,8589930496,1399312384,457560064
200,1724148334493,1100,1100,900,800,800,800,800,1100,800,799,799,799,900,800,800,799,799,799,800,800,799,800,800,800,799,799,800,800,901,800,800,800,0,0,0,0,0,0,0,0,0,0,0,0,0,0,0,0,0,0,0,0,0,0,0,0,0,0,0,0,0,0,0,100,0,68009.58862304688,8996.43505859375,0,67221336064,8589930496,1399312384,457560064
200,1724148334693,1100,1100,900,800,800,800,800,1100,800,799,799,799,900,800,800,799,799,799,800,800,799,800,800,800,799,799,800,800,901,800,800,800,0,0,0,0,0,0,0,0,0,0,0,0,0,0,0,0,0,0,0,0,0,0,0,0,0,0,0,0,0,0,0,100,0,68020.07043457031,9005.23876953125,0,67221336064,8589930496,1399312384,457560064
200,1724148334893,1100,1100,900,800,800,800,800,1100,800,799,799,799,900,800,800,799,799,799,800,800,799,800,800,800,799,799,800,800,901,800,800,800,0,0,0,0,0,0,0,0,0,0,0,0,0,0,0,0,0,0,0,0,0,0,0,0,0,0,0,0,0,0,0,100,0,68030.578125,9014.065307617188,0,67221336064,8589930496,1399312384,457560064
200,1724148335093,1100,1100,900,800,800,800,800,1100,800,799,799,799,900,800,800,799,799,799,800,800,799,800,800,800,799,799,800,800,901,800,800,800,0,0,0,0,0,0,0,0,0,0,0,0,0,0,0,0,0,0,0,0,0,0,0,0,0,0,0,0,0,0,0,100,0,68041.05938720703,9022.868286132813,0,67221336064,8589930496,1399312384,457560064
200,1724148335293,1100,1100,900,800,800,800,800,1100,800,799,799,799,900,800,800,799,799,799,800,800,799,800,800,800,799,799,800,800,901,800,800,800,0,0,0,0,0,0,0,0,0,0,0,0,0,0,0,0,0,0,0,0,0,0,0,0,0,0,0,0,0,0,0,100,0,68051.537109375,9031.666320800781,0,67221336064,8589930496,1399312384,457560064
200,1724148335493,1100,1100,900,800,800,800,800,1100,800,799,799,799,900,800,800,799,799,799,800,800,799,800,800,800,799,799,800,800,901,800,800,800,0,0,0,0,0,0,0,0,0,0,0,0,0,0,0,0,0,0,0,0,0,0,0,0,0,0,0,0,0,0,0,100,0,68062.03350830078,9040.48193359375,0,67221336064,8589930496,1399312384,457560064
200,1724148335693,1100,1100,900,800,800,800,800,1100,800,799,799,799,900,800,800,799,799,799,800,800,799,800,800,800,799,799,800,800,901,800,800,800,0,0,0,0,0,0,0,0,0,0,0,0,0,0,0,0,0,0,0,0,0,0,0,0,0,0,0,0,0,0,0,100,0,68072.6196899414,9049.388488769531,0,67221336064,8589930496,1399312384,457560064
200,1724148335893,1100,1100,900,800,800,800,800,1100,800,799,799,799,900,800,800,799,799,799,800,800,799,800,800,800,799,799,800,800,901,800,800,800,0,0,0,0,0,0,0,0,0,0,0,0,0,0,0,0,0,0,0,0,0,0,0,0,0,0,0,0,0,0,0,100,0,68083.12512207031,9058.213256835938,0,67221336064,8589930496,1399312384,457560064
200,1724148336093,1100,1100,900,800,800,800,800,1100,800,799,799,799,900,800,800,799,799,799,800,800,799,800,800,800,799,799,800,800,901,800,800,800,0,0,0,0,0,0,0,0,0,0,0,0,0,0,0,0,0,0,0,0,0,0,0,0,0,0,0,0,0,0,0,100,0,68093.62579345703,9067.031188964844,0,67221336064,8589930496,1399312384,457560064
200,1724148336293,1100,1100,900,800,800,800,800,1100,800,799,799,799,900,800,800,799,799,799,800,800,799,800,800,800,799,799,800,800,901,800,800,800,0,0,0,0,0,0,0,0,0,0,0,0,0,0,0,0,0,0,0,0,0,0,0,0,0,0,0,0,0,0,0,100,0,68104.21264648438,9075.936645507813,0,67221336064,8589930496,1399312384,457560064
200,1724148336494,1100,1100,900,800,800,800,800,1100,800,799,799,799,900,800,800,799,799,799,800,800,799,800,800,800,799,799,800,800,901,800,800,800,0,0,0,0,0,0,0,0,0,0,0,0,0,0,0,0,0,0,0,0,0,0,0,0,0,0,0,0,0,0,0,100,0,68114.69921875,9084.74365234375,0,67221336064,8589930496,1399312384,457560064
200,1724148336694,1100,1100,900,800,800,800,800,1100,800,799,799,799,900,800,800,799,799,799,800,800,799,800,800,800,799,799,800,800,901,800,800,800,0,0,0,0,0,0,0,0,0,0,0,0,0,0,0,0,0,0,0,0,0,0,0,0,0,0,0,0,0,0,0,100,0,68125.24438476563,9093.600341796875,0,67221336064,8589930496,1399312384,457560064
200,1724148336894,1100,1100,900,800,800,800,800,1100,800,799,799,799,900,800,800,799,799,799,800,800,799,800,800,800,799,799,800,800,901,800,800,800,0,0,0,0,0,0,0,0,0,0,0,0,0,0,0,0,0,0,0,0,0,0,0,0,0,0,0,0,0,0,0,100,0,68135.73565673828,9102.412048339844,0,67221336064,8589930496,1399312384,457560064
200,1724148337094,1100,1100,900,800,800,800,800,1100,800,799,799,799,900,800,800,799,799,799,800,800,799,800,800,800,799,799,800,800,901,800,800,800,0,0,0,0,0,0,0,0,0,0,0,0,0,0,0,0,0,0,0,0,0,0,0,0,0,0,0,0,0,0,0,100,0,68146.24725341797,9111.241455078125,0,67221336064,8589930496,1399312384,457560064
200,1724148337294,1100,1100,900,800,800,800,800,1100,800,799,799,799,900,800,800,799,799,799,800,800,799,800,800,800,799,799,800,800,901,800,800,800,0,0,0,0,0,0,0,0,0,0,0,0,0,0,0,0,0,0,0,0,0,0,0,0,0,0,0,0,0,0,0,100,0,68156.86492919922,9120.177062988281,0,67221336064,8589930496,1399312384,457560064
200,1724148337494,1100,1100,900,800,800,800,800,1100,800,799,799,799,900,800,800,799,799,799,800,800,799,800,800,800,799,799,800,800,901,800,800,800,0,0,0,0,0,0,0,0,0,0,0,0,0,0,0,0,0,0,0,0,0,0,0,0,0,0,0,0,0,0,0,100,0,68167.34075927734,9128.975341796875,0,67221336064,8589930496,1399312384,457560064
200,1724148337694,1100,1100,900,800,800,800,800,1100,800,799,799,799,900,800,800,799,799,799,800,800,799,800,800,800,799,799,800,800,901,800,800,800,0,0,0,0,0,0,0,0,0,0,0,0,0,0,0,0,0,0,0,0,0,0,0,0,0,0,0,0,0,0,0,100,0,68177.8550415039,9137.807495117188,0,67221336064,8589930496,1399312384,457560064
200,1724148337894,1100,1100,900,800,800,800,800,1100,800,799,799,799,900,800,800,799,799,799,800,800,799,800,800,800,799,799,800,800,901,800,800,800,0,0,0,0,0,0,0,0,0,0,0,0,0,0,0,0,0,0,0,0,0,0,0,0,0,0,0,0,0,0,0,100,0,68188.59448242188,9146.868774414063,0,67221336064,8589930496,1399312384,457560064
200,1724148338094,1100,1100,900,800,800,800,800,1100,800,799,799,799,900,800,800,799,799,799,800,800,799,800,800,800,799,799,800,800,901,800,800,800,0,0,0,0,0,0,0,0,0,0,0,0,0,0,0,0,0,0,0,0,0,0,0,0,0,0,0,0,0,0,0,100,0,68199.10772705078,9155.701599121094,0,67221336064,8589930496,1399312384,457560064
200,1724148338294,1100,1100,900,800,800,800,800,1100,800,799,799,799,900,800,800,799,799,799,800,800,799,800,800,800,799,799,800,800,901,800,800,800,0,0,0,0,0,0,0,0,0,0,0,0,0,0,0,0,0,0,0,0,0,0,0,0,0,0,0,0,0,0,0,100,0,68209.73071289063,9164.64111328125,0,67221336064,8589930496,1399312384,457560064
200,1724148338495,1100,1100,900,800,800,800,800,1100,800,799,799,799,900,800,800,799,799,799,800,800,799,800,800,800,799,799,800,800,901,800,800,800,0,0,0,0,0,0,0,0,0,0,0,0,0,0,0,0,0,0,0,0,0,0,0,0,0,0,0,0,0,0,0,100,0,68220.26068115234,9173.483276367188,0,67221336064,8589930496,1399312384,457560064
200,1724148338695,1100,1100,900,800,800,800,800,1100,800,799,799,799,900,800,800,799,799,799,800,800,799,800,800,800,799,799,800,800,901,800,800,800,0,0,0,0,0,0,0,0,0,0,0,0,0,0,0,0,0,0,0,0,0,0,0,0,0,0,0,0,0,0,0,100,0,68230.75457763672,9182.297973632813,0,67221336064,8589930496,1399312384,457560064
200,1724148338895,1100,1100,900,800,800,800,800,1100,800,799,799,799,900,800,800,799,799,799,800,800,799,800,800,800,799,799,800,800,901,800,800,800,0,0,0,0,0,0,0,0,0,0,0,0,0,0,0,0,0,0,0,0,0,0,0,0,0,0,0,0,0,0,0,100,0,68241.2514038086,9191.114990234375,0,67221336064,8589930496,1399312384,457560064
200,1724148339095,1100,1100,900,800,800,800,800,1100,800,799,799,799,900,800,800,799,799,799,800,800,799,800,800,800,799,799,800,800,901,800,800,800,0,0,0,0,0,0,0,0,0,0,0,0,0,0,0,0,0,0,0,0,0,0,0,0,0,0,0,0,0,0,0,100,0,68251.74670410156,9199.929931640625,0,67221336064,8589930496,1399312384,457560064
200,1724148339295,1100,1100,900,800,800,800,800,1100,800,799,799,799,900,800,800,799,799,799,800,800,799,800,800,800,799,799,800,800,901,800,800,800,0,0,0,0,0,0,0,0,0,0,0,0,0,0,0,0,0,0,0,0,0,0,0,0,0,0,0,0,0,0,0,100,0,68262.25958251953,9208.759948730469,0,67221336064,8589930496,1399296000,457560064
200,1724148339495,1100,1100,900,800,800,800,800,1100,800,799,799,799,900,800,800,799,799,799,800,800,799,800,800,800,799,799,800,800,901,800,800,800,0,0,0,0,0,0,0,0,0,0,0,0,0,0,0,0,0,0,0,0,0,0,0,0,0,0,0,0,0,0,0,100,0,68272.7388305664,9217.560241699219,0,67221336064,8589930496,1399296000,457560064
200,1724148339695,1100,1100,900,800,800,800,800,1100,800,799,799,799,900,800,800,799,799,799,800,800,799,800,800,800,799,799,800,800,901,800,800,800,0,0,0,0,0,0,0,0,0,0,0,0,0,0,0,0,0,0,0,0,0,0,0,0,0,0,0,0,0,0,0,100,0,68283.2275390625,9226.369384765625,0,67221336064,8589930496,1399296000,457560064
200,1724148339895,1100,1100,900,800,800,800,800,1100,800,799,799,799,900,800,800,799,799,799,800,800,799,800,800,800,799,799,800,800,901,800,800,800,4.761904716491699,0,0,0,0,0,0,0,0,0,0,0,0,0,0,0,0,0,0,0,0,0,0,0,0,0,0,0,0,0,0,100,0,68293.80065917969,9235.262939453125,0,67221336064,8589930496,1399296000,457560064
200,1724148340095,1100,1100,900,800,800,800,800,1100,800,799,799,799,900,800,800,799,799,799,800,800,799,800,800,800,799,799,800,800,901,800,800,800,0,0,0,0,0,0,0,0,0,0,0,0,0,0,0,0,0,0,0,0,0,0,0,0,0,0,0,0,0,0,0,100,0,68304.30749511719,9244.088134765625,0,67221336064,8589930496,1399296000,457560064
200,1724148340295,1100,1100,900,800,800,800,800,1100,800,799,799,799,900,800,800,799,799,799,800,800,799,800,800,800,799,799,800,800,901,800,800,800,0,0,0,0,0,0,0,0,0,0,0,0,0,0,0,0,0,0,0,0,0,0,0,0,0,0,0,0,0,0,0,100,0,68314.7954711914,9252.896667480469,0,67221336064,8589930496,1399296000,457560064
200,1724148340495,1100,1100,900,800,800,800,800,1100,800,799,799,799,900,800,800,799,799,799,800,800,799,800,800,800,799,799,800,800,901,800,800,800,0,0,0,0,0,0,0,0,0,0,0,0,0,0,0,0,0,0,0,0,0,0,0,0,0,0,0,0,0,0,0,100,0,68325.33203125,9261.746704101563,0,67221336064,8589930496,1399296000,457560064
200,1724148340696,1100,1100,900,800,800,800,800,1100,800,799,799,799,900,800,800,799,799,799,800,800,799,800,800,800,799,799,800,800,901,800,800,800,0,0,0,0,0,0,0,0,0,0,0,0,0,0,0,0,0,0,0,0,0,0,0,0,0,0,0,0,0,0,0,100,0,68335.77850341797,9270.520446777344,0,67221336064,8589930496,1399296000,457560064
200,1724148340896,1100,1100,900,800,800,800,800,1100,800,799,799,799,900,800,800,799,799,799,800,800,799,800,800,800,799,799,800,800,901,800,800,800,0,0,0,0,0,0,0,0,0,0,0,0,0,0,0,0,0,0,0,0,0,0,0,0,0,0,0,0,0,0,0,100,0,68346.32800292969,9279.381225585938,0,67221336064,8589930496,1399296000,457560064
200,1724148341096,1100,1100,900,800,800,800,800,1100,800,799,799,799,900,800,800,799,799,799,800,800,799,800,800,800,799,799,800,800,901,800,800,800,0,0,0,0,0,0,0,0,0,0,0,0,0,0,0,0,0,0,0,0,0,0,0,0,0,0,0,0,0,0,0,100,0,68356.8070678711,9288.182189941406,0,67221336064,8589930496,1399296000,457560064
200,1724148341296,1100,1100,900,800,800,800,800,1100,800,799,799,799,900,800,800,799,799,799,800,800,799,800,800,800,799,799,800,800,901,800,800,800,0,0,0,0,0,0,0,0,0,0,0,0,0,0,0,0,0,0,0,0,0,0,0,0,0,0,0,0,0,0,0,100,0,68367.31439208984,9297.007080078125,0,67221336064,8589930496,1399296000,457560064
200,1724148341496,1100,1100,900,800,800,800,800,1100,800,799,799,799,900,800,800,799,799,799,800,800,799,800,800,800,799,799,800,800,901,800,800,800,0,0,0,0,0,0,0,0,0,0,0,0,0,0,0,0,0,0,0,0,0,0,0,0,0,0,0,0,0,0,0,100,0,68377.796875,9305.810974121094,0,67221336064,8589930496,1399296000,457560064
200,1724148341696,1100,1100,900,800,800,800,800,1100,800,799,799,799,900,800,800,799,799,799,800,800,799,800,800,800,799,799,800,800,901,800,800,800,0,0,0,0,0,0,0,0,0,0,0,0,0,0,0,0,0,0,0,0,0,0,0,0,0,0,0,0,0,0,0,100,0,68388.29791259766,9314.632080078125,0,67221336064,8589930496,1399296000,457560064
200,1724148341896,1100,1100,900,800,800,800,800,1100,800,799,799,799,900,800,800,799,799,799,800,800,799,800,800,800,799,799,800,800,901,800,800,800,0,0,0,0,0,0,0,0,0,0,0,0,0,0,0,0,0,0,0,0,0,0,0,0,0,0,0,0,0,0,0,100,0,68398.80102539063,9323.454467773438,0,67221336064,8589930496,1399296000,457560064
200,1724148342096,1100,1100,900,800,800,800,800,1100,800,799,799,799,900,800,800,799,799,799,800,800,799,800,800,800,799,799,800,800,901,800,800,800,0,0,0,0,0,0,0,0,0,0,0,0,0,0,0,0,0,0,0,0,0,0,0,0,0,0,0,0,0,0,0,100,0,68409.39794921875,9332.371398925781,0,67221336064,8589930496,1399296000,457560064
200,1724148342296,1100,1100,900,800,800,800,800,1100,800,799,799,799,900,800,800,799,799,799,800,800,799,800,800,800,799,799,800,800,901,800,800,800,0,0,0,0,0,0,0,0,0,0,0,0,0,0,0,0,0,0,0,0,0,0,0,0,0,0,0,0,0,0,0,100,0,68419.89947509766,9341.191589355469,0,67221336064,8589930496,1399296000,457560064
200,1724148342496,1100,1100,900,800,800,800,800,1100,800,799,799,799,900,800,800,799,799,799,800,800,799,800,800,800,799,799,800,800,901,800,800,800,0,0,0,0,0,0,0,0,0,0,0,0,0,0,0,0,0,0,0,0,0,0,0,0,0,0,0,0,0,0,0,100,0,68430.39093017578,9350.003173828125,0,67221336064,8589930496,1399296000,457560064
200,1724148342697,1100,1100,900,800,800,800,800,1100,800,799,799,799,900,800,800,799,799,799,800,800,799,800,800,800,799,799,800,800,901,800,800,800,0,0,0,0,0,0,0,0,0,0,0,0,0,0,0,0,0,0,0,0,0,0,0,0,0,0,0,0,0,0,0,100,0,68440.931640625,9358.856201171875,0,67221336064,8589930496,1399296000,457560064
200,1724148342897,1100,1100,900,800,800,800,800,1100,800,799,799,799,900,800,800,799,799,799,800,800,799,800,800,800,799,799,800,800,901,800,800,800,0,0,0,0,0,0,0,0,0,0,0,0,0,0,0,0,0,0,0,0,0,0,0,0,0,0,0,0,0,0,0,100,0,68451.3861694336,9367.637451171875,0,67221336064,8589930496,1399296000,457560064
200,1724148343097,1100,1100,900,800,800,800,800,1100,800,799,799,799,900,800,800,799,799,799,800,800,799,800,800,800,799,799,800,800,901,800,800,800,0,0,0,0,0,0,0,0,0,0,0,0,0,0,0,0,0,0,0,0,0,0,0,0,0,0,0,0,0,0,0,100,0,68461.93548583984,9376.495361328125,0,67221336064,8589930496,1399296000,457560064
200,1724148343297,1100,1100,900,800,800,800,800,1100,800,799,799,799,900,800,800,799,799,799,800,800,799,800,800,800,799,799,800,800,901,800,800,800,0,0,0,0,0,0,0,0,0,0,0,0,0,0,0,0,0,0,0,0,0,0,0,0,0,0,0,0,0,0,0,100,0,68472.4955444336,9385.373413085938,0,67221336064,8589930496,1399296000,457560064
200,1724148343497,1100,1100,900,800,800,800,800,1100,800,799,799,799,900,800,800,799,799,799,800,800,799,800,800,800,799,799,800,800,901,800,800,800,0,0,0,0,0,0,0,0,0,0,0,0,0,0,0,0,0,0,0,0,0,0,0,0,0,0,0,0,0,0,0,100,0,68482.98901367188,9394.187561035156,0,67221336064,8589930496,1399296000,457560064
200,1724148343697,1100,1100,900,800,800,800,800,1100,800,799,799,799,900,800,800,799,799,799,800,800,799,800,800,800,799,799,800,800,901,800,800,800,0,0,0,0,0,0,0,0,0,0,0,0,0,0,0,0,0,0,0,0,0,0,0,0,0,0,0,0,0,0,0,100,0,68493.48901367188,9403.006469726563,0,67221336064,8589930496,1399296000,457560064
200,1724148343897,1100,1100,900,800,800,800,800,1100,800,799,799,799,900,800,800,799,799,799,800,800,799,800,800,800,799,799,800,800,901,800,800,800,0,0,0,0,0,0,0,0,0,0,0,0,0,0,0,0,0,0,0,0,0,0,0,0,0,0,0,0,0,0,0,100,0,68503.98309326172,9411.822265625,0,67221336064,8589930496,1399296000,457560064
200,1724148344097,1100,1100,900,800,800,800,800,1100,800,799,799,799,900,800,800,799,799,799,800,800,799,800,800,800,799,799,800,800,901,800,800,800,0,0,0,0,0,0,0,0,0,0,0,0,0,0,0,0,0,0,0,0,0,0,0,0,0,0,0,0,0,0,0,100,0,68514.56506347656,9420.722778320313,0,67221336064,8589930496,1399296000,457560064
200,1724148344297,1100,1100,900,800,800,800,800,1100,800,799,799,799,900,800,800,799,799,799,800,800,799,800,800,800,799,799,800,800,901,800,800,800,0,0,0,0,0,0,0,0,0,0,0,0,0,0,0,0,0,0,0,0,0,0,0,0,0,0,0,0,0,0,0,100,0,68525.07153320313,9429.546508789063,0,67221336064,8589930496,1399296000,457560064
200,1724148344497,1100,1100,900,800,800,800,800,1100,800,799,799,799,900,800,800,799,799,799,800,800,799,800,800,800,799,799,800,800,901,800,800,800,0,0,0,0,0,0,0,0,0,0,0,0,0,0,0,0,0,0,0,0,0,0,0,0,0,0,0,0,0,0,0,100,0,68535.55987548828,9438.35546875,0,67221336064,8589930496,1399296000,457560064
200,1724148344697,1100,1100,900,800,800,800,800,1100,800,799,799,799,900,800,800,799,799,799,800,800,799,800,800,800,799,799,800,800,901,800,800,800,0,0,0,0,0,0,0,0,0,0,0,0,0,0,0,0,0,0,0,0,0,0,0,0,0,0,0,0,0,0,0,100,0,68546.05493164063,9447.170593261719,0,67221336064,8589930496,1399554048,457560064
200,1724148344898,1100,1100,900,800,800,800,800,1100,800,799,799,799,900,800,800,799,799,799,800,800,799,800,800,800,799,799,800,800,901,800,800,800,0,0,0,0,0,0,0,0,0,0,0,0,0,0,0,0,0,0,0,0,0,0,0,0,0,0,0,0,0,0,0,100,0,68556.6586303711,9456.094909667969,0,67221336064,8589930496,1399554048,457560064
200,1724148345098,1100,1100,900,800,800,800,800,1100,800,799,799,799,900,800,800,799,799,799,800,800,799,800,800,800,799,799,800,800,901,800,800,800,0,0,0,0,0,0,0,0,0,0,0,0,0,0,0,0,0,0,0,0,0,0,0,0,0,0,0,0,0,0,0,100,0,68567.20007324219,9464.948303222656,0,67221336064,8589930496,1399554048,457560064
200,1724148345298,1100,1100,900,800,800,800,800,1100,800,799,799,799,900,800,800,799,799,799,800,800,799,800,800,800,799,799,800,800,901,800,800,800,0,0,0,0,0,0,0,0,0,0,0,0,0,0,0,0,0,0,0,0,0,0,0,0,0,0,0,0,0,0,0,100,0,68577.70764160156,9473.7744140625,0,67221336064,8589930496,1399554048,457560064
200,1724148345498,1100,1100,900,800,800,800,800,1100,800,799,799,799,900,800,800,799,799,799,800,800,799,800,800,800,799,799,800,800,901,800,800,800,0,0,0,0,0,0,0,0,0,0,0,0,0,0,0,0,0,0,0,0,0,0,0,0,0,0,0,0,0,0,0,100,0,68588.20788574219,9482.594604492188,0,67221336064,8589930496,1399554048,457560064
200,1724148345698,1100,1100,900,800,800,800,800,1100,800,799,799,799,900,800,800,799,799,799,800,800,799,800,800,800,799,799,800,800,901,800,800,800,0,0,0,0,0,0,0,0,0,0,0,0,0,0,0,0,0,0,0,0,0,0,0,0,0,0,0,0,0,0,0,100,0,68598.70281982422,9491.40966796875,0,67221336064,8589930496,1399554048,457560064
200,1724148345898,1100,1100,900,800,800,800,800,1100,800,799,799,799,900,800,800,799,799,799,800,800,799,800,800,800,799,799,800,800,901,800,800,800,0,0,0,0,0,0,0,0,0,0,0,0,0,0,0,0,0,0,0,0,0,0,0,0,0,0,0,0,0,0,0,100,0,68609.2060546875,9500.233215332031,0,67221336064,8589930496,1399554048,457560064
200,1724148346098,1100,1100,900,800,800,800,800,1100,800,799,799,799,900,800,800,799,799,799,800,800,799,800,800,800,799,799,800,800,901,800,800,800,0,0,0,0,0,0,0,0,0,0,0,0,0,0,0,0,0,0,0,0,0,0,0,0,0,0,0,0,0,0,0,100,0,68619.68762207031,9509.036743164063,0,67221336064,8589930496,1399554048,457560064
200,1724148346298,1100,1100,900,800,800,800,800,1100,800,799,799,799,900,800,800,799,799,799,800,800,799,800,800,800,799,799,800,800,901,800,800,800,0,0,0,0,0,0,0,0,0,0,0,0,0,0,0,0,0,0,0,0,0,0,0,0,0,0,0,0,0,0,0,100,0,68630.30114746094,9517.968078613281,0,67221336064,8589930496,1399554048,457560064
200,1724148346498,1100,1100,900,800,800,800,800,1100,800,799,799,799,900,800,800,799,799,799,800,800,799,800,800,800,799,799,800,800,901,800,800,800,0,0,0,0,0,0,0,0,0,0,0,0,0,0,0,0,0,0,0,0,0,0,0,0,0,0,0,0,0,0,0,100,0,68640.79895019531,9526.785400390625,0,67221336064,8589930496,1399554048,457560064
200,1724148346698,1100,1100,900,800,800,800,800,1100,800,799,799,799,900,800,800,799,799,799,800,800,799,800,800,800,799,799,800,800,901,800,800,800,0,0,0,0,0,0,0,0,0,0,0,0,0,0,0,0,0,0,0,0,0,0,0,0,0,0,0,0,0,0,0,100,0,68651.27838134766,9535.585693359375,0,67221336064,8589930496,1399554048,457560064
200,1724148346899,1100,1100,900,800,800,800,800,1100,800,799,799,799,900,800,800,799,799,799,800,800,799,800,800,800,799,799,800,800,901,800,800,800,0,0,0,0,0,0,0,0,0,0,0,0,0,0,0,0,0,0,0,0,0,0,0,0,0,0,0,0,0,0,0,100,0,68661.81951904297,9544.438537597656,0,67221336064,8589930496,1399554048,457560064
200,1724148347099,1100,1100,900,800,800,800,800,1100,800,799,799,799,900,800,800,799,799,799,800,800,799,800,800,800,799,799,800,800,901,800,800,800,0,0,0,0,0,0,0,0,0,0,0,0,0,0,0,0,0,0,0,0,0,0,0,0,0,0,0,0,0,0,0,100,0,68672.27032470703,9553.2158203125,0,67221336064,8589930496,1399554048,457560064
200,1724148347299,1100,1100,900,800,800,800,800,1100,800,799,799,799,900,800,800,799,799,799,800,800,799,800,800,800,799,799,800,800,901,800,800,800,0,0,0,0,0,0,0,0,0,0,0,0,0,0,0,0,0,0,0,0,0,0,0,0,0,0,0,0,0,0,0,100,0,68682.81378173828,9562.080688476563,0,67221336064,8589930496,1399554048,457560064
200,1724148347499,1100,1100,900,800,800,800,800,1100,800,799,799,799,900,800,800,799,799,799,800,800,799,800,800,800,799,799,800,800,901,800,800,800,0,0,0,0,0,0,0,0,0,0,0,0,0,0,0,0,0,0,0,0,0,0,0,0,0,0,0,0,0,0,0,100,0,68693.36199951172,9570.940368652344,0,67221336064,8589930496,1399554048,457560064
200,1724148347699,1100,1100,900,800,800,800,800,1100,800,799,799,799,900,800,800,799,799,799,800,800,799,800,800,800,799,799,800,800,901,800,800,800,0,0,0,0,0,0,0,0,0,0,0,0,0,0,0,0,0,0,0,0,0,0,0,0,0,0,0,0,0,0,0,100,0,68703.86541748047,9579.763305664063,0,67221336064,8589930496,1399554048,457560064
200,1724148347899,1100,1100,900,800,800,800,800,1100,800,799,799,799,900,800,800,799,799,799,800,800,799,800,800,800,799,799,800,800,901,800,800,800,0,0,0,0,0,0,0,0,0,0,0,0,0,0,0,0,0,0,0,0,0,0,0,0,0,0,0,0,0,0,0,100,0,68714.3627319336,9588.580810546875,0,67221336064,8589930496,1399554048,457560064
200,1724148348099,1100,1100,900,800,800,800,800,1100,800,799,799,799,900,800,800,799,799,799,800,800,799,800,800,800,799,799,800,800,901,800,800,800,0,0,0,0,0,0,0,0,0,0,0,0,0,0,0,0,0,0,0,0,0,0,0,0,0,0,0,0,0,0,0,100,0,68724.8662109375,9597.402954101563,0,67221336064,8589930496,1399554048,457560064
200,1724148348299,1100,1100,900,800,800,800,800,1100,800,799,799,799,900,800,800,799,799,799,800,800,799,800,800,800,799,799,800,800,901,800,800,800,0,0,0,0,0,0,0,0,0,0,0,0,0,0,0,0,0,0,0,0,0,0,0,0,0,0,0,0,0,0,0,100,0,68735.41845703125,9606.275024414063,0,67221336064,8589930496,1399554048,457560064
200,1724148348499,1100,1100,900,800,800,800,800,1100,800,799,799,799,900,800,800,799,799,799,800,800,799,800,800,800,799,799,800,800,901,800,800,800,0,0,0,0,0,0,0,0,0,0,0,0,0,0,0,0,0,0,0,0,0,0,0,0,0,0,0,0,0,0,0,100,0,68746.07354736328,9615.248840332031,0,67221336064,8589930496,1399554048,457560064
200,1724148348699,1100,1100,900,800,800,800,800,1100,800,799,799,799,900,800,800,799,799,799,800,800,799,800,800,800,799,799,800,800,901,800,800,800,0,0,0,0,0,0,0,0,0,0,0,0,0,0,0,0,0,0,0,0,0,0,0,0,0,0,0,0,0,0,0,100,0,68756.55700683594,9624.052734375,0,67221336064,8589930496,1399554048,457560064
200,1724148348900,1100,1100,900,800,800,800,800,1100,800,799,799,799,900,800,800,799,799,799,800,800,799,800,800,800,799,799,800,800,901,800,800,800,0,0,0,0,0,0,0,0,0,0,0,0,0,0,0,0,0,0,0,0,0,0,0,0,0,0,0,0,0,0,0,100,0,68767.04705810547,9632.863464355469,0,67221336064,8589930496,1399554048,457560064
200,1724148349100,1100,1100,900,800,800,800,800,1100,800,799,799,799,900,800,800,799,799,799,800,800,799,800,800,800,799,799,800,800,901,800,800,800,0,0,0,0,0,0,0,0,0,0,0,0,0,0,0,0,0,0,0,0,0,0,0,0,0,0,0,0,0,0,0,100,0,68777.55377197266,9641.688903808594,0,67221336064,8589930496,1399554048,457560064
200,1724148349300,1100,1100,900,800,800,800,800,1100,800,799,799,799,900,800,800,799,799,799,800,800,799,800,800,800,799,799,800,800,901,800,800,800,0,0,0,0,0,0,0,0,0,0,0,0,0,0,0,0,0,0,0,0,0,0,0,0,0,0,0,0,0,0,0,100,0,68788.10083007813,9650.54833984375,0,67221336064,8589930496,1399554048,457560064
200,1724148349500,1100,1100,900,800,800,800,800,1100,800,799,799,799,900,800,800,799,799,799,800,800,799,800,800,800,799,799,800,800,901,800,800,800,0,0,0,0,0,0,0,0,0,0,0,0,0,0,0,0,0,0,0,0,0,0,0,0,0,0,0,0,0,0,0,100,0,68798.59838867188,9659.365844726563,0,67221336064,8589930496,1399554048,457560064
200,1724148349700,1100,1100,900,800,800,800,800,1100,800,799,799,799,900,800,800,799,799,799,800,800,799,800,800,800,799,799,800,800,901,800,800,800,0,0,0,0,0,0,0,0,0,0,0,0,0,0,0,0,0,0,0,0,0,0,0,0,0,0,0,0,0,0,0,100,0,68809.09826660156,9668.184326171875,0,67221336064,8589930496,1399554048,457560064
200,1724148349900,1100,1100,900,800,800,800,800,1100,800,799,799,799,900,800,800,799,799,799,800,800,799,800,800,800,799,799,800,800,901,800,800,800,0,0,0,0,0,0,0,0,0,0,0,0,0,0,0,0,0,0,0,0,0,0,0,0,0,0,0,0,0,0,0,100,0,68819.57897949219,9676.987182617188,0,67221336064,8589930496,1399554048,457560064
200,1724148350100,1100,1100,900,800,800,800,800,1100,800,799,799,799,900,800,800,799,799,799,800,800,799,800,800,800,799,799,800,800,901,800,800,800,0,0,0,0,0,0,0,0,0,0,0,0,0,0,0,0,0,0,0,0,0,0,0,0,0,0,0,0,0,0,0,100,0,68830.0732421875,9685.801147460938,0,67221336064,8589930496,1399554048,457560064
200,1724148350300,1100,1100,900,800,800,800,800,1100,800,799,799,799,900,800,800,799,799,799,800,800,799,800,800,800,799,799,800,800,901,800,800,800,0,0,0,0,0,0,0,0,0,0,0,0,0,0,0,0,0,0,0,0,0,0,0,0,0,0,0,0,0,0,0,100,0,68840.57495117188,9694.622131347656,0,67221336064,8589930496,1399554048,457560064
200,1724148350500,1100,1100,900,800,800,800,800,1100,800,799,799,799,900,800,800,799,799,799,800,800,799,800,800,800,799,799,800,800,901,800,800,800,0,0,0,0,0,0,0,0,0,0,0,0,0,0,0,0,0,0,0,0,0,0,0,0,0,0,0,0,0,0,0,100,0,68851.14874267578,9703.515319824219,0,67221336064,8589930496,1399554048,457560064
200,1724148350700,1100,1100,900,800,800,800,800,1100,800,799,799,799,900,800,800,799,799,799,800,800,799,800,800,800,799,799,800,800,901,800,800,800,0,0,0,0,0,0,0,0,0,0,0,0,0,0,0,0,0,0,0,0,0,0,0,0,0,0,0,0,0,0,0,100,0,68861.6293334961,9712.317626953125,0,67221336064,8589930496,1399554048,457560064
200,1724148350900,1100,1100,900,800,800,800,800,1100,800,799,799,799,900,800,800,799,799,799,800,800,799,800,800,800,799,799,800,800,901,800,800,800,0,0,0,0,0,0,0,0,0,0,0,0,0,0,0,0,0,0,0,0,0,0,0,0,0,0,0,0,0,0,0,100,0,68872.14080810547,9721.146667480469,0,67221336064,8589930496,1399554048,457560064
200,1724148351101,1100,1100,900,800,800,800,800,1100,800,799,799,799,900,800,800,799,799,799,800,800,799,800,800,800,799,799,800,800,901,800,800,800,0,0,0,0,0,0,0,0,0,0,0,0,0,0,0,0,0,0,0,0,0,0,0,0,0,0,0,0,0,0,0,100,0,68882.64520263672,9729.965576171875,0,67221336064,8589930496,1399554048,457560064
200,1724148351301,1100,1100,900,800,800,800,800,1100,800,799,799,799,900,800,800,799,799,799,800,800,799,800,800,800,799,799,800,800,901,800,800,800,0,0,0,0,0,0,0,0,0,0,0,0,0,0,0,0,0,0,0,0,0,0,0,0,0,0,0,0,0,0,0,100,0,68893.13397216797,9738.77490234375,0,67221336064,8589930496,1399554048,457560064
200,1724148351501,1100,1100,900,800,800,800,800,1100,800,799,799,799,900,800,800,799,799,799,800,800,799,800,800,800,799,799,800,800,901,800,800,800,0,0,0,0,0,0,0,0,0,0,0,0,0,0,0,0,0,0,0,0,0,0,0,0,0,0,0,0,0,0,0,100,0,68903.68048095703,9747.633728027344,0,67221336064,8589930496,1399554048,457560064
200,1724148351701,1100,1100,900,800,800,800,800,1100,800,799,799,799,900,800,800,799,799,799,800,800,799,800,800,800,799,799,800,800,901,800,800,800,0,0,0,0,0,0,0,0,0,0,0,0,0,0,0,0,0,0,0,0,0,0,0,0,0,0,0,0,0,0,0,100,0,68914.13372802734,9756.414123535156,0,67221336064,8589930496,1399554048,457560064
200,1724148351901,1100,1100,900,800,800,800,800,1100,800,799,799,799,900,800,800,799,799,799,800,800,799,800,800,800,799,799,800,800,901,800,800,800,0,0,0,0,0,0,0,0,0,0,0,0,0,0,0,0,0,0,0,0,0,0,0,0,0,0,0,0,0,0,0,100,0,68924.67767333984,9765.269775390625,0,67221336064,8589930496,1399525376,457560064
200,1724148352101,1100,1100,900,800,800,800,800,1100,800,799,799,799,900,800,800,799,799,799,800,800,799,800,800,800,799,799,800,800,901,800,800,800,0,0,0,0,0,0,0,0,0,0,0,0,0,0,0,0,0,0,0,0,0,0,0,0,0,0,0,0,0,0,0,100,0,68935.16680908203,9774.0791015625,0,67221336064,8589930496,1399525376,457560064
200,1724148352301,1100,1100,900,800,800,800,800,1100,800,799,799,799,900,800,800,799,799,799,800,800,799,800,800,800,799,799,800,800,901,800,800,800,0,0,0,0,0,0,0,0,0,0,0,0,0,0,0,0,0,0,0,0,0,0,0,0,0,0,0,0,0,0,0,100,0,68945.65783691406,9782.890197753906,0,67221336064,8589930496,1399525376,457560064
200,1724148352501,1100,1100,900,800,800,800,800,1100,800,799,799,799,900,800,800,799,799,799,800,800,799,800,800,800,799,799,800,800,901,800,800,800,4.761904716491699,0,0,0,0,0,0,0,0,0,0,0,0,0,0,0,0,0,0,0,0,0,0,0,0,0,0,0,0,0,0,100,0,68956.21795654297,9791.769592285156,0,67221336064,8589930496,1399525376,457560064
200,1724148352701,1100,1100,900,800,800,800,800,1100,800,799,799,799,900,800,800,799,799,799,800,800,799,800,800,800,799,799,800,800,901,800,800,800,0,0,0,0,0,0,0,0,0,0,0,0,0,0,0,0,0,0,0,0,0,0,0,0,0,0,0,0,0,0,0,100,0,68966.82977294922,9800.70068359375,0,67221336064,8589930496,1399525376,457560064
200,1724148352901,1100,1100,900,800,800,800,800,1100,800,799,799,799,900,800,800,799,799,799,800,800,799,800,800,800,799,799,800,800,901,800,800,800,0,0,0,0,0,0,0,0,0,0,0,0,0,0,0,0,0,0,0,0,0,0,0,0,0,0,0,0,0,0,0,100,0,68977.3998413086,9809.591918945313,0,67221336064,8589930496,1399525376,457560064
200,1724148353101,1100,1100,900,800,800,800,800,1100,800,799,799,799,900,800,800,799,799,799,800,800,799,800,800,800,799,799,800,800,901,800,800,800,0,0,0,0,0,0,0,0,0,0,0,0,0,0,0,0,0,0,0,0,0,0,0,0,0,0,0,0,0,0,0,100,0,68987.89624023438,9818.407531738281,0,67221336064,8589930496,1399525376,457560064
200,1724148353302,1100,1100,900,800,800,800,800,1100,800,799,799,799,900,800,800,799,799,799,800,800,799,800,800,800,799,799,800,800,901,800,800,800,0,0,0,0,0,0,0,0,0,0,0,0,0,0,0,0,0,0,0,0,0,0,0,0,0,0,0,0,0,0,0,100,0,68998.39929199219,9827.229797363281,0,67221336064,8589930496,1399525376,457560064
200,1724148353502,1100,1100,900,800,800,800,800,1100,800,799,799,799,900,800,800,799,799,799,800,800,799,800,800,800,799,799,800,800,901,800,800,800,0,0,0,0,0,0,0,0,0,0,0,0,0,0,0,0,0,0,0,0,0,0,0,0,0,0,0,0,0,0,0,100,0,69008.87921142578,9836.031127929688,0,67221336064,8589930496,1399525376,457560064
200,1724148353702,1100,1100,900,800,800,800,800,1100,800,799,799,799,900,800,800,799,799,799,800,800,799,800,800,800,799,799,800,800,901,800,800,800,0,0,0,0,0,0,0,0,0,0,0,0,0,0,0,0,0,0,0,0,0,0,0,0,0,0,0,0,0,0,0,100,0,69019.4267578125,9844.890258789063,0,67221336064,8589930496,1399525376,457560064
200,1724148353902,1100,1100,900,800,800,800,800,1100,800,799,799,799,900,800,800,799,799,799,800,800,799,800,800,800,799,799,800,800,901,800,800,800,0,0,0,0,0,0,0,0,0,0,0,0,0,0,0,0,0,0,0,0,0,0,0,0,0,0,0,0,0,0,0,100,0,69029.92541503906,9853.708557128906,0,67221336064,8589930496,1399525376,457560064
191,1724148354110,1100,1100,900,800,800,800,800,1100,800,799,799,799,900,800,800,799,799,799,800,800,799,800,800,800,799,799,800,800,901,800,800,800,0,0,0,0,0,0,0,0,0,0,0,0,0,0,0,0,0,0,0,0,0,0,0,0,0,0,0,0,0,0,0,100,0,69040.95037841797,9862.983764648438,0,67221336064,8589930496,1399525376,457560064
200,1724148354302,1100,1100,900,800,800,800,800,1100,800,799,799,799,900,800,800,799,799,799,800,800,799,800,800,800,799,799,800,800,901,800,800,800,0,0,0,0,0,0,0,0,0,0,0,0,0,0,0,0,0,0,0,0,0,0,0,0,0,0,0,0,0,0,0,100,0,69051.02319335938,9871.444702148438,0,67221336064,8589930496,1399525376,457560064
200,1724148354502,1100,1100,900,800,800,800,800,1100,800,799,799,799,900,800,800,799,799,799,800,800,799,800,800,800,799,799,800,800,901,800,800,800,0,0,0,0,0,0,0,0,0,0,0,0,0,0,0,0,0,0,0,0,0,0,0,0,0,0,0,0,0,0,0,100,0,69061.53106689453,9880.271118164063,0,67221336064,8589930496,1399525376,457560064
200,1724148354702,1100,1100,900,800,800,800,800,1100,800,799,799,799,900,800,800,799,799,799,800,800,799,800,800,800,799,799,800,800,901,800,800,800,0,0,0,0,0,0,0,0,0,0,0,0,0,0,0,0,0,0,0,0,0,0,0,0,0,0,0,0,0,0,0,100,0,69072.10217285156,9889.162780761719,0,67221336064,8589930496,1399525376,457560064
200,1724148354902,1100,1100,900,800,800,800,800,1100,800,799,799,799,900,800,800,799,799,799,800,800,799,800,800,800,799,799,800,800,901,800,800,800,0,0,0,0,0,0,0,0,0,0,0,0,0,0,0,0,0,0,0,0,0,0,0,0,0,0,0,0,0,0,0,100,0,69082.60302734375,9897.983459472656,0,67221336064,8589930496,1399525376,457560064
200,1724148355102,1100,1100,900,800,800,800,800,1100,800,799,799,799,900,800,800,799,799,799,800,800,799,800,800,800,799,799,800,800,901,800,800,800,0,0,0,0,0,0,0,0,0,0,0,0,0,0,0,0,0,0,0,0,0,0,0,0,0,0,0,0,0,0,0,100,0,69093.08599853516,9906.788452148438,0,67221336064,8589930496,1399525376,457560064
200,1724148355302,1100,1100,900,800,800,800,800,1100,800,799,799,799,900,800,800,799,799,799,800,800,799,800,800,800,799,799,800,800,901,800,800,800,0,0,0,0,0,0,0,0,0,0,0,0,0,0,0,0,0,0,0,0,0,0,0,0,0,0,0,0,0,0,0,100,0,69103.59484863281,9915.615417480469,0,67221336064,8589930496,1399525376,457560064
200,1724148355503,1100,1100,900,800,800,800,800,1100,800,799,799,799,900,800,800,799,799,799,800,800,799,800,800,800,799,799,800,800,901,800,800,800,0,0,0,0,0,0,0,0,0,0,0,0,0,0,0,0,0,0,0,0,0,0,0,0,0,0,0,0,0,0,0,100,0,69114.0771484375,9924.41943359375,0,67221336064,8589930496,1399525376,457560064
200,1724148355703,1100,1100,900,800,800,800,800,1100,800,799,799,799,900,800,800,799,799,799,800,800,799,800,800,800,799,799,800,800,901,800,800,800,0,0,0,0,0,0,0,0,0,0,0,0,0,0,0,0,0,0,0,0,0,0,0,0,0,0,0,0,0,0,0,100,0,69124.57733154297,9933.23828125,0,67221336064,8589930496,1399525376,457560064
200,1724148355903,1100,1100,900,800,800,800,800,1100,800,799,799,799,900,800,800,799,799,799,800,800,799,800,800,800,799,799,800,800,901,800,800,800,0,0,0,0,0,0,0,0,0,0,0,0,0,0,0,0,0,0,0,0,0,0,0,0,0,0,0,0,0,0,0,100,0,69135.08001708984,9942.060546875,0,67221336064,8589930496,1399525376,457560064
200,1724148356103,1100,1100,900,800,800,800,800,1100,800,799,799,799,900,800,800,799,799,799,800,800,799,800,800,800,799,799,800,800,901,800,800,800,0,0,0,0,0,0,0,0,0,0,0,0,0,0,0,0,0,0,0,0,0,0,0,0,0,0,0,0,0,0,0,100,0,69145.61505126953,9950.909057617188,0,67221336064,8589930496,1399525376,457560064
200,1724148356303,1100,1100,900,800,800,800,800,1100,800,799,799,799,900,800,800,799,799,799,800,800,799,800,800,800,799,799,800,800,901,800,800,800,0,0,0,0,0,0,0,0,0,0,0,0,0,0,0,0,0,0,0,0,0,0,0,0,0,0,0,0,0,0,0,100,0,69156.11322021484,9959.72509765625,0,67221336064,8589930496,1399525376,457560064
200,1724148356503,1100,1100,900,800,800,800,800,1100,800,799,799,799,900,800,800,799,799,799,800,800,799,800,800,800,799,799,800,800,901,800,800,800,0,0,0,0,0,0,0,0,0,0,0,0,0,0,0,0,0,0,0,0,0,0,0,0,0,0,0,0,0,0,0,100,0,69166.59979248047,9968.532531738281,0,67221336064,8589930496,1399525376,457560064
200,1724148356703,1100,1100,900,800,800,800,800,1100,800,799,799,799,900,800,800,799,799,799,800,800,799,800,800,800,799,799,800,800,901,800,800,800,0,0,0,0,0,0,0,0,0,0,0,0,0,0,0,0,0,0,0,0,0,0,0,0,0,0,0,0,0,0,0,100,0,69177.1019897461,9977.353637695313,0,67221336064,8589930496,1399525376,457560064
200,1724148356903,1100,1100,900,800,800,800,800,1100,800,799,799,799,900,800,800,799,799,799,800,800,799,800,800,800,799,799,800,800,901,800,800,800,0,0,0,0,0,0,0,0,0,0,0,0,0,0,0,0,0,0,0,0,0,0,0,0,0,0,0,0,0,0,0,100,0,69187.63989257813,9986.212646484375,0,67221336064,8589930496,1399525376,457560064
200,1724148357103,1100,1100,900,800,800,800,800,1100,800,799,799,799,900,800,800,799,799,799,800,800,799,800,800,800,799,799,800,800,901,800,800,800,0,0,0,0,0,0,0,0,0,0,0,0,0,0,0,0,0,0,0,0,0,0,0,0,0,0,0,0,0,0,0,100,0,69198.1128540039,9995.004760742188,0,67221336064,8589930496,1399525376,457560064
200,1724148357303,1100,1100,900,800,800,800,800,1100,800,799,799,799,900,800,800,799,799,799,800,800,799,800,800,800,799,799,800,800,901,800,800,800,0,0,0,0,0,0,0,0,0,0,0,0,0,0,0,0,0,0,0,0,0,0,0,0,0,0,0,0,0,0,0,100,0,69208.66900634766,10003.878784179688,0,67221336064,8589930496,1399525376,457560064
200,1724148357504,1100,1100,900,800,800,800,800,1100,800,799,799,799,900,800,800,799,799,799,800,800,799,800,800,800,799,799,800,800,901,800,800,800,0,0,0,0,0,0,0,0,0,0,0,0,0,0,0,0,0,0,0,0,0,0,0,0,0,0,0,0,0,0,0,100,0,69219.15631103516,10012.686889648438,0,67221336064,8589930496,1399525376,457560064
200,1724148357704,1100,1100,900,800,800,800,800,1100,800,799,799,799,900,800,800,799,799,799,800,800,799,800,800,800,799,799,800,800,901,800,800,800,0,0,0,0,0,0,0,0,0,0,0,0,0,0,0,0,0,0,0,0,0,0,0,0,0,0,0,0,0,0,0,100,0,69229.64434814453,10021.4951171875,0,67221336064,8589930496,1399525376,457560064
200,1724148357904,1100,1100,900,800,800,800,800,1100,800,799,799,799,900,800,800,799,799,799,800,800,799,800,800,800,799,799,800,800,901,800,800,800,0,0,0,0,0,0,0,0,0,0,0,0,0,0,0,0,0,0,0,0,0,0,0,0,0,0,0,0,0,0,0,100,0,69240.2446899414,10030.413146972656,0,67221336064,8589930496,1399525376,457560064
200,1724148358104,1100,1100,900,800,800,800,800,1100,800,799,799,799,900,800,800,799,799,799,800,800,799,800,800,800,799,799,800,800,901,800,800,800,0,0,0,0,0,0,0,0,0,0,0,0,0,0,0,0,0,0,0,0,0,0,0,0,0,0,0,0,0,0,0,100,0,69250.75817871094,10039.247436523438,0,67221336064,8589930496,1399525376,457560064
200,1724148358304,1100,1100,900,800,800,800,800,1100,800,799,799,799,900,800,800,799,799,799,800,800,799,800,800,800,799,799,800,800,901,800,800,800,0,0,0,0,0,0,0,0,0,0,0,0,0,0,0,0,0,0,0,0,0,0,0,0,0,0,0,0,0,0,0,100,0,69261.2710571289,10048.0791015625,0,67221336064,8589930496,1399525376,457560064
200,1724148358504,1100,1100,900,800,800,800,800,1100,800,799,799,799,900,800,800,799,799,799,800,800,799,800,800,800,799,799,800,800,901,800,800,800,0,0,0,0,0,0,0,0,0,0,0,0,0,0,0,0,0,0,0,0,0,0,0,0,0,0,0,0,0,0,0,100,0,69271.81182861328,10056.93310546875,0,67221336064,8589930496,1399525376,457560064
200,1724148358704,1100,1100,900,800,800,800,800,1100,800,799,799,799,900,800,800,799,799,799,800,800,799,800,800,800,799,799,800,800,901,800,800,800,0,0,0,0,0,0,0,0,0,0,0,0,0,0,0,0,0,0,0,0,0,0,0,0,0,0,0,0,0,0,0,100,0,69282.30865478516,10065.749633789063,0,67221336064,8589930496,1399525376,457560064
200,1724148358904,1100,1100,900,800,800,800,800,1100,800,799,799,799,900,800,800,799,799,799,800,800,799,800,800,800,799,799,800,800,901,800,800,800,0,0,0,0,0,0,0,0,0,0,0,0,0,0,0,0,0,0,0,0,0,0,0,0,0,0,0,0,0,0,0,100,0,69292.80212402344,10074.563598632813,0,67221336064,8589930496,1399525376,457560064
200,1724148359104,1100,1100,900,800,800,800,800,1100,800,799,799,799,900,800,800,799,799,799,800,800,799,800,800,800,799,799,800,800,901,800,800,800,0,0,0,0,0,0,0,0,0,0,0,0,0,0,0,0,0,0,0,0,0,0,0,0,0,0,0,0,0,0,0,100,0,69303.35095214844,10083.432312011719,0,67221336064,8589930496,1399525376,457560064
200,1724148359304,1100,1100,900,800,800,800,800,1100,800,799,799,799,900,800,800,799,799,799,800,800,799,800,800,800,799,799,800,800,901,800,800,800,0,0,0,0,0,0,0,0,0,0,0,0,0,0,0,0,0,0,0,0,0,0,0,0,0,0,0,0,0,0,0,100,0,69313.86120605469,10092.260314941406,0,67221336064,8589930496,1399525376,457560064
200,1724148359504,1100,1100,900,800,800,800,800,1100,800,799,799,799,900,800,800,799,799,799,800,800,799,800,800,800,799,799,800,800,901,800,800,800,0,0,0,0,0,0,0,0,0,0,0,0,0,0,0,0,0,0,0,0,0,0,0,0,0,0,0,0,0,0,0,100,0,69324.35418701172,10101.073303222656,0,67221336064,8589930496,1399525376,457560064
200,1724148359705,1100,1100,900,800,800,800,800,1100,800,799,799,799,900,800,800,799,799,799,800,800,799,800,800,800,799,799,800,800,901,800,800,800,0,0,0,0,0,0,0,0,0,0,0,0,0,0,0,0,0,0,0,0,0,0,0,0,0,0,0,0,0,0,0,100,0,69334.8306274414,10109.871887207031,0,67221336064,8589930496,1399525376,457560064
200,1724148359905,1100,1100,900,800,800,800,800,1100,800,799,799,799,900,800,800,799,799,799,800,800,799,800,800,800,799,799,800,800,901,800,800,800,0,0,0,0,0,0,0,0,0,0,0,0,0,0,0,0,0,0,0,0,0,0,0,0,0,0,0,0,0,0,0,100,0,69345.33575439453,10118.695373535156,0,67221336064,8589930496,1399525376,457560064
200,1724148360105,1100,1100,900,800,800,800,800,1100,800,799,799,799,900,800,800,799,799,799,800,800,799,800,800,800,799,799,800,800,901,800,800,800,0,0,0,0,0,0,0,0,0,0,0,0,0,0,0,0,0,0,0,0,0,0,0,0,0,0,0,0,0,0,0,100,0,69355.9208984375,10127.599548339844,0,67221336064,8589930496,1399504896,457560064
200,1724148360305,1100,1100,900,800,800,800,800,1100,800,799,799,799,900,800,800,799,799,799,800,800,799,800,800,800,799,799,800,800,901,800,800,800,0,0,0,0,0,0,0,0,0,0,0,0,0,0,0,0,0,0,0,0,0,0,0,0,0,0,0,0,0,0,0,100,0,69366.47528076172,10136.465881347656,0,67221336064,8589930496,1399504896,457560064
200,1724148360505,1100,1100,900,800,800,800,800,1100,800,799,799,799,900,800,800,799,799,799,800,800,799,800,800,800,799,799,800,800,901,800,800,800,0,0,0,0,0,0,0,0,0,0,0,0,0,0,0,0,0,0,0,0,0,0,0,0,0,0,0,0,0,0,0,100,0,69376.91149902344,10145.2314453125,0,67221336064,8589930496,1399504896,457560064
200,1724148360705,1100,1100,900,800,800,800,800,1100,800,799,799,799,900,800,800,799,799,799,800,800,799,800,800,800,799,799,800,800,901,800,800,800,0,0,0,0,0,0,0,0,0,0,0,0,0,0,0,0,0,0,0,0,0,0,0,0,0,0,0,0,0,0,0,100,0,69387.45245361328,10154.086853027344,0,67221336064,8589930496,1399504896,457560064
200,1724148360905,1100,1100,900,800,800,800,800,1100,800,799,799,799,900,800,800,799,799,799,800,800,799,800,800,800,799,799,800,800,901,800,800,800,0,0,0,0,0,0,0,0,0,0,0,0,0,0,0,0,0,0,0,0,0,0,0,0,0,0,0,0,0,0,0,100,0,69398.0512084961,10163.000732421875,0,67221336064,8589930496,1399504896,457560064
200,1724148361105,1100,1100,900,800,800,800,800,1100,800,799,799,799,900,800,800,799,799,799,800,800,799,800,800,800,799,799,800,800,901,800,800,800,0,0,0,0,0,0,0,0,0,0,0,0,0,0,0,0,0,0,0,0,0,0,0,0,0,0,0,0,0,0,0,100,0,69408.6488647461,10171.918823242188,0,67221336064,8589930496,1399504896,457560064
200,1724148361305,1100,1100,900,800,800,800,800,1100,800,799,799,799,900,800,800,799,799,799,800,800,799,800,800,800,799,799,800,800,901,800,800,800,0,0,0,0,0,0,0,0,0,0,0,0,0,0,0,0,0,0,0,0,0,0,0,0,0,0,0,0,0,0,0,100,0,69419.15948486328,10180.748107910156,0,67221336064,8589930496,1399504896,457560064
200,1724148361505,1100,1100,900,800,800,800,800,1100,800,799,799,799,900,800,800,799,799,799,800,800,799,800,800,800,799,799,800,800,901,800,800,800,0,0,0,0,0,0,0,0,0,0,0,0,0,0,0,0,0,0,0,0,0,0,0,0,0,0,0,0,0,0,0,100,0,69429.65344238281,10189.563110351563,0,67221336064,8589930496,1399504896,457560064
200,1724148361706,1100,1100,900,800,800,800,800,1100,800,799,799,799,900,800,800,799,799,799,800,800,799,800,800,800,799,799,800,800,901,800,800,800,0,0,0,0,0,0,0,0,0,0,0,0,0,0,0,0,0,0,0,0,0,0,0,0,0,0,0,0,0,0,0,100,0,69440.1439819336,10198.373413085938,0,67221336064,8589930496,1399504896,457560064
200,1724148361906,1100,1100,900,800,800,800,800,1100,800,799,799,799,900,800,800,799,799,799,800,800,799,800,800,800,799,799,800,800,901,800,800,800,0,0,0,0,0,0,0,0,0,0,0,0,0,0,0,0,0,0,0,0,0,0,0,0,0,0,0,0,0,0,0,100,0,69450.66845703125,10207.217895507813,0,67221336064,8589930496,1399504896,457560064
200,1724148362106,1100,1100,900,800,800,800,800,1100,800,799,799,799,900,800,800,799,799,799,800,800,799,800,800,800,799,799,800,800,901,800,800,800,0,0,0,0,0,0,0,0,0,0,0,0,0,0,0,0,0,0,0,0,0,0,0,0,0,0,0,0,0,0,0,100,0,69461.20806884766,10216.031005859375,0,67221336064,8589930496,1399504896,457560064
200,1724148362306,1100,1100,900,800,800,800,800,1100,800,799,799,799,900,800,800,799,799,799,800,800,799,800,800,800,799,799,800,800,901,800,800,800,0,0,0,0,0,0,0,0,0,0,0,0,0,0,0,0,0,0,0,0,0,0,0,0,0,0,0,0,0,0,0,100,0,69471.68756103516,10224.875610351563,0,67221336064,8589930496,1399504896,457560064
200,1724148362506,1100,1100,900,800,800,800,800,1100,800,799,799,799,900,800,800,799,799,799,800,800,799,800,800,800,799,799,800,800,901,800,800,800,0,0,0,0,0,0,0,0,0,0,0,0,0,0,0,0,0,0,0,0,0,0,0,0,0,0,0,0,0,0,0,100,0,69482.42333984375,10233.923522949219,0,67221336064,8589930496,1399504896,457560064
200,1724148362706,1100,1100,900,800,800,800,800,1100,800,799,799,799,900,800,800,799,799,799,800,800,799,800,800,800,799,799,800,800,901,800,800,800,0,0,0,0,0,0,0,0,0,0,0,0,0,0,0,0,0,0,0,0,0,0,0,0,0,0,0,0,0,0,0,100,0,69492.92547607422,10242.747375488281,0,67221336064,8589930496,1399504896,457560064
200,1724148362906,1100,1100,900,800,800,800,800,1100,800,799,799,799,900,800,800,799,799,799,800,800,799,800,800,800,799,799,800,800,901,800,800,800,0,0,0,0,0,0,0,0,0,0,0,0,0,0,0,0,0,0,0,0,0,0,0,0,0,0,0,0,0,0,0,100,0,69503.42810058594,10251.569885253906,0,67221336064,8589930496,1399504896,457560064
200,1724148363106,1100,1100,900,800,800,800,800,1100,800,799,799,799,900,800,800,799,799,799,800,800,799,800,800,800,799,799,800,800,901,800,800,800,0,0,0,0,0,0,0,0,0,0,0,0,0,0,0,0,0,0,0,0,0,0,0,0,0,0,0,0,0,0,0,100,0,69513.98468017578,10260.444580078125,0,67221336064,8589930496,1399504896,457560064
200,1724148363306,1100,1100,900,800,800,800,800,1100,800,799,799,799,900,800,800,799,799,799,800,800,799,800,800,800,799,799,800,800,901,800,800,800,0,0,0,0,0,0,0,0,0,0,0,0,0,0,0,0,0,0,0,0,0,0,0,0,0,0,0,0,0,0,0,100,0,69524.47955322266,10269.258239746094,0,67221336064,8589930496,1399504896,457560064
200,1724148363506,1100,1100,900,800,800,800,800,1100,800,799,799,799,900,800,800,799,799,799,800,800,799,800,800,800,799,799,800,800,901,800,800,800,0,0,0,0,0,0,0,0,0,0,0,0,0,0,0,0,0,0,0,0,0,0,0,0,0,0,0,0,0,0,0,100,0,69534.96716308594,10278.0673828125,0,67221336064,8589930496,1399504896,457560064
200,1724148363707,1100,1100,900,800,800,800,800,1100,800,799,799,799,900,800,800,799,799,799,800,800,799,800,800,800,799,799,800,800,901,800,800,800,0,0,0,0,0,0,0,0,0,0,0,0,0,0,0,0,0,0,0,0,0,0,0,0,0,0,0,0,0,0,0,100,0,69545.47686767578,10286.897766113281,0,67221336064,8589930496,1399504896,457560064
200,1724148363907,1100,1100,900,800,800,800,800,1100,800,799,799,799,900,800,800,799,799,799,800,800,799,800,800,800,799,799,800,800,901,800,800,800,0,0,0,0,0,0,0,0,0,0,0,0,0,0,0,0,0,0,0,0,0,0,0,0,0,0,0,0,0,0,0,100,0,69555.98126220703,10295.721801757813,0,67221336064,8589930496,1399504896,457560064
200,1724148364107,1100,1100,900,800,800,800,800,1100,800,799,799,799,900,800,800,799,799,799,800,800,799,800,800,800,799,799,800,800,901,800,800,800,0,0,0,0,0,0,0,0,0,0,0,0,0,0,0,0,0,0,0,0,0,0,0,0,0,0,0,0,0,0,0,100,0,69566.67529296875,10304.735656738281,0,67221336064,8589930496,1399504896,457560064
200,1724148364307,1100,1100,900,800,800,800,800,1100,800,799,799,799,900,800,800,799,799,799,800,800,799,800,800,800,799,799,800,800,901,800,800,800,0,0,0,0,0,0,0,0,0,0,0,0,0,0,0,0,0,0,0,0,0,0,0,0,0,0,0,0,0,0,0,100,0,69577.248046875,10313.62890625,0,67221336064,8589930496,1399504896,457560064
200,1724148364507,1100,1100,900,800,800,800,800,1100,800,799,799,799,900,800,800,799,799,799,800,800,799,800,800,800,799,799,800,800,901,800,800,800,0,0,0,0,0,0,0,0,0,0,0,0,0,0,0,0,0,0,0,0,0,0,0,0,0,0,0,0,0,0,0,100,0,69587.80389404297,10322.495361328125,0,67221336064,8589930496,1399504896,457560064
200,1724148364707,1100,1100,900,800,800,800,800,1100,800,799,799,799,900,800,800,799,799,799,800,800,799,800,800,800,799,799,800,800,901,800,800,800,0,0,0,0,0,0,0,0,0,0,0,0,0,0,0,0,0,0,0,0,0,0,0,0,0,0,0,0,0,0,0,100,0,69598.29760742188,10331.308776855469,0,67221336064,8589930496,1399504896,457560064
200,1724148364907,1100,1100,900,800,800,800,800,1100,800,799,799,799,900,800,800,799,799,799,800,800,799,800,800,800,799,799,800,800,901,800,800,800,0,0,0,0,0,0,0,0,0,0,0,0,0,0,0,0,0,0,0,0,0,0,0,4.761904716491699,0,0,0,0,0,0,0,100,0,69608.86572265625,10340.196533203125,0,67221336064,8589930496,1399504896,457560064
200,1724148365107,1100,1100,900,800,800,800,800,1100,800,799,799,799,900,800,800,799,799,799,800,800,799,800,800,800,799,799,800,800,901,800,800,800,0,0,0,0,0,0,0,0,0,0,0,0,0,0,0,0,0,0,0,0,0,0,0,0,0,0,0,0,0,0,0,100,0,69619.47772216797,10349.130187988281,0,67221336064,8589930496,1399504896,457560064
200,1724148365307,1100,1100,900,800,800,800,800,1100,800,799,799,799,900,800,800,799,799,799,800,800,799,800,800,800,799,799,800,800,901,800,800,800,0,0,0,0,0,0,0,0,0,0,0,0,0,0,0,0,0,0,0,0,0,0,0,0,0,0,0,0,0,0,0,100,0,69629.99060058594,10357.9619140625,0,67221336064,8589930496,1399504896,457560064
200,1724148365507,1100,1100,900,800,800,800,800,1100,800,799,799,799,900,800,800,799,799,799,800,800,799,800,800,800,799,799,800,800,901,800,800,800,0,0,0,0,0,0,0,0,0,0,0,0,0,0,0,0,0,0,0,0,0,0,0,0,0,0,0,0,0,0,0,100,0,69640.49816894531,10366.792114257813,0,67221336064,8589930496,1399504896,457560064
200,1724148365708,1100,1100,900,800,800,800,800,1100,800,799,799,799,900,800,800,799,799,799,800,800,799,800,800,800,799,799,800,800,901,800,800,800,0,0,0,0,0,0,0,0,0,0,0,0,0,0,0,0,0,0,0,0,0,0,0,0,0,0,0,0,0,0,0,100,0,69650.99871826172,10375.611572265625,0,67221336064,8589930496,1399504896,457560064
200,1724148365908,1100,1100,900,800,800,800,800,1100,800,799,799,799,900,800,800,799,799,799,800,800,799,800,800,800,799,799,800,800,901,800,800,800,0,0,0,0,0,0,0,0,0,0,0,0,0,0,0,0,0,0,0,0,0,0,0,0,0,0,0,0,0,0,0,100,0,69661.53356933594,10384.465942382813,0,67221336064,8589930496,1399504896,457560064
200,1724148366108,1100,1100,900,800,800,800,800,1100,800,799,799,799,900,800,800,799,799,799,800,800,799,800,800,800,799,799,800,800,901,800,800,800,0,0,0,0,0,0,0,0,0,0,0,0,0,0,0,0,0,0,0,0,0,0,0,0,0,0,0,0,0,0,0,100,0,69672.08679199219,10393.334838867188,0,67221336064,8589930496,1399504896,457560064
200,1724148366308,1100,1100,900,800,800,800,800,1100,800,799,799,799,900,800,800,799,799,799,800,800,799,800,800,800,799,799,800,800,901,800,800,800,0,0,0,0,0,0,0,0,0,0,0,0,0,0,0,0,0,0,0,0,0,0,0,0,0,0,0,0,0,0,0,100,0,69682.59686279297,10402.164794921875,0,67221336064,8589930496,1399504896,457560064
200,1724148366508,1100,1100,900,800,800,800,800,1100,800,799,799,799,900,800,800,799,799,799,800,800,799,800,800,800,799,799,800,800,901,800,800,800,0,0,0,0,0,0,0,0,0,0,0,0,0,0,0,0,0,0,0,0,0,0,0,0,0,0,0,0,0,0,0,100,0,69693.13201904297,10411.013244628906,0,67221336064,8589930496,1399504896,457560064
200,1724148366708,1100,1100,900,800,800,800,800,1100,800,799,799,799,900,800,800,799,799,799,800,800,799,800,800,800,799,799,800,800,901,800,800,800,0,0,0,0,0,0,0,0,0,0,0,0,0,0,0,0,0,0,0,0,0,0,0,0,0,0,0,0,0,0,0,100,0,69703.75775146484,10419.901733398438,0,67221336064,8589930496,1399504896,457560064
200,1724148366908,1100,1100,900,800,800,800,800,1100,800,799,799,799,900,800,800,799,799,799,800,800,799,800,800,800,799,799,800,800,901,800,800,800,0,0,0,0,0,0,0,0,0,0,0,0,0,0,0,0,0,0,0,0,0,0,0,0,0,0,0,0,0,0,0,100,0,69714.283203125,10428.804016113281,0,67221336064,8589930496,1399504896,457560064
200,1724148367108,1100,1100,900,800,800,800,800,1100,800,799,799,799,900,800,800,799,799,799,800,800,799,800,800,800,799,799,800,800,901,800,800,800,0,0,0,0,0,0,0,0,0,0,0,0,0,0,0,0,0,0,0,0,0,0,0,0,0,0,0,0,0,0,0,100,0,69724.87188720703,10437.710510253906,0,67221336064,8589930496,1399504896,457560064
200,1724148367308,1100,1100,900,800,800,800,800,1100,800,799,799,799,900,800,800,799,799,799,800,800,799,800,800,800,799,799,800,800,901,800,800,800,0,0,0,0,0,0,0,0,0,0,0,0,0,0,0,0,0,0,0,0,0,0,0,0,0,0,0,0,0,0,0,100,0,69735.40832519531,10446.56689453125,0,67221336064,8589930496,1399504896,457560064
200,1724148367508,1100,1100,900,800,800,800,800,1100,800,799,799,799,900,800,800,799,799,799,800,800,799,800,800,800,799,799,800,800,901,800,800,800,0,0,0,0,0,0,0,0,0,0,0,0,0,0,0,0,0,0,0,0,0,0,0,0,0,0,0,0,0,0,0,100,0,69745.91125488281,10455.387329101563,0,67221336064,8589930496,1399504896,457560064
200,1724148367709,1100,1100,900,800,800,800,800,1100,800,799,799,799,900,800,800,799,799,799,800,800,799,800,800,800,799,799,800,800,901,800,800,800,0,0,0,0,0,0,0,0,0,0,0,0,0,0,0,0,0,0,0,0,0,0,0,0,0,0,0,0,0,0,0,100,0,69756.48272705078,10464.278442382813,0,67221336064,8589930496,1399504896,457560064
200,1724148367909,1100,1100,900,800,800,800,800,1100,800,799,799,799,900,800,800,799,799,799,800,800,799,800,800,800,799,799,800,800,901,800,800,800,0,0,0,0,0,0,0,0,0,0,0,0,0,0,0,0,0,0,0,0,0,0,0,0,0,0,0,0,0,0,0,100,0,69766.96990966797,10473.087463378906,0,67221336064,8589930496,1399504896,457560064
200,1724148368109,1100,1100,900,800,800,800,800,1100,800,799,799,799,900,800,800,799,799,799,800,800,799,800,800,800,799,799,800,800,901,800,800,800,0,0,0,0,0,0,0,0,0,0,0,0,0,0,0,0,0,0,0,0,0,0,0,0,0,0,0,0,0,0,0,100,0,69777.48266601563,10481.917846679688,0,67221336064,8589930496,1399504896,457560064
200,1724148368309,1100,1100,900,800,800,800,800,1100,800,799,799,799,900,800,800,799,799,799,800,800,799,800,800,800,799,799,800,800,901,800,800,800,0,0,0,0,0,0,0,0,0,0,0,0,0,0,0,0,0,0,0,0,0,0,0,0,0,0,0,0,0,0,0,100,0,69788.0238647461,10490.730224609375,0,67221336064,8589930496,1399504896,457560064
200,1724148368509,1100,1100,900,800,800,800,800,1100,800,799,799,799,900,800,800,799,799,799,800,800,799,800,800,800,799,799,800,800,901,800,800,800,0,0,0,0,0,0,0,0,0,0,0,0,0,0,0,0,0,0,0,0,0,0,0,0,0,0,0,0,0,0,0,100,0,69798.50677490234,10499.575378417969,0,67221336064,8589930496,1399504896,457560064
200,1724148368709,1100,1100,900,800,800,800,800,1100,800,799,799,799,900,800,800,799,799,799,800,800,799,800,800,800,799,799,800,800,901,800,800,800,0,0,0,0,0,0,0,0,0,0,0,0,0,0,0,0,0,0,0,0,0,0,0,0,0,0,0,0,0,0,0,100,0,69809.02160644531,10508.406188964844,0,67221336064,8589930496,1399504896,457560064
200,1724148368909,1100,1100,900,800,800,800,800,1100,800,799,799,799,900,800,800,799,799,799,800,800,799,800,800,800,799,799,800,800,901,800,800,800,0,0,0,0,0,0,0,0,0,0,0,0,0,0,0,0,0,0,0,0,0,0,0,0,0,0,0,0,0,0,0,100,0,69819.5160522461,10517.221862792969,0,67221336064,8589930496,1399504896,457560064
200,1724148369109,1100,1100,900,800,800,800,800,1100,800,799,799,799,900,800,800,799,799,799,800,800,799,800,800,800,799,799,800,800,901,800,800,800,0,0,0,0,0,0,0,0,0,0,0,0,0,0,0,0,0,0,0,0,0,0,0,0,0,0,0,0,0,0,0,100,0,69830.06964111328,10526.095520019531,0,67221336064,8589930496,1399504896,457560064
200,1724148369309,1100,1100,900,800,800,800,800,1100,800,799,799,799,900,800,800,799,799,799,800,800,799,800,800,800,799,799,800,800,901,800,800,800,0,0,0,0,0,0,0,0,0,0,0,0,0,0,0,0,0,0,0,0,0,0,0,0,0,0,0,0,0,0,0,100,0,69840.58654785156,10534.929992675781,0,67221336064,8589930496,1399504896,457560064
200,1724148369509,1100,1100,900,800,800,800,800,1100,800,799,799,799,900,800,800,799,799,799,800,800,799,800,800,800,799,799,800,800,901,800,800,800,0,0,0,0,0,0,0,0,0,0,0,0,0,0,0,0,0,0,0,0,0,0,0,0,0,0,0,0,0,0,0,100,0,69851.07623291016,10543.738525390625,0,67221336064,8589930496,1400020992,457560064
200,1724148369710,1100,1100,900,800,800,800,800,1100,800,799,799,799,900,800,800,799,799,799,800,800,799,800,800,800,799,799,800,800,901,800,800,800,0,0,0,0,0,0,0,0,0,0,0,0,0,0,0,0,0,0,0,0,0,0,0,0,0,0,0,0,0,0,0,100,0,69861.63641357422,10552.619201660156,0,67221336064,8589930496,1400020992,457560064
200,1724148369910,1100,1100,900,800,800,800,800,1100,800,799,799,799,900,800,800,799,799,799,800,800,799,800,800,800,799,799,800,800,901,800,800,800,0,0,0,0,4.761904716491699,0,0,0,0,0,0,0,0,0,0,0,0,0,0,0,0,0,0,0,0,0,0,0,0,0,0,100,0,69872.29504394531,10561.595458984375,0,67221336064,8589930496,1400020992,457560064
200,1724148370110,1100,1100,900,800,800,800,800,1100,800,799,799,799,900,800,800,799,799,799,800,800,799,800,800,800,799,799,800,800,901,800,800,800,0,0,0,0,0,0,0,0,0,0,0,0,0,0,0,0,0,0,0,0,0,0,0,0,0,0,0,0,0,0,0,100,0,69882.97241210938,10570.58984375,0,67221336064,8589930496,1400012800,457560064
200,1724148370310,1100,1100,900,800,800,800,800,1100,800,799,799,799,900,800,800,799,799,799,800,800,799,800,800,800,799,799,800,800,901,800,800,800,0,0,0,0,0,0,0,0,0,0,0,0,0,0,0,0,0,0,0,0,0,0,0,0,0,0,0,0,0,0,0,100,0,69893.53900146484,10579.468627929688,0,67221336064,8589930496,1400012800,457560064
200,1724148370510,1100,1100,900,800,800,800,800,1100,800,799,799,799,900,800,800,799,799,799,800,800,799,800,800,800,799,799,800,800,901,800,800,800,0,0,0,0,0,0,0,0,0,0,0,0,0,0,0,0,0,0,0,0,0,0,0,0,0,0,0,0,0,0,0,100,0,69904.10717773438,10588.356811523438,0,67221336064,8589930496,1400012800,457560064
200,1724148370710,1100,1100,900,800,800,800,800,1100,800,799,799,799,900,800,800,799,799,799,800,800,799,800,800,800,799,799,800,800,901,800,800,800,0,0,0,0,0,0,0,0,0,0,0,0,0,0,0,0,0,0,0,0,0,0,0,0,0,0,0,0,0,0,0,100,0,69914.62396240234,10597.191284179688,0,67221336064,8589930496,1400012800,457560064
200,1724148370910,1100,1100,900,800,800,800,800,1100,800,799,799,799,900,800,800,799,799,799,800,800,799,800,800,800,799,799,800,800,901,800,800,800,0,0,0,0,0,0,0,0,0,0,0,0,0,0,0,0,0,0,0,0,0,0,0,0,0,0,0,0,0,0,0,100,0,69925.19750976563,10606.08447265625,0,67221336064,8589930496,1400012800,457560064
200,1724148371110,1100,1100,900,800,800,800,800,1100,800,799,799,799,900,800,800,799,799,799,800,800,799,800,800,800,799,799,800,800,901,800,800,800,0,0,0,0,0,0,0,0,0,0,0,0,0,0,0,0,0,0,0,0,0,0,0,0,0,0,0,0,0,0,0,100,0,69935.68334960938,10614.892883300781,0,67221336064,8589930496,1400012800,457560064
200,1724148371310,1100,1100,900,800,800,800,800,1100,800,799,799,799,900,800,800,799,799,799,800,800,799,800,800,800,799,799,800,800,901,800,800,800,0,0,0,0,0,0,0,0,0,0,0,0,0,0,0,0,0,0,0,0,0,0,0,0,0,0,0,0,0,0,0,100,0,69946.20623779297,10623.734313964844,0,67221336064,8589930496,1400012800,457560064
200,1724148371510,1100,1100,900,800,800,800,800,1100,800,799,799,799,900,800,800,799,799,799,800,800,799,800,800,800,799,799,800,800,901,800,800,800,0,0,0,0,0,0,0,0,0,0,0,0,0,0,0,0,0,0,0,0,0,0,0,0,0,0,0,0,0,0,0,100,0,69956.7827758789,10632.630615234375,0,67221336064,8589930496,1399996416,457560064
200,1724148371711,1100,1100,900,800,800,800,800,1100,800,799,799,799,900,800,800,799,799,799,800,800,799,800,800,800,799,799,800,800,901,800,800,800,0,0,0,0,0,0,0,0,0,0,0,0,0,0,0,0,0,0,0,0,0,0,0,0,0,0,0,0,0,0,0,100,0,69967.29217529297,10641.458618164063,0,67221336064,8589930496,1399996416,457560064
200,1724148371911,1100,1100,900,800,800,800,800,1100,800,799,799,799,900,800,800,799,799,799,800,800,799,800,800,800,799,799,800,800,901,800,800,800,0,0,0,0,0,0,0,0,0,0,0,0,0,0,0,0,0,0,0,0,0,0,0,0,0,0,0,0,0,0,0,100,0,69977.81555175781,10650.298400878906,0,67221336064,8589930496,1399996416,457560064
200,1724148372111,1100,1100,900,800,800,800,800,1100,800,799,799,799,900,800,800,799,799,799,800,800,799,800,800,800,799,799,800,800,901,800,800,800,0,0,0,0,0,0,0,0,0,0,0,0,0,0,0,0,0,0,0,0,0,0,0,0,0,0,0,0,0,0,0,100,0,69988.30456542969,10659.109252929688,0,67221336064,8589930496,1399996416,457560064
200,1724148372311,1100,1100,900,800,800,800,800,1100,800,799,799,799,900,800,800,799,799,799,800,800,799,800,800,800,799,799,800,800,901,800,800,800,0,0,0,0,0,0,0,0,0,0,0,0,0,0,0,0,0,0,0,0,0,0,0,0,0,0,0,0,0,0,0,100,0,69998.78607177734,10667.911560058594,0,67221336064,8589930496,1399996416,457560064
200,1724148372511,1100,1100,900,800,800,800,800,1100,800,799,799,799,900,800,800,799,799,799,800,800,799,800,800,800,799,799,800,800,901,800,800,800,0,0,0,0,0,0,0,0,0,0,0,0,0,0,0,0,0,0,0,0,0,0,0,0,0,0,0,0,0,0,0,100,0,70009.41204833984,10676.849304199219,0,67221336064,8589930496,1399996416,457560064
200,1724148372711,1100,1100,900,800,800,800,800,1100,800,799,799,799,900,800,800,799,799,799,800,800,799,800,800,800,799,799,800,800,901,800,800,800,0,0,0,0,0,0,0,0,0,0,0,0,0,0,0,0,0,0,0,0,0,0,0,0,0,0,0,0,0,0,0,100,0,70019.91076660156,10685.667663574219,0,67221336064,8589930496,1399996416,457560064
200,1724148372911,1100,1100,900,800,800,800,800,1100,800,799,799,799,900,800,800,799,799,799,800,800,799,800,800,800,799,799,800,800,901,800,800,800,0,0,0,0,0,0,0,0,0,0,0,0,0,0,0,0,0,0,0,0,0,0,0,0,0,0,0,0,0,0,0,100,0,70030.4857788086,10694.562438964844,0,67221336064,8589930496,1399996416,457560064
200,1724148373111,1100,1100,900,800,800,800,800,1100,800,799,799,799,900,800,800,799,799,799,800,800,799,800,800,800,799,799,800,800,901,800,800,800,0,0,0,0,0,0,0,0,0,0,0,0,0,0,0,0,0,0,0,0,0,0,0,0,0,0,0,0,0,0,0,100,0,70041.01885986328,10703.41552734375,0,67221336064,8589930496,1399996416,457560064
200,1724148373311,1100,1100,900,800,800,800,800,1100,800,799,799,799,900,800,800,799,799,799,800,800,799,800,800,800,799,799,800,800,901,800,800,800,0,0,0,0,0,0,0,0,0,0,0,0,0,0,0,0,0,0,0,0,0,0,0,0,0,0,0,0,0,0,0,100,0,70051.55773925781,10712.273620605469,0,67221336064,8589930496,1399996416,457560064
200,1724148373512,1100,1100,900,800,800,800,800,1100,800,799,799,799,900,800,800,799,799,799,800,800,799,800,800,800,799,799,800,800,901,800,800,800,0,0,0,0,0,0,0,0,0,0,0,0,0,0,0,0,0,0,0,0,0,0,0,0,0,0,0,0,0,0,0,100,0,70062.08984375,10721.123840332031,0,67221336064,8589930496,1399996416,457560064
200,1724148373712,1100,1100,900,800,800,800,800,1100,800,799,799,799,900,800,800,799,799,799,800,800,799,800,800,800,799,799,800,800,901,800,800,800,0,0,0,0,0,0,0,0,0,0,0,0,0,0,0,0,0,0,0,0,0,0,0,0,0,0,0,0,0,0,0,100,0,70072.57611083984,10729.931335449219,0,67221336064,8589930496,1399996416,457560064
200,1724148373912,1100,1100,900,800,800,800,800,1100,800,799,799,799,900,800,800,799,799,799,800,800,799,800,800,800,799,799,800,800,901,800,800,800,0,0,0,0,0,0,0,0,0,0,0,0,0,0,0,0,0,0,0,0,0,0,0,0,0,0,0,0,0,0,0,100,0,70083.10906982422,10738.783203125,0,67221336064,8589930496,1399996416,457560064
200,1724148374112,1100,1100,900,800,800,800,800,1100,800,799,799,799,900,800,800,799,799,799,800,800,799,800,800,800,799,799,800,800,901,800,800,800,0,0,0,0,0,0,0,0,0,0,0,0,0,0,0,0,0,0,0,0,0,0,0,0,0,0,0,0,0,0,0,100,0,70093.60266113281,10747.598510742188,0,67221336064,8589930496,1399996416,457560064
200,1724148374312,1100,1100,900,800,800,800,800,1100,800,799,799,799,900,800,800,799,799,799,800,800,799,800,800,800,799,799,800,800,901,800,800,800,0,0,0,0,0,0,0,0,0,0,0,0,0,0,0,0,0,0,0,0,0,0,0,0,0,0,0,0,0,0,0,100,0,70104.15704345703,10756.470031738281,0,67221336064,8589930496,1399996416,457560064
200,1724148374512,1100,1100,900,800,800,800,800,1100,800,799,799,799,900,800,800,799,799,799,800,800,799,800,800,800,799,799,800,800,901,800,800,800,0,0,0,0,0,0,0,0,0,0,0,0,0,0,0,0,0,0,0,0,0,0,0,0,0,0,0,0,0,0,0,100,0,70114.70306396484,10765.328796386719,0,67221336064,8589930496,1399996416,457560064
200,1724148374712,1100,1100,900,800,800,800,800,1100,800,799,799,799,900,800,800,799,799,799,800,800,799,800,800,800,799,799,800,800,901,800,800,800,0,0,0,0,0,0,0,0,0,0,0,0,0,0,0,0,0,0,0,0,0,0,0,0,0,0,0,0,0,0,0,100,0,70125.2036743164,10774.149230957031,0,67221336064,8589930496,1399996416,457560064
200,1724148374912,1100,1100,900,800,800,800,800,1100,800,799,799,799,900,800,800,799,799,799,800,800,799,800,800,800,799,799,800,800,901,800,800,800,0,0,0,0,0,0,0,0,0,0,0,0,0,0,0,0,0,0,0,0,0,0,0,0,0,0,0,0,0,0,0,100,0,70135.82971191406,10783.092712402344,0,67221336064,8589930496,1399996416,457560064
200,1724148375112,1100,1100,900,800,800,800,800,1100,800,799,799,799,900,800,800,799,799,799,800,800,799,800,800,800,799,799,800,800,901,800,800,800,0,0,0,0,0,0,0,0,0,0,0,0,0,0,0,0,0,0,0,0,0,0,0,0,0,0,0,0,0,0,0,100,0,70146.31860351563,10791.903259277344,0,67221336064,8589930496,1399996416,457560064
200,1724148375312,1100,1100,900,800,800,800,800,1100,800,799,799,799,900,800,800,799,799,799,800,800,799,800,800,800,799,799,800,800,901,800,800,800,0,0,0,0,0,0,0,0,0,0,0,0,0,0,0,0,0,0,0,0,0,0,0,0,0,0,0,0,0,0,0,100,0,70156.81982421875,10800.72509765625,0,67221336064,8589930496,1399996416,457560064
200,1724148375513,1100,1100,900,800,800,800,800,1100,800,799,799,799,900,800,800,799,799,799,800,800,799,800,800,800,799,799,800,800,901,800,800,800,0,0,0,0,0,0,0,0,0,0,0,0,0,0,0,0,0,0,0,0,0,0,0,0,0,0,0,0,0,0,0,100,0,70167.31811523438,10809.543762207031,0,67221336064,8589930496,1399996416,457560064
200,1724148375713,1100,1100,900,800,800,800,800,1100,800,799,799,799,900,800,800,799,799,799,800,800,799,800,800,800,799,799,800,800,901,800,800,800,0,0,0,0,0,0,0,0,0,0,0,0,0,0,0,0,0,0,0,0,0,0,0,0,0,0,0,0,0,0,0,100,0,70177.88995361328,10818.434692382813,0,67221336064,8589930496,1399996416,457560064
200,1724148375913,1100,1100,900,800,800,800,800,1100,800,799,799,799,900,800,800,799,799,799,800,800,799,800,800,800,799,799,800,800,901,800,800,800,0,0,0,0,0,0,0,0,0,0,0,0,0,0,0,0,0,0,0,0,0,0,0,0,0,0,0,0,0,0,0,100,0,70188.40631103516,10827.26953125,0,67221336064,8589930496,1399996416,457560064
200,1724148376113,1100,1100,900,800,800,800,800,1100,800,799,799,799,900,800,800,799,799,799,800,800,799,800,800,800,799,799,800,800,901,800,800,800,0,0,0,0,0,0,0,0,0,0,0,0,0,0,0,0,0,0,0,0,0,0,0,0,0,0,0,0,0,0,0,100,0,70199.10467529297,10836.288635253906,0,67221336064,8589930496,1399996416,457560064
200,1724148376313,1100,1100,900,800,800,800,800,1100,800,799,799,799,900,800,800,799,799,799,800,800,799,800,800,800,799,799,800,800,901,800,800,800,0,0,0,0,0,0,0,0,0,0,0,0,0,0,0,0,0,0,0,0,0,0,0,0,0,0,0,0,0,0,0,100,0,70209.6117553711,10845.114562988281,0,67221336064,8589930496,1399996416,457560064
200,1724148376513,1100,1100,900,800,800,800,800,1100,800,799,799,799,900,800,800,799,799,799,800,800,799,800,800,800,799,799,800,800,901,800,800,800,0,0,0,0,0,0,0,0,0,0,0,0,0,0,0,0,0,0,0,0,0,0,0,0,0,0,0,0,0,0,0,100,0,70220.1333618164,10853.956665039063,0,67221336064,8589930496,1399996416,457560064
200,1724148376713,1100,1100,900,800,800,800,800,1100,800,799,799,799,900,800,800,799,799,799,800,800,799,800,800,800,799,799,800,800,901,800,800,800,0,0,0,0,0,0,0,0,0,0,0,0,0,0,0,0,0,0,0,0,0,0,0,0,0,0,0,0,0,0,0,100,0,70230.70196533203,10862.766296386719,0,67221336064,8589930496,1399996416,457560064
200,1724148376913,1100,1100,900,800,800,800,800,1100,800,799,799,799,900,800,800,799,799,799,800,800,799,800,800,800,799,799,800,800,901,800,800,800,0,0,0,0,0,0,0,0,0,0,0,0,0,0,0,0,0,0,0,0,0,0,0,0,0,0,0,0,0,0,0,100,0,70241.28674316406,10871.742309570313,0,67221336064,8589930496,1399996416,457560064
200,1724148377113,1100,1100,900,800,800,800,800,1100,800,799,799,799,900,800,800,799,799,799,800,800,799,800,800,800,799,799,800,800,901,800,800,800,0,0,0,0,0,0,0,0,0,0,0,0,0,0,0,0,0,0,0,0,0,0,0,0,0,0,0,0,0,0,0,100,0,70251.7915649414,10880.564453125,0,67221336064,8589930496,1399996416,457560064
200,1724148377313,1100,1100,900,800,800,800,800,1100,800,799,799,799,900,800,800,799,799,799,800,800,799,800,800,800,799,799,800,800,901,800,800,800,0,0,0,0,0,0,0,0,0,0,0,0,0,0,0,0,0,0,0,0,0,0,0,0,0,0,0,0,0,0,0,100,0,70262.31048583984,10889.40380859375,0,67221336064,8589930496,1399996416,457560064
200,1724148377514,1100,1100,900,800,800,800,800,1100,800,799,799,799,900,800,800,799,799,799,800,800,799,800,800,800,799,799,800,800,901,800,800,800,0,0,0,0,0,0,0,0,0,0,0,0,0,0,0,0,0,0,0,0,0,0,0,0,0,0,0,0,0,0,0,100,0,70272.79553222656,10898.210144042969,0,67221336064,8589930496,1399996416,457560064
200,1724148377714,1100,1100,900,800,800,800,800,1100,800,799,799,799,900,800,800,799,799,799,800,800,799,800,800,800,799,799,800,800,901,800,800,800,0,0,0,0,0,0,0,0,0,0,0,0,0,0,0,0,0,0,0,0,0,0,0,0,0,0,0,0,0,0,0,100,0,70283.31439208984,10907.048706054688,0,67221336064,8589930496,1399996416,457560064
200,1724148377914,1100,1100,900,800,800,800,800,1100,800,799,799,799,900,800,800,799,799,799,800,800,799,800,800,800,799,799,800,800,901,800,800,800,0,0,0,0,0,0,0,0,0,0,0,0,0,0,0,0,0,0,0,0,0,0,0,0,0,0,0,0,0,0,0,100,0,70293.81396484375,10915.869079589844,0,67221336064,8589930496,1399996416,457560064
200,1724148378114,1100,1100,900,800,800,800,800,1100,800,799,799,799,900,800,800,799,799,799,800,800,799,800,800,800,799,799,800,800,901,800,800,800,0,0,0,0,0,0,0,0,0,0,0,0,0,0,0,0,0,0,0,0,0,0,0,0,0,0,0,0,0,0,0,100,0,70304.3432006836,10924.717712402344,0,67221336064,8589930496,1399996416,457560064
200,1724148378314,1100,1100,900,800,800,800,800,1100,800,799,799,799,900,800,800,799,799,799,800,800,799,800,800,800,799,799,800,800,901,800,800,800,0,0,0,0,0,0,0,0,0,0,0,0,0,0,0,0,0,0,0,0,0,0,0,0,0,0,0,0,0,0,0,100,0,70314.94622802734,10933.639221191406,0,67221336064,8589930496,1399996416,457560064
200,1724148378514,1100,1100,900,800,800,800,800,1100,800,799,799,799,900,800,800,799,799,799,800,800,799,800,800,800,799,799,800,800,901,800,800,800,0,0,0,0,0,0,0,0,0,0,0,0,0,0,0,0,0,0,0,0,0,0,0,0,0,0,0,0,0,0,0,100,0,70325.45056152344,10942.462341308594,0,67221336064,8589930496,1399996416,457560064
200,1724148378714,1100,1100,900,800,800,800,800,1100,800,799,799,799,900,800,800,799,799,799,800,800,799,800,800,800,799,799,800,800,901,800,800,800,0,0,0,0,0,0,0,0,0,0,0,0,0,0,0,0,0,0,0,0,0,0,0,0,0,0,0,0,0,0,0,100,0,70335.94775390625,10951.279602050781,0,67221336064,8589930496,1399996416,457560064
200,1724148378914,1100,1100,900,800,800,800,800,1100,800,799,799,799,900,800,800,799,799,799,800,800,799,800,800,800,799,799,800,800,901,800,800,800,0,0,0,0,0,0,0,0,0,0,0,0,0,0,0,0,0,0,0,0,0,0,0,0,0,0,0,0,0,0,0,100,0,70346.62957763672,10960.271850585938,0,67221336064,8589930496,1399996416,457560064
200,1724148379114,1100,1100,900,800,800,800,800,1100,800,799,799,799,900,800,800,799,799,799,800,800,799,800,800,800,799,799,800,800,901,800,800,800,0,0,0,0,0,0,0,0,0,0,0,0,0,0,0,0,0,0,0,0,0,0,0,0,0,0,0,0,0,0,0,100,0,70357.20672607422,10969.168090820313,0,67221336064,8589930496,1399996416,457560064
200,1724148379314,1100,1100,900,800,800,800,800,1100,800,799,799,799,900,800,800,799,799,799,800,800,799,800,800,800,799,799,800,800,901,800,800,800,0,0,0,0,0,0,0,0,0,0,0,0,0,0,0,0,0,0,0,0,0,0,0,0,0,0,0,0,0,0,0,100,0,70367.71563720703,10977.9951171875,0,67221336064,8589930496,1399996416,457560064
200,1724148379514,1100,1100,900,800,800,800,800,1100,800,799,799,799,900,800,800,799,799,799,800,800,799,800,800,800,799,799,800,800,901,800,800,800,0,0,0,0,0,0,0,0,0,0,0,0,0,0,0,0,0,0,0,0,0,0,0,0,0,0,0,0,0,0,0,100,0,70378.224609375,10986.822937011719,0,67221336064,8589930496,1399996416,457560064
200,1724148379715,1100,1100,900,800,800,800,800,1100,800,799,799,799,900,800,800,799,799,799,800,800,799,800,800,800,799,799,800,800,901,800,800,800,0,0,0,0,0,0,0,0,0,0,0,0,0,0,0,0,0,0,0,0,0,0,0,0,0,0,0,0,0,0,0,100,0,70388.71838378906,10995.636962890625,0,67221336064,8589930496,1399996416,457560064
200,1724148379915,1100,1100,900,800,800,800,800,1100,800,799,799,799,900,800,800,799,799,799,800,800,799,800,800,800,799,799,800,800,901,800,800,800,0,0,0,0,0,0,0,0,0,0,0,0,0,0,0,0,0,0,0,0,0,0,0,0,0,0,0,0,0,0,0,100,0,70399.30572509766,11004.543212890625,0,67221336064,8589930496,1399996416,457560064
200,1724148380115,1100,1100,900,800,800,800,800,1100,800,799,799,799,900,800,800,799,799,799,800,800,799,800,800,800,799,799,800,800,901,800,800,800,0,0,0,0,0,0,0,0,0,0,0,0,0,0,0,0,0,0,0,0,0,0,0,0,0,0,0,0,0,0,0,100,0,70409.81506347656,11013.373168945313,0,67221336064,8589930496,1399988224,457560064
200,1724148380315,1100,1100,900,800,800,800,800,1100,800,799,799,799,900,800,800,799,799,799,800,800,799,800,800,800,799,799,800,800,901,800,800,800,0,0,0,0,0,0,0,0,0,0,0,0,0,0,0,0,0,0,0,0,0,0,0,0,0,0,0,0,0,0,0,100,0,70420.328125,11022.204711914063,0,67221336064,8589930496,1399988224,457560064
200,1724148380515,1100,1100,900,800,800,800,800,1100,800,799,799,799,900,800,800,799,799,799,800,800,799,800,800,800,799,799,800,800,901,800,800,800,0,0,0,0,0,0,0,0,0,0,0,0,0,0,0,0,0,0,0,0,0,0,0,0,0,0,0,0,0,0,0,100,0,70430.82678222656,11031.023742675781,0,67221336064,8589930496,1399988224,457560064
200,1724148380715,1100,1100,900,800,800,800,800,1100,800,799,799,799,900,800,800,799,799,799,800,800,799,800,800,800,799,799,800,800,901,800,800,800,0,0,0,0,0,0,0,0,0,0,0,0,0,0,0,0,0,0,0,0,0,0,0,0,0,0,0,0,0,0,0,100,0,70441.32336425781,11039.840454101563,0,67221336064,8589930496,1399988224,457560064
200,1724148380915,1100,1100,900,800,800,800,800,1100,800,799,799,799,900,800,800,799,799,799,800,800,799,800,800,800,799,799,800,800,901,800,800,800,0,0,0,0,0,0,0,0,0,0,0,0,0,0,0,0,0,0,0,0,0,0,0,0,0,0,0,0,0,0,0,100,0,70451.8765258789,11048.705200195313,0,67221336064,8589930496,1399988224,457560064
200,1724148381115,1100,1100,900,800,800,800,800,1100,800,799,799,799,900,800,800,799,799,799,800,800,799,800,800,800,799,799,800,800,901,800,800,800,0,0,0,0,0,0,0,0,0,0,0,0,0,0,0,0,0,0,0,0,0,0,0,0,0,0,0,0,0,0,0,100,0,70462.4888305664,11057.6298828125,0,67221336064,8589930496,1399988224,457560064
200,1724148381315,1100,1100,900,800,800,800,800,1100,800,799,799,799,900,800,800,799,799,799,800,800,799,800,800,800,799,799,800,800,901,800,800,800,0,0,0,0,0,0,0,0,0,0,0,0,0,0,0,0,0,0,0,0,0,0,0,0,0,0,0,0,0,0,0,100,0,70473.12292480469,11066.582458496094,0,67221336064,8589930496,1399988224,457560064
200,1724148381515,1100,1100,900,800,800,800,800,1100,800,799,799,799,900,800,800,799,799,799,800,800,799,800,800,800,799,799,800,800,901,800,800,800,0,0,0,0,0,0,0,0,0,0,0,0,0,0,0,0,0,0,0,0,0,0,0,0,0,0,0,0,0,0,0,100,0,70483.63110351563,11075.412231445313,0,67221336064,8589930496,1399988224,457560064
200,1724148381716,1100,1100,900,800,800,800,800,1100,800,799,799,799,900,800,800,799,799,799,800,800,799,800,800,800,799,799,800,800,901,800,800,800,0,0,0,0,0,0,0,0,0,0,0,0,0,0,0,0,0,0,0,0,0,0,0,0,0,0,0,0,0,0,0,100,0,70494.13598632813,11084.236633300781,0,67221336064,8589930496,1399988224,457560064
200,1724148381916,1100,1100,900,800,800,800,800,1100,800,799,799,799,900,800,800,799,799,799,800,800,799,800,800,800,799,799,800,800,901,800,800,800,0,0,0,0,0,0,0,0,0,0,0,0,0,0,0,0,0,0,0,0,0,0,0,0,0,0,0,0,0,0,0,100,0,70504.63500976563,11093.05419921875,0,67221336064,8589930496,1399988224,457560064
200,1724148382116,1100,1100,900,800,800,800,800,1100,800,799,799,799,900,800,800,799,799,799,800,800,799,800,800,800,799,799,800,800,901,800,800,800,0,0,0,0,0,0,0,0,0,0,0,0,0,0,0,0,0,0,0,0,0,0,0,0,0,0,0,0,0,0,0,100,0,70515.13195800781,11101.870239257813,0,67221336064,8589930496,1400246272,457560064
200,1724148382316,1100,1100,900,800,800,800,800,1100,800,799,799,799,900,800,800,799,799,799,800,800,799,800,800,800,799,799,800,800,901,800,800,800,0,0,0,0,0,0,0,0,0,0,0,0,0,0,0,0,0,0,0,0,0,0,0,0,0,0,0,0,0,0,0,100,0,70525.6337890625,11110.691467285156,0,67221336064,8589930496,1400246272,457560064
200,1724148382516,1100,1100,900,800,800,800,800,1100,800,799,799,799,900,800,800,799,799,799,800,800,799,800,800,800,799,799,800,800,901,800,800,800,0,0,0,0,0,0,0,0,0,0,0,0,0,0,0,0,0,0,0,0,0,0,0,0,0,0,0,0,0,0,0,100,0,70536.19750976563,11119.575866699219,0,67221336064,8589930496,1400246272,457560064
200,1724148382716,1100,1100,900,800,800,800,800,1100,800,799,799,799,900,800,800,799,799,799,800,800,799,800,800,800,799,799,800,800,901,800,800,800,0,0,0,0,0,0,0,0,0,0,0,0,0,0,0,0,0,0,0,0,0,0,0,0,0,0,0,0,0,0,0,100,0,70546.76525878906,11128.391235351563,0,67221336064,8589930496,1400246272,457560064
200,1724148382916,1100,1100,900,800,800,800,800,1100,800,799,799,799,900,800,800,799,799,799,800,800,799,800,800,800,799,799,800,800,901,800,800,800,0,0,0,0,0,0,0,0,0,0,0,0,0,0,0,0,0,0,0,0,0,0,0,0,0,0,0,0,0,0,0,100,0,70557.26171875,11137.269958496094,0,67221336064,8589930496,1400246272,457560064
200,1724148383116,1100,1100,900,800,800,800,800,1100,800,799,799,799,900,800,800,799,799,799,800,800,799,800,800,800,799,799,800,800,901,800,800,800,0,0,0,0,0,0,0,0,0,0,0,0,0,0,0,0,0,0,0,0,0,0,0,0,0,0,0,0,0,0,0,100,0,70567.81085205078,11146.139343261719,0,67221336064,8589930496,1400246272,457560064
200,1724148383316,1100,1100,900,800,800,800,800,1100,800,799,799,799,900,800,800,799,799,799,800,800,799,800,800,800,799,799,800,800,901,800,800,800,0,0,0,0,0,0,0,0,0,0,0,0,0,0,0,0,0,0,0,0,0,0,0,0,0,0,0,0,0,0,0,100,0,70578.30401611328,11154.953369140625,0,67221336064,8589930496,1400246272,457560064
200,1724148383516,1100,1100,900,800,800,800,800,1100,800,799,799,799,900,800,800,799,799,799,800,800,799,800,800,800,799,799,800,800,901,800,800,800,0,0,0,0,0,0,0,0,0,0,0,0,0,0,0,0,0,0,0,0,0,0,0,0,0,0,0,0,0,0,0,100,0,70588.79949951172,11163.768920898438,0,67221336064,8589930496,1400246272,457560064
200,1724148383717,1100,1100,900,800,800,800,800,1100,800,799,799,799,900,800,800,799,799,799,800,800,799,800,800,800,799,799,800,800,901,800,800,800,0,0,0,0,0,0,0,0,0,0,0,0,0,0,0,0,0,0,0,0,0,0,0,0,0,0,0,0,0,0,0,100,0,70599.31994628906,11172.608520507813,0,67221336064,8589930496,1400246272,457560064
200,1724148383917,1100,1100,900,800,800,800,800,1100,800,799,799,799,900,800,800,799,799,799,800,800,799,800,800,800,799,799,800,800,901,800,800,800,0,0,0,0,0,0,0,0,0,0,0,0,0,0,0,0,0,0,0,0,0,0,0,0,0,0,0,0,0,0,0,100,0,70609.8276977539,11181.436706542969,0,67221336064,8589930496,1400246272,457560064
200,1724148384117,1100,1100,900,800,800,800,800,1100,800,799,799,799,900,800,800,799,799,799,800,800,799,800,800,800,799,799,800,800,901,800,800,800,0,0,0,0,0,0,0,0,0,0,0,0,0,0,0,0,0,0,0,0,0,0,0,0,0,0,0,0,0,0,0,100,0,70620.4105834961,11190.339416503906,0,67221336064,8589930496,1400246272,457560064
200,1724148384317,1100,1100,900,800,800,800,800,1100,800,799,799,799,900,800,800,799,799,799,800,800,799,800,800,800,799,799,800,800,901,800,800,800,0,0,0,0,0,0,0,0,0,0,0,0,0,0,0,0,0,0,0,0,0,0,0,0,0,0,0,0,0,0,0,100,0,70630.94134521484,11199.18994140625,0,67221336064,8589930496,1400246272,457560064
200,1724148384517,1100,1100,900,800,800,800,800,1100,800,799,799,799,900,800,800,799,799,799,800,800,799,800,800,800,799,799,800,800,901,800,800,800,0,0,0,0,0,0,0,0,0,0,0,0,0,0,0,0,0,0,0,0,0,0,0,0,0,0,0,0,0,0,0,100,0,70641.43951416016,11208.008056640625,0,67221336064,8589930496,1400246272,457560064
200,1724148384717,1100,1100,900,800,800,800,800,1100,800,799,799,799,900,800,800,799,799,799,800,800,799,800,800,800,799,799,800,800,901,800,800,800,0,0,0,0,0,0,0,0,0,0,0,0,0,0,0,0,0,0,0,0,0,0,0,0,0,0,0,0,0,0,0,100,0,70651.96112060547,11216.849914550781,0,67221336064,8589930496,1400246272,457560064
200,1724148384917,1100,1100,900,800,800,800,800,1100,800,799,799,799,900,800,800,799,799,799,800,800,799,800,800,800,799,799,800,800,901,800,800,800,0,0,0,0,0,0,0,0,0,0,0,0,0,0,0,0,0,0,0,0,0,0,0,0,0,0,0,0,0,0,0,100,0,70662.45709228516,11225.666931152344,0,67221336064,8589930496,1400246272,457560064
200,1724148385117,1100,1100,900,800,800,800,800,1100,800,799,799,799,900,800,800,799,799,799,800,800,799,800,800,800,799,799,800,800,901,800,800,800,0,0,0,0,0,0,0,0,0,0,0,0,0,0,0,0,0,0,0,0,0,0,0,0,0,0,0,0,0,0,0,100,0,70673.10546875,11234.624877929688,0,67221336064,8589930496,1400246272,457560064
200,1724148385317,1100,1100,900,800,800,800,800,1100,800,799,799,799,900,800,800,799,799,799,800,800,799,800,800,800,799,799,800,800,901,800,800,800,0,0,0,0,0,0,0,0,0,0,0,0,0,0,0,0,0,0,0,0,0,0,0,0,0,0,0,0,0,0,0,100,0,70683.60772705078,11243.447875976563,0,67221336064,8589930496,1400246272,457560064
200,1724148385517,1100,1100,900,800,800,800,800,1100,800,799,799,799,900,800,800,799,799,799,800,800,799,800,800,800,799,799,800,800,901,800,800,800,0,0,0,0,0,0,0,0,0,0,0,0,0,0,0,0,0,0,0,0,0,0,0,0,0,0,0,0,0,0,0,100,0,70694.1005859375,11252.261657714844,0,67221336064,8589930496,1400246272,457560064
200,1724148385718,1100,1100,900,800,800,800,800,1100,800,799,799,799,900,800,800,799,799,799,800,800,799,800,800,800,799,799,800,800,901,800,800,800,0,0,0,0,0,0,0,0,0,0,0,0,0,0,0,0,0,0,0,0,0,0,0,0,0,0,0,0,0,0,0,100,0,70704.60235595703,11261.083190917969,0,67221336064,8589930496,1400246272,457560064
200,1724148385918,1100,1100,900,800,800,800,800,1100,800,799,799,799,900,800,800,799,799,799,800,800,799,800,800,800,799,799,800,800,901,800,800,800,0,0,0,0,0,0,0,0,0,0,0,0,0,0,0,0,0,0,0,0,0,0,0,0,0,0,0,0,0,0,0,100,0,70715.09942626953,11269.900695800781,0,67221336064,8589930496,1400246272,457560064
200,1724148386118,1100,1100,900,800,800,800,800,1100,800,799,799,799,900,800,800,799,799,799,800,800,799,800,800,800,799,799,800,800,901,800,800,800,0,0,0,0,0,0,0,0,0,0,0,0,0,0,0,0,0,0,0,0,0,0,0,0,0,0,0,0,0,0,0,100,0,70725.62969970703,11278.750793457031,0,67221336064,8589930496,1400246272,457560064
200,1724148386318,1100,1100,900,800,800,800,800,1100,800,799,799,799,900,800,800,799,799,799,800,800,799,800,800,800,799,799,800,800,901,800,800,800,0,0,0,0,0,0,0,0,0,0,0,0,0,0,0,0,0,0,0,0,0,0,0,0,0,0,0,0,0,0,0,100,0,70736.1361694336,11287.576721191406,0,67221336064,8589930496,1400246272,457560064
200,1724148386518,1100,1100,900,800,800,800,800,1100,800,799,799,799,900,800,800,799,799,799,800,800,799,800,800,800,799,799,800,800,901,800,800,800,0,0,0,0,0,0,0,0,0,0,0,0,0,0,0,0,0,0,0,0,0,0,0,0,0,0,0,0,0,0,0,100,0,70746.69354248047,11296.452697753906,0,67221336064,8589930496,1400246272,457560064
200,1724148386718,1100,1100,900,800,800,800,800,1100,800,799,799,799,900,800,800,799,799,799,800,800,799,800,800,800,799,799,800,800,901,800,800,800,0,0,0,0,0,0,0,0,0,0,0,0,0,0,0,0,0,0,0,0,0,0,0,0,0,0,0,0,0,0,0,100,0,70757.2134399414,11305.293212890625,0,67221336064,8589930496,1400246272,457560064
200,1724148386918,1100,1100,900,800,800,800,800,1100,800,799,799,799,900,800,800,799,799,799,800,800,799,800,800,800,799,799,800,800,901,800,800,800,0,0,0,0,0,0,0,0,0,0,0,0,0,0,0,0,0,0,0,0,0,0,0,0,0,0,0,0,0,0,0,100,0,70767.86297607422,11314.262939453125,0,67221336064,8589930496,1400246272,457560064
200,1724148387118,1100,1100,900,800,800,800,800,1100,800,799,799,799,900,800,800,799,799,799,800,800,799,800,800,800,799,799,800,800,901,800,800,800,0,0,0,0,0,0,0,0,0,0,0,0,0,0,0,0,0,0,0,0,0,0,0,0,0,0,0,0,0,0,0,100,0,70778.52374267578,11323.236450195313,0,67221336064,8589930496,1400246272,457560064
200,1724148387318,1100,1100,900,800,800,800,800,1100,800,799,799,799,900,800,800,799,799,799,800,800,799,800,800,800,799,799,800,800,901,800,800,800,0,0,0,0,0,0,0,0,0,0,0,0,0,0,0,0,0,0,0,0,0,0,0,0,0,0,0,0,0,0,0,100,0,70789.02606201172,11332.057861328125,0,67221336064,8589930496,1400246272,457560064
200,1724148387518,1100,1100,900,800,800,800,800,1100,800,799,799,799,900,800,800,799,799,799,800,800,799,800,800,800,799,799,800,800,901,800,800,800,0,0,0,0,0,0,0,0,0,0,0,0,0,0,0,0,0,0,0,0,0,0,0,0,0,0,0,0,0,0,0,100,0,70799.62744140625,11340.978881835938,0,67221336064,8589930496,1400246272,457560064
200,1724148387719,1100,1100,900,800,800,800,800,1100,800,799,799,799,900,800,800,799,799,799,800,800,799,800,800,800,799,799,800,800,901,800,800,800,0,0,0,0,0,0,0,0,0,0,0,0,0,0,0,0,0,0,0,0,0,0,0,0,0,0,0,0,0,0,0,100,0,70810.13110351563,11349.803100585938,0,67221336064,8589930496,1400246272,457560064
200,1724148387919,1100,1100,900,800,800,800,800,1100,800,799,799,799,900,800,800,799,799,799,800,800,799,800,800,800,799,799,800,800,901,800,800,800,0,0,0,0,0,0,0,0,0,0,0,0,0,0,0,0,0,0,0,0,0,0,0,0,0,0,0,0,0,0,0,100,0,70820.63208007813,11358.625,0,67221336064,8589930496,1400246272,457560064
200,1724148388119,1100,1100,900,800,800,800,800,1100,800,799,799,799,900,800,800,799,799,799,800,800,799,800,800,800,799,799,800,800,901,800,800,800,0,0,0,0,0,0,0,0,0,0,0,0,0,0,0,0,0,0,0,0,0,0,0,0,0,0,0,0,0,0,0,100,0,70831.21002197266,11367.517578125,0,67221336064,8589930496,1400246272,457560064
200,1724148388319,1100,1100,900,800,800,800,800,1100,800,799,799,799,900,800,800,799,799,799,800,800,799,800,800,800,799,799,800,800,901,800,800,800,0,0,0,0,0,0,0,0,0,0,0,0,0,0,0,0,0,0,0,0,0,0,0,0,0,0,0,0,0,0,0,100,0,70841.78088378906,11376.408386230469,0,67221336064,8589930496,1400246272,457560064
200,1724148388519,1100,1100,900,800,800,800,800,1100,800,799,799,799,900,800,800,799,799,799,800,800,799,800,800,800,799,799,800,800,901,800,800,800,0,0,0,0,0,0,0,0,0,0,0,0,0,0,0,0,0,0,0,0,0,0,0,4.761904716491699,0,0,0,0,0,0,0,100,0,70852.33239746094,11385.28076171875,0,67221336064,8589930496,1400246272,457560064
200,1724148388719,1100,1100,900,800,800,800,800,1100,800,799,799,799,900,800,800,799,799,799,800,800,799,800,800,800,799,799,800,800,901,800,800,800,0,0,0,0,0,0,0,0,0,0,0,0,0,0,0,0,0,0,0,0,0,0,0,0,0,0,0,0,0,0,0,100,0,70862.83374023438,11394.101623535156,0,67221336064,8589930496,1400246272,457560064
200,1724148388919,1100,1100,900,800,800,800,800,1100,800,799,799,799,900,800,800,799,799,799,800,800,799,800,800,800,799,799,800,800,901,800,800,800,0,0,0,0,0,0,0,0,0,0,0,0,0,0,0,0,0,0,0,0,0,0,0,0,0,0,0,0,0,0,0,100,0,70873.32373046875,11402.912658691406,0,67221336064,8589930496,1400246272,457560064
200,1724148389119,1100,1100,900,800,800,800,800,1100,800,799,799,799,900,800,800,799,799,799,800,800,799,800,800,800,799,799,800,800,901,800,800,800,0,0,0,0,0,0,0,0,0,0,0,0,0,0,0,0,0,0,0,0,0,0,0,0,0,0,0,0,0,0,0,100,0,70883.88385009766,11411.791381835938,0,67221336064,8589930496,1400246272,457560064
200,1724148389319,1100,1100,900,800,800,800,800,1100,800,799,799,799,900,800,800,799,799,799,800,800,799,800,800,800,799,799,800,800,901,800,800,800,0,0,0,0,0,0,0,0,0,0,0,0,0,0,0,0,0,0,0,0,0,0,0,0,0,0,0,0,0,0,0,100,0,70894.44744873047,11420.676025390625,0,67221336064,8589930496,1400246272,457560064
200,1724148389519,1100,1100,900,800,800,800,800,1100,800,799,799,799,900,800,800,799,799,799,800,800,799,800,800,800,799,799,800,800,901,800,800,800,0,0,0,0,0,0,0,0,0,0,0,0,0,0,0,0,0,0,0,0,0,0,0,0,0,0,0,0,0,0,0,100,0,70905.04266357422,11429.583312988281,0,67221336064,8589930496,1400246272,457560064
200,1724148389720,1100,1100,900,800,800,800,800,1100,800,799,799,799,900,800,800,799,799,799,800,800,799,800,800,800,799,799,800,800,901,800,800,800,0,0,0,0,0,0,0,0,0,0,0,0,0,0,0,0,0,0,0,0,0,0,0,0,0,0,0,0,0,0,0,100,0,70915.5425415039,11438.402160644531,0,67221336064,8589930496,1400246272,457560064
200,1724148389920,1100,1100,900,800,800,800,800,1100,800,799,799,799,900,800,800,799,799,799,800,800,799,800,800,800,799,799,800,800,901,800,800,800,0,0,0,0,0,0,0,0,0,0,0,0,0,0,0,0,0,0,0,0,0,0,0,0,0,0,0,0,0,0,0,100,0,70926.16314697266,11447.342041015625,0,67221336064,8589930496,1400246272,457560064
200,1724148390120,1100,1100,900,800,800,800,800,1100,800,799,799,799,900,800,800,799,799,799,800,800,799,800,800,800,799,799,800,800,901,800,800,800,0,0,0,0,0,0,0,0,0,0,0,0,0,0,0,0,0,0,0,0,0,0,0,0,0,0,0,0,0,0,0,100,0,70936.67358398438,11456.172302246094,0,67221336064,8589930496,1400246272,457560064
200,1724148390320,1100,1100,900,800,800,800,800,1100,800,799,799,799,900,800,800,799,799,799,800,800,799,800,800,800,799,799,800,800,901,800,800,800,0,0,0,0,0,0,0,0,0,0,0,0,0,0,0,0,0,0,0,0,0,0,0,0,0,0,0,0,0,0,0,100,0,70947.17749023438,11464.996398925781,0,67221336064,8589930496,1400246272,457560064
200,1724148390520,1100,1100,900,800,800,800,800,1100,800,799,799,799,900,800,800,799,799,799,800,800,799,800,800,800,799,799,800,800,901,800,800,800,0,0,0,0,0,0,0,0,0,0,0,0,0,0,0,0,0,0,0,0,0,0,0,0,0,0,0,0,0,0,0,100,0,70957.68768310547,11473.825317382813,0,67221336064,8589930496,1400246272,457560064
200,1724148390720,1100,1100,900,800,800,800,800,1100,800,799,799,799,900,800,800,799,799,799,800,800,799,800,800,800,799,799,800,800,901,800,800,800,0,0,0,0,0,0,0,0,0,0,0,0,0,0,0,0,0,0,0,0,0,0,0,0,0,0,0,0,0,0,0,100,0,70968.17779541016,11482.637145996094,0,67221336064,8589930496,1400246272,457560064
200,1724148390920,1100,1100,900,800,800,800,800,1100,800,799,799,799,900,800,800,799,799,799,800,800,799,800,800,800,799,799,800,800,901,800,800,800,0,0,0,0,0,0,0,0,0,0,0,0,0,0,0,0,0,0,0,0,0,0,0,0,0,0,0,0,0,0,0,100,0,70978.67962646484,11491.459411621094,0,67221336064,8589930496,1400246272,457560064
200,1724148391120,1100,1100,900,800,800,800,800,1100,800,799,799,799,900,800,800,799,799,799,800,800,799,800,800,800,799,799,800,800,901,800,800,800,0,0,0,0,0,0,0,0,0,0,0,0,0,0,0,0,0,0,0,0,0,0,0,0,0,0,0,0,0,0,0,100,0,70989.28936767578,11500.380554199219,0,67221336064,8589930496,1400246272,457560064
200,1724148391320,1100,1100,900,800,800,800,800,1100,800,799,799,799,900,800,800,799,799,799,800,800,799,800,800,800,799,799,800,800,901,800,800,800,0,0,0,0,0,0,0,0,0,0,0,0,0,0,0,0,0,0,0,0,0,0,0,0,0,0,0,0,0,0,0,100,0,70999.74291992188,11509.161315917969,0,67221336064,8589930496,1400246272,457560064
200,1724148391520,1100,1100,900,800,800,800,800,1100,800,799,799,799,900,800,800,799,799,799,800,800,799,800,800,800,799,799,800,800,901,800,800,800,0,0,0,0,0,0,0,0,0,0,0,0,0,0,0,0,0,0,0,0,0,0,0,0,0,0,0,0,0,0,0,100,0,71010.27557373047,11518.007568359375,0,67221336064,8589930496,1400246272,457560064
200,1724148391721,1100,1100,900,800,800,800,800,1100,800,799,799,799,900,800,800,799,799,799,800,800,799,800,800,800,799,799,800,800,901,800,800,800,0,0,0,0,0,0,0,0,0,0,0,0,0,0,0,0,0,0,0,0,0,0,0,0,0,0,0,0,0,0,0,100,0,71020.80773925781,11526.858825683594,0,67221336064,8589930496,1400246272,457560064
200,1724148391921,1100,1100,900,800,800,800,800,1100,800,799,799,799,900,800,800,799,799,799,800,800,799,800,800,800,799,799,800,800,901,800,800,800,0,0,0,0,0,0,0,0,0,0,0,0,0,0,0,0,0,0,0,0,0,0,0,0,0,0,0,0,0,0,0,100,0,71031.30145263672,11535.673828125,0,67221336064,8589930496,1400246272,457560064
200,1724148392121,1100,1100,900,800,800,800,800,1100,800,799,799,799,900,800,800,799,799,799,800,800,799,800,800,800,799,799,800,800,901,800,800,800,0,0,0,0,0,0,0,0,0,0,0,0,0,0,0,0,0,0,0,0,0,0,0,0,0,0,0,0,0,0,0,100,0,71041.8060913086,11544.498596191406,0,67221336064,8589930496,1400246272,457560064
200,1724148392321,1100,1100,900,800,800,800,800,1100,800,799,799,799,900,800,800,799,799,799,800,800,799,800,800,800,799,799,800,800,901,800,800,800,0,0,0,0,0,0,0,0,0,0,0,0,0,0,0,0,0,0,0,0,0,0,0,0,0,0,0,0,0,0,0,100,0,71052.29772949219,11553.310974121094,0,67221336064,8589930496,1400246272,457560064
200,1724148392521,1100,1100,900,800,800,800,800,1100,800,799,799,799,900,800,800,799,799,799,800,800,799,800,800,800,799,799,800,800,901,800,800,800,0,0,0,0,0,0,0,0,0,0,0,0,0,0,0,0,0,0,0,0,0,0,0,0,0,0,0,0,0,0,0,100,0,71062.81140136719,11562.142822265625,0,67221336064,8589930496,1400246272,457560064
200,1724148392721,1100,1100,900,800,800,800,800,1100,800,799,799,799,900,800,800,799,799,799,800,800,799,800,800,800,799,799,800,800,901,800,800,800,0,0,0,0,0,0,0,0,0,0,0,0,0,0,0,0,0,0,0,0,0,0,0,0,0,0,0,0,0,0,0,100,0,71073.31170654297,11570.963012695313,0,67221336064,8589930496,1400246272,457560064
200,1724148392921,1100,1100,900,800,800,800,800,1100,800,799,799,799,900,800,800,799,799,799,800,800,799,800,800,800,799,799,800,800,901,800,800,800,0,0,0,0,0,0,0,0,0,0,0,0,0,0,0,0,0,0,0,0,0,0,0,0,0,0,0,0,0,0,0,100,0,71083.81494140625,11579.786987304688,0,67221336064,8589930496,1400246272,457560064
200,1724148393121,1100,1100,900,800,800,800,800,1100,800,799,799,799,900,800,800,799,799,799,800,800,799,800,800,800,799,799,800,800,901,800,800,800,0,0,0,0,0,0,0,0,0,0,0,0,0,0,0,0,0,0,0,0,0,0,0,0,0,0,0,0,0,0,0,100,0,71094.42864990234,11588.710632324219,0,67221336064,8589930496,1400451072,457560064
200,1724148393321,1100,1100,900,800,800,800,800,1100,800,799,799,799,900,800,800,799,799,799,800,800,799,800,800,800,799,799,800,800,901,800,800,800,0,0,0,0,0,0,0,0,0,0,0,0,0,4.761904716491699,0,0,0,0,0,0,0,0,0,0,0,0,0,0,0,0,0,100,0,71105.02239990234,11597.624450683594,0,67221336064,8589930496,1400451072,457560064
200,1724148393521,1100,1100,900,800,800,800,800,1100,800,799,799,799,900,800,800,799,799,799,800,800,799,800,800,800,799,799,800,800,901,800,800,800,0,0,0,0,0,0,0,0,0,0,0,0,0,0,0,0,0,0,0,0,0,0,0,0,0,0,0,0,0,0,0,100,0,71115.5302734375,11606.450317382813,0,67221336064,8589930496,1400451072,457560064
200,1724148393722,1100,1100,900,800,800,800,800,1100,800,799,799,799,900,800,800,799,799,799,800,800,799,800,800,800,799,799,800,800,901,800,800,800,0,0,0,0,0,0,0,0,0,0,0,0,0,0,0,0,0,0,0,0,0,0,0,0,0,0,0,0,0,0,0,100,0,71126.00518798828,11615.246215820313,0,67221336064,8589930496,1400451072,457560064
200,1724148393922,1100,1100,900,800,800,800,800,1100,800,799,799,799,900,800,800,799,799,799,800,800,799,800,800,800,799,799,800,800,901,800,800,800,0,0,0,0,0,0,0,0,0,0,0,0,0,0,0,0,0,0,0,0,0,0,0,0,0,0,0,0,0,0,0,100,0,71136.60125732422,11624.163330078125,0,67221336064,8589930496,1400451072,457560064
200,1724148394122,1100,1100,900,800,800,800,800,1100,800,799,799,799,900,800,800,799,799,799,800,800,799,800,800,800,799,799,800,800,901,800,800,800,0,0,0,0,0,0,0,0,0,0,0,0,0,0,0,0,0,0,0,0,0,0,0,0,0,0,0,0,0,0,0,100,0,71147.11260986328,11632.993041992188,0,67221336064,8589930496,1400451072,457560064
200,1724148394322,1100,1100,900,800,800,800,800,1100,800,799,799,799,900,800,800,799,799,799,800,800,799,800,800,800,799,799,800,800,901,800,800,800,0,0,0,0,0,0,0,0,0,0,0,0,0,0,0,0,0,0,0,0,0,0,0,0,0,0,0,0,0,0,0,100,0,71157.61206054688,11641.813598632813,0,67221336064,8589930496,1400451072,457560064
200,1724148394522,1100,1100,900,800,800,800,800,1100,800,799,799,799,900,800,800,799,799,799,800,800,799,800,800,800,799,799,800,800,901,800,800,800,0,0,0,0,0,0,0,0,0,0,0,0,0,0,0,0,0,0,0,0,0,0,0,0,0,0,0,0,0,0,0,100,0,71168.12243652344,11650.642150878906,0,67221336064,8589930496,1400451072,457560064
200,1724148394722,1100,1100,900,800,800,800,800,1100,800,799,799,799,900,800,800,799,799,799,800,800,799,800,800,800,799,799,800,800,901,800,800,800,0,0,0,0,0,0,0,0,0,0,0,0,0,0,0,0,0,0,0,0,0,0,0,0,0,0,0,0,0,0,0,100,0,71178.6064453125,11659.447814941406,0,67221336064,8589930496,1400451072,457560064
200,1724148394922,1100,1100,900,800,800,800,800,1100,800,799,799,799,900,800,800,799,799,799,800,800,799,800,800,800,799,799,800,800,901,800,800,800,0,0,0,0,0,0,0,0,0,0,0,0,0,0,0,0,0,0,0,0,0,0,0,0,0,0,0,0,0,0,0,100,0,71189.1713256836,11668.280822753906,0,67221336064,8589930496,1400451072,457560064
200,1724148395122,1100,1100,900,800,800,800,800,1100,800,799,799,799,900,800,800,799,799,799,800,800,799,800,800,800,799,799,800,800,901,800,800,800,0,0,0,0,0,0,0,0,0,0,0,0,0,0,0,0,0,0,0,0,0,0,0,0,0,0,0,0,0,0,0,100,0,71199.73175048828,11677.203735351563,0,67221336064,8589930496,1400451072,457560064
200,1724148395322,1100,1100,900,800,800,800,800,1100,800,799,799,799,900,800,800,799,799,799,800,800,799,800,800,800,799,799,800,800,901,800,800,800,0,0,0,0,0,0,0,0,0,0,0,0,0,0,0,0,0,0,0,0,0,0,0,0,0,0,0,0,0,0,0,100,0,71210.2406616211,11686.033508300781,0,67221336064,8589930496,1400451072,457560064
200,1724148395522,1100,1100,900,800,800,800,800,1100,800,799,799,799,900,800,800,799,799,799,800,800,799,800,800,800,799,799,800,800,901,800,800,800,0,0,0,0,0,0,0,0,0,0,0,0,0,0,0,0,0,0,0,0,0,0,0,0,0,0,0,0,0,0,0,100,0,71220.76373291016,11694.816711425781,0,67221336064,8589930496,1400451072,457560064
200,1724148395723,1100,1100,900,800,800,800,800,1100,800,799,799,799,900,800,800,799,799,799,800,800,799,800,800,800,799,799,800,800,901,800,800,800,0,0,0,0,0,0,0,0,0,0,0,0,0,0,0,0,0,0,0,0,0,0,0,0,0,0,0,0,0,0,0,100,0,71231.24243164063,11703.675109863281,0,67221336064,8589930496,1400451072,457560064
200,1724148395923,1100,1100,900,800,800,800,800,1100,800,799,799,799,900,800,800,799,799,799,800,800,799,800,800,800,799,799,800,800,901,800,800,800,0,0,0,0,0,0,0,0,0,0,0,0,0,0,0,0,0,0,0,0,0,0,0,0,0,0,0,0,0,0,0,100,0,71241.7515258789,11712.503295898438,0,67221336064,8589930496,1400451072,457560064
200,1724148396123,1100,1100,900,800,800,800,800,1100,800,799,799,799,900,800,800,799,799,799,800,800,799,800,800,800,799,799,800,800,901,800,800,800,0,0,0,0,0,0,0,0,0,0,0,0,0,0,0,0,0,0,0,0,0,0,0,0,0,0,0,0,0,0,0,100,0,71252.34869384766,11721.414489746094,0,67221336064,8589930496,1400442880,457560064
200,1724148396323,1100,1100,900,800,800,800,800,1100,800,799,799,799,900,800,800,799,799,799,800,800,799,800,800,800,799,799,800,800,901,800,800,800,0,0,0,0,0,0,0,0,0,0,0,0,0,4.761904716491699,0,0,0,0,0,0,0,0,0,0,0,0,0,0,0,0,0,100,0,71262.90466308594,11730.290588378906,0,67221336064,8589930496,1400442880,457560064
200,1724148396523,1100,1100,900,800,800,800,800,1100,800,799,799,799,900,800,800,799,799,799,800,800,799,800,800,800,799,799,800,800,901,800,800,800,0,0,0,0,0,0,0,0,0,0,0,0,0,0,0,0,0,0,0,0,0,0,0,0,0,0,0,0,0,0,0,100,0,71273.54406738281,11739.25244140625,0,67221336064,8589930496,1400442880,457560064
200,1724148396723,1100,1100,900,800,800,800,800,1100,800,799,799,799,900,800,800,799,799,799,800,800,799,800,800,800,799,799,800,800,901,800,800,800,0,0,0,0,0,0,0,0,0,0,0,0,0,0,0,0,0,0,0,0,0,0,0,0,0,0,0,0,0,0,0,100,0,71284.04364013672,11748.072204589844,0,67221336064,8589930496,1400442880,457560064
200,1724148396923,1100,1100,900,800,800,800,800,1100,800,799,799,799,900,800,800,799,799,799,800,800,799,800,800,800,799,799,800,800,901,800,800,800,0,0,0,0,0,0,0,0,0,0,0,0,0,0,0,0,0,0,0,0,0,0,0,0,0,0,0,0,0,0,0,100,0,71294.62365722656,11756.970520019531,0,67221336064,8589930496,1400442880,457560064
200,1724148397123,1100,1100,900,800,800,800,800,1100,800,799,799,799,900,800,800,799,799,799,800,800,799,800,800,800,799,799,800,800,901,800,800,800,0,0,0,0,0,0,0,0,0,0,0,0,0,0,0,0,0,0,0,0,0,0,0,0,0,0,0,0,0,0,0,100,0,71305.3091430664,11765.930480957031,0,67221336064,8589930496,1400442880,457560064
200,1724148397323,1100,1100,900,800,800,800,800,1100,800,799,799,799,900,800,800,799,799,799,800,800,799,800,800,800,799,799,800,800,901,800,800,800,0,0,0,0,0,0,0,0,0,0,0,0,0,0,0,0,0,0,0,0,0,0,0,0,0,0,0,0,0,0,0,100,0,71315.79290771484,11774.77734375,0,67221336064,8589930496,1400442880,457560064
200,1724148397523,1100,1100,900,800,800,800,800,1100,800,799,799,799,900,800,800,799,799,799,800,800,799,800,800,800,799,799,800,800,901,800,800,800,0,0,0,0,0,0,0,0,0,0,0,0,0,0,0,0,0,0,0,0,0,0,0,0,0,0,0,0,0,0,0,100,0,71326.34436035156,11783.640869140625,0,67221336064,8589930496,1400442880,457560064
200,1724148397723,1100,1100,900,800,800,800,800,1100,800,799,799,799,900,800,800,799,799,799,800,800,799,800,800,800,799,799,800,800,901,800,800,800,0,0,0,0,0,0,0,0,0,0,0,0,0,0,0,0,0,0,0,0,0,0,0,0,0,0,0,0,0,0,0,100,0,71336.8276977539,11792.444946289063,0,67221336064,8589930496,1400442880,457560064
200,1724148397924,1100,1100,900,800,800,800,800,1100,800,799,799,799,900,800,800,799,799,799,800,800,799,800,800,800,799,799,800,800,901,800,800,800,0,0,0,0,0,0,0,0,0,0,0,0,0,0,0,0,0,0,0,0,0,0,0,0,0,0,0,0,0,0,0,100,0,71347.3388671875,11801.275451660156,0,67221336064,8589930496,1400442880,457560064
200,1724148398124,1100,1100,900,800,800,800,800,1100,800,799,799,799,900,800,800,799,799,799,800,800,799,800,800,800,799,799,800,800,901,800,800,800,0,0,0,0,0,0,0,0,0,0,0,0,0,0,0,0,0,0,0,0,0,0,0,0,0,0,0,0,0,0,0,100,0,71357.82977294922,11810.087097167969,0,67221336064,8589930496,1400442880,457560064
200,1724148398324,1100,1100,900,800,800,800,800,1100,800,799,799,799,900,800,800,799,799,799,800,800,799,800,800,800,799,799,800,800,901,800,800,800,0,0,0,0,0,0,0,0,0,0,0,0,0,0,0,0,0,0,0,0,0,0,0,0,0,0,0,0,0,0,0,100,0,71368.35430908203,11818.931579589844,0,67221336064,8589930496,1400442880,457560064
200,1724148398524,1100,1100,900,800,800,800,800,1100,800,799,799,799,900,800,800,799,799,799,800,800,799,800,800,800,799,799,800,800,901,800,800,800,0,0,0,0,0,0,0,0,0,0,0,0,0,0,0,0,0,0,0,0,0,0,0,0,0,0,0,0,0,0,0,100,0,71378.84844970703,11827.746704101563,0,67221336064,8589930496,1400442880,457560064
200,1724148398724,1100,1100,900,800,800,800,800,1100,800,799,799,799,900,800,800,799,799,799,800,800,799,800,800,800,799,799,800,800,901,800,800,800,0,0,0,0,0,0,0,0,0,0,0,0,0,0,0,0,0,0,0,0,0,0,0,0,0,0,0,0,0,0,0,100,0,71389.35534667969,11836.572143554688,0,67221336064,8589930496,1400442880,457560064
200,1724148398924,1100,1100,900,800,800,800,800,1100,800,799,799,799,900,800,800,799,799,799,800,800,799,800,800,800,799,799,800,800,901,800,800,800,0,0,0,0,0,0,0,0,0,0,0,0,0,0,0,0,0,0,0,0,0,0,0,0,0,0,0,0,0,0,0,100,0,71399.85070800781,11845.388122558594,0,67221336064,8589930496,1400442880,457560064
200,1724148399124,1100,1100,900,800,800,800,800,1100,800,799,799,799,900,800,800,799,799,799,800,800,799,800,800,800,799,799,800,800,901,800,800,800,0,0,0,0,0,0,0,0,0,0,0,0,0,0,0,0,0,0,0,0,0,0,0,0,0,0,0,0,0,0,0,100,0,71410.40808105469,11854.265075683594,0,67221336064,8589930496,1400442880,457560064
200,1724148399324,1100,1100,900,800,800,800,800,1100,800,799,799,799,900,800,800,799,799,799,800,800,799,800,800,800,799,799,800,800,901,800,800,800,0,0,0,0,0,0,0,0,0,0,0,0,0,0,0,0,0,0,0,0,0,0,0,0,0,0,0,0,0,0,0,100,0,71421.09045410156,11863.260437011719,0,67221336064,8589930496,1400442880,457560064
200,1724148399524,1100,1100,900,800,800,800,800,1100,800,799,799,799,900,800,800,799,799,799,800,800,799,800,800,800,799,799,800,800,901,800,800,800,0,0,0,0,0,0,0,0,0,0,0,0,0,0,0,0,0,0,0,0,0,0,0,0,0,0,0,0,0,0,0,100,0,71431.53552246094,11872.03369140625,0,67221336064,8589930496,1400442880,457560064
200,1724148399724,1100,1100,900,800,800,800,800,1100,800,799,799,799,900,800,800,799,799,799,800,800,799,800,800,800,799,799,800,800,901,800,800,800,0,0,0,0,0,0,0,0,0,0,0,0,0,0,0,0,0,0,0,0,0,0,0,0,0,0,0,0,0,0,0,100,0,71442.30084228516,11881.106811523438,0,67221336064,8589930496,1400442880,457560064
200,1724148399925,1100,1100,900,800,800,800,800,1100,800,799,799,799,900,800,800,799,799,799,800,800,799,800,800,800,799,799,800,800,901,800,800,800,0,0,0,0,0,0,0,0,0,0,0,0,0,0,0,0,0,0,0,0,0,0,0,0,0,0,0,0,0,0,0,100,0,71452.8198852539,11889.946838378906,0,67221336064,8589930496,1400442880,457560064
200,1724148400125,1100,1100,900,800,800,800,800,1100,800,799,799,799,900,800,800,799,799,799,800,800,799,800,800,800,799,799,800,800,901,800,800,800,0,0,0,0,0,0,0,0,0,0,0,0,0,0,0,0,0,0,0,0,0,0,0,0,0,0,0,0,0,0,0,100,0,71463.3187866211,11898.765686035156,0,67221336064,8589930496,1400442880,457560064
200,1724148400325,1100,1100,900,800,800,800,800,1100,800,799,799,799,900,800,800,799,799,799,800,800,799,800,800,800,799,799,800,800,901,800,800,800,0,0,0,0,0,0,0,0,0,0,0,0,0,0,0,0,0,0,0,0,0,0,0,0,0,0,0,0,0,0,0,100,0,71473.82409667969,11907.590515136719,0,67221336064,8589930496,1400442880,457560064
200,1724148400525,1100,1100,900,800,800,800,800,1100,800,799,799,799,900,800,800,799,799,799,800,800,799,800,800,800,799,799,800,800,901,800,800,800,0,0,0,0,0,0,0,0,0,0,0,0,0,0,0,0,0,0,0,0,0,0,0,0,0,0,0,0,0,0,0,100,0,71484.32531738281,11916.411865234375,0,67221336064,8589930496,1400442880,457560064
200,1724148400725,1100,1100,900,800,800,800,800,1100,800,799,799,799,900,800,800,799,799,799,800,800,799,800,800,800,799,799,800,800,901,800,800,800,0,0,0,0,0,0,0,0,0,0,0,0,0,0,0,0,0,0,0,0,0,0,0,0,0,0,0,0,0,0,0,100,0,71494.81188964844,11925.220092773438,0,67221336064,8589930496,1400442880,457560064
200,1724148400925,1100,1100,900,800,800,800,800,1100,800,799,799,799,900,800,800,799,799,799,800,800,799,800,800,800,799,799,800,800,901,800,800,800,0,0,0,0,0,0,0,0,0,0,0,0,0,0,0,0,0,0,0,0,0,0,0,0,0,0,0,0,0,0,0,100,0,71505.46197509766,11934.187866210938,0,67221336064,8589930496,1400442880,457560064
200,1724148401125,1100,1100,900,800,800,800,800,1100,800,799,799,799,900,800,800,799,799,799,800,800,799,800,800,800,799,799,800,800,901,800,800,800,0,0,0,0,0,0,0,0,0,0,0,0,0,0,0,0,0,0,0,0,0,0,0,0,0,0,0,0,0,0,0,100,0,71515.98419189453,11943.029907226563,0,67221336064,8589930496,1400442880,457560064
200,1724148401325,1100,1100,900,800,800,800,800,1100,800,799,799,799,900,800,800,799,799,799,800,800,799,800,800,800,799,799,800,800,901,800,800,800,0,0,0,0,0,0,0,0,0,0,0,0,0,0,0,0,0,0,0,0,0,0,0,0,0,0,0,0,0,0,0,100,0,71526.67987060547,11952.045959472656,0,67221336064,8589930496,1400442880,457560064
200,1724148401525,1100,1100,900,800,800,800,800,1100,800,799,799,799,900,800,800,799,799,799,800,800,799,800,800,800,799,799,800,800,901,800,800,800,0,0,0,0,0,0,0,0,0,0,0,0,0,0,0,0,0,0,0,0,0,0,0,0,0,0,0,0,0,0,0,100,0,71537.2562866211,11960.933044433594,0,67221336064,8589930496,1400442880,457560064
200,1724148401726,1100,1100,900,800,800,800,800,1100,800,799,799,799,900,800,800,799,799,799,800,800,799,800,800,800,799,799,800,800,901,800,800,800,0,0,0,0,0,0,0,0,0,0,0,0,0,0,0,0,0,0,0,0,0,0,0,0,0,0,0,0,0,0,0,100,0,71547.70678710938,11969.711853027344,0,67221336064,8589930496,1400442880,457560064
200,1724148401926,1100,1100,900,800,800,800,800,1100,800,799,799,799,900,800,800,799,799,799,800,800,799,800,800,800,799,799,800,800,901,800,800,800,0,0,0,0,0,0,0,0,0,0,0,0,0,0,0,0,0,0,0,0,0,0,0,0,0,0,0,0,0,0,0,100,0,71558.28436279297,11978.601684570313,0,67221336064,8589930496,1400442880,457560064
200,1724148402126,1100,1100,900,800,800,800,800,1100,800,799,799,799,900,800,800,799,799,799,800,800,799,800,800,800,799,799,800,800,901,800,800,800,0,0,0,0,0,0,0,0,0,0,0,0,0,0,0,0,0,0,0,0,0,0,0,0,0,0,0,0,0,0,0,100,0,71568.783203125,11987.420654296875,0,67221336064,8589930496,1400442880,457560064
200,1724148402326,1100,1100,900,800,800,800,800,1100,800,799,799,799,900,800,800,799,799,799,800,800,799,800,800,800,799,799,800,800,901,800,800,800,0,0,0,0,0,0,0,0,0,0,0,0,0,0,0,0,0,0,0,0,0,0,0,0,0,0,0,0,0,0,0,100,0,71579.37536621094,11996.328796386719,0,67221336064,8589930496,1400442880,457560064
200,1724148402526,1100,1100,900,800,800,800,800,1100,800,799,799,799,900,800,800,799,799,799,800,800,799,800,800,800,799,799,800,800,901,800,800,800,0,0,0,0,0,0,0,0,0,0,0,0,0,0,0,0,0,0,0,0,0,0,0,0,0,0,0,0,0,0,0,100,0,71589.86254882813,12005.138366699219,0,67221336064,8589930496,1400442880,457560064
200,1724148402726,1100,1100,900,800,800,800,800,1100,800,799,799,799,900,800,800,799,799,799,800,800,799,800,800,800,799,799,800,800,901,800,800,800,0,0,0,0,0,0,0,0,0,0,0,0,0,0,0,0,0,0,0,0,0,0,0,0,0,0,0,0,0,0,0,100,0,71600.63397216797,12014.229187011719,0,67221336064,8589930496,1400442880,457560064
200,1724148402926,1100,1100,900,800,800,800,800,1100,800,799,799,799,900,800,800,799,799,799,800,800,799,800,800,800,799,799,800,800,901,800,800,800,0,0,0,0,0,0,0,0,0,0,0,0,0,0,0,0,0,0,0,0,0,0,0,0,0,0,0,0,0,0,0,100,0,71611.15393066406,12023.069274902344,0,67221336064,8589930496,1400442880,457560064
200,1724148403126,1100,1100,900,800,800,800,800,1100,800,799,799,799,900,800,800,799,799,799,800,800,799,800,800,800,799,799,800,800,901,800,800,800,0,0,0,0,0,0,0,0,0,0,0,0,0,0,0,0,0,0,0,0,0,0,0,0,0,0,0,0,0,0,0,100,0,71621.74725341797,12031.981628417969,0,67221336064,8589930496,1400442880,457560064
200,1724148403326,1100,1100,900,800,800,800,800,1100,800,799,799,799,900,800,800,799,799,799,800,800,799,800,800,800,799,799,800,800,901,800,800,800,0,0,0,0,0,0,0,0,0,0,0,0,0,0,0,0,0,0,0,0,0,0,0,0,0,0,0,0,0,0,0,100,0,71632.33514404297,12040.815246582031,0,67221336064,8589930496,1400442880,457560064
200,1724148403526,1100,1100,900,800,800,800,800,1100,800,799,799,799,900,800,800,799,799,799,800,800,799,800,800,800,799,799,800,800,901,800,800,800,0,0,0,0,0,0,0,0,0,0,0,0,0,0,0,0,0,0,0,0,0,0,0,0,0,0,0,0,0,0,0,100,0,71642.82836914063,12049.692077636719,0,67221336064,8589930496,1400442880,457560064
200,1724148403727,1100,1100,900,800,800,800,800,1100,800,799,799,799,900,800,800,799,799,799,800,800,799,800,800,800,799,799,800,800,901,800,800,800,0,0,0,0,0,0,0,0,0,0,0,0,0,0,0,0,0,0,0,0,0,0,0,0,0,0,0,0,0,0,0,100,0,71653.27899169922,12058.470458984375,0,67221336064,8589930496,1400442880,457560064
200,1724148403927,1100,1100,900,800,800,800,800,1100,800,799,799,799,900,800,800,799,799,799,800,800,799,800,800,800,799,799,800,800,901,800,800,800,0,0,0,4.761904716491699,0,0,0,0,0,0,0,0,0,0,0,0,0,0,0,0,0,0,0,0,0,0,0,0,0,0,0,100,0,71663.91473388672,12067.418701171875,0,67221336064,8589930496,1400442880,457560064
200,1724148404127,1100,1100,900,800,800,800,800,1100,800,799,799,799,900,800,800,799,799,799,800,800,799,800,800,800,799,799,800,800,901,800,800,800,0,0,0,0,0,0,0,0,0,0,0,0,0,0,0,0,0,0,0,0,0,0,0,0,0,0,0,0,0,0,0,100,0,71674.4097290039,12076.235229492188,0,67221336064,8589930496,1400442880,457560064
200,1724148404327,1100,1100,900,800,800,800,800,1100,800,799,799,799,900,800,800,799,799,799,800,800,799,800,800,800,799,799,800,800,901,800,800,800,0,0,0,0,0,0,0,0,0,0,0,0,0,0,0,0,0,0,0,0,0,0,0,0,0,0,0,0,0,0,0,100,0,71684.90631103516,12085.049926757813,0,67221336064,8589930496,1400442880,457560064
200,1724148404527,1100,1100,900,800,800,800,800,1100,800,799,799,799,900,800,800,799,799,799,800,800,799,800,800,800,799,799,800,800,901,800,800,800,0,0,0,0,0,0,0,0,0,0,0,0,0,0,0,0,0,0,0,0,0,0,0,0,0,0,0,0,0,0,0,100,0,71695.39642333984,12093.861206054688,0,67221336064,8589930496,1400442880,457560064
200,1724148404727,1100,1100,900,800,800,800,800,1100,800,799,799,799,900,800,800,799,799,799,800,800,799,800,800,800,799,799,800,800,901,800,800,800,0,0,0,0,0,0,0,0,0,0,0,0,0,0,0,0,0,0,0,0,0,0,0,0,0,0,0,0,0,0,0,100,0,71705.91101074219,12102.694458007813,0,67221336064,8589930496,1400442880,457560064
200,1724148404927,1100,1100,900,800,800,800,800,1100,800,799,799,799,900,800,800,799,799,799,800,800,799,800,800,800,799,799,800,800,901,800,800,800,0,0,0,0,0,0,0,0,0,0,0,0,0,0,0,0,0,0,0,0,0,0,0,0,0,0,0,0,0,0,0,100,0,71716.41790771484,12111.520812988281,0,67221336064,8589930496,1400442880,457560064
200,1724148405127,1100,1100,900,800,800,800,800,1100,800,799,799,799,900,800,800,799,799,799,800,800,799,800,800,800,799,799,800,800,901,800,800,800,0,0,0,0,0,0,0,0,0,0,0,0,0,0,0,0,0,0,0,0,0,0,0,4.761904716491699,0,0,0,0,0,0,0,100,0,71727.00469970703,12120.427734375,0,67221336064,8589930496,1400442880,457560064
200,1724148405327,1100,1100,900,800,800,800,800,1100,800,799,799,799,900,800,800,799,799,799,800,800,799,800,800,800,799,799,800,800,901,800,800,800,0,0,0,0,0,0,0,0,0,0,0,0,0,0,0,0,0,0,0,0,0,0,0,0,0,0,0,0,0,0,0,100,0,71737.49792480469,12129.241943359375,0,67221336064,8589930496,1400442880,457560064
200,1724148405527,1100,1100,900,800,800,800,800,1100,800,799,799,799,900,800,800,799,799,799,800,800,799,800,800,800,799,799,800,800,901,800,800,800,0,0,0,0,0,0,0,0,0,0,0,0,0,0,0,0,0,0,0,0,0,0,0,0,0,0,0,0,0,0,0,100,0,71748.0435180664,12138.107482910156,0,67221336064,8589930496,1400442880,457560064
200,1724148405728,1100,1100,900,800,800,800,800,1100,800,799,799,799,900,800,800,799,799,799,800,800,799,800,800,800,799,799,800,800,901,800,800,800,0,0,0,0,0,0,0,0,0,0,0,0,0,0,0,0,0,0,0,0,0,0,0,0,0,0,0,0,0,0,0,100,0,71758.564453125,12146.947937011719,0,67221336064,8589930496,1400442880,457560064
200,1724148405928,1100,1100,900,800,800,800,800,1100,800,799,799,799,900,800,800,799,799,799,800,800,799,800,800,800,799,799,800,800,901,800,800,800,0,0,0,0,0,0,0,0,0,0,0,0,0,0,0,0,0,0,0,0,0,0,0,0,0,0,0,0,0,0,0,100,0,71769.1244506836,12155.822021484375,0,67221336064,8589930496,1400442880,457560064
200,1724148406128,1100,1100,900,800,800,800,800,1100,800,799,799,799,900,800,800,799,799,799,800,800,799,800,800,800,799,799,800,800,901,800,800,800,0,0,0,0,0,0,0,0,0,0,0,0,0,0,0,0,0,0,0,0,0,0,0,0,0,0,0,0,0,0,0,100,0,71779.62414550781,12164.640991210938,0,67221336064,8589930496,1400442880,457560064
200,1724148406328,1100,1100,900,800,800,800,800,1100,800,799,799,799,900,800,800,799,799,799,800,800,799,800,800,800,799,799,800,800,901,800,800,800,0,0,0,0,0,0,0,0,0,0,0,0,0,0,0,0,0,0,0,0,0,0,0,0,0,0,0,0,0,0,0,100,0,71790.14556884766,12173.481323242188,0,67221336064,8589930496,1400442880,457560064
200,1724148406528,1100,1100,900,800,800,800,800,1100,800,799,799,799,900,800,800,799,799,799,800,800,799,800,800,800,799,799,800,800,901,800,800,800,0,0,0,0,0,0,0,0,0,0,0,0,0,0,0,0,0,0,0,0,0,0,0,0,0,0,0,0,0,0,0,100,0,71800.62878417969,12182.2861328125,0,67221336064,8589930496,1400442880,457560064
200,1724148406728,1100,1100,900,800,800,800,800,1100,800,799,799,799,900,800,800,799,799,799,800,800,799,800,800,800,799,799,800,800,901,800,800,800,0,0,0,0,0,0,0,0,0,0,0,0,0,0,0,0,0,0,0,0,0,0,0,0,0,0,0,0,0,0,0,100,0,71811.13592529297,12191.112243652344,0,67221336064,8589930496,1400442880,457560064
200,1724148406928,1100,1100,900,800,800,800,800,1100,800,799,799,799,900,800,800,799,799,799,800,800,799,800,800,800,799,799,800,800,901,800,800,800,0,0,0,0,0,0,0,0,0,0,0,0,0,0,0,0,0,0,0,0,0,0,0,0,0,0,0,0,0,0,0,100,0,71821.62243652344,12199.920349121094,0,67221336064,8589930496,1400442880,457560064
200,1724148407128,1100,1100,900,800,800,800,800,1100,800,799,799,799,900,800,800,799,799,799,800,800,799,800,800,800,799,799,800,800,901,800,800,800,0,0,0,0,0,0,0,0,0,0,0,0,0,0,0,0,0,0,0,0,0,0,0,0,0,0,0,0,0,0,0,100,0,71832.24353027344,12208.8603515625,0,67221336064,8589930496,1400442880,457560064
200,1724148407328,1100,1100,900,800,800,800,800,1100,800,799,799,799,900,800,800,799,799,799,800,800,799,800,800,800,799,799,800,800,901,800,800,800,0,0,0,0,0,0,0,0,0,0,0,0,0,0,0,0,0,0,0,0,0,0,0,0,0,0,0,0,0,0,0,100,0,71842.75872802734,12217.693908691406,0,67221336064,8589930496,1400442880,457560064
200,1724148407528,1100,1100,900,800,800,800,800,1100,800,799,799,799,900,800,800,799,799,799,800,800,799,800,800,800,799,799,800,800,901,800,800,800,0,0,0,0,0,0,0,0,0,0,0,0,0,0,0,0,0,0,0,0,0,0,0,0,0,0,0,0,0,0,0,100,0,71853.30767822266,12226.508972167969,0,67221336064,8589930496,1400442880,457560064
200,1724148407728,1100,1100,900,800,800,800,800,1100,800,799,799,799,900,800,800,799,799,799,800,800,799,800,800,800,799,799,800,800,901,800,800,800,0,0,0,0,0,0,0,0,0,0,0,0,0,0,0,0,0,0,0,0,0,0,0,0,0,0,0,0,0,0,0,100,0,71863.74334716797,12235.3203125,0,67221336064,8589930496,1400442880,457560064
200,1724148407929,1100,1100,900,800,800,800,800,1100,800,799,799,799,900,800,800,799,799,799,800,800,799,800,800,800,799,799,800,800,901,800,800,800,0,0,0,0,0,0,0,0,0,0,0,0,0,0,0,0,0,0,0,0,0,0,0,0,0,0,0,0,0,0,0,100,0,71874.38482666016,12244.273559570313,0,67221336064,8589930496,1400442880,457560064
200,1724148408129,1100,1100,900,800,800,800,800,1100,800,799,799,799,900,800,800,799,799,799,800,800,799,800,800,800,799,799,800,800,901,800,800,800,0,0,0,0,0,0,0,0,0,0,0,0,0,0,0,0,0,0,0,0,0,0,0,0,0,0,0,0,0,0,0,100,0,71884.88250732422,12253.092041015625,0,67221336064,8589930496,1400442880,457560064
200,1724148408329,1100,1100,900,800,800,800,800,1100,800,799,799,799,900,800,800,799,799,799,800,800,799,800,800,800,799,799,800,800,901,800,800,800,0,0,0,0,0,0,0,0,0,0,0,0,0,0,0,0,0,0,0,0,0,0,0,0,0,0,0,0,0,0,0,100,0,71895.50695800781,12262.0361328125,0,67221336064,8589930496,1400442880,457560064
200,1724148408529,1100,1100,900,800,800,800,800,1100,800,799,799,799,900,800,800,799,799,799,800,800,799,800,800,800,799,799,800,800,901,800,800,800,0,0,0,0,0,0,0,0,0,0,0,0,0,0,0,0,0,0,0,0,0,0,0,0,0,0,0,0,0,0,0,100,0,71906.00555419922,12270.855102539063,0,67221336064,8589930496,1400442880,457560064
200,1724148408729,1100,1100,900,800,800,800,800,1100,800,799,799,799,900,800,800,799,799,799,800,800,799,800,800,800,799,799,800,800,901,800,800,800,0,0,0,0,0,0,0,0,0,0,0,0,0,0,0,0,0,0,0,0,0,0,0,0,0,0,0,0,0,0,0,100,0,71916.51208496094,12279.680114746094,0,67221336064,8589930496,1400442880,457560064
200,1724148408929,1100,1100,900,800,800,800,800,1100,800,799,799,799,900,800,800,799,799,799,800,800,799,800,800,800,799,799,800,800,901,800,800,800,0,0,0,0,0,0,0,0,0,0,0,0,0,0,0,0,0,0,0,0,0,0,0,0,0,0,0,0,0,0,0,100,0,71927.01959228516,12288.50830078125,0,67221336064,8589930496,1400442880,457560064
200,1724148409129,1100,1100,900,800,800,800,800,1100,800,799,799,799,900,800,800,799,799,799,800,800,799,800,800,800,799,799,800,800,901,800,800,800,0,0,0,0,0,0,0,0,0,0,0,0,0,0,0,0,0,0,0,0,0,0,0,0,0,0,0,0,0,0,0,100,0,71937.57806396484,12297.386413574219,0,67221336064,8589930496,1400442880,457560064
200,1724148409329,1100,1100,900,800,800,800,800,1100,800,799,799,799,900,800,800,799,799,799,800,800,799,800,800,800,799,799,800,800,901,800,800,800,0,0,0,0,0,0,0,0,0,0,0,0,0,0,0,0,0,0,0,0,0,0,0,0,0,0,0,0,0,0,0,100,0,71948.1455078125,12306.272094726563,0,67221336064,8589930496,1400442880,457560064
200,1724148409529,1100,1100,900,800,800,800,800,1100,800,799,799,799,900,800,800,799,799,799,800,800,799,800,800,800,799,799,800,800,901,800,800,800,0,0,0,0,0,0,0,0,0,0,0,0,0,0,0,0,0,0,0,0,0,0,0,0,0,0,0,0,0,0,0,100,0,71958.6337890625,12315.082092285156,0,67221336064,8589930496,1400442880,457560064
200,1724148409729,1100,1100,900,800,800,800,800,1100,800,799,799,799,900,800,800,799,799,799,800,800,799,800,800,800,799,799,800,800,901,800,800,800,0,0,0,0,0,0,0,0,0,0,0,0,0,0,0,0,0,0,0,0,0,0,0,0,0,0,0,0,0,0,0,100,0,71969.13427734375,12323.901672363281,0,67221336064,8589930496,1400442880,457560064
200,1724148409930,1100,1100,900,800,800,800,800,1100,800,799,799,799,900,800,800,799,799,799,800,800,799,800,800,800,799,799,800,800,901,800,800,800,0,0,0,0,0,0,0,0,0,0,0,0,0,0,0,0,0,0,0,0,0,0,0,0,0,0,0,0,0,0,0,100,0,71979.7045288086,12332.724914550781,0,67221336064,8589930496,1400442880,457560064
200,1724148410130,1100,1100,900,800,800,800,800,1100,800,799,799,799,900,800,800,799,799,799,800,800,799,800,800,800,799,799,800,800,901,800,800,800,0,0,0,0,0,0,0,0,0,0,0,0,0,0,0,0,0,0,0,0,0,0,0,0,0,0,0,0,0,0,0,100,0,71990.20385742188,12341.602844238281,0,67221336064,8589930496,1400442880,457560064
200,1724148410330,1100,1100,900,800,800,800,800,1100,800,799,799,799,900,800,800,799,799,799,800,800,799,800,800,800,799,799,800,800,901,800,800,800,0,0,0,0,0,0,0,0,0,0,0,0,0,0,0,0,0,0,0,0,0,0,0,0,0,0,0,0,0,0,0,100,0,72000.71728515625,12350.4345703125,0,67221336064,8589930496,1400442880,457560064
200,1724148410530,1100,1100,900,800,800,800,800,1100,800,799,799,799,900,800,800,799,799,799,800,800,799,800,800,800,799,799,800,800,901,800,800,800,0,0,0,0,0,0,0,0,0,0,0,0,0,0,0,0,0,0,0,0,0,0,0,0,0,0,0,0,0,0,0,100,0,72011.29528808594,12359.333435058594,0,67221336064,8589930496,1400442880,457560064
200,1724148410730,1100,1100,900,800,800,800,800,1100,800,799,799,799,900,800,800,799,799,799,800,800,799,800,800,800,799,799,800,800,901,800,800,800,0,0,0,0,0,0,0,0,0,0,0,0,0,0,0,0,0,0,0,0,0,0,0,0,0,0,0,0,0,0,0,100,0,72021.84838867188,12368.207885742188,0,67221336064,8589930496,1400442880,457560064
200,1724148410930,1100,1100,900,800,800,800,800,1100,800,799,799,799,900,800,800,799,799,799,800,800,799,800,800,800,799,799,800,800,901,800,800,800,0,0,0,0,0,0,0,0,0,0,0,0,0,0,0,0,0,0,0,0,0,0,0,0,0,0,0,0,0,0,0,100,0,72032.35675048828,12377.035217285156,0,67221336064,8589930496,1400442880,457560064
200,1724148411130,1100,1100,900,800,800,800,800,1100,800,799,799,799,900,800,800,799,799,799,800,800,799,800,800,800,799,799,800,800,901,800,800,800,0,0,0,0,0,0,0,0,0,0,0,0,0,0,0,0,0,0,0,0,0,0,0,4.761904716491699,0,0,0,0,0,0,0,100,0,72042.93737792969,12385.931457519531,0,67221336064,8589930496,1400442880,457560064
200,1724148411330,1100,1100,900,800,800,800,800,1100,800,799,799,799,900,800,800,799,799,799,800,800,799,800,800,800,799,799,800,800,901,800,800,800,0,0,0,0,0,0,0,0,0,0,0,0,0,0,0,0,0,0,0,0,0,0,0,0,0,0,0,0,0,0,0,100,0,72053.53161621094,12394.846557617188,0,67221336064,8589930496,1400442880,457560064
200,1724148411530,1100,1100,900,800,800,800,800,1100,800,799,799,799,900,800,800,799,799,799,800,800,799,800,800,800,799,799,800,800,901,800,800,800,0,0,0,0,0,0,0,0,0,0,0,0,0,0,0,0,0,0,0,0,0,0,0,0,0,0,0,0,0,0,0,100,0,72064.06072998047,12403.69482421875,0,67221336064,8589930496,1400442880,457560064
200,1724148411730,1100,1100,900,800,800,800,800,1100,800,799,799,799,900,800,800,799,799,799,800,800,799,800,800,800,799,799,800,800,901,800,800,800,0,0,0,0,0,0,0,0,0,0,0,0,0,0,0,0,0,0,0,0,0,0,0,0,0,0,0,0,0,0,0,100,0,72074.6810913086,12412.572570800781,0,67221336064,8589930496,1400442880,457560064
200,1724148411931,1100,1100,900,800,800,800,800,1100,800,799,799,799,900,800,800,799,799,799,800,800,799,800,800,800,799,799,800,800,901,800,800,800,0,0,0,0,0,0,0,0,0,0,0,0,0,0,0,0,0,0,0,0,0,0,0,0,0,0,0,0,0,0,0,100,0,72085.1498413086,12421.422668457031,0,67221336064,8589930496,1400442880,457560064
200,1724148412131,1100,1100,900,800,800,800,800,1100,800,799,799,799,900,800,800,799,799,799,800,800,799,800,800,800,799,799,800,800,901,800,800,800,0,0,0,0,0,0,0,0,0,0,0,0,0,0,0,0,0,0,0,0,0,0,0,0,0,0,0,0,0,0,0,100,0,72095.71166992188,12430.293518066406,0,67221336064,8589930496,1400442880,457560064
200,1724148412331,1100,1100,900,800,800,800,800,1100,800,799,799,799,900,800,800,799,799,799,800,800,799,800,800,800,799,799,800,800,901,800,800,800,0,0,0,0,0,0,0,0,0,0,0,0,0,0,0,0,0,0,0,0,0,0,0,0,0,0,0,0,0,0,0,100,0,72106.3012084961,12439.200317382813,0,67221336064,8589930496,1400442880,457560064
200,1724148412531,1100,1100,900,800,800,800,800,1100,800,799,799,799,900,800,800,799,799,799,800,800,799,800,800,800,799,799,800,800,901,800,800,800,0,0,0,0,0,0,0,0,0,0,0,0,0,0,0,0,0,0,0,0,0,0,0,0,0,0,0,0,0,0,0,100,0,72116.79559326172,12448.015869140625,0,67221336064,8589930496,1400442880,457560064
200,1724148412731,1100,1100,900,800,800,800,800,1100,800,799,799,799,900,800,800,799,799,799,800,800,799,800,800,800,799,799,800,800,901,800,800,800,0,0,0,0,0,0,0,0,0,0,0,0,0,0,0,0,0,0,0,0,0,0,0,0,0,0,0,0,0,0,0,100,0,72127.27850341797,12456.820922851563,0,67221336064,8589930496,1400442880,457560064
200,1724148412931,1100,1100,900,800,800,800,800,1100,800,799,799,799,900,800,800,799,799,799,800,800,799,800,800,800,799,799,800,800,901,800,800,800,0,0,0,0,0,0,0,0,0,0,0,0,0,0,0,0,0,0,0,0,0,0,0,0,0,0,0,0,0,0,0,100,0,72137.79663085938,12465.658020019531,0,67221336064,8589930496,1400442880,457560064
200,1724148413131,1100,1100,900,800,800,800,800,1100,800,799,799,799,900,800,800,799,799,799,800,800,799,800,800,800,799,799,800,800,901,800,800,800,0,0,0,0,0,0,0,0,0,0,0,0,0,0,0,0,0,0,0,0,0,0,0,0,0,0,0,0,0,0,0,100,0,72148.28814697266,12474.469848632813,0,67221336064,8589930496,1400442880,457560064
200,1724148413331,1100,1100,900,800,800,800,800,1100,800,799,799,799,900,800,800,799,799,799,800,800,799,800,800,800,799,799,800,800,901,800,800,800,0,0,0,0,0,0,0,0,0,0,0,0,0,0,0,0,0,0,0,0,0,0,0,0,0,0,0,0,0,0,0,100,0,72158.90728759766,12483.406188964844,0,67221336064,8589930496,1400410112,457560064
200,1724148413531,1100,1100,900,800,800,800,800,1100,800,799,799,799,900,800,800,799,799,799,800,800,799,800,800,800,799,799,800,800,901,800,800,800,0,0,0,0,0,0,0,0,0,0,0,0,0,0,0,0,0,0,0,0,0,0,0,0,0,0,0,0,0,0,0,100,0,72169.51593017578,12492.282958984375,0,67221336064,8589930496,1400410112,457560064
200,1724148413731,1100,1100,900,800,800,800,800,1100,800,799,799,799,900,800,800,799,799,799,800,800,799,800,800,800,799,799,800,800,901,800,800,800,0,0,0,0,0,0,0,0,0,0,0,0,0,0,0,0,0,0,0,0,0,0,0,0,0,0,0,0,0,0,0,100,0,72179.97918701172,12501.122436523438,0,67221336064,8589930496,1400410112,457560064
200,1724148413932,1100,1100,900,800,800,800,800,1100,800,799,799,799,900,800,800,799,799,799,800,800,799,800,800,800,799,799,800,800,901,800,800,800,0,0,0,0,0,0,0,0,0,0,0,0,0,0,0,0,0,0,0,0,0,0,0,0,0,0,0,0,0,0,0,100,0,72190.5385131836,12509.993713378906,0,67221336064,8589930496,1400410112,457560064
200,1724148414132,1100,1100,900,800,800,800,800,1100,800,799,799,799,900,800,800,799,799,799,800,800,799,800,800,800,799,799,800,800,901,800,800,800,0,0,0,0,0,0,0,0,0,0,0,0,0,0,0,0,0,0,0,0,0,0,0,0,0,0,0,0,0,0,0,100,0,72201.044921875,12518.819274902344,0,67221336064,8589930496,1400410112,457560064
200,1724148414332,1100,1100,900,800,800,800,800,1100,800,799,799,799,900,800,800,799,799,799,800,800,799,800,800,800,799,799,800,800,901,800,800,800,0,0,0,0,0,0,0,0,0,0,0,0,0,0,0,0,0,0,0,0,0,0,0,0,0,0,0,0,0,0,0,100,0,72211.68322753906,12527.777282714844,0,67221336064,8589930496,1400410112,457560064
200,1724148414532,1100,1100,900,800,800,800,800,1100,800,799,799,799,900,800,800,799,799,799,800,800,799,800,800,800,799,799,800,800,901,800,800,800,0,0,0,0,0,0,0,0,0,0,0,0,0,0,0,0,0,0,0,0,0,0,0,0,0,0,0,0,0,0,0,100,0,72222.26922607422,12536.682983398438,0,67221336064,8589930496,1400410112,457560064
200,1724148414732,1100,1100,900,800,800,800,800,1100,800,799,799,799,900,800,800,799,799,799,800,800,799,800,800,800,799,799,800,800,901,800,800,800,0,0,0,0,0,0,0,0,0,0,0,0,0,0,0,0,0,0,0,0,0,0,0,0,0,0,0,0,0,0,0,100,0,72232.77337646484,12545.507202148438,0,67221336064,8589930496,1400410112,457560064
200,1724148414932,1100,1100,900,800,800,800,800,1100,800,799,799,799,900,800,800,799,799,799,800,800,799,800,800,800,799,799,800,800,901,800,800,800,0,0,0,0,0,0,0,0,0,0,0,0,0,0,0,0,0,0,0,0,0,0,0,0,0,0,0,0,0,0,0,100,0,72243.43487548828,12554.487854003906,0,67221336064,8589930496,1400410112,457560064
200,1724148415132,1100,1100,900,800,800,800,800,1100,800,799,799,799,900,800,800,799,799,799,800,800,799,800,800,800,799,799,800,800,901,800,800,800,0,0,0,0,0,0,0,0,0,0,0,0,0,0,0,0,0,0,0,0,0,0,0,0,0,0,0,0,0,0,0,100,0,72253.93908691406,12563.312316894531,0,67221336064,8589930496,1400410112,457560064
200,1724148415332,1100,1100,900,800,800,800,800,1100,800,799,799,799,900,800,800,799,799,799,800,800,799,800,800,800,799,799,800,800,901,800,800,800,0,0,0,0,0,0,0,0,0,0,0,0,0,0,0,0,0,0,0,0,0,0,0,0,0,0,0,0,0,0,0,100,0,72264.54223632813,12572.233947753906,0,67221336064,8589930496,1400397824,457560064
200,1724148415532,1100,1100,900,800,800,800,800,1100,800,799,799,799,900,800,800,799,799,799,800,800,799,800,800,800,799,799,800,800,901,800,800,800,0,0,0,0,0,0,0,0,0,0,0,0,0,0,0,0,0,0,0,0,0,0,0,0,0,0,0,0,0,0,0,100,0,72275.0341796875,12581.04736328125,0,67221336064,8589930496,1400397824,457560064
200,1724148415732,1100,1100,900,800,800,800,800,1100,800,799,799,799,900,800,800,799,799,799,800,800,799,800,800,800,799,799,800,800,901,800,800,800,0,0,0,0,0,0,0,0,0,0,0,0,0,0,0,0,0,0,0,0,0,0,0,0,0,0,0,0,0,0,0,100,0,72285.52996826172,12589.863525390625,0,67221336064,8589930496,1400397824,457560064
200,1724148415933,1100,1100,900,800,800,800,800,1100,800,799,799,799,900,800,800,799,799,799,800,800,799,800,800,800,799,799,800,800,901,800,800,800,0,0,0,0,0,0,0,0,0,0,0,0,0,0,0,0,0,0,0,0,0,0,0,0,0,0,0,0,0,0,0,100,0,72296.0913696289,12598.688293457031,0,67221336064,8589930496,1400397824,457560064
200,1724148416133,1100,1100,900,800,800,800,800,1100,800,799,799,799,900,800,800,799,799,799,800,800,799,800,800,800,799,799,800,800,901,800,800,800,0,0,0,0,0,0,0,0,0,0,0,0,0,0,0,0,0,0,0,0,0,0,0,0,0,0,0,0,0,0,0,100,0,72306.5298461914,12607.505554199219,0,67221336064,8589930496,1400397824,457560064
200,1724148416333,1100,1100,900,800,800,800,800,1100,800,799,799,799,900,800,800,799,799,799,800,800,799,800,800,800,799,799,800,800,901,800,800,800,0,0,0,0,0,0,0,0,0,0,0,0,0,0,0,0,0,0,0,0,0,0,0,0,0,0,0,0,0,0,0,100,0,72317.08618164063,12616.372619628906,0,67221336064,8589930496,1400397824,457560064
200,1724148416533,1100,1100,900,800,800,800,800,1100,800,799,799,799,900,800,800,799,799,799,800,800,799,800,800,800,799,799,800,800,901,800,800,800,0,0,0,0,0,0,0,0,0,0,0,0,0,0,0,0,0,0,0,0,0,0,0,0,0,0,0,0,0,0,0,100,0,72327.61730957031,12625.223571777344,0,67221336064,8589930496,1400397824,457560064
200,1724148416733,1100,1100,900,800,800,800,800,1100,800,799,799,799,900,800,800,799,799,799,800,800,799,800,800,800,799,799,800,800,901,800,800,800,0,0,0,0,0,0,0,0,0,0,0,0,0,0,0,0,0,0,0,0,0,0,0,0,0,0,0,0,0,0,0,100,0,72338.19622802734,12634.122619628906,0,67221336064,8589930496,1400393728,457560064
200,1724148416933,1100,1100,900,800,800,800,800,1100,800,799,799,799,900,800,800,799,799,799,800,800,799,800,800,800,799,799,800,800,901,800,800,800,0,0,0,0,0,0,0,0,0,0,0,0,0,0,0,0,0,0,0,0,0,0,0,0,0,0,0,0,0,0,0,100,0,72348.69659423828,12642.94287109375,0,67221336064,8589930496,1400393728,457560064
200,1724148417133,1100,1100,900,800,800,800,800,1100,800,799,799,799,900,800,800,799,799,799,800,800,799,800,800,800,799,799,800,800,901,800,800,800,0,0,0,0,0,0,0,0,0,0,0,0,0,0,0,0,0,0,0,0,0,0,0,0,0,0,0,0,0,0,0,100,0,72359.20593261719,12651.771179199219,0,67221336064,8589930496,1400393728,457560064
200,1724148417333,1100,1100,900,800,800,800,800,1100,800,799,799,799,900,800,800,799,799,799,800,800,799,800,800,800,799,799,800,800,901,800,800,800,0,0,0,0,0,0,0,0,0,0,0,0,0,0,0,0,0,0,0,0,0,0,0,0,0,0,0,0,0,0,0,100,0,72369.88159179688,12660.766662597656,0,67221336064,8589930496,1400393728,457560064
200,1724148417533,1100,1100,900,800,800,800,800,1100,800,799,799,799,900,800,800,799,799,799,800,800,799,800,800,800,799,799,800,800,901,800,800,800,0,0,0,0,0,0,0,0,0,0,0,0,0,0,0,0,0,0,0,0,0,0,0,0,0,0,0,0,0,0,0,100,0,72380.43298339844,12669.582702636719,0,67221336064,8589930496,1400393728,457560064
200,1724148417733,1100,1100,900,800,800,800,800,1100,800,799,799,799,900,800,800,799,799,799,800,800,799,800,800,800,799,799,800,800,901,800,800,800,0,0,0,0,0,0,0,0,0,0,0,0,0,0,0,0,0,0,0,0,0,0,0,0,0,0,0,0,0,0,0,100,0,72390.86920166016,12678.395751953125,0,67221336064,8589930496,1400393728,457560064
200,1724148417934,1100,1100,900,800,800,800,800,1100,800,799,799,799,900,800,800,799,799,799,800,800,799,800,800,800,799,799,800,800,901,800,800,800,0,0,0,0,0,0,0,0,0,0,0,0,0,0,0,0,0,0,0,0,0,0,0,0,0,0,0,0,0,0,0,100,0,72401.37341308594,12687.219665527344,0,67221336064,8589930496,1400393728,457560064
200,1724148418134,1100,1100,900,800,800,800,800,1100,800,799,799,799,900,800,800,799,799,799,800,800,799,800,800,800,799,799,800,800,901,800,800,800,0,0,0,0,0,0,0,0,0,0,0,0,0,0,0,0,0,0,0,0,0,0,0,0,0,0,0,0,0,0,0,100,0,72412.05584716797,12696.212951660156,0,67221336064,8589930496,1400393728,457560064
200,1724148418334,1100,1100,900,800,800,800,800,1100,800,799,799,799,900,800,800,799,799,799,800,800,799,800,800,800,799,799,800,800,901,800,800,800,0,0,0,0,0,0,0,0,0,0,0,0,0,0,0,0,0,0,0,0,0,0,0,0,0,0,0,0,0,0,0,100,0,72422.60528564453,12705.081176757813,0,67221336064,8589930496,1400393728,457560064
200,1724148418534,1100,1100,900,800,800,800,800,1100,800,799,799,799,900,800,800,799,799,799,800,800,799,800,800,800,799,799,800,800,901,800,800,800,0,0,0,0,0,0,0,0,0,0,0,0,0,0,0,0,0,0,0,0,0,0,0,0,0,0,0,0,0,0,0,100,0,72433.2572631836,12714.053283691406,0,67221336064,8589930496,1400393728,457560064
200,1724148418734,1100,1100,900,800,800,800,800,1100,800,799,799,799,900,800,800,799,799,799,800,800,799,800,800,800,799,799,800,800,901,800,800,800,0,0,0,0,0,0,0,0,0,0,0,0,0,0,0,0,0,0,0,0,0,0,0,0,0,0,0,0,0,0,0,100,0,72443.76159667969,12722.876525878906,0,67221336064,8589930496,1400393728,457560064
200,1724148418934,1100,1100,900,800,800,800,800,1100,800,799,799,799,900,800,800,799,799,799,800,800,799,800,800,800,799,799,800,800,901,800,800,800,0,0,0,0,0,0,0,0,0,0,0,0,0,0,0,0,0,0,0,0,0,0,0,0,0,0,0,0,0,0,0,100,0,72454.26062011719,12731.696105957031,0,67221336064,8589930496,1400393728,457560064
200,1724148419134,1100,1100,900,800,800,800,800,1100,800,799,799,799,900,800,800,799,799,799,800,800,799,800,800,800,799,799,800,800,901,800,800,800,0,0,0,0,0,0,0,0,0,0,0,0,0,0,0,0,0,0,0,0,0,0,0,0,0,0,0,0,0,0,0,100,0,72464.74969482422,12740.505920410156,0,67221336064,8589930496,1400393728,457560064
200,1724148419334,1100,1100,900,800,800,800,800,1100,800,799,799,799,900,800,800,799,799,799,800,800,799,800,800,800,799,799,800,800,901,800,800,800,0,0,0,0,0,0,0,0,0,0,0,0,0,0,0,0,0,0,0,0,0,0,0,0,0,0,0,0,0,0,0,100,0,72475.38061523438,12749.456726074219,0,67221336064,8589930496,1400393728,457560064
200,1724148419534,1100,1100,900,800,800,800,800,1100,800,799,799,799,900,800,800,799,799,799,800,800,799,800,800,800,799,799,800,800,901,800,800,800,0,0,0,0,0,0,0,0,0,0,0,0,0,0,0,0,0,0,0,0,0,0,0,0,0,0,0,0,0,0,0,100,0,72485.88244628906,12758.277465820313,0,67221336064,8589930496,1400393728,457560064
200,1724148419734,1100,1100,900,800,800,800,800,1100,800,799,799,799,900,800,800,799,799,799,800,800,799,800,800,800,799,799,800,800,901,800,800,800,0,0,0,0,0,0,0,0,0,0,0,0,0,0,0,0,0,0,0,0,0,0,0,0,0,0,0,0,0,0,0,100,0,72496.39642333984,12767.111877441406,0,67221336064,8589930496,1400393728,457560064
200,1724148419935,1100,1100,900,800,800,800,800,1100,800,799,799,799,900,800,800,799,799,799,800,800,799,800,800,800,799,799,800,800,901,800,800,800,0,0,0,0,0,0,0,0,0,0,0,0,0,0,0,0,0,0,0,0,0,0,0,0,0,0,0,0,0,0,0,100,0,72506.96020507813,12775.94287109375,0,67221336064,8589930496,1400393728,457560064
200,1724148420135,1100,1100,900,800,800,800,800,1100,800,799,799,799,900,800,800,799,799,799,800,800,799,800,800,800,799,799,800,800,901,800,800,800,0,0,0,0,0,0,0,0,0,0,0,0,0,0,0,0,0,0,0,0,0,0,0,0,0,0,0,0,0,0,0,100,0,72517.47583007813,12784.831420898438,0,67221336064,8589930496,1400393728,457560064
200,1724148420335,1100,1100,900,800,800,800,800,1100,800,799,799,799,900,800,800,799,799,799,800,800,799,800,800,800,799,799,800,800,901,800,800,800,0,0,0,0,0,0,0,0,0,0,0,0,0,0,0,0,0,0,0,0,0,0,0,0,0,0,0,0,0,0,0,100,0,72528.02648925781,12793.693237304688,0,67221336064,8589930496,1400393728,457560064
200,1724148420535,1100,1100,900,800,800,800,800,1100,800,799,799,799,900,800,800,799,799,799,800,800,799,800,800,800,799,799,800,800,901,800,800,800,0,0,0,0,0,0,0,0,0,0,0,0,0,0,0,0,0,0,0,0,0,0,0,0,0,0,0,0,0,0,0,100,0,72538.5464477539,12802.532836914063,0,67221336064,8589930496,1400393728,457560064
200,1724148420735,1100,1100,900,800,800,800,800,1100,800,799,799,799,900,800,800,799,799,799,800,800,799,800,800,800,799,799,800,800,901,800,800,800,0,0,0,0,0,0,0,0,0,0,0,0,0,0,0,0,0,0,0,0,0,0,0,0,0,0,0,0,0,0,0,100,0,72549.04071044922,12811.348083496094,0,67221336064,8589930496,1400393728,457560064
200,1724148420935,1100,1100,900,800,800,800,800,1100,800,799,799,799,900,800,800,799,799,799,800,800,799,800,800,800,799,799,800,800,901,800,800,800,0,0,0,0,0,0,0,0,0,0,0,0,0,0,0,0,0,0,0,0,0,0,0,0,0,0,0,0,0,0,0,100,0,72559.6029663086,12820.231201171875,0,67221336064,8589930496,1400393728,457560064
200,1724148421135,1100,1100,900,800,800,800,800,1100,800,799,799,799,900,800,800,799,799,799,800,800,799,800,800,800,799,799,800,800,901,800,800,800,0,0,0,0,0,0,0,0,0,0,0,0,0,0,0,0,0,0,0,0,0,0,0,4.761904716491699,0,0,0,0,0,0,0,100,0,72570.10583496094,12829.053771972656,0,67221336064,8589930496,1400393728,457560064
200,1724148421335,1100,1100,900,800,800,800,800,1100,800,799,799,799,900,800,800,799,799,799,800,800,799,800,800,800,799,799,800,800,901,800,800,800,0,0,0,0,0,0,0,0,0,0,0,0,0,0,0,0,0,0,0,0,0,0,0,0,0,0,0,0,0,0,0,100,0,72580.66723632813,12837.934387207031,0,67221336064,8589930496,1400393728,457560064
200,1724148421535,1100,1100,900,800,800,800,800,1100,800,799,799,799,900,800,800,799,799,799,800,800,799,800,800,800,799,799,800,800,901,800,800,800,0,0,0,0,0,0,0,0,0,0,0,0,0,0,0,0,0,0,0,0,0,0,0,0,0,0,0,0,0,0,0,100,0,72591.16735839844,12846.7548828125,0,67221336064,8589930496,1400393728,457560064
200,1724148421735,1100,1100,900,800,800,800,800,1100,800,799,799,799,900,800,800,799,799,799,800,800,799,800,800,800,799,799,800,800,901,800,800,800,0,0,0,0,0,0,0,0,0,0,0,0,0,0,0,0,0,0,0,0,0,0,0,0,0,0,0,0,0,0,0,100,0,72601.66082763672,12855.568115234375,0,67221336064,8589930496,1400393728,457560064
200,1724148421936,1100,1100,900,800,800,800,800,1100,800,799,799,799,900,800,800,799,799,799,800,800,799,800,800,800,799,799,800,800,901,800,800,800,0,0,0,0,0,0,0,0,0,0,0,0,0,0,0,0,0,0,0,0,0,0,0,0,0,0,0,0,0,0,0,100,0,72612.31787109375,12864.545349121094,0,67221336064,8589930496,1400393728,457560064
200,1724148422136,1100,1100,900,800,800,800,800,1100,800,799,799,799,900,800,800,799,799,799,800,800,799,800,800,800,799,799,800,800,901,800,800,800,0,0,0,0,0,0,0,0,0,0,0,0,0,0,0,0,0,0,0,0,0,0,0,0,0,0,0,0,0,0,0,100,0,72622.87145996094,12873.410034179688,0,67221336064,8589930496,1400393728,457560064
200,1724148422336,1100,1100,900,800,800,800,800,1100,800,799,799,799,900,800,800,799,799,799,800,800,799,800,800,800,799,799,800,800,901,800,800,800,0,0,0,0,0,0,0,0,0,0,0,0,0,0,0,0,0,0,0,0,0,0,0,0,0,0,0,0,0,0,0,100,0,72633.53833007813,12882.336486816406,0,67221336064,8589930496,1400393728,457560064
200,1724148422536,1100,1100,900,800,800,800,800,1100,800,799,799,799,900,800,800,799,799,799,800,800,799,800,800,800,799,799,800,800,901,800,800,800,0,0,0,0,0,0,0,0,0,0,0,0,0,0,0,0,0,0,0,0,0,0,0,0,0,0,0,0,0,0,0,100,0,72644.02160644531,12891.199401855469,0,67221336064,8589930496,1400393728,457560064
200,1724148422736,1100,1100,900,800,800,800,800,1100,800,799,799,799,900,800,800,799,799,799,800,800,799,800,800,800,799,799,800,800,901,800,800,800,0,0,0,0,0,0,0,0,0,0,0,0,0,0,0,0,0,0,0,0,0,0,0,0,0,0,0,0,0,0,0,100,0,72654.52044677734,12900.018249511719,0,67221336064,8589930496,1400393728,457560064
200,1724148422936,1100,1100,900,800,800,800,800,1100,800,799,799,799,900,800,800,799,799,799,800,800,799,800,800,800,799,799,800,800,901,800,800,800,0,0,0,0,0,0,0,0,0,0,0,0,0,0,0,0,0,0,0,0,0,0,0,0,0,0,0,0,0,0,0,100,0,72665.01525878906,12908.835205078125,0,67221336064,8589930496,1400393728,457560064
200,1724148423136,1100,1100,900,800,800,800,800,1100,800,799,799,799,900,800,800,799,799,799,800,800,799,800,800,800,799,799,800,800,901,800,800,800,0,0,0,0,0,0,0,0,0,0,0,0,0,0,0,0,0,0,0,0,0,0,0,0,0,0,0,0,0,0,0,100,0,72675.51300048828,12917.652465820313,0,67221336064,8589930496,1400393728,457560064
200,1724148423336,1100,1100,900,800,800,800,800,1100,800,799,799,799,900,800,800,799,799,799,800,800,799,800,800,800,799,799,800,800,901,800,800,800,0,0,0,0,0,0,0,0,0,0,0,0,0,0,0,0,0,0,0,0,0,0,0,0,0,0,0,0,0,0,0,100,0,72686.11413574219,12926.572692871094,0,67221336064,8589930496,1400393728,457560064
200,1724148423536,1100,1100,900,800,800,800,800,1100,800,799,799,799,900,800,800,799,799,799,800,800,799,800,800,800,799,799,800,800,901,800,800,800,0,0,0,0,0,0,0,0,0,0,0,0,0,0,0,0,0,0,0,0,0,0,0,0,0,0,0,0,0,0,0,100,0,72696.61706542969,12935.394409179688,0,67221336064,8589930496,1400393728,457560064
200,1724148423736,1100,1100,900,800,800,800,800,1100,800,799,799,799,900,800,800,799,799,799,800,800,799,800,800,800,799,799,800,800,901,800,800,800,0,0,0,0,0,0,0,0,0,0,0,0,0,0,0,0,0,0,0,0,0,0,0,0,0,0,0,0,0,0,0,100,0,72707.10803222656,12944.205871582031,0,67221336064,8589930496,1400393728,457560064
200,1724148423937,1100,1100,900,800,800,800,800,1100,800,799,799,799,900,800,800,799,799,799,800,800,799,800,800,800,799,799,800,800,901,800,800,800,0,0,0,0,0,0,0,0,0,0,0,0,0,0,0,0,0,0,0,0,0,0,0,0,0,0,0,0,0,0,0,100,0,72717.71185302734,12953.129760742188,0,67221336064,8589930496,1400393728,457560064
200,1724148424137,1100,1100,900,800,800,800,800,1100,800,799,799,799,900,800,800,799,799,799,800,800,799,800,800,800,799,799,800,800,901,800,800,800,0,0,0,0,0,0,0,0,0,0,0,0,0,0,0,0,0,0,0,0,0,0,0,0,0,0,0,0,0,0,0,100,0,72728.26239013672,12961.9921875,0,67221336064,8589930496,1400393728,457560064
200,1724148424337,1100,1100,900,800,800,800,800,1100,800,799,799,799,900,800,800,799,799,799,800,800,799,800,800,800,799,799,800,800,901,800,800,800,0,0,0,0,0,0,0,0,0,0,0,0,0,0,0,0,0,0,0,0,0,0,0,0,0,0,0,0,0,0,0,100,0,72738.73712158203,12970.789001464844,0,67221336064,8589930496,1400393728,457560064
200,1724148424537,1100,1100,900,800,800,800,800,1100,800,799,799,799,900,800,800,799,799,799,800,800,799,800,800,800,799,799,800,800,901,800,800,800,0,0,0,0,0,0,0,0,0,0,0,0,0,0,0,0,0,0,0,0,0,0,0,0,0,0,0,0,0,0,0,100,0,72749.36700439453,12979.738220214844,0,67221336064,8589930496,1400393728,457560064
200,1724148424737,1100,1100,900,800,800,800,800,1100,800,799,799,799,900,800,800,799,799,799,800,800,799,800,800,800,799,799,800,800,901,800,800,800,0,0,0,0,0,0,0,0,0,0,0,0,0,0,0,0,0,0,0,0,0,0,0,0,0,0,0,0,0,0,0,100,0,72759.86840820313,12988.559020996094,0,67221336064,8589930496,1400393728,457560064
200,1724148424937,1100,1100,900,800,800,800,800,1100,800,799,799,799,900,800,800,799,799,799,800,800,799,800,800,800,799,799,800,800,901,800,800,800,0,0,0,0,0,0,0,0,0,0,0,0,0,0,0,0,0,0,0,0,0,0,0,0,0,0,0,0,0,0,0,100,0,72770.37139892578,12997.382446289063,0,67221336064,8589930496,1401425920,457560064
200,1724148425137,1100,1100,900,800,800,800,800,1100,800,799,799,799,900,800,800,799,799,799,800,800,799,800,800,800,799,799,800,800,901,800,800,800,0,0,0,0,0,0,0,0,0,0,0,0,0,0,0,0,0,0,0,0,0,0,0,0,0,0,0,0,0,0,0,100,0,72780.87786865234,13006.208129882813,0,67221336064,8589930496,1401425920,457560064
200,1724148425337,1100,1100,900,800,800,800,800,1100,800,799,799,799,900,800,800,799,799,799,800,800,799,800,800,800,799,799,800,800,901,800,800,800,0,0,0,0,0,0,0,0,0,0,0,0,0,0,0,0,0,0,0,0,0,0,0,0,0,0,0,0,0,0,0,100,0,72791.4497680664,13015.100463867188,0,67221336064,8589930496,1401425920,457560064
200,1724148425537,1100,1100,900,800,800,800,800,1100,800,799,799,799,900,800,800,799,799,799,800,800,799,800,800,800,799,799,800,800,901,800,800,800,0,0,0,0,0,0,0,0,0,0,0,0,0,0,0,0,0,0,0,0,0,0,0,0,0,0,0,0,0,0,0,100,0,72801.95678710938,13023.928283691406,0,67221336064,8589930496,1401425920,457560064
200,1724148425737,1100,1100,900,800,800,800,800,1100,800,799,799,799,900,800,800,799,799,799,800,800,799,800,800,800,799,799,800,800,901,800,800,800,0,0,0,0,0,0,0,0,0,0,0,0,0,0,0,0,0,0,0,0,0,0,0,0,0,0,0,0,0,0,0,100,0,72812.51141357422,13032.750549316406,0,67221336064,8589930496,1401425920,457560064
200,1724148425938,1100,1100,900,800,800,800,800,1100,800,799,799,799,900,800,800,799,799,799,800,800,799,800,800,800,799,799,800,800,901,800,800,800,0,0,0,0,0,0,0,0,0,0,0,0,0,0,0,0,0,0,0,0,0,0,0,0,0,0,0,0,0,0,0,100,0,72823.16589355469,13041.721008300781,0,67221336064,8589930496,1401425920,457560064
200,1724148426138,1100,1100,900,800,800,800,800,1100,800,799,799,799,900,800,800,799,799,799,800,800,799,800,800,800,799,799,800,800,901,800,800,800,0,0,0,0,0,0,0,0,0,0,0,0,0,0,0,0,0,0,0,0,0,0,0,0,0,0,0,0,0,0,0,100,0,72833.72546386719,13050.652282714844,0,67221336064,8589930496,1401417728,457560064
200,1724148426338,1100,1100,900,800,800,800,800,1100,800,799,799,799,900,800,800,799,799,799,800,800,799,800,800,800,799,799,800,800,901,800,800,800,0,0,0,0,0,0,0,0,0,0,0,0,0,0,0,0,0,0,0,0,0,0,0,0,0,0,0,0,0,0,0,100,0,72844.33404541016,13059.58154296875,0,67221336064,8589930496,1401417728,457560064
200,1724148426538,1100,1100,900,800,800,800,800,1100,800,799,799,799,900,800,800,799,799,799,800,800,799,800,800,800,799,799,800,800,901,800,800,800,0,0,0,0,0,0,0,0,0,0,0,0,0,0,0,0,0,0,0,0,0,0,0,0,0,0,0,0,0,0,0,100,0,72854.87438964844,13068.435546875,0,67221336064,8589930496,1401417728,457560064
191,1724148426746,1100,1100,900,800,800,800,800,1100,800,799,799,799,900,800,800,799,799,799,800,800,799,800,800,800,799,799,800,800,901,800,800,800,0,0,0,0,0,0,0,0,0,0,0,0,0,0,0,0,0,0,0,0,0,0,0,0,0,0,0,0,0,0,0,100,0,72865.80438232422,13077.616577148438,0,67221336064,8589930496,1401417728,457560064
200,1724148426938,1100,1100,900,800,800,800,800,1100,800,799,799,799,900,800,800,799,799,799,800,800,799,800,800,800,799,799,800,800,901,800,800,800,0,0,0,0,0,0,0,0,0,0,0,0,0,0,0,0,0,0,0,0,0,0,0,0,0,0,0,0,0,0,0,100,0,72875.89147949219,13086.0908203125,0,67221336064,8589930496,1401417728,457560064
200,1724148427138,1100,1100,900,800,800,800,800,1100,800,799,799,799,900,800,800,799,799,799,800,800,799,800,800,800,799,799,800,800,901,800,800,800,0,0,0,0,0,0,0,0,0,0,0,0,0,0,0,0,0,0,0,0,0,0,0,0,0,0,0,0,0,0,0,100,0,72886.45166015625,13094.968872070313,0,67221336064,8589930496,1401417728,457560064
200,1724148427338,1100,1100,900,800,800,800,800,1100,800,799,799,799,900,800,800,799,799,799,800,800,799,800,800,800,799,799,800,800,901,800,800,800,0,0,0,0,0,0,0,0,0,0,0,0,0,0,0,0,0,0,0,0,0,0,0,0,0,0,0,0,0,0,0,100,0,72897.0463256836,13103.884704589844,0,67221336064,8589930496,1401417728,457560064
200,1724148427538,1100,1100,900,800,800,800,800,1100,800,799,799,799,900,800,800,799,799,799,800,800,799,800,800,800,799,799,800,800,901,800,800,800,0,0,0,0,0,0,0,0,0,0,0,0,0,0,0,0,0,0,0,0,0,0,0,0,0,0,0,0,0,0,0,100,0,72907.546875,13112.705322265625,0,67221336064,8589930496,1401417728,457560064
200,1724148427738,1100,1100,900,800,800,800,800,1100,800,799,799,799,900,800,800,799,799,799,800,800,799,800,800,800,799,799,800,800,901,800,800,800,0,0,0,0,0,0,0,0,0,0,0,0,0,0,0,0,0,0,0,0,0,0,0,0,0,0,0,0,0,0,0,100,0,72918.06219482422,13121.542114257813,0,67221336064,8589930496,1401417728,457560064
200,1724148427939,1100,1100,900,800,800,800,800,1100,800,799,799,799,900,800,800,799,799,799,800,800,799,800,800,800,799,799,800,800,901,800,800,800,0,0,0,0,0,0,0,0,0,0,0,0,0,0,0,0,0,0,0,0,0,0,0,0,0,0,0,0,0,0,0,100,0,72928.57788085938,13130.377685546875,0,67221336064,8589930496,1401417728,457560064
200,1724148428139,1100,1100,900,800,800,800,800,1100,800,799,799,799,900,800,800,799,799,799,800,800,799,800,800,800,799,799,800,800,901,800,800,800,0,0,0,0,0,0,0,0,0,0,0,0,0,0,0,0,0,0,0,0,0,0,0,0,0,0,0,0,0,0,0,100,0,72939.13598632813,13139.247253417969,0,67221336064,8589930496,1401417728,457560064
200,1724148428339,1100,1100,900,800,800,800,800,1100,800,799,799,799,900,800,800,799,799,799,800,800,799,800,800,800,799,799,800,800,901,800,800,800,0,0,0,0,0,0,0,0,0,0,0,0,0,0,0,0,0,0,0,0,0,0,0,0,0,0,0,0,0,0,0,100,0,72949.57104492188,13148.01171875,0,67221336064,8589930496,1401417728,457560064
200,1724148428539,1100,1100,900,800,800,800,800,1100,800,799,799,799,900,800,800,799,799,799,800,800,799,800,800,800,799,799,800,800,901,800,800,800,0,0,0,0,0,0,0,0,0,0,0,0,0,0,0,0,0,0,0,0,0,0,0,0,0,0,0,0,0,0,0,100,0,72960.10205078125,13156.861328125,0,67221336064,8589930496,1401417728,457560064
200,1724148428739,1100,1100,900,800,800,800,800,1100,800,799,799,799,900,800,800,799,799,799,800,800,799,800,800,800,799,799,800,800,901,800,800,800,0,0,0,0,0,0,0,0,0,0,0,0,0,0,0,0,0,0,0,0,0,0,0,0,0,0,0,0,0,0,0,100,0,72970.64086914063,13165.713989257813,0,67221336064,8589930496,1401417728,457560064
200,1724148428939,1100,1100,900,800,800,800,800,1100,800,799,799,799,900,800,800,799,799,799,800,800,799,800,800,800,799,799,800,800,901,800,800,800,0,0,0,0,0,0,0,0,0,0,0,0,0,0,0,0,0,0,0,0,0,0,0,0,0,0,0,0,0,0,0,100,0,72981.15631103516,13174.547973632813,0,67221336064,8589930496,1401417728,457560064
200,1724148429139,1100,1100,900,800,800,800,800,1100,800,799,799,799,900,800,800,799,799,799,800,800,799,800,800,800,799,799,800,800,901,800,800,800,0,0,0,0,0,0,0,0,0,0,0,0,0,0,0,0,0,0,0,0,0,0,0,0,0,0,0,0,0,0,0,100,0,72991.68157958984,13183.393920898438,0,67221336064,8589930496,1401417728,457560064
200,1724148429339,1100,1100,900,800,800,800,800,1100,800,799,799,799,900,800,800,799,799,799,800,800,799,800,800,800,799,799,800,800,901,800,800,800,0,0,0,0,0,0,0,0,0,0,0,0,0,0,0,0,0,0,0,0,0,0,0,0,0,0,0,0,0,0,0,100,0,73002.24969482422,13192.281860351563,0,67221336064,8589930496,1401417728,457560064
200,1724148429539,1100,1100,900,800,800,800,800,1100,800,799,799,799,900,800,800,799,799,799,800,800,799,800,800,800,799,799,800,800,901,800,800,800,0,0,0,0,0,0,0,0,0,0,0,0,0,0,0,0,0,0,0,0,0,0,0,0,0,0,0,0,0,0,0,100,0,73012.75952148438,13201.111083984375,0,67221336064,8589930496,1401417728,457560064
200,1724148429739,1100,1100,900,800,800,800,800,1100,800,799,799,799,900,800,800,799,799,799,800,800,799,800,800,800,799,799,800,800,901,800,800,800,0,0,0,0,0,0,0,0,0,0,0,0,0,0,0,0,0,0,0,0,0,0,0,0,0,0,0,0,0,0,0,100,0,73023.3051147461,13209.977661132813,0,67221336064,8589930496,1401417728,457560064
200,1724148429940,1100,1100,900,800,800,800,800,1100,800,799,799,799,900,800,800,799,799,799,800,800,799,800,800,800,799,799,800,800,901,800,800,800,0,0,0,0,4.761904716491699,0,0,0,0,0,0,0,0,0,0,0,0,0,0,0,0,0,0,0,0,0,0,0,0,0,0,100,0,73033.95458984375,13218.942993164063,0,67221336064,8589930496,1401417728,457560064
200,1724148430140,1100,1100,900,800,800,800,800,1100,800,799,799,799,900,800,800,799,799,799,800,800,799,800,800,800,799,799,800,800,901,800,800,800,0,0,0,0,0,0,0,0,0,0,0,0,0,0,0,0,0,0,0,0,0,0,0,0,0,0,0,0,0,0,0,100,0,73044.48828125,13227.799011230469,0,67221336064,8589930496,1401417728,457560064
200,1724148430340,1100,1100,900,800,800,800,800,1100,800,799,799,799,900,800,800,799,799,799,800,800,799,800,800,800,799,799,800,800,901,800,800,800,0,0,0,0,0,0,0,0,0,0,0,0,0,0,0,0,0,0,0,0,0,0,0,0,0,0,0,0,0,0,0,100,0,73055.2046508789,13236.834594726563,0,67221336064,8589930496,1401417728,457560064
200,1724148430540,1100,1100,900,800,800,800,800,1100,800,799,799,799,900,800,800,799,799,799,800,800,799,800,800,800,799,799,800,800,901,800,800,800,0,0,0,0,0,0,0,0,0,0,0,0,0,0,0,0,0,0,0,0,0,0,0,0,0,0,0,0,0,0,0,100,0,73065.74987792969,13245.692504882813,0,67221336064,8589930496,1401417728,457560064
200,1724148430740,1100,1100,900,800,800,800,800,1100,800,799,799,799,900,800,800,799,799,799,800,800,799,800,800,800,799,799,800,800,901,800,800,800,0,0,0,0,0,0,0,0,0,0,0,0,0,0,0,0,0,0,0,0,0,0,0,0,0,0,0,0,0,0,0,100,0,73076.24780273438,13254.511291503906,0,67221336064,8589930496,1401417728,457560064
200,1724148430940,1100,1100,900,800,800,800,800,1100,800,799,799,799,900,800,800,799,799,799,800,800,799,800,800,800,799,799,800,800,901,800,800,800,0,0,0,0,0,0,0,0,0,0,0,0,0,0,0,0,0,0,0,0,0,0,0,0,0,0,0,0,0,0,0,100,0,73086.84393310547,13263.42626953125,0,67221336064,8589930496,1401417728,457560064
200,1724148431140,1100,1100,900,800,800,800,800,1100,800,799,799,799,900,800,800,799,799,799,800,800,799,800,800,800,799,799,800,800,901,800,800,800,0,0,0,0,0,0,0,0,0,0,0,0,0,0,0,0,0,0,0,0,0,0,0,0,0,0,0,0,0,0,0,100,0,73097.33978271484,13272.243286132813,0,67221336064,8589930496,1401417728,457560064
200,1724148431340,1100,1100,900,800,800,800,800,1100,800,799,799,799,900,800,800,799,799,799,800,800,799,800,800,800,799,799,800,800,901,800,800,800,0,0,0,0,0,0,0,0,0,0,0,0,0,0,0,0,0,0,0,0,0,0,0,0,0,0,0,0,0,0,0,100,0,73107.91961669922,13281.141540527344,0,67221336064,8589930496,1401417728,457560064
200,1724148431540,1100,1100,900,800,800,800,800,1100,800,799,799,799,900,800,800,799,799,799,800,800,799,800,800,800,799,799,800,800,901,800,800,800,0,0,0,0,0,0,0,0,0,0,0,0,0,0,0,0,0,0,0,0,0,0,0,0,0,0,0,0,0,0,0,100,0,73118.41680908203,13289.959045410156,0,67221336064,8589930496,1401417728,457560064
200,1724148431740,1100,1100,900,800,800,800,800,1100,800,799,799,799,900,800,800,799,799,799,800,800,799,800,800,800,799,799,800,800,901,800,800,800,0,0,0,0,0,0,0,0,0,0,0,0,0,0,0,0,0,0,0,0,0,0,0,0,0,0,0,0,0,0,0,100,0,73128.91418457031,13298.77734375,0,67221336064,8589930496,1401417728,457560064
200,1724148431941,1100,1100,900,800,800,800,800,1100,800,799,799,799,900,800,800,799,799,799,800,800,799,800,800,800,799,799,800,800,901,800,800,800,0,0,0,0,0,0,0,0,0,0,0,0,0,0,0,0,0,0,0,0,0,0,0,0,0,0,0,0,0,0,0,100,0,73139.43170166016,13307.6142578125,0,67221336064,8589930496,1401413632,457560064
200,1724148432141,1100,1100,900,800,800,800,800,1100,800,799,799,799,900,800,800,799,799,799,800,800,799,800,800,800,799,799,800,800,901,800,800,800,0,0,0,0,0,0,0,0,0,0,0,0,0,0,0,0,0,0,0,0,0,0,0,0,0,0,0,0,0,0,0,100,0,73150.01147460938,13316.513854980469,0,67221336064,8589930496,1401413632,457560064
200,1724148432341,1100,1100,900,800,800,800,800,1100,800,799,799,799,900,800,800,799,799,799,800,800,799,800,800,800,799,799,800,800,901,800,800,800,0,0,0,0,0,0,0,0,0,0,0,0,0,0,0,0,0,0,0,0,0,0,0,0,0,0,0,0,0,0,0,100,0,73160.52423095703,13325.345031738281,0,67221336064,8589930496,1401413632,457560064
200,1724148432541,1100,1100,900,800,800,800,800,1100,800,799,799,799,900,800,800,799,799,799,800,800,799,800,800,800,799,799,800,800,901,800,800,800,0,0,0,0,0,0,0,0,0,0,0,0,0,0,0,0,0,0,0,0,0,0,0,0,0,0,0,0,0,0,0,100,0,73171.07525634766,13334.155517578125,0,67221336064,8589930496,1401413632,457560064
200,1724148432741,1100,1100,900,800,800,800,800,1100,800,799,799,799,900,800,800,799,799,799,800,800,799,800,800,800,799,799,800,800,901,800,800,800,0,0,0,0,0,0,0,0,0,0,0,0,0,4.761904716491699,0,0,0,0,0,0,0,0,0,0,0,0,0,0,0,0,0,100,0,73181.7578125,13343.209838867188,0,67221336064,8589930496,1401413632,457560064
200,1724148432941,1100,1100,900,800,800,800,800,1100,800,799,799,799,900,800,800,799,799,799,800,800,799,800,800,800,799,799,800,800,901,800,800,800,0,0,0,0,0,0,0,0,0,0,0,0,0,0,0,0,0,0,0,0,0,0,0,0,0,0,0,0,0,0,0,100,0,73192.25506591797,13352.028625488281,0,67221336064,8589930496,1401413632,457560064
200,1724148433141,1100,1100,900,800,800,800,800,1100,800,799,799,799,900,800,800,799,799,799,800,800,799,800,800,800,799,799,800,800,901,800,800,800,0,0,0,0,0,0,0,0,0,0,0,0,0,0,0,0,0,0,0,0,0,0,0,0,0,0,0,0,0,0,0,100,0,73202.76251220703,13360.853393554688,0,67221336064,8589930496,1401413632,457560064
200,1724148433341,1100,1100,900,800,800,800,800,1100,800,799,799,799,900,800,800,799,799,799,800,800,799,800,800,800,799,799,800,800,901,800,800,800,0,0,0,0,0,0,0,0,0,0,0,0,0,0,0,0,0,0,0,0,0,0,0,0,0,0,0,0,0,0,0,100,0,73213.40258789063,13369.8134765625,0,67221336064,8589930496,1401413632,457560064
200,1724148433541,1100,1100,900,800,800,800,800,1100,800,799,799,799,900,800,800,799,799,799,800,800,799,800,800,800,799,799,800,800,901,800,800,800,0,0,0,0,0,0,0,0,0,0,0,0,0,0,0,0,0,0,0,0,0,0,0,0,0,0,0,0,0,0,0,100,0,73223.90234375,13378.634338378906,0,67221336064,8589930496,1401413632,457560064
200,1724148433741,1100,1100,900,800,800,800,800,1100,800,799,799,799,900,800,800,799,799,799,800,800,799,800,800,800,799,799,800,800,901,800,800,800,0,0,0,0,0,0,0,0,0,0,0,0,0,0,0,0,0,0,0,0,0,0,0,0,0,0,0,0,0,0,0,100,0,73234.39990234375,13387.452026367188,0,67221336064,8589930496,1401413632,457560064
200,1724148433942,1100,1100,900,800,800,800,800,1100,800,799,799,799,900,800,800,799,799,799,800,800,799,800,800,800,799,799,800,800,901,800,800,800,0,0,0,0,0,0,0,0,0,0,0,0,0,0,0,0,0,0,0,0,0,0,0,0,0,0,0,0,0,0,0,100,0,73244.91479492188,13396.287170410156,0,67221336064,8589930496,1401413632,457560064
200,1724148434142,1100,1100,900,800,800,800,800,1100,800,799,799,799,900,800,800,799,799,799,800,800,799,800,800,800,799,799,800,800,901,800,800,800,0,0,0,0,0,0,0,0,0,0,0,0,0,0,0,0,0,0,0,0,0,0,0,0,0,0,0,0,0,0,0,100,0,73255.41271972656,13405.106323242188,0,67221336064,8589930496,1401413632,457560064
200,1724148434342,1100,1100,900,800,800,800,800,1100,800,799,799,799,900,800,800,799,799,799,800,800,799,800,800,800,799,799,800,800,901,800,800,800,0,0,0,0,0,0,0,0,0,0,0,0,0,0,0,0,0,0,0,0,0,0,0,0,0,0,0,0,0,0,0,100,0,73265.96960449219,13413.98046875,0,67221336064,8589930496,1401413632,457560064
200,1724148434542,1100,1100,900,800,800,800,800,1100,800,799,799,799,900,800,800,799,799,799,800,800,799,800,800,800,799,799,800,800,901,800,800,800,0,0,0,0,0,0,0,0,0,0,0,0,0,0,0,0,0,0,0,0,0,0,0,0,0,0,0,0,0,0,0,100,0,73276.5107421875,13422.834899902344,0,67221336064,8589930496,1401413632,457560064
200,1724148434742,1100,1100,900,800,800,800,800,1100,800,799,799,799,900,800,800,799,799,799,800,800,799,800,800,800,799,799,800,800,901,800,800,800,0,0,0,0,0,0,0,0,0,0,0,0,0,0,0,0,0,0,0,0,0,0,0,0,0,0,0,0,0,0,0,100,0,73287.00244140625,13431.647827148438,0,67221336064,8589930496,1401413632,457560064
200,1724148434942,1100,1100,900,800,800,800,800,1100,800,799,799,799,900,800,800,799,799,799,800,800,799,800,800,800,799,799,800,800,901,800,800,800,0,0,0,0,0,0,0,0,0,0,0,0,0,0,0,0,0,0,0,0,0,0,0,0,0,0,0,0,0,0,0,100,0,73297.52319335938,13440.486572265625,0,67221336064,8589930496,1401413632,457560064
200,1724148435142,1100,1100,900,800,800,800,800,1100,800,799,799,799,900,800,800,799,799,799,800,800,799,800,800,800,799,799,800,800,901,800,800,800,0,0,0,0,0,0,0,0,0,0,0,0,0,0,0,0,0,0,0,0,0,0,0,0,0,0,0,0,0,0,0,100,0,73308.0269165039,13449.310119628906,0,67221336064,8589930496,1401413632,457560064
200,1724148435342,1100,1100,900,800,800,800,800,1100,800,799,799,799,900,800,800,799,799,799,800,800,799,800,800,800,799,799,800,800,901,800,800,800,0,0,0,0,0,0,0,0,0,0,0,0,0,0,0,0,0,0,0,0,0,0,0,0,0,0,0,0,0,0,0,100,0,73318.61071777344,13458.215759277344,0,67221336064,8589930496,1401413632,457560064
200,1724148435542,1100,1100,900,800,800,800,800,1100,800,799,799,799,900,800,800,799,799,799,800,800,799,800,800,800,799,799,800,800,901,800,800,800,0,0,0,0,0,0,0,0,0,0,0,0,0,0,0,0,0,0,0,0,0,0,0,0,0,0,0,0,0,0,0,100,0,73329.10943603516,13467.034851074219,0,67221336064,8589930496,1401413632,457560064
200,1724148435742,1100,1100,900,800,800,800,800,1100,800,799,799,799,900,800,800,799,799,799,800,800,799,800,800,800,799,799,800,800,901,800,800,800,0,0,0,0,0,0,0,0,0,0,0,0,0,0,0,0,0,0,0,0,0,0,0,0,0,0,0,0,0,0,0,100,0,73339.61602783203,13475.860595703125,0,67221336064,8589930496,1401413632,457560064
200,1724148435943,1100,1100,900,800,800,800,800,1100,800,799,799,799,900,800,800,799,799,799,800,800,799,800,800,800,799,799,800,800,901,800,800,800,0,0,0,0,0,0,0,0,0,0,0,0,0,0,0,0,0,0,0,0,0,0,0,0,0,0,0,0,0,0,0,100,0,73350.154296875,13484.718505859375,0,67221336064,8589930496,1401413632,457560064
200,1724148436143,1100,1100,900,800,800,800,800,1100,800,799,799,799,900,800,800,799,799,799,800,800,799,800,800,800,799,799,800,800,901,800,800,800,0,0,0,0,0,0,0,0,0,0,0,0,0,0,0,0,0,0,0,0,0,0,0,0,0,0,0,0,0,0,0,100,0,73360.75073242188,13493.633605957031,0,67221336064,8589930496,1401413632,457560064
200,1724148436343,1100,1100,900,800,800,800,800,1100,800,799,799,799,900,800,800,799,799,799,800,800,799,800,800,800,799,799,800,800,901,800,800,800,0,0,0,0,0,0,0,0,0,0,0,0,0,0,0,0,0,0,0,0,0,0,0,0,0,0,0,0,0,0,0,100,0,73371.29486083984,13502.490600585938,0,67221336064,8589930496,1401413632,457560064
200,1724148436543,1100,1100,900,800,800,800,800,1100,800,799,799,799,900,800,800,799,799,799,800,800,799,800,800,800,799,799,800,800,901,800,800,800,0,0,0,0,0,0,0,0,0,0,0,0,0,0,0,0,0,0,0,0,0,0,0,0,0,0,0,0,0,0,0,100,0,73381.74670410156,13511.270385742188,0,67221336064,8589930496,1401413632,457560064
200,1724148436743,1100,1100,900,800,800,800,800,1100,800,799,799,799,900,800,800,799,799,799,800,800,799,800,800,800,799,799,800,800,901,800,800,800,0,0,0,0,0,0,0,0,0,0,0,0,0,0,0,0,0,0,0,0,0,0,0,0,0,0,0,0,0,0,0,100,0,73392.3306274414,13520.166320800781,0,67221336064,8589930496,1401413632,457560064
200,1724148436943,1100,1100,900,800,800,800,800,1100,800,799,799,799,900,800,800,799,799,799,800,800,799,800,800,800,799,799,800,800,901,800,800,800,0,0,0,0,0,0,0,0,0,0,0,0,0,0,0,0,0,0,0,0,0,0,0,0,0,0,0,0,0,0,0,100,0,73402.79333496094,13528.956298828125,0,67221336064,8589930496,1401413632,457560064
200,1724148437143,1100,1100,900,800,800,800,800,1100,800,799,799,799,900,800,800,799,799,799,800,800,799,800,800,800,799,799,800,800,901,800,800,800,0,0,0,0,0,0,0,0,0,0,0,0,0,0,0,0,0,0,0,0,0,0,0,0,0,0,0,0,0,0,0,100,0,73413.35266113281,13537.826843261719,0,67221336064,8589930496,1401413632,457560064
200,1724148437343,1100,1100,900,800,800,800,800,1100,800,799,799,799,900,800,800,799,799,799,800,800,799,800,800,800,799,799,800,800,901,800,800,800,0,0,0,0,0,0,0,0,0,0,0,0,0,0,0,0,0,0,0,0,0,0,0,0,0,0,0,0,0,0,0,100,0,73423.83233642578,13546.627014160156,0,67221336064,8589930496,1401393152,457560064
200,1724148437543,1100,1100,900,800,800,800,800,1100,800,799,799,799,900,800,800,799,799,799,800,800,799,800,800,800,799,799,800,800,901,800,800,800,0,0,0,0,0,0,0,0,0,0,0,0,0,0,0,0,0,0,0,0,0,0,0,0,0,0,0,0,0,0,0,100,0,73434.3408203125,13555.456604003906,0,67221336064,8589930496,1401393152,457560064
200,1724148437743,1100,1100,900,800,800,800,800,1100,800,799,799,799,900,800,800,799,799,799,800,800,799,800,800,800,799,799,800,800,901,800,800,800,0,0,0,0,0,0,0,0,0,0,0,0,0,0,0,0,0,0,0,0,0,0,0,0,0,0,0,0,0,0,0,100,0,73444.84643554688,13564.281799316406,0,67221336064,8589930496,1401393152,457560064
200,1724148437944,1100,1100,900,800,800,800,800,1100,800,799,799,799,900,800,800,799,799,799,800,800,799,800,800,800,799,799,800,800,901,800,800,800,0,0,0,0,0,0,0,0,0,0,0,0,0,0,0,0,0,0,0,0,0,0,0,0,0,0,0,0,0,0,0,100,0,73455.3628540039,13573.117797851563,0,67221336064,8589930496,1401393152,457560064
200,1724148438144,1100,1100,900,800,800,800,800,1100,800,799,799,799,900,800,800,799,799,799,800,800,799,800,800,800,799,799,800,800,901,800,800,800,0,0,0,0,0,0,0,0,0,0,0,0,0,0,0,0,0,0,0,0,0,0,0,0,0,0,0,0,0,0,0,100,0,73465.9580078125,13582.032409667969,0,67221336064,8589930496,1401393152,457560064
200,1724148438344,1100,1100,900,800,800,800,800,1100,800,799,799,799,900,800,800,799,799,799,800,800,799,800,800,800,799,799,800,800,901,800,800,800,0,0,0,0,0,0,0,0,0,0,0,0,0,0,0,0,0,0,0,0,0,0,0,0,0,0,0,0,0,0,0,100,0,73476.45202636719,13590.847412109375,0,67221336064,8589930496,1401393152,457560064
200,1724148438544,1100,1100,900,800,800,800,800,1100,800,799,799,799,900,800,800,799,799,799,800,800,799,800,800,800,799,799,800,800,901,800,800,800,0,0,0,0,0,0,0,0,0,0,0,0,0,0,0,0,0,0,0,0,0,0,0,0,0,0,0,0,0,0,0,100,0,73486.9662475586,13599.679809570313,0,67221336064,8589930496,1401393152,457560064
200,1724148438744,1100,1100,900,800,800,800,800,1100,800,799,799,799,900,800,800,799,799,799,800,800,799,800,800,800,799,799,800,800,901,800,800,800,0,0,0,0,0,0,0,0,0,0,0,0,0,0,0,0,0,0,0,0,0,0,0,0,0,0,0,0,0,0,0,100,0,73497.50372314453,13608.530578613281,0,67221336064,8589930496,1401393152,457560064
200,1724148438944,1100,1100,900,800,800,800,800,1100,800,799,799,799,900,800,800,799,799,799,800,800,799,800,800,800,799,799,800,800,901,800,800,800,0,0,0,0,0,0,0,0,0,0,0,0,0,0,0,0,0,0,0,0,0,0,0,0,0,0,0,0,0,0,0,100,0,73508.12365722656,13617.468627929688,0,67221336064,8589930496,1401393152,457560064
200,1724148439144,1100,1100,900,800,800,800,800,1100,800,799,799,799,900,800,800,799,799,799,800,800,799,800,800,800,799,799,800,800,901,800,800,800,0,0,0,0,0,0,0,0,0,0,0,0,0,0,0,0,0,0,0,0,0,0,0,0,0,0,0,0,0,0,0,100,0,73518.62481689453,13626.290283203125,0,67221336064,8589930496,1401393152,457560064
200,1724148439344,1100,1100,900,800,800,800,800,1100,800,799,799,799,900,800,800,799,799,799,800,800,799,800,800,800,799,799,800,800,901,800,800,800,0,0,0,0,0,0,0,0,0,0,0,0,0,0,0,0,0,0,0,0,0,0,0,0,0,0,0,0,0,0,0,100,0,73529.18395996094,13635.168640136719,0,67221336064,8589930496,1401393152,457560064
200,1724148439544,1100,1100,900,800,800,800,800,1100,800,799,799,799,900,800,800,799,799,799,800,800,799,800,800,800,799,799,800,800,901,800,800,800,0,0,0,0,0,0,0,0,0,0,0,0,0,0,0,0,0,0,0,0,0,0,0,0,0,0,0,0,0,0,0,100,0,73539.70501708984,13644.01025390625,0,67221336064,8589930496,1401393152,457560064
200,1724148439744,1100,1100,900,800,800,800,800,1100,800,799,799,799,900,800,800,799,799,799,800,800,799,800,800,800,799,799,800,800,901,800,800,800,0,0,0,0,0,0,0,0,0,0,0,0,0,0,0,0,0,0,0,0,0,0,0,0,0,0,0,0,0,0,0,100,0,73550.21435546875,13652.838500976563,0,67221336064,8589930496,1401393152,457560064
200,1724148439945,1100,1100,900,800,800,800,800,1100,800,799,799,799,900,800,800,799,799,799,800,800,799,800,800,800,799,799,800,800,901,800,800,800,0,0,0,0,0,0,0,0,0,0,0,0,0,0,0,0,0,0,0,0,0,0,0,0,0,0,0,0,0,0,0,100,0,73560.75067138672,13661.695007324219,0,67221336064,8589930496,1401393152,457560064
200,1724148440145,1100,1100,900,800,800,800,800,1100,800,799,799,799,900,800,800,799,799,799,800,800,799,800,800,800,799,799,800,800,901,800,800,800,0,0,0,0,0,0,0,0,0,0,0,0,0,0,0,0,0,0,0,0,0,0,0,0,0,0,0,0,0,0,0,100,0,73571.24981689453,13670.514587402344,0,67221336064,8589930496,1401393152,457560064
200,1724148440345,1100,1100,900,800,800,800,800,1100,800,799,799,799,900,800,800,799,799,799,800,800,799,800,800,800,799,799,800,800,901,800,800,800,0,0,0,0,0,0,0,0,0,0,0,0,0,0,0,0,0,0,0,0,0,0,0,0,0,0,0,0,0,0,0,100,0,73581.775390625,13679.360900878906,0,67221336064,8589930496,1401393152,457560064
200,1724148440545,1100,1100,900,800,800,800,800,1100,800,799,799,799,900,800,800,799,799,799,800,800,799,800,800,800,799,799,800,800,901,800,800,800,0,0,0,0,0,0,0,0,0,0,0,0,0,0,0,0,0,0,0,0,0,0,0,0,0,0,0,0,0,0,0,100,0,73592.2816772461,13688.186645507813,0,67221336064,8589930496,1401393152,457560064
200,1724148440745,1100,1100,900,800,800,800,800,1100,800,799,799,799,900,800,800,799,799,799,800,800,799,800,800,800,799,799,800,800,901,800,800,800,0,0,0,0,0,0,0,0,0,0,0,0,0,0,0,0,0,0,0,0,0,0,0,0,0,0,0,0,0,0,0,100,0,73602.83361816406,13697.050964355469,0,67221336064,8589930496,1401393152,457560064
200,1724148440945,1100,1100,900,800,800,800,800,1100,800,799,799,799,900,800,800,799,799,799,800,800,799,800,800,800,799,799,800,800,901,800,800,800,0,0,0,0,0,0,0,0,0,0,0,0,0,0,0,0,0,0,0,0,0,0,0,0,0,0,0,0,0,0,0,100,0,73613.34979248047,13705.887023925781,0,67221336064,8589930496,1401393152,457560064
200,1724148441145,1100,1100,900,800,800,800,800,1100,800,799,799,799,900,800,800,799,799,799,800,800,799,800,800,800,799,799,800,800,901,800,800,800,0,0,0,0,0,0,0,0,0,0,0,0,0,0,0,0,0,0,0,0,0,0,0,0,0,0,0,0,0,0,0,100,0,73624.02618408203,13714.872009277344,0,67221336064,8589930496,1401622528,457560064
200,1724148441345,1100,1100,900,800,800,800,800,1100,800,799,799,799,900,800,800,799,799,799,800,800,799,800,800,800,799,799,800,800,901,800,800,800,0,0,0,0,0,0,0,0,0,0,0,0,0,0,0,0,0,0,0,0,0,0,0,0,0,0,0,0,0,0,0,100,0,73634.658203125,13723.82373046875,0,67221336064,8589930496,1401622528,457560064
200,1724148441545,1100,1100,900,800,800,800,800,1100,800,799,799,799,900,800,800,799,799,799,800,800,799,800,800,800,799,799,800,800,901,800,800,800,0,0,0,0,0,0,0,0,0,0,0,0,0,0,0,0,0,0,0,0,0,0,0,0,0,0,0,0,0,0,0,100,0,73645.16876220703,13732.6533203125,0,67221336064,8589930496,1401622528,457560064
200,1724148441745,1100,1100,900,800,800,800,800,1100,800,799,799,799,900,800,800,799,799,799,800,800,799,800,800,800,799,799,800,800,901,800,800,800,0,0,0,0,0,0,0,0,0,0,0,0,0,0,0,0,0,0,0,0,0,0,0,0,0,0,0,0,0,0,0,100,0,73655.66088867188,13741.466491699219,0,67221336064,8589930496,1401622528,457560064
200,1724148441945,1100,1100,900,800,800,800,800,1100,800,799,799,799,900,800,800,799,799,799,800,800,799,800,800,800,799,799,800,800,901,800,800,800,0,0,0,0,0,0,0,0,0,0,0,0,0,0,0,0,0,0,0,0,0,0,0,0,0,0,0,0,0,0,0,100,0,73666.15924072266,13750.284973144531,0,67221336064,8589930496,1401622528,457560064
200,1724148442146,1100,1100,900,800,800,800,800,1100,800,799,799,799,900,800,800,799,799,799,800,800,799,800,800,800,799,799,800,800,901,800,800,800,0,0,0,0,0,0,0,0,0,0,0,0,0,0,0,0,0,0,0,0,0,0,0,0,0,0,0,0,0,0,0,100,0,73676.7456665039,13759.185974121094,0,67221336064,8589930496,1401749504,457560064
200,1724148442346,1100,1100,900,800,800,800,800,1100,800,799,799,799,900,800,800,799,799,799,800,800,799,800,800,800,799,799,800,800,901,800,800,800,0,0,0,0,0,0,0,0,0,0,0,0,0,0,0,0,0,0,0,0,0,0,0,0,0,0,0,0,0,0,0,100,0,73687.35150146484,13768.114135742188,0,67221336064,8589930496,1401749504,457560064
200,1724148442546,1100,1100,900,800,800,800,800,1100,800,799,799,799,900,800,800,799,799,799,800,800,799,800,800,800,799,799,800,800,901,800,800,800,0,0,0,0,0,0,0,0,0,0,0,0,0,0,0,0,0,0,0,0,0,0,0,0,0,0,0,0,0,0,0,100,0,73697.8511352539,13776.93505859375,0,67221336064,8589930496,1401749504,457560064
200,1724148442746,1100,1100,900,800,800,800,800,1100,800,799,799,799,900,800,800,799,799,799,800,800,799,800,800,800,799,799,800,800,901,800,800,800,0,0,0,0,0,0,0,0,0,0,0,0,0,0,0,0,0,0,0,0,0,0,0,0,0,0,0,0,0,0,0,100,0,73708.34899902344,13785.75341796875,0,67221336064,8589930496,1401749504,457560064
200,1724148442946,1100,1100,900,800,800,800,800,1100,800,799,799,799,900,800,800,799,799,799,800,800,799,800,800,800,799,799,800,800,901,800,800,800,0,0,0,0,0,0,0,0,0,0,0,0,0,0,0,0,0,0,0,0,0,0,0,0,0,0,0,0,0,0,0,100,0,73718.92645263672,13794.641296386719,0,67221336064,8589930496,1401749504,457560064
200,1724148443146,1100,1100,900,800,800,800,800,1100,800,799,799,799,900,800,800,799,799,799,800,800,799,800,800,800,799,799,800,800,901,800,800,800,0,0,0,0,0,0,0,0,0,0,0,0,0,0,0,0,0,0,0,0,0,0,0,0,0,0,0,0,0,0,0,100,0,73729.45013427734,13803.484741210938,0,67221336064,8589930496,1401749504,457560064
200,1724148443346,1100,1100,900,800,800,800,800,1100,800,799,799,799,900,800,800,799,799,799,800,800,799,800,800,800,799,799,800,800,901,800,800,800,0,0,0,0,0,0,0,0,0,0,0,0,0,0,0,0,0,0,0,0,0,0,0,0,0,0,0,0,0,0,0,100,0,73740.26239013672,13812.615234375,0,67221336064,8589930496,1400262656,457560064
200,1724148443546,1100,1100,900,800,800,800,800,1100,800,799,799,799,900,800,800,799,799,799,800,800,799,800,800,800,799,799,800,800,901,800,800,800,0,0,0,0,0,0,0,0,0,0,0,0,0,0,0,0,0,0,0,0,0,0,0,0,0,0,0,0,0,0,0,100,0,73750.82110595703,13821.493896484375,0,67221336064,8589930496,1400262656,457560064
200,1724148443746,1100,1100,900,800,800,800,800,1100,800,799,799,799,900,800,800,799,799,799,800,800,799,800,800,800,799,799,800,800,901,800,800,800,0,0,0,0,0,0,0,0,0,0,0,0,0,0,0,0,0,0,0,0,0,0,0,0,0,0,0,0,0,0,0,100,0,73761.31939697266,13830.3134765625,0,67221336064,8589930496,1400262656,457560064
200,1724148443946,1100,1100,900,800,800,800,800,1100,800,799,799,799,900,800,800,799,799,799,800,800,799,800,800,800,799,799,800,800,901,800,800,800,0,0,0,0,0,0,0,0,0,0,0,0,0,0,0,0,0,0,0,0,0,0,0,0,0,0,0,0,0,0,0,100,0,73771.82421875,13839.137878417969,0,67221336064,8589930496,1400262656,457560064
200,1724148444147,1100,1100,900,800,800,800,800,1100,800,799,799,799,900,800,800,799,799,799,800,800,799,800,800,800,799,799,800,800,901,800,800,800,0,0,0,0,0,0,0,0,0,0,0,0,0,0,0,0,0,0,0,0,0,0,0,0,0,0,0,0,0,0,0,100,0,73782.40881347656,13848.041870117188,0,67221336064,8589930496,1399541760,457560064
200,1724148444347,1100,1100,900,800,800,800,800,1100,800,799,799,799,900,800,800,799,799,799,800,800,799,800,800,800,799,799,800,800,901,800,800,800,0,0,0,0,0,0,0,0,0,0,0,0,0,0,0,0,0,0,0,0,0,0,0,0,0,0,0,0,0,0,0,100,0,73792.90319824219,13856.856811523438,0,67221336064,8589930496,1399541760,457560064
200,1724148444547,1100,1100,900,800,800,800,800,1100,800,799,799,799,900,800,800,799,799,799,800,800,799,800,800,800,799,799,800,800,901,800,800,800,0,0,0,0,0,0,0,0,0,0,0,0,0,0,0,0,0,0,0,0,0,0,0,0,0,0,0,0,0,0,0,100,0,73803.43408203125,13865.707885742188,0,67221336064,8589930496,1399541760,457560064
200,1724148444747,1100,1100,900,800,800,800,800,1100,800,799,799,799,900,800,800,799,799,799,800,800,799,800,800,800,799,799,800,800,901,800,800,800,0,0,0,0,0,0,0,0,0,0,0,0,0,0,0,0,0,0,0,0,0,0,0,0,0,0,0,0,0,0,0,100,0,73814.16430664063,13874.699584960938,0,67221336064,8589930496,1399541760,457560064
200,1724148444947,1100,1100,900,800,800,800,800,1100,800,799,799,799,900,800,800,799,799,799,800,800,799,800,800,800,799,799,800,800,901,800,800,800,0,0,0,0,0,0,0,0,0,0,0,0,0,0,0,0,0,0,0,0,0,0,0,0,0,0,0,0,0,0,0,100,0,73824.86822509766,13883.771362304688,0,67221336064,8589930496,1399541760,457560064
200,1724148445147,1100,1100,900,800,800,800,800,1100,800,799,799,799,900,800,800,799,799,799,800,800,799,800,800,800,799,799,800,800,901,800,800,800,0,0,0,0,0,0,0,0,0,0,0,0,0,0,0,0,0,0,0,0,0,0,0,0,0,0,0,0,0,0,0,100,0,73835.36206054688,13892.585571289063,0,67221336064,8589930496,1399541760,457560064
200,1724148445347,1100,1100,900,800,800,800,800,1100,800,799,799,799,900,800,800,799,799,799,800,800,799,800,800,800,799,799,800,800,901,800,800,800,0,0,0,0,0,0,0,0,0,0,0,0,0,0,0,0,0,0,0,0,0,0,0,0,0,0,0,0,0,0,0,100,0,73845.86590576172,13901.409606933594,0,67221336064,8589930496,1399541760,457560064
200,1724148445547,1100,1100,900,800,800,800,800,1100,800,799,799,799,900,800,800,799,799,799,800,800,799,800,800,800,799,799,800,800,901,800,800,800,0,0,0,0,0,0,0,0,0,0,0,0,0,0,0,0,0,0,0,0,0,0,0,0,0,0,0,0,0,0,0,100,0,73856.45056152344,13910.314575195313,0,67221336064,8589930496,1399283712,457560064
200,1724148445747,1100,1100,900,800,800,800,800,1100,800,799,799,799,900,800,800,799,799,799,800,800,799,800,800,800,799,799,800,800,901,800,800,800,0,0,0,0,0,0,0,0,0,0,0,0,0,0,0,0,0,0,0,0,0,0,0,0,0,0,0,0,0,0,0,100,0,73866.95147705078,13919.13427734375,0,67221336064,8589930496,1399283712,457560064
200,1724148445947,1100,1100,900,800,800,800,800,1100,800,799,799,799,900,800,800,799,799,799,800,800,799,800,800,800,799,799,800,800,901,800,800,800,0,0,0,0,0,0,0,0,0,0,0,0,0,0,0,0,0,0,0,0,0,0,0,0,0,0,0,0,0,0,0,100,0,73877.44787597656,13927.950988769531,0,67221336064,8589930496,1399283712,457560064
200,1724148446148,1100,1100,900,800,800,800,800,1100,800,799,799,799,900,800,800,799,799,799,800,800,799,800,800,800,799,799,800,800,901,800,800,800,0,0,0,0,0,0,0,0,0,0,0,0,0,0,0,0,0,0,0,0,0,0,0,0,0,0,0,0,0,0,0,100,0,73887.96075439453,13936.784240722656,0,67221336064,8589930496,1399283712,457560064
200,1724148446348,1100,1100,900,800,800,800,800,1100,800,799,799,799,900,800,800,799,799,799,800,800,799,800,800,800,799,799,800,800,901,800,800,800,0,0,0,0,0,0,0,0,0,0,0,0,0,0,0,0,0,0,0,0,0,0,0,0,0,0,0,0,0,0,0,100,0,73898.54016113281,13945.680358886719,0,67221336064,8589930496,1399283712,457560064
200,1724148446548,1100,1100,900,800,800,800,800,1100,800,799,799,799,900,800,800,799,799,799,800,800,799,800,800,800,799,799,800,800,901,800,800,800,0,0,0,0,0,0,0,0,0,0,0,0,0,0,0,0,0,0,0,0,0,0,0,0,0,0,0,0,0,0,0,100,0,73909.15203857422,13954.613708496094,0,67221336064,8589930496,1399283712,457560064
200,1724148446748,1100,1100,900,800,800,800,800,1100,800,799,799,799,900,800,800,799,799,799,800,800,799,800,800,800,799,799,800,800,901,800,800,800,0,0,0,0,0,0,0,0,0,0,0,0,0,0,0,0,0,0,0,0,0,0,0,0,0,0,0,0,0,0,0,100,0,73919.8125,13963.593139648438,0,67221336064,8589930496,1399283712,457560064
200,1724148446948,1100,1100,900,800,800,800,800,1100,800,799,799,799,900,800,800,799,799,799,800,800,799,800,800,800,799,799,800,800,901,800,800,800,0,0,4.761904716491699,0,0,0,0,0,0,0,0,0,0,0,0,0,0,0,0,0,0,0,0,0,0,0,0,0,0,0,0,100,0,73930.44812011719,13972.541015625,0,67221336064,8589930496,1399283712,457560064
200,1724148447148,1100,1100,900,800,800,800,800,1100,800,799,799,799,900,800,800,799,799,799,800,800,799,800,800,800,799,799,800,800,901,800,800,800,0,0,0,0,0,0,0,0,0,0,0,0,0,0,0,0,0,0,0,0,0,0,0,0,0,0,0,0,0,0,0,100,0,73941.04766845703,13981.460388183594,0,67221336064,8589930496,1399283712,457560064
200,1724148447348,1100,1100,900,800,800,800,800,1100,800,799,799,799,900,800,800,799,799,799,800,800,799,800,800,800,799,799,800,800,901,800,800,800,0,0,0,0,0,0,0,0,0,0,0,0,0,0,0,0,0,0,0,0,0,0,0,4.761904716491699,0,0,0,0,0,0,0,100,0,73951.55377197266,13990.284057617188,0,67221336064,8589930496,1399283712,457560064
200,1724148447548,1100,1100,900,800,800,800,800,1100,800,799,799,799,900,800,800,799,799,799,800,800,799,800,800,800,799,799,800,800,901,800,800,800,0,0,0,0,0,0,0,0,0,0,0,0,0,0,0,0,0,0,0,0,0,0,0,0,0,0,0,0,0,0,0,100,0,73962.09704589844,13999.148559570313,0,67221336064,8589930496,1399283712,457560064
200,1724148447748,1100,1100,900,800,800,800,800,1100,800,799,799,799,900,800,800,799,799,799,800,800,799,800,800,800,799,799,800,800,901,800,800,800,0,0,0,0,0,0,0,0,0,0,0,0,0,0,0,0,0,0,0,0,0,0,0,0,0,0,0,0,0,0,0,100,0,73972.64038085938,14008.010192871094,0,67221336064,8589930496,1399283712,457560064
200,1724148447948,1100,1100,900,800,800,800,800,1100,800,799,799,799,900,800,800,799,799,799,800,800,799,800,800,800,799,799,800,800,901,800,800,800,0,0,0,0,0,0,0,0,0,0,0,0,0,0,0,0,0,0,0,0,0,0,0,0,0,0,0,0,0,0,0,100,0,73983.2191772461,14016.911743164063,0,67221336064,8589930496,1399283712,457560064
200,1724148448149,1100,1100,900,800,800,800,800,1100,800,799,799,799,900,800,800,799,799,799,800,800,799,800,800,800,799,799,800,800,901,800,800,800,0,0,0,0,0,0,0,0,0,0,0,0,0,0,0,0,0,0,0,0,0,0,0,0,0,0,0,0,0,0,0,100,0,73993.82196044922,14025.832946777344,0,67221336064,8589930496,1399283712,457560064
200,1724148448349,1100,1100,900,800,800,800,800,1100,800,799,799,799,900,800,800,799,799,799,800,800,799,800,800,800,799,799,800,800,901,800,800,800,0,0,0,0,0,0,0,0,0,0,0,0,0,0,0,0,0,0,0,0,0,0,0,0,0,0,0,0,0,0,0,100,0,74004.32312011719,14034.65283203125,0,67221336064,8589930496,1399283712,457560064
200,1724148448549,1100,1100,900,800,800,800,800,1100,800,799,799,799,900,800,800,799,799,799,800,800,799,800,800,800,799,799,800,800,901,800,800,800,0,0,0,0,0,0,0,0,0,0,0,0,0,0,0,0,0,0,0,0,0,0,0,0,0,0,0,0,0,0,0,100,0,74014.82775878906,14043.476135253906,0,67221336064,8589930496,1399283712,457560064
200,1724148448749,1100,1100,900,800,800,800,800,1100,800,799,799,799,900,800,800,799,799,799,800,800,799,800,800,800,799,799,800,800,901,800,800,800,0,0,0,0,0,0,0,0,0,0,0,0,0,0,0,0,0,0,0,0,0,0,0,0,0,0,0,0,0,0,0,100,0,74025.32092285156,14052.289428710938,0,67221336064,8589930496,1399283712,457560064
200,1724148448949,1100,1100,900,800,800,800,800,1100,800,799,799,799,900,800,800,799,799,799,800,800,799,800,800,800,799,799,800,800,901,800,800,800,0,0,0,0,0,0,0,0,0,0,0,0,0,0,0,0,0,0,0,0,0,0,0,0,0,0,0,0,0,0,0,100,0,74035.80755615234,14061.097717285156,0,67221336064,8589930496,1399283712,457560064
200,1724148449149,1100,1100,900,800,800,800,800,1100,800,799,799,799,900,800,800,799,799,799,800,800,799,800,800,800,799,799,800,800,901,800,800,800,0,0,0,0,0,0,0,0,0,0,0,0,0,0,0,0,0,0,0,0,0,0,0,4.761904716491699,0,0,0,0,0,0,0,100,0,74046.37658691406,14069.986145019531,0,67221336064,8589930496,1399283712,457560064
200,1724148449349,1100,1100,900,800,800,800,800,1100,800,799,799,799,900,800,800,799,799,799,800,800,799,800,800,800,799,799,800,800,901,800,800,800,0,0,0,0,0,0,0,0,0,0,0,0,0,0,0,0,0,0,0,0,0,0,0,0,0,0,0,0,0,0,0,100,0,74056.93786621094,14078.860229492188,0,67221336064,8589930496,1399283712,457560064
200,1724148449549,1100,1100,900,800,800,800,800,1100,800,799,799,799,900,800,800,799,799,799,800,800,799,800,800,800,799,799,800,800,901,800,800,800,0,0,0,0,0,0,0,0,0,0,0,0,0,0,0,0,0,0,0,0,0,0,0,0,0,0,0,0,0,0,0,100,0,74067.5390625,14087.78125,0,67221336064,8589930496,1399283712,457560064
200,1724148449749,1100,1100,900,800,800,800,800,1100,800,799,799,799,900,800,800,799,799,799,800,800,799,800,800,800,799,799,800,800,901,800,800,800,0,0,0,0,0,0,0,0,0,0,0,0,0,0,0,0,0,0,0,0,0,0,0,0,0,0,0,0,0,0,0,100,0,74078.0376586914,14096.599975585938,0,67221336064,8589930496,1399283712,457560064
200,1724148449949,1100,1100,900,800,800,800,800,1100,800,799,799,799,900,800,800,799,799,799,800,800,799,800,800,800,799,799,800,800,901,800,800,800,0,0,0,0,0,0,0,0,0,0,0,0,0,0,0,0,0,0,0,0,0,0,0,0,0,0,0,0,0,0,0,100,0,74088.53735351563,14105.419494628906,0,67221336064,8589930496,1399283712,457560064
200,1724148450150,1100,1100,900,800,800,800,800,1100,800,799,799,799,900,800,800,799,799,799,800,800,799,800,800,800,799,799,800,800,901,800,800,800,0,0,0,0,0,0,0,0,0,0,0,0,0,0,0,0,0,0,0,0,0,0,0,0,0,0,0,0,0,0,0,100,0,74099.03833007813,14114.240356445313,0,67221336064,8589930496,1399283712,457560064
200,1724148450350,1100,1100,900,800,800,800,800,1100,800,799,799,799,900,800,800,799,799,799,800,800,799,800,800,800,799,799,800,800,901,800,800,800,0,0,0,0,0,0,0,0,0,0,0,0,0,0,0,0,0,0,0,0,0,0,0,0,0,0,0,0,0,0,0,100,0,74109.54431152344,14123.065063476563,0,67221336064,8589930496,1399283712,457560064
200,1724148450550,1100,1100,900,800,800,800,800,1100,800,799,799,799,900,800,800,799,799,799,800,800,799,800,800,800,799,799,800,800,901,800,800,800,0,0,0,0,0,0,0,0,0,0,0,0,0,0,0,0,0,0,0,0,0,0,0,0,0,0,0,0,0,0,0,100,0,74120.04022216797,14131.880798339844,0,67221336064,8589930496,1399283712,457560064
200,1724148450750,1100,1100,900,800,800,800,800,1100,800,799,799,799,900,800,800,799,799,799,800,800,799,800,800,800,799,799,800,800,901,800,800,800,0,0,0,0,0,0,0,0,0,0,0,0,0,0,4.761904716491699,0,0,0,0,0,0,0,0,0,0,0,0,0,0,0,0,100,0,74130.60668945313,14140.766967773438,0,67221336064,8589930496,1399283712,457560064
200,1724148450950,1100,1100,900,800,800,800,800,1100,800,799,799,799,900,800,800,799,799,799,800,800,799,800,800,800,799,799,800,800,901,800,800,800,0,0,0,0,0,0,0,0,0,0,0,0,0,0,0,0,0,0,0,0,0,0,0,0,0,0,0,0,0,0,0,100,0,74141.15612792969,14149.636901855469,0,67221336064,8589930496,1399283712,457560064
200,1724148451150,1100,1100,900,800,800,800,800,1100,800,799,799,799,900,800,800,799,799,799,800,800,799,800,800,800,799,799,800,800,901,800,800,800,0,0,0,0,0,0,0,0,0,0,0,0,0,0,0,0,0,0,0,0,0,0,0,0,0,0,0,0,0,0,0,100,0,74151.72821044922,14158.529174804688,0,67221336064,8589930496,1399283712,457560064
200,1724148451350,1100,1100,900,800,800,800,800,1100,800,799,799,799,900,800,800,799,799,799,800,800,799,800,800,800,799,799,800,800,901,800,800,800,0,0,0,0,0,0,0,0,0,0,0,0,0,0,0,0,0,0,0,0,0,0,0,0,0,0,0,0,0,0,0,100,0,74162.2778930664,14167.390258789063,0,67221336064,8589930496,1399283712,457560064
200,1724148451550,1100,1100,900,800,800,800,800,1100,800,799,799,799,900,800,800,799,799,799,800,800,799,800,800,800,799,799,800,800,901,800,800,800,0,0,0,0,0,0,0,0,0,0,0,0,0,0,0,0,0,0,0,0,0,0,0,0,0,0,0,0,0,0,0,100,0,74172.87036132813,14176.302917480469,0,67221336064,8589930496,1399283712,457560064
200,1724148451750,1100,1100,900,800,800,800,800,1100,800,799,799,799,900,800,800,799,799,799,800,800,799,800,800,800,799,799,800,800,901,800,800,800,0,0,0,0,0,0,0,0,0,0,0,0,0,0,0,0,0,0,0,0,0,0,0,0,0,0,0,0,0,0,0,100,0,74183.36596679688,14185.119323730469,0,67221336064,8589930496,1399283712,457560064
200,1724148451950,1100,1100,900,800,800,800,800,1100,800,799,799,799,900,800,800,799,799,799,800,800,799,800,800,800,799,799,800,800,901,800,800,800,0,0,0,0,0,0,0,0,0,0,0,0,0,0,0,0,0,0,0,0,0,0,0,0,0,0,0,0,0,0,0,100,0,74193.88256835938,14193.954650878906,0,67221336064,8589930496,1399283712,457560064
200,1724148452151,1100,1100,900,800,800,800,800,1100,800,799,799,799,900,800,800,799,799,799,800,800,799,800,800,800,799,799,800,800,901,800,800,800,0,0,0,0,0,0,0,0,0,0,0,0,0,0,0,0,0,0,0,0,0,0,0,0,0,0,0,0,0,0,0,100,0,74204.38018798828,14202.772155761719,0,67221336064,8589930496,1399283712,457560064
200,1724148452351,1100,1100,900,800,800,800,800,1100,800,799,799,799,900,800,800,799,799,799,800,800,799,800,800,800,799,799,800,800,901,800,800,800,0,0,0,0,0,0,0,0,0,0,0,0,0,0,0,0,0,0,0,0,0,0,0,0,0,0,0,0,0,0,0,100,0,74214.93658447266,14211.650695800781,0,67221336064,8589930496,1399283712,457560064
200,1724148452551,1100,1100,900,800,800,800,800,1100,800,799,799,799,900,800,800,799,799,799,800,800,799,800,800,800,799,799,800,800,901,800,800,800,0,0,0,0,0,0,0,0,0,0,0,0,0,0,0,0,0,0,0,0,0,0,0,0,0,0,0,0,0,0,0,100,0,74225.42431640625,14220.458129882813,0,67221336064,8589930496,1399283712,457560064
200,1724148452751,1100,1100,900,800,800,800,800,1100,800,799,799,799,900,800,800,799,799,799,800,800,799,800,800,800,799,799,800,800,901,800,800,800,0,0,0,0,0,0,0,0,0,0,0,0,0,0,0,0,0,0,0,0,0,0,0,0,0,0,0,0,0,0,0,100,0,74235.92694091797,14229.280517578125,0,67221336064,8589930496,1399283712,457560064
200,1724148452951,1100,1100,900,800,800,800,800,1100,800,799,799,799,900,800,800,799,799,799,800,800,799,800,800,800,799,799,800,800,901,800,800,800,0,0,0,0,0,0,0,0,0,0,0,0,0,0,0,0,0,0,0,0,0,0,0,0,0,0,0,0,0,0,0,100,0,74246.47528076172,14238.149047851563,0,67221336064,8589930496,1399283712,457560064
200,1724148453151,1100,1100,900,800,800,800,800,1100,800,799,799,799,900,800,800,799,799,799,800,800,799,800,800,800,799,799,800,800,901,800,800,800,0,0,0,0,0,0,0,0,0,0,0,0,0,0,0,0,0,0,0,0,0,0,0,0,0,0,0,0,0,0,0,100,0,74257.08508300781,14247.069702148438,0,67221336064,8589930496,1399283712,457560064
200,1724148453351,1100,1100,900,800,800,800,800,1100,800,799,799,799,900,800,800,799,799,799,800,800,799,800,800,800,799,799,800,800,901,800,800,800,0,0,0,0,0,0,0,0,0,0,0,0,0,0,0,0,0,0,0,0,0,0,0,0,0,0,0,0,0,0,0,100,0,74267.59936523438,14255.909301757813,0,67221336064,8589930496,1399283712,457560064
200,1724148453551,1100,1100,900,800,800,800,800,1100,800,799,799,799,900,800,800,799,799,799,800,800,799,800,800,800,799,799,800,800,901,800,800,800,0,0,0,0,0,0,0,0,0,0,0,0,0,0,0,0,0,0,0,0,0,0,0,0,0,0,0,0,0,0,0,100,0,74278.24328613281,14264.863037109375,0,67221336064,8589930496,1399283712,457560064
200,1724148453751,1100,1100,900,800,800,800,800,1100,800,799,799,799,900,800,800,799,799,799,800,800,799,800,800,800,799,799,800,800,901,800,800,800,0,0,0,0,0,0,0,0,0,0,0,0,0,0,0,0,0,0,0,0,0,0,0,0,0,0,0,0,0,0,0,100,0,74288.72277832031,14273.664978027344,0,67221336064,8589930496,1399283712,457560064
200,1724148453951,1100,1100,900,800,800,800,800,1100,800,799,799,799,900,800,800,799,799,799,800,800,799,800,800,800,799,799,800,800,901,800,800,800,0,0,0,0,0,0,0,0,0,0,0,0,0,0,0,0,0,0,0,0,0,0,0,0,0,0,0,0,0,0,0,100,0,74299.25415039063,14282.515075683594,0,67221336064,8589930496,1399283712,457560064
200,1724148454152,1100,1100,900,800,800,800,800,1100,800,799,799,799,900,800,800,799,799,799,800,800,799,800,800,800,799,799,800,800,901,800,800,800,0,0,0,0,0,0,0,0,0,0,0,0,0,0,0,0,0,0,0,0,0,0,0,0,0,0,0,0,0,0,0,100,0,74309.74627685547,14291.327880859375,0,67221336064,8589930496,1399283712,457560064
200,1724148454352,1100,1100,900,800,800,800,800,1100,800,799,799,799,900,800,800,799,799,799,800,800,799,800,800,800,799,799,800,800,901,800,800,800,0,0,0,0,0,0,0,0,0,0,0,0,0,0,0,0,0,0,0,0,0,0,0,0,0,0,0,0,0,0,0,100,0,74320.2767944336,14300.177185058594,0,67221336064,8589930496,1399283712,457560064
200,1724148454552,1100,1100,900,800,800,800,800,1100,800,799,799,799,900,800,800,799,799,799,800,800,799,800,800,800,799,799,800,800,901,800,800,800,0,0,0,0,0,0,0,0,0,0,0,0,0,0,0,0,0,0,0,0,0,0,0,0,0,0,0,0,0,0,0,100,0,74330.77111816406,14308.992553710938,0,67221336064,8589930496,1399283712,457560064
200,1724148454752,1100,1100,900,800,800,800,800,1100,800,799,799,799,900,800,800,799,799,799,800,800,799,800,800,800,799,799,800,800,901,800,800,800,0,0,0,0,0,0,0,0,0,0,0,0,0,0,0,0,0,0,0,0,0,0,0,0,0,0,0,0,0,0,0,100,0,74341.28033447266,14317.820068359375,0,67221336064,8589930496,1399283712,457560064
200,1724148454952,1100,1100,900,800,800,800,800,1100,800,799,799,799,900,800,800,799,799,799,800,800,799,800,800,800,799,799,800,800,901,800,800,800,0,0,0,0,0,0,0,0,0,0,0,0,0,0,0,0,0,0,0,0,0,0,0,0,0,0,0,0,0,0,0,100,0,74351.78601074219,14326.645263671875,0,67221336064,8589930496,1399283712,457560064
200,1724148455152,1100,1100,900,800,800,800,800,1100,800,799,799,799,900,800,800,799,799,799,800,800,799,800,800,800,799,799,800,800,901,800,800,800,0,0,0,0,0,0,0,0,0,0,0,0,0,0,0,0,0,0,0,0,0,0,0,0,0,0,0,0,0,0,0,100,0,74362.25213623047,14335.433166503906,0,67221336064,8589930496,1399283712,457560064
200,1724148455352,1100,1100,900,800,800,800,800,1100,800,799,799,799,900,800,800,799,799,799,800,800,799,800,800,800,799,799,800,800,901,800,800,800,0,0,0,0,0,0,0,0,0,0,0,0,0,0,0,0,0,0,0,0,0,0,0,0,0,0,0,0,0,0,0,100,0,74372.74237060547,14344.243774414063,0,67221336064,8589930496,1399283712,457560064
200,1724148455552,1100,1100,900,800,800,800,800,1100,800,799,799,799,900,800,800,799,799,799,800,800,799,800,800,800,799,799,800,800,901,800,800,800,0,0,0,0,0,0,0,0,0,0,0,0,0,0,0,0,0,0,0,0,0,0,0,0,0,0,0,0,0,0,0,100,0,74383.3715209961,14353.184387207031,0,67221336064,8589930496,1399283712,457560064
200,1724148455752,1100,1100,900,800,800,800,800,1100,800,799,799,799,900,800,800,799,799,799,800,800,799,800,800,800,799,799,800,800,901,800,800,800,0,0,0,0,0,0,0,0,0,0,0,0,0,0,0,0,0,0,0,0,0,0,0,0,0,0,0,0,0,0,0,100,0,74393.90661621094,14362.036987304688,0,67221336064,8589930496,1399283712,457560064
200,1724148455952,1100,1100,900,800,800,800,800,1100,800,799,799,799,900,800,800,799,799,799,800,800,799,800,800,800,799,799,800,800,901,800,800,800,0,0,0,0,0,0,0,0,0,0,0,0,0,0,0,0,0,0,0,0,0,0,0,0,0,0,0,0,0,0,0,100,0,74404.47454833984,14370.928283691406,0,67221336064,8589930496,1399283712,457560064
200,1724148456153,1100,1100,900,800,800,800,800,1100,800,799,799,799,900,800,800,799,799,799,800,800,799,800,800,800,799,799,800,800,901,800,800,800,0,0,0,0,0,0,0,0,0,0,0,0,0,0,0,0,0,0,0,0,0,0,0,0,0,0,0,0,0,0,0,100,0,74414.98596191406,14379.754211425781,0,67221336064,8589930496,1399283712,457560064
200,1724148456353,1100,1100,900,800,800,800,800,1100,800,799,799,799,900,800,800,799,799,799,800,800,799,800,800,800,799,799,800,800,901,800,800,800,0,0,0,0,0,0,0,0,0,0,0,0,0,0,0,0,0,0,0,0,0,0,0,0,0,0,0,0,0,0,0,100,0,74425.49658203125,14388.584045410156,0,67221336064,8589930496,1399283712,457560064
200,1724148456553,1100,1100,900,800,800,800,800,1100,800,799,799,799,900,800,800,799,799,799,800,800,799,800,800,800,799,799,800,800,901,800,800,800,0,0,0,0,0,0,0,0,0,0,0,0,0,0,0,0,0,0,0,0,0,0,0,0,0,0,0,0,0,0,0,100,0,74436.00109863281,14397.408569335938,0,67221336064,8589930496,1399283712,457560064
200,1724148456753,1100,1100,900,800,800,800,800,1100,800,799,799,799,900,800,800,799,799,799,800,800,799,800,800,800,799,799,800,800,901,800,800,800,0,0,0,0,0,0,0,0,0,0,0,0,0,0,0,0,0,0,0,0,0,0,0,0,0,0,0,0,0,0,0,100,0,74446.61114501953,14406.338989257813,0,67221336064,8589930496,1399283712,457560064
200,1724148456953,1100,1100,900,800,800,800,800,1100,800,799,799,799,900,800,800,799,799,799,800,800,799,800,800,800,799,799,800,800,901,800,800,800,0,0,0,0,0,0,0,0,0,0,0,0,0,0,0,0,0,0,0,0,0,0,0,0,0,0,0,0,0,0,0,100,0,74457.11798095703,14415.165832519531,0,67221336064,8589930496,1399283712,457560064
200,1724148457153,1100,1100,900,800,800,800,800,1100,800,799,799,799,900,800,800,799,799,799,800,800,799,800,800,800,799,799,800,800,901,800,800,800,0,0,0,0,0,0,0,0,0,0,0,0,0,0,0,0,0,0,0,0,0,0,0,0,0,0,0,0,0,0,0,100,0,74467.68322753906,14424.001708984375,0,67221336064,8589930496,1399283712,457560064
200,1724148457353,1100,1100,900,800,800,800,800,1100,800,799,799,799,900,800,800,799,799,799,800,800,799,800,800,800,799,799,800,800,901,800,800,800,0,0,0,0,0,0,0,0,0,0,0,0,0,0,0,0,0,0,0,0,0,0,0,0,0,0,0,0,0,0,0,100,0,74478.1215209961,14432.806091308594,0,67221336064,8589930496,1399283712,457560064
200,1724148457553,1100,1100,900,800,800,800,800,1100,800,799,799,799,900,800,800,799,799,799,800,800,799,800,800,800,799,799,800,800,901,800,800,800,0,0,0,0,0,0,0,0,0,0,0,0,0,0,0,0,0,0,0,0,0,0,0,0,0,0,0,0,0,0,0,100,0,74488.74389648438,14441.746948242188,0,67221336064,8589930496,1399283712,457560064
200,1724148457753,1100,1100,900,800,800,800,800,1100,800,799,799,799,900,800,800,799,799,799,800,800,799,800,800,800,799,799,800,800,901,800,800,800,0,0,0,0,0,0,0,0,0,0,0,0,0,0,0,0,0,0,0,0,0,0,0,0,0,0,0,0,0,0,0,100,0,74499.29504394531,14450.609741210938,0,67221336064,8589930496,1399283712,457560064
200,1724148457953,1100,1100,900,800,800,800,800,1100,800,799,799,799,900,800,800,799,799,799,800,800,799,800,800,800,799,799,800,800,901,800,800,800,0,0,0,0,0,0,0,0,0,0,0,0,0,0,0,0,0,0,0,0,0,0,0,0,0,0,0,0,0,0,0,100,0,74509.80889892578,14459.444519042969,0,67221336064,8589930496,1399283712,457560064
200,1724148458153,1100,1100,900,800,800,800,800,1100,800,799,799,799,900,800,800,799,799,799,800,800,799,800,800,800,799,799,800,800,901,800,800,800,0,0,0,0,0,0,0,0,0,0,0,0,0,0,0,0,0,0,0,0,0,0,0,0,0,0,0,0,0,0,0,100,0,74520.3056640625,14468.260498046875,0,67221336064,8589930496,1399283712,457560064
200,1724148458354,1100,1100,900,800,800,800,800,1100,800,799,799,799,900,800,800,799,799,799,800,800,799,800,800,800,799,799,800,800,901,800,800,800,0,0,0,0,0,0,0,0,0,0,0,0,0,0,0,0,0,0,0,0,0,0,0,0,0,0,0,0,0,0,0,100,0,74530.83166503906,14477.107055664063,0,67221336064,8589930496,1399283712,457560064
200,1724148458554,1100,1100,900,800,800,800,800,1100,800,799,799,799,900,800,800,799,799,799,800,800,799,800,800,800,799,799,800,800,901,800,800,800,0,0,0,0,0,0,0,0,0,0,0,0,0,0,0,0,0,0,0,0,0,0,0,0,0,0,0,0,0,0,0,100,0,74541.3228149414,14485.918823242188,0,67221336064,8589930496,1399283712,457560064
200,1724148458754,1100,1100,900,800,800,800,800,1100,800,799,799,799,900,800,800,799,799,799,800,800,799,800,800,800,799,799,800,800,901,800,800,800,0,0,0,0,0,0,0,0,0,0,0,0,0,0,0,0,0,0,0,0,0,0,0,0,0,0,0,0,0,0,0,100,0,74551.81958007813,14494.735961914063,0,67221336064,8589930496,1399283712,457560064
200,1724148458954,1100,1100,900,800,800,800,800,1100,800,799,799,799,900,800,800,799,799,799,800,800,799,800,800,800,799,799,800,800,901,800,800,800,0,0,0,0,0,0,0,0,0,0,0,0,0,0,0,0,0,0,0,0,0,0,0,0,0,0,0,0,0,0,0,100,0,74562.31317138672,14503.550109863281,0,67221336064,8589930496,1399283712,457560064
200,1724148459154,1100,1100,900,800,800,800,800,1100,800,799,799,799,900,800,800,799,799,799,800,800,799,800,800,800,799,799,800,800,901,800,800,800,0,0,0,0,0,0,0,0,0,0,0,0,0,0,0,0,0,0,0,0,0,0,0,0,0,0,0,0,0,0,0,100,0,74572.95989990234,14512.447631835938,0,67221336064,8589930496,1399271424,457560064
200,1724148459354,1100,1100,900,800,800,800,800,1100,800,799,799,799,900,800,800,799,799,799,800,800,799,800,800,800,799,799,800,800,901,800,800,800,0,0,0,0,0,0,0,0,0,0,0,0,0,0,0,0,0,0,0,0,0,0,0,0,0,0,0,0,0,0,0,100,0,74583.6851196289,14521.559509277344,0,67221336064,8589930496,1399271424,457560064
200,1724148459554,1100,1100,900,800,800,800,800,1100,800,799,799,799,900,800,800,799,799,799,800,800,799,800,800,800,799,799,800,800,901,800,800,800,0,0,0,0,0,0,0,0,0,0,0,0,0,0,0,0,0,0,0,0,0,0,0,0,0,0,0,0,0,0,0,100,0,74594.18273925781,14530.377380371094,0,67221336064,8589930496,1399271424,457560064
200,1724148459754,1100,1100,900,800,800,800,800,1100,800,799,799,799,900,800,800,799,799,799,800,800,799,800,800,800,799,799,800,800,901,800,800,800,0,0,0,0,0,0,0,0,0,0,0,0,0,0,0,0,0,0,0,0,0,0,0,0,0,0,0,0,0,0,0,100,0,74604.77813720703,14539.285583496094,0,67221336064,8589930496,1399271424,457560064
200,1724148459954,1100,1100,900,800,800,800,800,1100,800,799,799,799,900,800,800,799,799,799,800,800,799,800,800,800,799,799,800,800,901,800,800,800,0,0,0,0,0,0,0,0,0,0,0,0,0,0,0,0,0,0,0,0,0,0,0,0,0,0,0,0,0,0,0,100,0,74615.27862548828,14548.1064453125,0,67221336064,8589930496,1399271424,457560064
200,1724148460154,1100,1100,900,800,800,800,800,1100,800,799,799,799,900,800,800,799,799,799,800,800,799,800,800,800,799,799,800,800,901,800,800,800,0,0,0,0,0,0,0,0,0,0,0,0,0,0,0,0,0,0,0,0,0,0,0,0,0,0,0,0,0,0,0,100,0,74625.77734375,14556.923400878906,0,67221336064,8589930496,1399271424,457560064
200,1724148460355,1100,1100,900,800,800,800,800,1100,800,799,799,799,900,800,800,799,799,799,800,800,799,800,800,800,799,799,800,800,901,800,800,800,0,0,0,0,0,0,0,0,0,0,0,0,0,0,0,0,0,0,0,0,0,0,0,0,0,0,0,0,0,0,0,100,0,74636.2646484375,14565.7314453125,0,67221336064,8589930496,1399271424,457560064
200,1724148460555,1100,1100,900,800,800,800,800,1100,800,799,799,799,900,800,800,799,799,799,800,800,799,800,800,800,799,799,800,800,901,800,800,800,0,0,0,0,0,0,0,0,0,0,0,0,0,0,0,0,0,0,0,0,0,0,0,0,0,0,0,0,0,0,0,100,0,74646.75189208984,14574.539672851563,0,67221336064,8589930496,1399271424,457560064
200,1724148460755,1100,1100,900,800,800,800,800,1100,800,799,799,799,900,800,800,799,799,799,800,800,799,800,800,800,799,799,800,800,901,800,800,800,0,0,0,0,0,0,0,0,0,0,0,0,0,0,0,0,0,0,0,0,0,0,0,0,0,0,0,0,0,0,0,100,0,74657.24084472656,14583.348937988281,0,67221336064,8589930496,1399271424,457560064
200,1724148460955,1100,1100,900,800,800,800,800,1100,800,799,799,799,900,800,800,799,799,799,800,800,799,800,800,800,799,799,800,800,901,800,800,800,0,0,0,0,0,0,0,0,0,0,0,0,0,0,0,0,0,0,0,0,0,0,0,0,0,0,0,0,0,0,0,100,0,74667.80780029297,14592.234497070313,0,67221336064,8589930496,1399271424,457560064
200,1724148461155,1100,1100,900,800,800,800,800,1100,800,799,799,799,900,800,800,799,799,799,800,800,799,800,800,800,799,799,800,800,901,800,800,800,0,0,0,0,0,0,0,0,0,0,0,0,0,0,0,0,0,0,0,0,0,0,0,0,0,0,0,0,0,0,0,100,0,74678.41973876953,14601.166381835938,0,67221336064,8589930496,1399271424,457560064
200,1724148461355,1100,1100,900,800,800,800,800,1100,800,799,799,799,900,800,800,799,799,799,800,800,799,800,800,800,799,799,800,800,901,800,800,800,0,0,0,0,0,0,0,0,0,0,0,0,0,0,0,0,0,0,0,0,0,0,0,0,0,0,0,0,0,0,0,100,0,74689.04754638672,14610.112182617188,0,67221336064,8589930496,1399271424,457560064
200,1724148461555,1100,1100,900,800,800,800,800,1100,800,799,799,799,900,800,800,799,799,799,800,800,799,800,800,800,799,799,800,800,901,800,800,800,0,0,0,0,0,0,0,0,0,0,0,0,0,0,0,0,0,0,0,0,0,0,0,0,0,0,0,0,0,0,0,100,0,74699.54888916016,14618.933227539063,0,67221336064,8589930496,1399271424,457560064
200,1724148461755,1100,1100,900,800,800,800,800,1100,800,799,799,799,900,800,800,799,799,799,800,800,799,800,800,800,799,799,800,800,901,800,800,800,0,0,0,0,0,0,0,0,0,0,0,0,0,0,0,0,0,0,0,0,0,0,0,0,0,0,0,0,0,0,0,100,0,74710.26977539063,14627.965637207031,0,67221336064,8589930496,1399271424,457560064
200,1724148461955,1100,1100,900,800,800,800,800,1100,800,799,799,799,900,800,800,799,799,799,800,800,799,800,800,800,799,799,800,800,901,800,800,800,0,0,0,0,0,0,0,0,0,0,0,0,0,0,0,0,0,0,0,0,0,0,0,0,0,0,0,0,0,0,0,100,0,74720.76928710938,14636.786071777344,0,67221336064,8589930496,1399271424,457560064
200,1724148462155,1100,1100,900,800,800,800,800,1100,800,799,799,799,900,800,800,799,799,799,800,800,799,800,800,800,799,799,800,800,901,800,800,800,0,0,0,0,0,0,0,0,0,0,0,0,0,0,0,0,0,0,0,0,0,0,0,0,0,0,0,0,0,0,0,100,0,74731.37341308594,14645.708801269531,0,67221336064,8589930496,1399271424,457560064
200,1724148462356,1100,1100,900,800,800,800,800,1100,800,799,799,799,900,800,800,799,799,799,800,800,799,800,800,800,799,799,800,800,901,800,800,800,0,0,0,0,0,0,0,0,0,0,0,0,0,0,0,0,0,0,0,0,0,0,0,0,0,0,0,0,0,0,0,100,0,74741.91442871094,14654.569152832031,0,67221336064,8589930496,1399271424,457560064
200,1724148462556,1100,1100,900,800,800,800,800,1100,800,799,799,799,900,800,800,799,799,799,800,800,799,800,800,800,799,799,800,800,901,800,800,800,0,0,0,0,0,0,0,0,0,0,0,0,0,0,0,0,0,0,0,0,0,0,0,0,0,0,0,0,0,0,0,100,0,74752.40997314453,14663.384033203125,0,67221336064,8589930496,1399271424,457560064
200,1724148462756,1100,1100,900,800,800,800,800,1100,800,799,799,799,900,800,800,799,799,799,800,800,799,800,800,800,799,799,800,800,901,800,800,800,0,0,0,0,0,0,0,0,0,0,0,0,0,0,0,0,0,0,0,0,0,0,0,0,0,0,0,0,0,0,0,100,0,74762.89929199219,14672.194030761719,0,67221336064,8589930496,1399271424,457560064
200,1724148462956,1100,1100,900,800,800,800,800,1100,800,799,799,799,900,800,800,799,799,799,800,800,799,800,800,800,799,799,800,800,901,800,800,800,0,0,0,0,0,0,0,0,0,0,0,0,0,0,0,0,0,0,0,0,0,0,0,0,0,0,0,0,0,0,0,100,0,74773.39965820313,14681.013793945313,0,67221336064,8589930496,1399271424,457560064
200,1724148463156,1100,1100,900,800,800,800,800,1100,800,799,799,799,900,800,800,799,799,799,800,800,799,800,800,800,799,799,800,800,901,800,800,800,0,0,0,0,0,0,0,0,0,0,0,0,0,0,0,0,0,0,0,0,0,0,0,0,0,0,0,0,0,0,0,100,0,74783.89660644531,14689.829895019531,0,67221336064,8589930496,1399271424,457560064
200,1724148463356,1100,1100,900,800,800,800,800,1100,800,799,799,799,900,800,800,799,799,799,800,800,799,800,800,800,799,799,800,800,901,800,800,800,0,0,0,0,0,0,0,0,0,0,0,0,0,0,0,0,0,0,0,0,0,0,0,0,0,0,0,0,0,0,0,100,0,74794.39947509766,14698.651306152344,0,67221336064,8589930496,1399271424,457560064
200,1724148463556,1100,1100,900,800,800,800,800,1100,800,799,799,799,900,800,800,799,799,799,800,800,799,800,800,800,799,799,800,800,901,800,800,800,0,0,0,0,0,0,0,0,0,0,0,0,0,0,0,0,0,0,0,0,0,0,0,0,0,0,0,0,0,0,0,100,0,74804.93994140625,14707.467834472656,0,67221336064,8589930496,1399271424,457560064
200,1724148463756,1100,1100,900,800,800,800,800,1100,800,799,799,799,900,800,800,799,799,799,800,800,799,800,800,800,799,799,800,800,901,800,800,800,0,0,0,0,0,0,0,0,0,0,0,0,0,0,0,0,0,0,0,0,0,0,0,0,0,0,0,0,0,0,0,100,0,74815.47247314453,14716.357666015625,0,67221336064,8589930496,1399271424,457560064
200,1724148463956,1100,1100,900,800,800,800,800,1100,800,799,799,799,900,800,800,799,799,799,800,800,799,800,800,800,799,799,800,800,901,800,800,800,0,0,0,0,0,0,0,0,0,0,0,0,0,0,0,0,0,0,0,0,0,0,0,0,0,0,0,0,0,0,0,100,0,74825.9898071289,14725.195007324219,0,67221336064,8589930496,1399271424,457560064
200,1724148464156,1100,1100,900,800,800,800,800,1100,800,799,799,799,900,800,800,799,799,799,800,800,799,800,800,800,799,799,800,800,901,800,800,800,0,0,0,0,0,0,0,0,0,0,0,0,0,0,0,0,0,0,0,0,0,0,0,0,0,0,0,0,0,0,0,100,0,74836.57330322266,14734.09619140625,0,67221336064,8589930496,1399271424,457560064
200,1724148464357,1100,1100,900,800,800,800,800,1100,800,799,799,799,900,800,800,799,799,799,800,800,799,800,800,800,799,799,800,800,901,800,800,800,0,0,0,0,0,0,0,0,0,0,0,0,0,0,0,0,0,0,0,0,0,0,0,0,0,0,0,0,0,0,0,100,0,74847.07385253906,14742.916320800781,0,67221336064,8589930496,1399271424,457560064
200,1724148464557,1100,1100,900,800,800,800,800,1100,800,799,799,799,900,800,800,799,799,799,800,800,799,800,800,800,799,799,800,800,901,800,800,800,0,0,0,0,0,0,0,0,0,0,0,0,0,0,0,0,0,0,0,0,0,0,0,0,0,0,0,0,0,0,0,100,0,74857.65252685547,14751.81396484375,0,67221336064,8589930496,1399271424,457560064
200,1724148464757,1100,1100,900,800,800,800,800,1100,800,799,799,799,900,800,800,799,799,799,800,800,799,800,800,800,799,799,800,800,901,800,800,800,0,0,0,0,0,0,0,0,0,0,0,0,0,0,0,0,0,0,0,0,0,0,0,0,0,0,0,0,0,0,0,100,0,74868.14520263672,14760.627502441406,0,67221336064,8589930496,1399271424,457560064
200,1724148464957,1100,1100,900,800,800,800,800,1100,800,799,799,799,900,800,800,799,799,799,800,800,799,800,800,800,799,799,800,800,901,800,800,800,0,0,0,0,0,0,0,0,0,0,0,0,0,0,0,0,0,0,0,0,0,0,0,0,0,0,0,0,0,0,0,100,0,74878.63275146484,14769.437194824219,0,67221336064,8589930496,1399271424,457560064
200,1724148465157,1100,1100,900,800,800,800,800,1100,800,799,799,799,900,800,800,799,799,799,800,800,799,800,800,800,799,799,800,800,901,800,800,800,0,0,0,0,0,0,0,0,0,0,0,0,0,0,0,0,0,0,0,0,0,0,0,0,0,0,0,0,0,0,0,100,0,74889.13134765625,14778.255981445313,0,67221336064,8589930496,1399271424,457560064
200,1724148465357,1100,1100,900,800,800,800,800,1100,800,799,799,799,900,800,800,799,799,799,800,800,799,800,800,800,799,799,800,800,901,800,800,800,0,0,0,0,0,0,0,0,0,0,0,0,0,0,0,0,0,0,0,0,0,0,0,0,0,0,0,0,0,0,0,100,0,74899.63983154297,14787.082763671875,0,67221336064,8589930496,1399271424,457560064
200,1724148465557,1100,1100,900,800,800,800,800,1100,800,799,799,799,900,800,800,799,799,799,800,800,799,800,800,800,799,799,800,800,901,800,800,800,0,0,0,0,0,0,0,0,0,0,0,0,0,0,0,0,0,0,0,0,0,0,0,0,0,0,0,0,0,0,0,100,0,74910.19262695313,14795.899047851563,0,67221336064,8589930496,1399271424,457560064
200,1724148465757,1100,1100,900,800,800,800,800,1100,800,799,799,799,900,800,800,799,799,799,800,800,799,800,800,800,799,799,800,800,901,800,800,800,0,0,0,0,0,0,0,0,0,0,0,0,0,0,0,0,0,0,0,0,0,0,0,0,0,0,0,0,0,0,0,100,0,74920.58685302734,14804.670471191406,0,67221336064,8589930496,1399271424,457560064
200,1724148465957,1100,1100,900,800,800,800,800,1100,800,799,799,799,900,800,800,799,799,799,800,800,799,800,800,800,799,799,800,800,901,800,800,800,0,0,0,0,0,0,0,0,0,0,0,0,0,0,0,0,0,0,0,0,0,0,0,0,0,0,0,0,0,0,0,100,0,74931.13452148438,14813.529968261719,0,67221336064,8589930496,1399271424,457560064
200,1724148466157,1100,1100,900,800,800,800,800,1100,800,799,799,799,900,800,800,799,799,799,800,800,799,800,800,800,799,799,800,800,901,800,800,800,0,0,0,0,0,0,0,0,0,0,0,0,0,0,0,0,0,0,0,0,0,0,0,0,0,0,0,0,0,0,0,100,0,74941.65441894531,14822.370178222656,0,67221336064,8589930496,1399271424,457560064
200,1724148466358,1100,1100,900,800,800,800,800,1100,800,799,799,799,900,800,800,799,799,799,800,800,799,800,800,800,799,799,800,800,901,800,800,800,0,0,0,0,0,0,0,0,0,0,0,0,0,0,0,0,0,0,0,0,0,0,0,0,0,0,0,0,0,0,0,100,0,74952.15985107422,14831.194213867188,0,67221336064,8589930496,1399271424,457560064
200,1724148466558,1100,1100,900,800,800,800,800,1100,800,799,799,799,900,800,800,799,799,799,800,800,799,800,800,800,799,799,800,800,901,800,800,800,0,0,0,0,0,0,0,0,0,0,0,0,0,0,0,0,0,0,0,0,0,0,0,0,0,0,0,0,0,0,0,100,0,74962.64697265625,14840.002624511719,0,67221336064,8589930496,1399271424,457560064
200,1724148466758,1100,1100,900,800,800,800,800,1100,800,799,799,799,900,800,800,799,799,799,800,800,799,800,800,800,799,799,800,800,901,800,800,800,0,0,0,0,0,0,0,0,0,0,0,0,0,0,0,0,0,0,0,0,0,0,0,0,0,0,0,0,0,0,0,100,0,74973.13879394531,14848.814025878906,0,67221336064,8589930496,1399271424,457560064
200,1724148466958,1100,1100,900,800,800,800,800,1100,800,799,799,799,900,800,800,799,799,799,800,800,799,800,800,800,799,799,800,800,901,800,800,800,0,0,0,0,0,0,0,0,0,0,0,0,0,0,0,0,0,0,0,0,0,0,0,0,0,0,0,0,0,0,0,100,0,74983.62921142578,14857.624389648438,0,67221336064,8589930496,1399271424,457560064
200,1724148467158,1100,1100,900,800,800,800,800,1100,800,799,799,799,900,800,800,799,799,799,800,800,799,800,800,800,799,799,800,800,901,800,800,800,0,0,0,0,0,0,0,0,0,0,0,0,0,0,0,0,0,0,0,0,0,0,0,0,0,0,0,0,0,0,0,100,0,74994.10522460938,14866.419921875,0,67221336064,8589930496,1399271424,457560064
200,1724148467358,1100,1100,900,800,800,800,800,1100,800,799,799,799,900,800,800,799,799,799,800,800,799,800,800,800,799,799,800,800,901,800,800,800,0,0,0,0,0,0,0,0,0,0,0,0,0,0,0,0,0,0,0,0,0,0,0,0,0,0,0,0,0,0,0,100,0,75004.70318603516,14875.339050292969,0,67221336064,8589930496,1399271424,457560064
200,1724148467558,1100,1100,900,800,800,800,800,1100,800,799,799,799,900,800,800,799,799,799,800,800,799,800,800,800,799,799,800,800,901,800,800,800,0,0,0,0,0,0,0,0,0,0,0,0,0,0,0,0,0,0,0,0,0,0,0,0,0,0,0,0,0,0,0,100,0,75015.26037597656,14884.159545898438,0,67221336064,8589930496,1399271424,457560064
200,1724148467758,1100,1100,900,800,800,800,800,1100,800,799,799,799,900,800,800,799,799,799,800,800,799,800,800,800,799,799,800,800,901,800,800,800,0,0,0,0,0,0,0,0,0,0,0,0,0,0,0,0,0,0,0,0,0,0,0,0,0,0,0,0,0,0,0,100,0,75025.7095336914,14892.986694335938,0,67221336064,8589930496,1399271424,457560064
200,1724148467958,1100,1100,900,800,800,800,800,1100,800,799,799,799,900,800,800,799,799,799,800,800,799,800,800,800,799,799,800,800,901,800,800,800,0,0,0,4.761904716491699,0,0,0,0,0,0,0,0,0,0,0,0,0,0,0,0,0,0,0,0,0,0,0,0,0,0,0,100,0,75036.39978027344,14901.920837402344,0,67221336064,8589930496,1399271424,457560064
200,1724148468158,1100,1100,900,800,800,800,800,1100,800,799,799,799,900,800,800,799,799,799,800,800,799,800,800,800,799,799,800,800,901,800,800,800,0,0,0,0,0,0,0,0,0,0,0,0,0,0,0,0,0,0,0,0,0,0,0,0,0,0,0,0,0,0,0,100,0,75046.88763427734,14910.794677734375,0,67221336064,8589930496,1399271424,457560064
200,1724148468358,1100,1100,900,800,800,800,800,1100,800,799,799,799,900,800,800,799,799,799,800,800,799,800,800,800,799,799,800,800,901,800,800,800,0,0,0,0,0,0,0,0,0,0,0,0,0,0,0,0,0,0,0,0,0,0,0,0,0,0,0,0,0,0,0,100,0,75057.54974365234,14919.776489257813,0,67221336064,8589930496,1399271424,457560064
200,1724148468559,1100,1100,900,800,800,800,800,1100,800,799,799,799,900,800,800,799,799,799,800,800,799,800,800,800,799,799,800,800,901,800,800,800,0,0,0,0,0,0,0,0,0,0,0,0,0,0,0,0,0,0,0,0,0,0,0,0,0,0,0,0,0,0,0,100,0,75068.03588867188,14928.58349609375,0,67221336064,8589930496,1399271424,457560064
200,1724148468759,1100,1100,900,800,800,800,800,1100,800,799,799,799,900,800,800,799,799,799,800,800,799,800,800,800,799,799,800,800,901,800,800,800,0,0,0,0,0,0,0,0,0,0,0,0,0,0,0,0,0,0,0,0,0,0,0,0,0,0,0,0,0,0,0,100,0,75078.54016113281,14937.408203125,0,67221336064,8589930496,1399271424,457560064
200,1724148468959,1100,1100,900,800,800,800,800,1100,800,799,799,799,900,800,800,799,799,799,800,800,799,800,800,800,799,799,800,800,901,800,800,800,0,0,0,0,0,0,0,0,0,0,0,0,0,0,0,0,0,0,0,0,0,0,0,0,0,0,0,0,0,0,0,100,0,75089.12060546875,14946.309143066406,0,67221336064,8589930496,1399271424,457560064
200,1724148469159,1100,1100,900,800,800,800,800,1100,800,799,799,799,900,800,800,799,799,799,800,800,799,800,800,800,799,799,800,800,901,800,800,800,0,0,0,0,0,0,0,0,0,0,0,0,0,0,0,0,0,0,0,0,0,0,0,0,0,0,0,0,0,0,0,100,0,75099.63513183594,14955.142395019531,0,67221336064,8589930496,1399271424,457560064
200,1724148469359,1100,1100,900,800,800,800,800,1100,800,799,799,799,900,800,800,799,799,799,800,800,799,800,800,800,799,799,800,800,901,800,800,800,0,0,0,0,0,0,0,0,0,0,0,0,0,0,0,0,0,0,0,0,0,0,0,0,0,0,0,0,0,0,0,100,0,75110.18634033203,14964.013977050781,0,67221336064,8589930496,1399271424,457560064
200,1724148469559,1100,1100,900,800,800,800,800,1100,800,799,799,799,900,800,800,799,799,799,800,800,799,800,800,800,799,799,800,800,901,800,800,800,0,0,0,0,0,0,0,0,0,0,0,0,0,0,0,0,0,0,0,0,0,0,0,0,0,0,0,0,0,0,0,100,0,75120.732421875,14972.880676269531,0,67221336064,8589930496,1399271424,457560064
200,1724148469759,1100,1100,900,800,800,800,800,1100,800,799,799,799,900,800,800,799,799,799,800,800,799,800,800,800,799,799,800,800,901,800,800,800,0,0,0,0,0,0,0,0,0,0,0,0,0,0,0,0,0,0,0,0,0,0,0,0,0,0,0,0,0,0,0,100,0,75131.23266601563,14981.69970703125,0,67221336064,8589930496,1399271424,457560064
200,1724148469959,1100,1100,900,800,800,800,800,1100,800,799,799,799,900,800,800,799,799,799,800,800,799,800,800,800,799,799,800,800,901,800,800,800,0,0,0,0,0,0,0,0,0,0,0,0,0,0,0,0,0,0,0,0,0,0,0,0,0,0,0,0,0,0,0,100,0,75141.78790283203,14990.574768066406,0,67221336064,8589930496,1399271424,457560064
200,1724148470159,1100,1100,900,800,800,800,800,1100,800,799,799,799,900,800,800,799,799,799,800,800,799,800,800,800,799,799,800,800,901,800,800,800,0,0,0,0,0,0,0,0,0,0,0,0,0,0,0,0,0,0,0,0,0,0,0,0,0,0,0,0,0,0,0,100,0,75152.33990478516,14999.384155273438,0,67221336064,8589930496,1399271424,457560064
200,1724148470359,1100,1100,900,800,800,800,800,1100,800,799,799,799,900,800,800,799,799,799,800,800,799,800,800,800,799,799,800,800,901,800,800,800,0,0,0,0,0,0,0,0,0,0,0,0,0,0,0,0,0,0,0,0,0,0,0,0,0,0,0,0,0,0,0,100,0,75162.85125732422,15008.270324707031,0,67221336064,8589930496,1399271424,457560064
200,1724148470560,1100,1100,900,800,800,800,800,1100,800,799,799,799,900,800,800,799,799,799,800,800,799,800,800,800,799,799,800,800,901,800,800,800,0,0,0,0,0,0,0,0,0,0,0,0,0,0,0,0,0,0,0,0,0,0,0,0,0,0,0,0,0,0,0,100,0,75173.33599853516,15017.076110839844,0,67221336064,8589930496,1399271424,457560064
200,1724148470760,1100,1100,900,800,800,800,800,1100,800,799,799,799,900,800,800,799,799,799,800,800,799,800,800,800,799,799,800,800,901,800,800,800,0,0,0,0,0,0,0,0,0,0,0,0,0,0,0,0,0,0,0,0,0,0,0,0,0,0,0,0,0,0,0,100,0,75183.83227539063,15025.891479492188,0,67221336064,8589930496,1399271424,457560064
200,1724148470960,1100,1100,900,800,800,800,800,1100,800,799,799,799,900,800,800,799,799,799,800,800,799,800,800,800,799,799,800,800,901,800,800,800,0,0,0,0,0,0,0,0,0,0,0,0,0,0,0,0,0,0,0,0,0,0,0,0,0,0,0,0,0,0,0,100,0,75194.33331298828,15034.711547851563,0,67221336064,8589930496,1399271424,457560064
200,1724148471160,1100,1100,900,800,800,800,800,1100,800,799,799,799,900,800,800,799,799,799,800,800,799,800,800,800,799,799,800,800,901,800,800,800,0,0,0,0,0,0,0,0,0,0,0,0,0,0,0,0,0,0,0,0,0,0,0,0,0,0,0,0,0,0,0,100,0,75204.83227539063,15043.525817871094,0,67221336064,8589930496,1399271424,457560064
200,1724148471360,1100,1100,900,800,800,800,800,1100,800,799,799,799,900,800,800,799,799,799,800,800,799,800,800,800,799,799,800,800,901,800,800,800,0,0,0,0,0,0,0,0,0,0,0,0,0,0,0,0,0,0,0,0,0,0,0,0,0,0,0,0,0,0,0,100,0,75215.3667602539,15052.380920410156,0,67221336064,8589930496,1399271424,457560064
200,1724148471560,1100,1100,900,800,800,800,800,1100,800,799,799,799,900,800,800,799,799,799,800,800,799,800,800,800,799,799,800,800,901,800,800,800,0,0,0,0,0,0,0,0,0,0,0,0,0,0,0,0,0,0,0,0,0,0,0,0,0,0,0,0,0,0,0,100,0,75225.87634277344,15061.209045410156,0,67221336064,8589930496,1399271424,457560064
200,1724148471760,1100,1100,900,800,800,800,800,1100,800,799,799,799,900,800,800,799,799,799,800,800,799,800,800,800,799,799,800,800,901,800,800,800,0,0,0,0,0,0,0,0,0,0,0,0,0,0,0,0,0,0,0,0,0,0,0,4.761904716491699,0,0,0,0,0,0,0,100,0,75236.36920166016,15070.021545410156,0,67221336064,8589930496,1399271424,457560064
200,1724148471960,1100,1100,900,800,800,800,800,1100,800,799,799,799,900,800,800,799,799,799,800,800,799,800,800,800,799,799,800,800,901,800,800,800,0,0,0,0,0,0,0,0,0,0,0,0,0,0,0,0,0,0,0,0,0,0,0,0,0,0,0,0,0,0,0,100,0,75246.92321777344,15078.89599609375,0,67221336064,8589930496,1399271424,457560064
200,1724148472160,1100,1100,900,800,800,800,800,1100,800,799,799,799,900,800,800,799,799,799,800,800,799,800,800,800,799,799,800,800,901,800,800,800,0,0,0,0,0,0,0,0,0,0,0,0,0,0,0,0,0,0,0,0,0,0,0,0,0,0,0,0,0,0,0,100,0,75257.42889404297,15087.719055175781,0,67221336064,8589930496,1399271424,457560064
200,1724148472360,1100,1100,900,800,800,800,800,1100,800,799,799,799,900,800,800,799,799,799,800,800,799,800,800,800,799,799,800,800,901,800,800,800,0,0,0,0,0,0,0,0,0,0,0,0,0,0,0,0,0,0,0,0,0,0,0,0,0,0,0,0,0,0,0,100,0,75267.96502685547,15096.567932128906,0,67221336064,8589930496,1399271424,457560064
200,1724148472561,1100,1100,900,800,800,800,800,1100,800,799,799,799,900,800,800,799,799,799,800,800,799,800,800,800,799,799,800,800,901,800,800,800,0,0,0,0,0,0,0,0,0,0,0,0,0,0,0,0,0,0,0,0,0,0,0,0,0,0,0,0,0,0,0,100,0,75278.4683227539,15105.389770507813,0,67221336064,8589930496,1399271424,457560064
200,1724148472761,1100,1100,900,800,800,800,800,1100,800,799,799,799,900,800,800,799,799,799,800,800,799,800,800,800,799,799,800,800,901,800,800,800,0,0,0,0,0,0,0,0,0,0,0,0,0,0,0,0,0,0,0,0,0,0,0,0,0,0,0,0,0,0,0,100,0,75288.96209716797,15114.205505371094,0,67221336064,8589930496,1399271424,457560064
200,1724148472961,1100,1100,900,800,800,800,800,1100,800,799,799,799,900,800,800,799,799,799,800,800,799,800,800,800,799,799,800,800,901,800,800,800,0,0,0,0,0,0,0,0,0,0,0,0,0,0,0,0,0,0,0,0,0,0,0,0,0,0,0,0,0,0,0,100,0,75299.474609375,15123.037231445313,0,67221336064,8589930496,1399271424,457560064
200,1724148473161,1100,1100,900,800,800,800,800,1100,800,799,799,799,900,800,800,799,799,799,800,800,799,800,800,800,799,799,800,800,901,800,800,800,0,0,0,0,0,0,0,0,0,0,0,0,0,0,0,0,0,0,0,0,0,0,0,0,0,0,0,0,0,0,0,100,0,75309.9658203125,15131.849487304688,0,67221336064,8589930496,1399271424,457560064
200,1724148473361,1100,1100,900,800,800,800,800,1100,800,799,799,799,900,800,800,799,799,799,800,800,799,800,800,800,799,799,800,800,901,800,800,800,0,0,0,0,0,0,0,0,0,0,0,0,0,0,0,0,0,0,0,0,0,0,0,0,0,0,0,0,0,0,0,100,0,75320.46319580078,15140.665283203125,0,67221336064,8589930496,1399271424,457560064
200,1724148473561,1100,1100,900,800,800,800,800,1100,800,799,799,799,900,800,800,799,799,799,800,800,799,800,800,800,799,799,800,800,901,800,800,800,0,0,0,0,0,0,0,0,0,0,0,0,0,0,0,0,0,0,0,0,0,0,0,0,0,0,0,0,0,0,0,100,0,75330.95068359375,15149.473266601563,0,67221336064,8589930496,1399271424,457560064
200,1724148473761,1100,1100,900,800,800,800,800,1100,800,799,799,799,900,800,800,799,799,799,800,800,799,800,800,800,799,799,800,800,901,800,800,800,0,0,0,0,0,0,0,0,0,0,0,0,0,0,0,0,0,0,0,0,0,0,0,0,0,0,0,0,0,0,0,100,0,75341.46032714844,15158.303894042969,0,67221336064,8589930496,1399271424,457560064
200,1724148473961,1100,1100,900,800,800,800,800,1100,800,799,799,799,900,800,800,799,799,799,800,800,799,800,800,800,799,799,800,800,901,800,800,800,0,0,0,0,0,0,0,0,0,0,0,0,0,0,0,0,0,0,0,0,0,0,0,0,0,0,0,0,0,0,0,100,0,75352.017578125,15167.180419921875,0,67221336064,8589930496,1399271424,457560064
200,1724148474161,1100,1100,900,800,800,800,800,1100,800,799,799,799,900,800,800,799,799,799,800,800,799,800,800,800,799,799,800,800,901,800,800,800,0,0,0,0,0,0,0,0,0,0,0,0,0,0,0,0,0,0,0,0,0,0,0,0,0,0,0,0,0,0,0,100,0,75362.64526367188,15176.129150390625,0,67221336064,8589930496,1399271424,457560064
200,1724148474361,1100,1100,900,800,800,800,800,1100,800,799,799,799,900,800,800,799,799,799,800,800,799,800,800,800,799,799,800,800,901,800,800,800,0,0,0,0,0,0,0,0,0,0,0,0,0,0,0,0,0,0,0,0,0,0,0,0,0,0,0,0,0,0,0,100,0,75373.23266601563,15184.956481933594,0,67221336064,8589930496,1399271424,457560064
200,1724148474562,1100,1100,900,800,800,800,800,1100,800,799,799,799,900,800,800,799,799,799,800,800,799,800,800,800,799,799,800,800,901,800,800,800,0,0,0,0,0,0,0,0,0,0,0,0,0,0,0,0,0,0,0,0,0,0,0,0,0,0,0,0,0,0,0,100,0,75383.71185302734,15193.8251953125,0,67221336064,8589930496,1399271424,457560064
200,1724148474762,1100,1100,900,800,800,800,800,1100,800,799,799,799,900,800,800,799,799,799,800,800,799,800,800,800,799,799,800,800,901,800,800,800,0,0,0,0,0,0,0,0,0,0,0,0,0,0,0,0,0,0,0,0,0,0,0,0,0,0,0,0,0,0,0,100,0,75394.20007324219,15202.632934570313,0,67221336064,8589930496,1399271424,457560064
200,1724148474962,1100,1100,900,800,800,800,800,1100,800,799,799,799,900,800,800,799,799,799,800,800,799,800,800,800,799,799,800,800,901,800,800,800,0,0,0,0,0,0,0,0,0,0,0,0,0,0,0,0,0,0,0,0,0,0,0,0,0,0,0,0,0,0,0,100,0,75404.69201660156,15211.447326660156,0,67221336064,8589930496,1399271424,457560064
200,1724148475162,1100,1100,900,800,800,800,800,1100,800,799,799,799,900,800,800,799,799,799,800,800,799,800,800,800,799,799,800,800,901,800,800,800,0,0,0,0,0,0,0,0,0,0,0,0,0,0,0,0,0,0,0,0,0,0,0,0,0,0,0,0,0,0,0,100,0,75415.19732666016,15220.271240234375,0,67221336064,8589930496,1399271424,457560064
200,1724148475362,1100,1100,900,800,800,800,800,1100,800,799,799,799,900,800,800,799,799,799,800,800,799,800,800,800,799,799,800,800,901,800,800,800,0,0,0,0,0,0,0,0,0,0,0,0,0,0,0,0,0,0,0,0,0,0,0,0,0,0,0,0,0,0,0,100,0,75425.69647216797,15229.090637207031,0,67221336064,8589930496,1399271424,457560064
200,1724148475562,1100,1100,900,800,800,800,800,1100,800,799,799,799,900,800,800,799,799,799,800,800,799,800,800,800,799,799,800,800,901,800,800,800,0,0,0,0,0,0,0,0,0,0,0,0,0,0,0,0,0,0,0,0,0,0,0,0,0,0,0,0,0,0,0,100,0,75436.185546875,15237.901184082031,0,67221336064,8589930496,1399271424,457560064
200,1724148475762,1100,1100,900,800,800,800,800,1100,800,799,799,799,900,800,800,799,799,799,800,800,799,800,800,800,799,799,800,800,901,800,800,800,0,0,0,0,0,0,0,0,0,0,0,0,0,0,0,0,0,0,0,0,0,0,0,0,0,0,0,0,0,0,0,100,0,75446.69653320313,15246.732971191406,0,67221336064,8589930496,1399271424,457560064
200,1724148475962,1100,1100,900,800,800,800,800,1100,800,799,799,799,900,800,800,799,799,799,800,800,799,800,800,800,799,799,800,800,901,800,800,800,0,0,0,0,0,0,0,0,0,0,0,0,0,0,0,0,0,0,0,0,0,0,0,0,0,0,0,0,0,0,0,100,0,75457.33685302734,15255.639221191406,0,67221336064,8589930496,1399271424,457560064
200,1724148476162,1100,1100,900,800,800,800,800,1100,800,799,799,799,900,800,800,799,799,799,800,800,799,800,800,800,799,799,800,800,901,800,800,800,0,0,0,0,0,0,0,0,0,0,0,0,0,0,0,0,0,0,0,0,0,0,0,0,0,0,0,0,0,0,0,100,0,75467.81732177734,15264.485534667969,0,67221336064,8589930496,1399271424,457560064
200,1724148476362,1100,1100,900,800,800,800,800,1100,800,799,799,799,900,800,800,799,799,799,800,800,799,800,800,800,799,799,800,800,901,800,800,800,0,0,0,0,0,0,0,0,0,0,0,0,0,4.761904716491699,0,0,0,0,0,0,0,0,0,0,0,0,0,0,0,0,0,100,0,75478.36590576172,15273.361145019531,0,67221336064,8589930496,1399271424,457560064
200,1724148476563,1100,1100,900,800,800,800,800,1100,800,799,799,799,900,800,800,799,799,799,800,800,799,800,800,800,799,799,800,800,901,800,800,800,0,0,0,0,0,0,0,0,0,0,0,0,0,0,0,0,0,0,0,0,0,0,0,0,0,0,0,0,0,0,0,100,0,75488.93280029297,15282.239501953125,0,67221336064,8589930496,1399271424,457560064
200,1724148476763,1100,1100,900,800,800,800,800,1100,800,799,799,799,900,800,800,799,799,799,800,800,799,800,800,800,799,799,800,800,901,800,800,800,0,0,0,0,0,0,0,0,0,0,0,0,0,0,0,0,0,0,0,0,0,0,0,0,0,0,0,0,0,0,0,100,0,75499.43017578125,15291.055786132813,0,67221336064,8589930496,1399271424,457560064
200,1724148476963,1100,1100,900,800,800,800,800,1100,800,799,799,799,900,800,800,799,799,799,800,800,799,800,800,800,799,799,800,800,901,800,800,800,0,0,0,0,0,0,0,0,0,0,0,0,0,0,0,0,0,0,0,0,0,0,0,0,0,0,0,0,0,0,0,100,0,75509.92974853516,15299.875610351563,0,67221336064,8589930496,1399271424,457560064
200,1724148477163,1100,1100,900,800,800,800,800,1100,800,799,799,799,900,800,800,799,799,799,800,800,799,800,800,800,799,799,800,800,901,800,800,800,0,0,0,0,0,0,0,0,4.761904716491699,0,0,0,0,0,0,0,0,0,0,0,0,0,0,0,0,0,0,0,0,0,0,100,0,75520.48266601563,15308.749877929688,0,67221336064,8589930496,1399271424,457560064
200,1724148477363,1100,1100,900,800,800,800,800,1100,800,799,799,799,900,800,800,799,799,799,800,800,799,800,800,800,799,799,800,800,901,800,800,800,4.761904716491699,0,0,0,0,0,0,0,0,0,0,0,0,0,0,0,0,0,0,0,0,0,0,0,0,0,0,0,0,0,0,100,0,75531.05310058594,15317.638549804688,0,67221336064,8589930496,1399271424,457560064
200,1724148477563,1100,1100,900,800,800,800,800,1100,800,799,799,799,900,800,800,799,799,799,800,800,799,800,800,800,799,799,800,800,901,800,800,800,0,0,0,0,0,0,0,0,0,0,0,0,0,0,0,0,0,0,0,0,0,0,0,0,0,0,0,0,0,0,0,100,0,75541.57293701172,15326.478942871094,0,67221336064,8589930496,1399271424,457560064
200,1724148477763,1100,1100,900,800,800,800,800,1100,800,799,799,799,900,800,800,799,799,799,800,800,799,800,800,800,799,799,800,800,901,800,800,800,0,0,0,0,0,0,0,0,0,0,0,0,0,0,0,0,0,0,0,0,0,0,0,0,0,0,0,0,0,0,0,100,0,75552.07989501953,15335.304870605469,0,67221336064,8589930496,1399271424,457560064
200,1724148477963,1100,1100,900,800,800,800,800,1100,800,799,799,799,900,800,800,799,799,799,800,800,799,800,800,800,799,799,800,800,901,800,800,800,0,0,0,0,0,0,0,0,0,0,0,0,0,0,0,0,0,0,0,0,0,0,0,0,0,0,0,0,0,0,0,100,0,75562.68841552734,15344.235107421875,0,67221336064,8589930496,1399271424,457560064
200,1724148478163,1100,1100,900,800,800,800,800,1100,800,799,799,799,900,800,800,799,799,799,800,800,799,800,800,800,799,799,800,800,901,800,800,800,0,0,0,0,0,0,0,0,0,0,0,0,0,0,0,0,0,0,0,0,0,0,0,0,0,0,0,0,0,0,0,100,0,75573.34008789063,15353.197326660156,0,67221336064,8589930496,1399271424,457560064
200,1724148478363,1100,1100,900,800,800,800,800,1100,800,799,799,799,900,800,800,799,799,799,800,800,799,800,800,800,799,799,800,800,901,800,800,800,0,0,0,0,0,0,0,0,0,0,0,0,0,0,0,0,0,0,0,0,0,0,0,0,0,0,0,0,0,0,0,100,0,75583.97454833984,15362.089111328125,0,67221336064,8589930496,1399271424,457560064
200,1724148478564,1100,1100,900,800,800,800,800,1100,800,799,799,799,900,800,800,799,799,799,800,800,799,800,800,800,799,799,800,800,901,800,800,800,0,0,0,0,0,0,0,0,0,0,0,0,0,0,0,0,0,0,0,0,0,0,0,0,0,0,0,0,0,0,0,100,0,75594.45642089844,15370.952087402344,0,67221336064,8589930496,1399271424,457560064
200,1724148478764,1100,1100,900,800,800,800,800,1100,800,799,799,799,900,800,800,799,799,799,800,800,799,800,800,800,799,799,800,800,901,800,800,800,0,0,0,0,0,0,0,0,0,0,0,0,0,0,0,0,0,0,0,0,0,0,0,0,0,0,0,0,0,0,0,100,0,75604.95989990234,15379.774719238281,0,67221336064,8589930496,1399271424,457560064
200,1724148478964,1100,1100,900,800,800,800,800,1100,800,799,799,799,900,800,800,799,799,799,800,800,799,800,800,800,799,799,800,800,901,800,800,800,0,0,0,0,0,0,0,0,0,0,0,0,0,0,0,0,0,0,0,0,0,0,0,0,0,0,0,0,0,0,0,100,0,75615.56512451172,15388.701965332031,0,67221336064,8589930496,1399271424,457560064
200,1724148479164,1100,1100,900,800,800,800,800,1100,800,799,799,799,900,800,800,799,799,799,800,800,799,800,800,800,799,799,800,800,901,800,800,800,0,0,0,0,0,0,0,0,0,0,0,0,0,0,0,0,0,0,0,0,0,0,0,0,0,0,0,0,0,0,0,100,0,75626.06060791016,15397.516296386719,0,67221336064,8589930496,1399271424,457560064
200,1724148479364,1100,1100,900,800,800,800,800,1100,800,799,799,799,900,800,800,799,799,799,800,800,799,800,800,800,799,799,800,800,901,800,800,800,0,0,0,0,0,0,0,0,0,0,0,0,0,0,0,0,0,0,0,0,0,0,0,0,0,0,0,0,0,0,0,100,0,75636.62683105469,15406.401489257813,0,67221336064,8589930496,1399271424,457560064
200,1724148479564,1100,1100,900,800,800,800,800,1100,800,799,799,799,900,800,800,799,799,799,800,800,799,800,800,800,799,799,800,800,901,800,800,800,0,0,0,0,0,0,0,0,0,0,0,0,0,0,0,0,0,0,0,0,0,0,0,0,0,0,0,0,0,0,0,100,0,75647.11517333984,15415.209350585938,0,67221336064,8589930496,1399271424,457560064
200,1724148479764,1100,1100,900,800,800,800,800,1100,800,799,799,799,900,800,800,799,799,799,800,800,799,800,800,800,799,799,800,800,901,800,800,800,0,0,0,0,0,0,0,0,0,0,0,0,0,0,0,0,0,0,0,0,0,0,0,0,0,0,0,0,0,0,0,100,0,75657.61962890625,15424.032958984375,0,67221336064,8589930496,1399271424,457560064
200,1724148479964,1100,1100,900,800,800,800,800,1100,800,799,799,799,900,800,800,799,799,799,800,800,799,800,800,800,799,799,800,800,901,800,800,800,0,0,0,0,0,0,0,0,0,0,0,0,0,0,0,0,0,0,0,0,0,0,0,0,0,0,0,0,0,0,0,100,0,75668.2142944336,15432.946594238281,0,67221336064,8589930496,1399271424,457560064
200,1724148480164,1100,1100,900,800,800,800,800,1100,800,799,799,799,900,800,800,799,799,799,800,800,799,800,800,800,799,799,800,800,901,800,800,800,0,0,0,0,0,0,0,0,0,0,0,0,0,0,0,0,0,0,0,0,0,0,0,0,0,0,0,0,0,0,0,100,0,75678.72467041016,15441.776794433594,0,67221336064,8589930496,1399242752,457560064
200,1724148480364,1100,1100,900,800,800,800,800,1100,800,799,799,799,900,800,800,799,799,799,800,800,799,800,800,800,799,799,800,800,901,800,800,800,0,0,0,0,0,0,0,0,0,0,0,0,0,0,0,0,0,0,0,0,0,0,0,0,0,0,0,0,0,0,0,100,0,75689.21868896484,15450.591186523438,0,67221336064,8589930496,1399242752,457560064
200,1724148480565,1100,1100,900,800,800,800,800,1100,800,799,799,799,900,800,800,799,799,799,800,800,799,800,800,800,799,799,800,800,901,800,800,800,0,0,0,0,0,0,0,0,0,0,0,0,0,0,0,0,0,0,0,0,0,0,0,0,0,0,0,0,0,0,0,100,0,75699.81805419922,15459.501892089844,0,67221336064,8589930496,1399242752,457560064
200,1724148480765,1100,1100,900,800,800,800,800,1100,800,799,799,799,900,800,800,799,799,799,800,800,799,800,800,800,799,799,800,800,901,800,800,800,0,0,0,0,0,0,0,0,0,0,0,0,0,0,0,0,0,0,0,0,0,0,0,0,0,0,0,0,0,0,0,100,0,75710.31665039063,15468.320495605469,0,67221336064,8589930496,1399242752,457560064
200,1724148480965,1100,1100,900,800,800,800,800,1100,800,799,799,799,900,800,800,799,799,799,800,800,799,800,800,800,799,799,800,800,901,800,800,800,0,0,0,0,0,0,0,0,0,0,0,0,0,0,0,0,0,0,0,0,0,0,0,0,0,0,0,0,0,0,0,100,0,75720.8110961914,15477.135803222656,0,67221336064,8589930496,1399242752,457560064
200,1724148481165,1100,1100,900,800,800,800,800,1100,800,799,799,799,900,800,800,799,799,799,800,800,799,800,800,800,799,799,800,800,901,800,800,800,0,0,0,0,0,0,0,0,0,0,0,0,0,0,0,0,0,0,0,0,0,0,0,0,0,0,0,0,0,0,0,100,0,75731.31317138672,15485.95751953125,0,67221336064,8589930496,1399242752,457560064
200,1724148481365,1100,1100,900,800,800,800,800,1100,800,799,799,799,900,800,800,799,799,799,800,800,799,800,800,800,799,799,800,800,901,800,800,800,0,0,0,0,0,0,0,0,0,0,0,0,0,0,0,0,0,0,0,0,0,0,0,0,0,0,0,0,0,0,0,100,0,75741.80548095703,15494.769226074219,0,67221336064,8589930496,1399242752,457560064
200,1724148481565,1100,1100,900,800,800,800,800,1100,800,799,799,799,900,800,800,799,799,799,800,800,799,800,800,800,799,799,800,800,901,800,800,800,0,0,0,0,0,0,0,0,0,0,0,0,0,0,0,0,0,0,0,0,0,0,0,0,0,0,0,0,0,0,0,100,0,75752.30853271484,15503.591979980469,0,67221336064,8589930496,1399226368,457560064
200,1724148481765,1100,1100,900,800,800,800,800,1100,800,799,799,799,900,800,800,799,799,799,800,800,799,800,800,800,799,799,800,800,901,800,800,800,0,0,0,0,0,0,0,0,0,0,0,0,0,0,0,0,0,0,0,0,0,0,0,0,0,0,0,0,0,0,0,100,0,75762.79760742188,15512.40185546875,0,67221336064,8589930496,1399226368,457560064
200,1724148481965,1100,1100,900,800,800,800,800,1100,800,799,799,799,900,800,800,799,799,799,800,800,799,800,800,800,799,799,800,800,901,800,800,800,0,0,0,0,0,0,0,0,0,0,0,0,0,0,0,0,0,0,0,0,0,0,0,0,0,0,0,0,0,0,0,100,0,75773.38165283203,15521.306335449219,0,67221336064,8589930496,1399226368,457560064
200,1724148482165,1100,1100,900,800,800,800,800,1100,800,799,799,799,900,800,800,799,799,799,800,800,799,800,800,800,799,799,800,800,901,800,800,800,0,0,0,0,0,0,0,0,0,0,0,0,0,0,0,0,0,0,0,0,0,0,0,0,0,0,0,0,0,0,0,100,0,75783.87414550781,15530.119201660156,0,67221336064,8589930496,1399226368,457560064
200,1724148482365,1100,1100,900,800,800,800,800,1100,800,799,799,799,900,800,800,799,799,799,800,800,799,800,800,800,799,799,800,800,901,800,800,800,0,0,0,0,0,0,0,0,0,0,0,0,0,0,0,0,0,0,0,0,0,0,0,0,0,0,0,0,0,0,0,100,0,75794.3833618164,15538.947082519531,0,67221336064,8589930496,1399226368,457560064
200,1724148482566,1100,1100,900,800,800,800,800,1100,800,799,799,799,900,800,800,799,799,799,800,800,799,800,800,800,799,799,800,800,901,800,800,800,0,0,0,0,0,0,0,0,0,0,0,0,0,0,0,0,0,0,0,0,0,0,0,0,0,0,0,0,0,0,0,100,0,75804.92504882813,15547.80126953125,0,67221336064,8589930496,1399226368,457560064
191,1724148482774,1100,1100,900,800,800,800,800,1100,800,799,799,799,900,800,800,799,799,799,800,800,799,800,800,800,799,799,800,800,901,800,800,800,0,0,0,0,0,0,0,0,0,0,0,0,0,0,0,0,0,0,0,0,0,0,0,0,0,0,0,0,0,0,0,100,0,75815.84521484375,15556.973327636719,0,67221336064,8589930496,1399226368,457560064
0,1724148482966,1100,1100,900,800,800,800,800,1100,800,799,799,799,900,800,800,799,799,799,800,800,799,800,800,800,799,799,800,800,901,800,800,800,0,0,0,0,0,0,0,0,0,0,0,0,0,0,0,0,0,0,0,0,0,0,0,0,0,0,0,0,0,0,0,100,0,75819.1704711914,15558.904663085938,0,67221336064,8589930496,1391783936,457560064
