Delta,Time,CPU_FREQUENCY_0,CPU_FREQUENCY_1,CPU_FREQUENCY_10,CPU_FREQUENCY_11,CPU_FREQUENCY_12,CPU_FREQUENCY_13,CPU_FREQUENCY_14,CPU_FREQUENCY_15,CPU_FREQUENCY_16,CPU_FREQUENCY_17,CPU_FREQUENCY_18,CPU_FREQUENCY_19,CPU_FREQUENCY_2,CPU_FREQUENCY_20,CPU_FREQUENCY_21,CPU_FREQUENCY_22,CPU_FREQUENCY_23,CPU_FREQUENCY_24,CPU_FREQUENCY_25,CPU_FREQUENCY_26,CPU_FREQUENCY_27,CPU_FREQUENCY_28,CPU_FREQUENCY_29,CPU_FREQUENCY_3,CPU_FREQUENCY_30,CPU_FREQUENCY_31,CPU_FREQUENCY_4,CPU_FREQUENCY_5,CPU_FREQUENCY_6,CPU_FREQUENCY_7,CPU_FREQUENCY_8,CPU_FREQUENCY_9,CPU_USAGE_0,CPU_USAGE_1,CPU_USAGE_10,CPU_USAGE_11,CPU_USAGE_12,CPU_USAGE_13,CPU_USAGE_14,CPU_USAGE_15,CPU_USAGE_16,CPU_USAGE_17,CPU_USAGE_18,CPU_USAGE_19,CPU_USAGE_2,CPU_USAGE_20,CPU_USAGE_21,CPU_USAGE_22,CPU_USAGE_23,CPU_USAGE_24,CPU_USAGE_25,CPU_USAGE_26,CPU_USAGE_27,CPU_USAGE_28,CPU_USAGE_29,CPU_USAGE_3,CPU_USAGE_30,CPU_USAGE_31,CPU_USAGE_4,CPU_USAGE_5,CPU_USAGE_6,CPU_USAGE_7,CPU_USAGE_8,CPU_USAGE_9,DRAM_ENERGY (J),PACKAGE_ENERGY (J),PP0_ENERGY (J),TOTAL_MEMORY,TOTAL_SWAP,USED_MEMORY,USED_SWAP
0,1724800402992,802,944,1403,1447,1039,1199,1373,1306,802,1458,1038,856,991,929,813,876,821,1697,1943,1134,1553,1423,941,812,958,1226,934,802,1146,1109,1021,1926,8.333333969116211,4.34782600402832,4.34782600402832,4.34782600402832,4.545454502105713,4.545454502105713,4.34782600402832,0,4.545454502105713,8.69565200805664,4.545454502105713,8.69565200805664,4.545454502105713,4.761904716491699,8.69565200805664,4.34782600402832,4.34782600402832,4.34782600402832,8.333333969116211,0,4.34782600402832,4.34782600402832,8.69565200805664,4.34782600402832,8.69565200805664,0,4.545454502105713,4.34782600402832,8.69565200805664,8.333333969116211,9.090909004211426,4.545454502105713,189152.23834228516,213340.5987548828,0,404334891008,8589930496,37768859648,12402688
199,1724800402992,802,944,1403,1447,1039,1199,1373,1306,802,1458,1038,856,991,929,813,876,821,1697,1943,1134,1553,1423,941,812,958,1226,934,802,1146,1109,1021,1926,8.333333969116211,4.34782600402832,4.34782600402832,4.34782600402832,4.545454502105713,4.545454502105713,4.34782600402832,0,4.545454502105713,8.69565200805664,4.545454502105713,8.69565200805664,4.545454502105713,4.761904716491699,8.69565200805664,4.34782600402832,4.34782600402832,4.34782600402832,8.333333969116211,0,4.34782600402832,4.34782600402832,8.69565200805664,4.34782600402832,8.69565200805664,0,4.545454502105713,4.34782600402832,8.69565200805664,8.333333969116211,9.090909004211426,4.545454502105713,189152.2423095703,213340.6201171875,0,404334891008,8589930496,37769191424,12402688
199,1724800403192,802,944,1403,1447,1039,1199,1373,1306,802,1458,1038,856,991,929,813,876,821,1697,1943,1134,1553,1423,941,812,958,1226,934,802,1146,1109,1021,1926,0,0,0,0,9.090909004211426,0,0,4.761904716491699,0,0,0,0,0,0,0,0,0,0,0,0,100,0,0,0,0,0,0,0,0,0,0,0,189152.701171875,213344.80517578125,0,404334891008,8589930496,37772943360,12402688
199,1724800403392,802,944,1403,1447,1039,1199,1373,1306,802,1458,1038,856,991,929,813,876,821,1697,1943,1134,1553,1423,941,812,958,1226,934,802,1146,1109,1021,1926,4.761904716491699,0,0,0,4.761904716491699,0,0,0,0,0,0,0,0,0,0,0,0,0,0,0,100,0,0,0,5,0,0,4.761904716491699,0,0,0,0,189153.14752197266,213350.11126708984,0,404334891008,8589930496,37772943360,12402688
199,1724800403592,802,944,1403,1447,1039,1199,1373,1306,802,1458,1038,856,991,929,813,876,821,1697,1943,1134,1553,1423,941,812,958,1226,934,802,1146,1109,1021,1926,0,0,5,0,0,0,0,0,0,0,0,0,0,0,0,0,0,0,0,0,100,0,0,0,0,0,0,0,0,0,0,5,189153.6382446289,213355.5213623047,0,404334891008,8589930496,37772943360,12402688
199,1724800403792,802,944,1403,1447,1039,1199,1373,1306,802,1458,1038,856,991,929,813,876,821,1697,1943,1134,1553,1423,941,812,958,1226,934,802,1146,1109,1021,1926,0,0,0,0,4.761904716491699,0,5,0,0,0,0,0,5,0,0,0,0,0,4.761904716491699,0,100,0,0,0,0,0,0,0,0,4.761904716491699,0,0,189154.10278320313,213360.93615722656,0,404334891008,8589930496,37772947456,12402688
199,1724800403993,802,944,1403,1447,1039,1199,1373,1306,802,1458,1038,856,991,929,813,876,821,1697,1943,1134,1553,1423,941,812,958,1226,934,802,1146,1109,1021,1926,0,0,0,0,5,0,0,0,0,0,0,0,0,0,10,20,0,0,0,0,100,0,0,0,4.761904716491699,0,0,0,0,0,0,0,189155.00634765625,213366.68145751953,0,404334891008,8589930496,37773078528,12402688
199,1724800404193,802,944,1403,1447,1039,1199,1373,1306,802,1458,1038,856,991,929,813,876,821,1697,1943,1134,1553,1423,941,812,958,1226,934,802,1146,1109,1021,1926,0,0,0,0,0,0,0,5.263157844543457,0,0,0,0,0,0,5.263157844543457,0,0,0,0,0,100,0,0,0,0,0,0,0,0,0,0,0,189155.51763916016,213372.126953125,0,404334891008,8589930496,37773086720,12402688
199,1724800404393,802,944,1403,1447,1039,1199,1373,1306,802,1458,1038,856,991,929,813,876,821,1697,1943,1134,1553,1423,941,812,958,1226,934,802,1146,1109,1021,1926,0,0,0,0,0,0,0,0,0,0,0,0,0,4.761904716491699,0,0,0,0,4.761904716491699,0,100,0,0,0,0,0,0,0,0,0,0,4.761904716491699,189156.01080322266,213377.57983398438,0,404334891008,8589930496,37773086720,12402688
199,1724800404593,802,944,1403,1447,1039,1199,1373,1306,802,1458,1038,856,991,929,813,876,821,1697,1943,1134,1553,1423,941,812,958,1226,934,802,1146,1109,1021,1926,0,0,0,0,0,0,0,0,0,0,0,0,0,4.761904716491699,0,0,0,0,4.761904716491699,0,100,0,0,0,0,0,0,0,0,0,0,4.761904716491699,189156.4288330078,213382.99700927734,0,404334891008,8589930496,37773090816,12402688
199,1724800404793,802,944,1403,1447,1039,1199,1373,1306,802,1458,1038,856,991,929,813,876,821,1697,1943,1134,1553,1423,941,812,958,1226,934,802,1146,1109,1021,1926,2.5,0,0,0,0,0,0,2.5,0,0,0,0,2.4390242099761963,0,5,0,0,0,0,0,100,0,0,2.4390242099761963,0,0,0,0,0,0,0,0,189156.84197998047,213388.42462158203,0,404334891008,8589930496,37773090816,12402688
199,1724800404993,802,944,1403,1447,1039,1199,1373,1306,802,1458,1038,856,991,929,813,876,821,1697,1943,1134,1553,1423,941,812,958,1226,934,802,1146,1109,1021,1926,0,0,0,0,0,0,0,0,0,0,0,0,0,0,0,0,0,4.761904716491699,0,0,100,0,0,0,0,0,0,0,0,0,0,4.761904716491699,189157.31286621094,213393.81475830078,0,404334891008,8589930496,37773090816,12402688
199,1724800405193,802,944,1403,1447,1039,1199,1373,1306,802,1458,1038,856,991,929,813,876,821,1697,1943,1134,1553,1423,941,812,958,1226,934,802,1146,1109,1021,1926,0,0,0,0,0,0,0,0,0,0,0,0,0,0,0,0,0,0,0,0,100,0,0,0,4.761904716491699,0,0,0,0,0,0,0,189157.80688476563,213399.22143554688,0,404334891008,8589930496,37773090816,12402688
199,1724800405393,802,944,1403,1447,1039,1199,1373,1306,802,1458,1038,856,991,929,813,876,821,1697,1943,1134,1553,1423,941,812,958,1226,934,802,1146,1109,1021,1926,0,0,0,0,0,0,0,0,0,0,0,0,0,0,9.523809432983398,0,0,4.761904716491699,4.761904716491699,0,100,0,0,0,0,0,0,0,0,0,0,0,189158.29974365234,213404.67010498047,0,404334891008,8589930496,37773090816,12402688
199,1724800405594,802,944,1403,1447,1039,1199,1373,1306,802,1458,1038,856,991,929,813,876,821,1697,1943,1134,1553,1423,941,812,958,1226,934,802,1146,1109,1021,1926,0,0,5,0,0,0,0,4.761904716491699,0,0,0,0,0,0,0,0,0,0,0,0,100,0,0,0,0,0,0,0,0,0,0,0,189158.74505615234,213410.08337402344,0,404334891008,8589930496,37773090816,12402688
199,1724800405794,802,944,1403,1447,1039,1199,1373,1306,802,1458,1038,856,991,929,813,876,821,1697,1943,1134,1553,1423,941,812,958,1226,934,802,1146,1109,1021,1926,0,0,0,0,4.761904716491699,0,0,0,0,0,0,0,0,0,5,0,0,0,0,0,100,0,0,0,9.523809432983398,0,0,0,0,0,0,0,189159.16973876953,213415.48315429688,0,404334891008,8589930496,37773090816,12402688
199,1724800405994,802,944,1403,1447,1039,1199,1373,1306,802,1458,1038,856,991,929,813,876,821,1697,1943,1134,1553,1423,941,812,958,1226,934,802,1146,1109,1021,1926,4.761904716491699,0,0,0,0,0,0,0,0,0,0,0,0,0,0,0,0,0,4.761904716491699,0,100,0,0,0,0,0,0,0,0,0,0,4.761904716491699,189159.61767578125,213420.88775634766,0,404334891008,8589930496,37773090816,12402688
199,1724800406194,802,944,1403,1447,1039,1199,1373,1306,802,1458,1038,856,991,929,813,876,821,1697,1943,1134,1553,1423,941,812,958,1226,934,802,1146,1109,1021,1926,0,0,0,0,0,0,0,0,0,0,0,0,0,0,5,0,0,0,0,0,100,0,0,0,0,0,0,0,0,0,0,0,189160.02014160156,213426.2933959961,0,404334891008,8589930496,37773090816,12402688
199,1724800406394,802,944,1403,1447,1039,1199,1373,1306,802,1458,1038,856,991,929,813,876,821,1697,1943,1134,1553,1423,941,812,958,1226,934,802,1146,1109,1021,1926,0,0,0,0,0,0,0,0,0,0,0,0,0,0,0,0,0,0,0,0,100,0,0,0,0,0,0,0,0,0,0,0,189160.44073486328,213431.69213867188,0,404334891008,8589930496,37773090816,12402688
199,1724800406594,802,944,1403,1447,1039,1199,1373,1306,802,1458,1038,856,991,929,813,876,821,1697,1943,1134,1553,1423,941,812,958,1226,934,802,1146,1109,1021,1926,5,0,0,0,0,0,0,0,0,0,0,0,0,0,0,0,0,0,0,0,100,0,0,0,0,0,0,0,0,0,0,4.761904716491699,189160.86883544922,213437.10192871094,0,404334891008,8589930496,37773099008,12402688
199,1724800406794,802,944,1403,1447,1039,1199,1373,1306,802,1458,1038,856,991,929,813,876,821,1697,1943,1134,1553,1423,941,812,958,1226,934,802,1146,1109,1021,1926,5,0,0,0,0,0,0,0,0,0,0,0,0,0,0,0,0,0,0,0,100,0,0,0,0,0,0,0,0,0,0,4.761904716491699,189161.3134765625,213442.46466064453,0,404334891008,8589930496,37773099008,12402688
199,1724800406994,802,944,1403,1447,1039,1199,1373,1306,802,1458,1038,856,991,929,813,876,821,1697,1943,1134,1553,1423,941,812,958,1226,934,802,1146,1109,1021,1926,0,0,0,0,4.878048419952393,0,0,0,0,0,0,0,0,0,0,0,0,2.4390242099761963,0,0,100,0,0,0,0,0,0,0,0,0,9.523809432983398,0,189161.75286865234,213447.8549194336,0,404334891008,8589930496,37773099008,12402688
199,1724800407195,802,944,1403,1447,1039,1199,1373,1306,802,1458,1038,856,991,929,813,876,821,1697,1943,1134,1553,1423,941,812,958,1226,934,802,1146,1109,1021,1926,0,0,0,0,0,0,0,9.523809432983398,0,0,0,0,0,0,0,0,0,0,0,0,100,0,0,0,0,0,0,0,4.761904716491699,0,0,0,189162.20080566406,213453.24267578125,0,404334891008,8589930496,37773099008,12402688
199,1724800407395,802,944,1403,1447,1039,1199,1373,1306,802,1458,1038,856,991,929,813,876,821,1697,1943,1134,1553,1423,941,812,958,1226,934,802,1146,1109,1021,1926,0,0,0,0,0,0,0,0,0,0,0,0,0,0,0,0,0,0,0,0,100,0,0,0,0,0,0,0,4.761904716491699,0,0,0,189162.61041259766,213458.63946533203,0,404334891008,8589930496,37773099008,12402688
199,1724800407595,802,944,1403,1447,1039,1199,1373,1306,802,1458,1038,856,991,929,813,876,821,1697,1943,1134,1553,1423,941,812,958,1226,934,802,1146,1109,1021,1926,0,0,0,0,0,0,0,0,0,0,0,0,0,0,0,0,0,0,0,0,100,0,0,0,0,0,0,0,4.761904716491699,0,0,0,189163.0435180664,213464.05407714844,0,404334891008,8589930496,37773094912,12402688
199,1724800407795,802,944,1403,1447,1039,1199,1373,1306,802,1458,1038,856,991,929,813,876,821,1697,1943,1134,1553,1423,941,812,958,1226,934,802,1146,1109,1021,1926,2.5,2.5,0,0,0,2.5,0,2.5,0,0,2.4390242099761963,0,2.5641026496887207,5,2.5,2.5,2.5,0,2.4390242099761963,2.5,100,0,0,0,2.4390242099761963,0,0,0,0,0,2.5,0,189163.48901367188,213469.61328125,0,404334891008,8589930496,37772955648,12402688
199,1724800407995,802,944,1403,1447,1039,1199,1373,1306,802,1458,1038,856,991,929,813,876,821,1697,1943,1134,1553,1423,941,812,958,1226,934,802,1146,1109,1021,1926,0,0,0,0,0,0,0,0,4.761904716491699,4.761904716491699,0,0,0,0,0,0,0,0,0,0,100,0,0,0,0,0,4.761904716491699,0,0,0,0,0,189163.93688964844,213475.0069580078,0,404334891008,8589930496,37773021184,12402688
199,1724800408195,802,944,1403,1447,1039,1199,1373,1306,802,1458,1038,856,991,929,813,876,821,1697,1943,1134,1553,1423,941,812,958,1226,934,802,1146,1109,1021,1926,0,0,0,0,0,0,0,9.090909004211426,0,0,0,0,0,0,0,0,0,0,4.761904716491699,0,100,0,0,0,0,0,0,0,0,0,0,0,189164.3436279297,213480.40002441406,0,404334891008,8589930496,37773021184,12402688
199,1724800408395,802,944,1403,1447,1039,1199,1373,1306,802,1458,1038,856,991,929,813,876,821,1697,1943,1134,1553,1423,941,812,958,1226,934,802,1146,1109,1021,1926,0,0,0,0,0,0,0,0,0,0,0,0,0,0,0,0,0,0,0,0,100,0,0,0,0,0,0,0,0,0,9.523809432983398,4.761904716491699,189164.7890625,213485.86041259766,0,404334891008,8589930496,37773021184,12402688
199,1724800408595,802,944,1403,1447,1039,1199,1373,1306,802,1458,1038,856,991,929,813,876,821,1697,1943,1134,1553,1423,941,812,958,1226,934,802,1146,1109,1021,1926,0,0,0,0,0,0,0,4.761904716491699,0,0,0,0,0,0,0,0,0,0,0,0,100,0,0,0,0,0,0,0,0,0,4.761904716491699,0,189165.1884765625,213491.28778076172,0,404334891008,8589930496,37773025280,12402688
199,1724800408796,802,944,1403,1447,1039,1199,1373,1306,802,1458,1038,856,991,929,813,876,821,1697,1943,1134,1553,1423,941,812,958,1226,934,802,1146,1109,1021,1926,0,0,0,0,0,0,0,4.761904716491699,0,0,0,0,0,0,0,0,0,0,0,0,100,0,0,0,0,0,0,0,0,0,4.761904716491699,0,189165.5941772461,213496.6978149414,0,404334891008,8589930496,37773025280,12402688
199,1724800408996,802,944,1403,1447,1039,1199,1373,1306,802,1458,1038,856,991,929,813,876,821,1697,1943,1134,1553,1423,941,812,958,1226,934,802,1146,1109,1021,1926,0,0,0,0,0,4.761904716491699,0,0,0,0,0,0,0,0,0,0,0,0,4.761904716491699,0,100,0,0,0,0,0,0,0,0,0,0,5,189165.9991455078,213502.09118652344,0,404334891008,8589930496,37773029376,12402688
199,1724800409196,802,944,1403,1447,1039,1199,1373,1306,802,1458,1038,856,991,929,813,876,821,1697,1943,1134,1553,1423,941,812,958,1226,934,802,1146,1109,1021,1926,0,0,0,0,0,0,0,0,0,0,0,0,0,0,0,0,0,0,0,0,100,0,0,0,0,0,0,0,0,0,5,0,189166.4086303711,213507.4780883789,0,404334891008,8589930496,37773029376,12402688
199,1724800409396,802,944,1403,1447,1039,1199,1373,1306,802,1458,1038,856,991,929,813,876,821,1697,1943,1134,1553,1423,941,812,958,1226,934,802,1146,1109,1021,1926,0,0,0,0,0,0,0,0,0,0,0,5,0,0,0,0,0,0,0,0,100,0,0,0,0,0,0,0,0,0,0,0,189166.82000732422,213512.92529296875,0,404334891008,8589930496,37773029376,12402688
199,1724800409596,802,944,1403,1447,1039,1199,1373,1306,802,1458,1038,856,991,929,813,876,821,1697,1943,1134,1553,1423,941,812,958,1226,934,802,1146,1109,1021,1926,0,0,0,0,0,0,0,0,0,0,0,5,0,0,0,0,0,0,0,0,100,0,0,0,0,0,0,0,0,0,0,0,189167.24212646484,213518.30700683594,0,404334891008,8589930496,37772771328,12402688
199,1724800409796,802,944,1403,1447,1039,1199,1373,1306,802,1458,1038,856,991,929,813,876,821,1697,1943,1134,1553,1423,941,812,958,1226,934,802,1146,1109,1021,1926,0,0,0,0,0,2.5,0,0,0,0,0,2.3809523582458496,2.5,0,2.5,0,0,0,2.4390242099761963,0,100,0,0,0,2.4390242099761963,0,0,0,0,0,2.5641026496887207,2.5,189167.68041992188,213523.75372314453,0,404334891008,8589930496,37773312000,12402688
199,1724800409996,802,944,1403,1447,1039,1199,1373,1306,802,1458,1038,856,991,929,813,876,821,1697,1943,1134,1553,1423,941,812,958,1226,934,802,1146,1109,1021,1926,20,10.526315689086914,0,0,10.526315689086914,0,9.523809432983398,0,0,0,0,5.263157844543457,9.523809432983398,0,0,5.263157844543457,0,0,0,4.761904716491699,100,0,0,0,0,0,10,4.761904716491699,0,10,0,0,189168.3975830078,213529.76495361328,0,404334891008,8589930496,37773029376,12402688
199,1724800410196,802,944,1403,1447,1039,1199,1373,1306,802,1458,1038,856,991,929,813,876,821,1697,1943,1134,1553,1423,941,812,958,1226,934,802,1146,1109,1021,1926,20,10.526315689086914,0,0,10.526315689086914,0,9.523809432983398,0,0,0,0,5.263157844543457,9.523809432983398,0,0,5.263157844543457,0,0,0,4.761904716491699,100,0,0,0,0,0,10,4.761904716491699,0,10,0,0,189168.86297607422,213535.19689941406,0,404334891008,8589930496,37773029376,12402688
199,1724800410396,802,944,1403,1447,1039,1199,1373,1306,802,1458,1038,856,991,929,813,876,821,1697,1943,1134,1553,1423,941,812,958,1226,934,802,1146,1109,1021,1926,0,0,0,0,0,0,0,0,0,0,0,0,0,2.5,4.878048419952393,0,0,0,2.5,0,100,0,0,0,0,0,0,0,0,0,0,0,189169.7713623047,213540.71557617188,0,404334891008,8589930496,37773029376,12402688
199,1724800410597,802,944,1403,1447,1039,1199,1373,1306,802,1458,1038,856,991,929,813,876,821,1697,1943,1134,1553,1423,941,812,958,1226,934,802,1146,1109,1021,1926,0,0,0,0,4.761904716491699,0,0,0,0,0,0,0,0,5,0,0,0,0,0,0,100,0,0,0,0,0,0,0,0,0,0,5,189170.5474243164,213546.1841430664,0,404334891008,8589930496,37773029376,12402688
199,1724800410797,802,944,1403,1447,1039,1199,1373,1306,802,1458,1038,856,991,929,813,876,821,1697,1943,1134,1553,1423,941,812,958,1226,934,802,1146,1109,1021,1926,0,0,0,0,0,0,0,0,0,0,0,0,0,0,0,0,0,0,0,0,100,0,0,0,0,0,0,0,0,0,0,0,189171.2367553711,213551.65087890625,0,404334891008,8589930496,37773029376,12402688
199,1724800410997,802,944,1403,1447,1039,1199,1373,1306,802,1458,1038,856,991,929,813,876,821,1697,1943,1134,1553,1423,941,812,958,1226,934,802,1146,1109,1021,1926,0,5,0,0,0,0,0,0,4.761904716491699,0,4.761904716491699,0,0,0,0,0,0,0,0,0,100,0,0,0,0,0,0,0,0,0,0,0,189171.8399658203,213557.16259765625,0,404334891008,8589930496,37773033472,12402688
199,1724800411197,802,944,1403,1447,1039,1199,1373,1306,802,1458,1038,856,991,929,813,876,821,1697,1943,1134,1553,1423,941,812,958,1226,934,802,1146,1109,1021,1926,0,5,0,0,0,0,0,0,4.761904716491699,0,4.761904716491699,0,0,0,0,0,0,0,0,0,100,0,0,0,0,0,0,0,0,0,0,0,189172.34552001953,213562.58203125,0,404334891008,8589930496,37773037568,12402688
199,1724800411397,802,944,1403,1447,1039,1199,1373,1306,802,1458,1038,856,991,929,813,876,821,1697,1943,1134,1553,1423,941,812,958,1226,934,802,1146,1109,1021,1926,0,0,0,0,0,0,0,2.5,0,0,0,0,0,7.317072868347168,0,0,0,0,4.878048419952393,0,100,0,0,0,0,0,0,0,0,0,0,2.5,189172.79736328125,213567.99627685547,0,404334891008,8589930496,37773037568,12402688
199,1724800411597,802,944,1403,1447,1039,1199,1373,1306,802,1458,1038,856,991,929,813,876,821,1697,1943,1134,1553,1423,941,812,958,1226,934,802,1146,1109,1021,1926,0,0,0,25,0,0,0,0,0,0,0,0,0,14.285715103149414,0,0,0,0,0,0,80,0,0,0,0,0,0,0,0,0,0,0,189173.22216796875,213573.42645263672,0,404334891008,8589930496,37773037568,12402688
199,1724800411797,802,944,1403,1447,1039,1199,1373,1306,802,1458,1038,856,991,929,813,876,821,1697,1943,1134,1553,1423,941,812,958,1226,934,802,1146,1109,1021,1926,0,0,0,100,0,0,0,0,0,0,0,0,0,0,0,0,0,0,0,0,0,0,0,0,0,0,0,0,0,0,0,0,189173.66119384766,213578.84252929688,0,404334891008,8589930496,37773037568,12402688
199,1724800411997,802,944,1403,1447,1039,1199,1373,1306,802,1458,1038,856,991,929,813,876,821,1697,1943,1134,1553,1423,941,812,958,1226,934,802,1146,1109,1021,1926,0,0,0,100,0,0,0,0,0,0,0,0,0,9.523809432983398,5,0,0,0,5,0,0,0,0,0,0,0,0,0,0,0,0,0,189174.12628173828,213584.3032836914,0,404334891008,8589930496,37773041664,12402688
199,1724800412197,802,944,1403,1447,1039,1199,1373,1306,802,1458,1038,856,991,929,813,876,821,1697,1943,1134,1553,1423,941,812,958,1226,934,802,1146,1109,1021,1926,0,0,0,100,0,0,0,4.761904716491699,0,0,0,0,0,5,0,0,0,0,0,0,0,0,0,0,0,0,0,0,0,0,0,5,189174.6015625,213589.71710205078,0,404334891008,8589930496,37773041664,12402688
199,1724800412398,802,944,1403,1447,1039,1199,1373,1306,802,1458,1038,856,991,929,813,876,821,1697,1943,1134,1553,1423,941,812,958,1226,934,802,1146,1109,1021,1926,0,0,0,100,0,0,0,0,0,0,0,0,0,0,0,0,0,0,0,0,0,0,0,0,0,0,0,0,0,0,0,0,189175.0669555664,213595.12573242188,0,404334891008,8589930496,37773041664,12402688
199,1724800412598,802,944,1403,1447,1039,1199,1373,1306,802,1458,1038,856,991,929,813,876,821,1697,1943,1134,1553,1423,941,812,958,1226,934,802,1146,1109,1021,1926,0,0,0,100,0,0,0,0,0,0,0,0,0,5,0,0,0,0,0,0,0,0,0,0,0,0,0,0,0,0,0,0,189175.52490234375,213600.53253173828,0,404334891008,8589930496,37773041664,12402688
199,1724800412798,802,944,1403,1447,1039,1199,1373,1306,802,1458,1038,856,991,929,813,876,821,1697,1943,1134,1553,1423,941,812,958,1226,934,802,1146,1109,1021,1926,9.523809432983398,5,10,35,5.263157844543457,5,9.523809432983398,10,5,0,0,5,9.523809432983398,9.523809432983398,5,9.523809432983398,5,9.523809432983398,9.523809432983398,5,68.42105102539063,5,5,9.523809432983398,18.18181800842285,5,5,5,5,5,9.523809432983398,5,189176.1128540039,213606.0770263672,0,404334891008,8589930496,37773041664,12402688
199,1724800412998,802,944,1403,1447,1039,1199,1373,1306,802,1458,1038,856,991,929,813,876,821,1697,1943,1134,1553,1423,941,812,958,1226,934,802,1146,1109,1021,1926,0,0,0,0,0,0,0,0,0,5,0,0,0,0,0,0,0,0,0,0,100,0,0,0,0,0,0,0,0,0,0,0,189176.52734375,213611.50817871094,0,404334891008,8589930496,37773041664,12402688
199,1724800413198,802,944,1403,1447,1039,1199,1373,1306,802,1458,1038,856,991,929,813,876,821,1697,1943,1134,1553,1423,941,812,958,1226,934,802,1146,1109,1021,1926,0,0,0,0,0,0,0,5,0,0,0,0,0,0,0,0,4.761904716491699,0,0,0,100,0,0,0,0,0,0,5,0,0,0,4.761904716491699,189176.93157958984,213616.92822265625,0,404334891008,8589930496,37773041664,12402688
199,1724800413398,802,944,1403,1447,1039,1199,1373,1306,802,1458,1038,856,991,929,813,876,821,1697,1943,1134,1553,1423,941,812,958,1226,934,802,1146,1109,1021,1926,0,0,0,0,0,0,0,0,0,0,0,0,0,0,0,0,0,0,4.761904716491699,0,100,0,0,0,9.523809432983398,0,0,4.761904716491699,0,0,0,0,189177.37005615234,213622.3959350586,0,404334891008,8589930496,37773041664,12402688
199,1724800413598,802,944,1403,1447,1039,1199,1373,1306,802,1458,1038,856,991,929,813,876,821,1697,1943,1134,1553,1423,941,812,958,1226,934,802,1146,1109,1021,1926,0,0,0,0,0,0,0,0,0,0,0,0,0,0,0,0,0,0,0,0,100,0,4.761904716491699,0,5,0,0,5,0,0,0,0,189177.81323242188,213627.80487060547,0,404334891008,8589930496,37773045760,12402688
199,1724800413798,802,944,1403,1447,1039,1199,1373,1306,802,1458,1038,856,991,929,813,876,821,1697,1943,1134,1553,1423,941,812,958,1226,934,802,1146,1109,1021,1926,0,0,0,0,0,0,0,0,4.761904716491699,0,4.761904716491699,0,0,0,0,0,0,0,0,0,100,0,0,0,5,0,0,0,0,0,0,4.761904716491699,189178.26202392578,213633.22332763672,0,404334891008,8589930496,37773045760,12402688
199,1724800413998,802,944,1403,1447,1039,1199,1373,1306,802,1458,1038,856,991,929,813,876,821,1697,1943,1134,1553,1423,941,812,958,1226,934,802,1146,1109,1021,1926,0,0,0,0,0,0,4.761904716491699,0,4.761904716491699,4.761904716491699,0,4.761904716491699,5,0,0,0,0,0,4.761904716491699,0,100,0,5,0,5,0,0,0,0,0,0,0,189178.69903564453,213638.65991210938,0,404334891008,8589930496,37773041664,12402688
199,1724800414199,802,944,1403,1447,1039,1199,1373,1306,802,1458,1038,856,991,929,813,876,821,1697,1943,1134,1553,1423,941,812,958,1226,934,802,1146,1109,1021,1926,0,0,0,0,0,0,5,5.263157844543457,0,15.789472579956055,0,0,0,0,0,0,0,9.523809432983398,0,0,100,5,0,0,0,0,0,0,0,10.526315689086914,4.761904716491699,0,189179.31927490234,213644.4014892578,0,404334891008,8589930496,37773041664,12402688
199,1724800414399,802,944,1403,1447,1039,1199,1373,1306,802,1458,1038,856,991,929,813,876,821,1697,1943,1134,1553,1423,941,812,958,1226,934,802,1146,1109,1021,1926,0,0,0,0,0,0,0,0,4.761904716491699,0,0,0,0,0,0,0,0,0,0,0,100,0,0,0,0,0,0,0,0,0,0,5,189179.7596435547,213649.85119628906,0,404334891008,8589930496,37773041664,12402688
199,1724800414599,802,944,1403,1447,1039,1199,1373,1306,802,1458,1038,856,991,929,813,876,821,1697,1943,1134,1553,1423,941,812,958,1226,934,802,1146,1109,1021,1926,0,0,0,0,0,0,0,0,0,0,0,0,0,0,0,0,0,0,0,0,100,0,0,0,4.761904716491699,0,0,0,0,0,0,5,189180.21069335938,213655.25170898438,0,404334891008,8589930496,37773041664,12402688
199,1724800414799,802,944,1403,1447,1039,1199,1373,1306,802,1458,1038,856,991,929,813,876,821,1697,1943,1134,1553,1423,941,812,958,1226,934,802,1146,1109,1021,1926,0,0,0,0,0,0,0,0,0,0,0,0,0,0,0,0,0,0,0,0,100,0,0,0,5,0,0,0,0,0,4.761904716491699,0,189180.64483642578,213660.65063476563,0,404334891008,8589930496,37773041664,12402688
199,1724800414999,802,944,1403,1447,1039,1199,1373,1306,802,1458,1038,856,991,929,813,876,821,1697,1943,1134,1553,1423,941,812,958,1226,934,802,1146,1109,1021,1926,0,0,0,0,0,0,0,0,0,0,0,0,0,0,0,0,0,0,4.761904716491699,0,100,0,0,0,5,0,0,0,0,0,5,0,189181.1010131836,213666.05541992188,0,404334891008,8589930496,37773041664,12402688
199,1724800415199,802,944,1403,1447,1039,1199,1373,1306,802,1458,1038,856,991,929,813,876,821,1697,1943,1134,1553,1423,941,812,958,1226,934,802,1146,1109,1021,1926,5,0,0,0,0,0,0,5,0,0,0,0,0,0,0,0,0,0,0,0,100,0,0,0,0,0,0,0,0,0,4.761904716491699,0,189181.5757446289,213671.49560546875,0,404334891008,8589930496,37773041664,12402688
199,1724800415399,802,944,1403,1447,1039,1199,1373,1306,802,1458,1038,856,991,929,813,876,821,1697,1943,1134,1553,1423,941,812,958,1226,934,802,1146,1109,1021,1926,0,0,0,0,0,0,0,0,0,0,0,5,0,0,0,0,0,0,0,0,100,0,9.523809432983398,0,0,0,0,0,0,0,5,5,189182.03802490234,213676.9408569336,0,404334891008,8589930496,37773041664,12402688
199,1724800415599,802,944,1403,1447,1039,1199,1373,1306,802,1458,1038,856,991,929,813,876,821,1697,1943,1134,1553,1423,941,812,958,1226,934,802,1146,1109,1021,1926,0,0,0,0,0,0,0,0,0,0,0,0,0,0,0,0,0,0,0,0,100,0,0,0,0,0,0,0,0,0,0,0,189182.4755859375,213682.3358154297,0,404334891008,8589930496,37773041664,12402688
199,1724800415800,802,944,1403,1447,1039,1199,1373,1306,802,1458,1038,856,991,929,813,876,821,1697,1943,1134,1553,1423,941,812,958,1226,934,802,1146,1109,1021,1926,0,0,0,0,0,0,5,0,0,0,5,0,0,0,0,0,0,0,0,4.761904716491699,100,0,0,0,0,0,4.761904716491699,0,0,0,0,4.761904716491699,189182.94696044922,213687.75299072266,0,404334891008,8589930496,37773107200,12402688
199,1724800416000,802,944,1403,1447,1039,1199,1373,1306,802,1458,1038,856,991,929,813,876,821,1697,1943,1134,1553,1423,941,812,958,1226,934,802,1146,1109,1021,1926,0,9.090909004211426,0,0,0,0,0,0,0,0,0,0,0,0,0,0,0,0,0,0,100,0,5,0,0,0,0,0,0,4.761904716491699,0,0,189183.3905029297,213693.19122314453,0,404334891008,8589930496,37773111296,12402688
199,1724800416200,802,944,1403,1447,1039,1199,1373,1306,802,1458,1038,856,991,929,813,876,821,1697,1943,1134,1553,1423,941,812,958,1226,934,802,1146,1109,1021,1926,0,9.090909004211426,0,0,0,0,0,0,0,0,0,0,0,0,0,0,0,0,0,0,100,0,5,0,0,0,0,0,0,4.761904716491699,0,0,189183.81732177734,213698.60455322266,0,404334891008,8589930496,37773111296,12402688
199,1724800416400,802,944,1403,1447,1039,1199,1373,1306,802,1458,1038,856,991,929,813,876,821,1697,1943,1134,1553,1423,941,812,958,1226,934,802,1146,1109,1021,1926,0,0,0,0,0,0,0,0,0,0,0,0,0,0,0,0,0,0,0,0,100,0,0,0,0,0,0,0,0,0,4.761904716491699,0,189184.27081298828,213704.01098632813,0,404334891008,8589930496,37772808192,12402688
199,1724800416600,802,944,1403,1447,1039,1199,1373,1306,802,1458,1038,856,991,929,813,876,821,1697,1943,1134,1553,1423,941,812,958,1226,934,802,1146,1109,1021,1926,0,0,0,0,0,0,0,0,0,0,0,9.090909004211426,0,4.761904716491699,0,0,0,0,5,0,100,0,0,0,0,0,0,0,0,0,0,5,189184.7371826172,213709.43914794922,0,404334891008,8589930496,37772808192,12402688
199,1724800416800,802,944,1403,1447,1039,1199,1373,1306,802,1458,1038,856,991,929,813,876,821,1697,1943,1134,1553,1423,941,812,958,1226,934,802,1146,1109,1021,1926,0,0,0,0,0,0,0,0,0,0,0,0,0,0,0,0,0,0,4.761904716491699,0,100,0,0,0,0,0,0,0,0,0,0,5,189185.18017578125,213714.84539794922,0,404334891008,8589930496,37772808192,12402688
199,1724800417000,802,944,1403,1447,1039,1199,1373,1306,802,1458,1038,856,991,929,813,876,821,1697,1943,1134,1553,1423,941,812,958,1226,934,802,1146,1109,1021,1926,0,0,0,0,0,0,0,0,0,0,0,0,4.761904716491699,0,0,0,0,0,5,0,100,0,0,0,0,0,5,4.761904716491699,0,4.761904716491699,0,5,189185.59802246094,213720.27899169922,0,404334891008,8589930496,37772808192,12402688
199,1724800417200,802,944,1403,1447,1039,1199,1373,1306,802,1458,1038,856,991,929,813,876,821,1697,1943,1134,1553,1423,941,812,958,1226,934,802,1146,1109,1021,1926,0,0,0,0,0,0,0,0,4.761904716491699,0,0,0,0,0,0,0,0,0,0,5,100,0,0,0,0,0,0,0,0,0,0,0,189185.99548339844,213725.6865234375,0,404334891008,8589930496,37772808192,12402688
199,1724800417401,802,944,1403,1447,1039,1199,1373,1306,802,1458,1038,856,991,929,813,876,821,1697,1943,1134,1553,1423,941,812,958,1226,934,802,1146,1109,1021,1926,0,0,0,0,0,0,0,0,0,0,4.761904716491699,0,0,0,0,0,0,0,4.761904716491699,0,100,0,0,0,0,0,0,0,0,0,0,5,189186.41845703125,213731.08990478516,0,404334891008,8589930496,37772750848,12402688
199,1724800417601,802,944,1403,1447,1039,1199,1373,1306,802,1458,1038,856,991,929,813,876,821,1697,1943,1134,1553,1423,941,812,958,1226,934,802,1146,1109,1021,1926,0,0,0,0,0,0,0,0,0,0,0,0,0,0,0,0,0,0,0,0,100,0,0,0,0,0,0,0,0,0,0,0,189186.85314941406,213736.4829711914,0,404334891008,8589930496,37772750848,12402688
199,1724800417801,802,944,1403,1447,1039,1199,1373,1306,802,1458,1038,856,991,929,813,876,821,1697,1943,1134,1553,1423,941,812,958,1226,934,802,1146,1109,1021,1926,0,0,0,0,0,0,0,0,0,0,0,0,5,5,0,0,0,0,0,5,100,0,0,0,0,0,0,5,0,5,0,4.761904716491699,189187.3060913086,213742.03784179688,0,404334891008,8589930496,37772816384,12402688
199,1724800418001,802,944,1403,1447,1039,1199,1373,1306,802,1458,1038,856,991,929,813,876,821,1697,1943,1134,1553,1423,941,812,958,1226,934,802,1146,1109,1021,1926,0,0,0,0,0,0,0,0,0,0,0,0,0,0,0,0,0,0,0,0,100,0,0,0,0,0,0,0,0,0,0,0,189187.76861572266,213747.42901611328,0,404334891008,8589930496,37772795904,12402688
199,1724800418201,802,944,1403,1447,1039,1199,1373,1306,802,1458,1038,856,991,929,813,876,821,1697,1943,1134,1553,1423,941,812,958,1226,934,802,1146,1109,1021,1926,0,0,0,0,0,0,0,4.761904716491699,0,0,4.761904716491699,0,0,0,0,0,0,0,0,0,100,0,0,5,4.761904716491699,0,0,0,0,0,0,0,189188.24475097656,213752.8706665039,0,404334891008,8589930496,37772820480,12402688
199,1724800418401,802,944,1403,1447,1039,1199,1373,1306,802,1458,1038,856,991,929,813,876,821,1697,1943,1134,1553,1423,941,812,958,1226,934,802,1146,1109,1021,1926,0,0,0,0,0,0,0,0,5,0,0,0,0,0,0,0,0,0,4.761904716491699,4.761904716491699,100,0,0,0,4.761904716491699,0,0,0,0,0,0,5.263157844543457,189188.72564697266,213758.32318115234,0,404334891008,8589930496,37772824576,12402688
199,1724800418601,802,944,1403,1447,1039,1199,1373,1306,802,1458,1038,856,991,929,813,876,821,1697,1943,1134,1553,1423,941,812,958,1226,934,802,1146,1109,1021,1926,0,0,0,0,0,0,0,4.761904716491699,0,0,0,0,0,0,0,0,0,0,0,5,100,0,0,0,0,0,0,0,0,0,0,4.761904716491699,189189.1954345703,213763.73126220703,0,404334891008,8589930496,37772824576,12402688
199,1724800418801,802,944,1403,1447,1039,1199,1373,1306,802,1458,1038,856,991,929,813,876,821,1697,1943,1134,1553,1423,941,812,958,1226,934,802,1146,1109,1021,1926,0,0,0,0,0,0,0,0,0,0,0,0,0,0,0,0,0,0,0,0,100,0,0,0,0,0,0,0,0,0,0,0,189189.62133789063,213769.14282226563,0,404334891008,8589930496,37772824576,12402688
199,1724800419002,802,944,1403,1447,1039,1199,1373,1306,802,1458,1038,856,991,929,813,876,821,1697,1943,1134,1553,1423,941,812,958,1226,934,802,1146,1109,1021,1926,0,0,0,0,0,0,0,0,0,0,0,10,0,0,0,0,0,9.090909004211426,4.761904716491699,4.761904716491699,100,0,0,0,0,0,0,0,0,0,0,4.761904716491699,189190.05584716797,213774.55078125,0,404334891008,8589930496,37772824576,12402688
199,1724800419202,802,944,1403,1447,1039,1199,1373,1306,802,1458,1038,856,991,929,813,876,821,1697,1943,1134,1553,1423,941,812,958,1226,934,802,1146,1109,1021,1926,4.761904716491699,0,0,0,0,0,0,0,0,0,0,4.761904716491699,0,0,0,0,0,0,0,0,100,0,0,0,0,0,0,0,0,0,0,0,189190.5028076172,213779.99395751953,0,404334891008,8589930496,37772824576,12402688
199,1724800419402,802,944,1403,1447,1039,1199,1373,1306,802,1458,1038,856,991,929,813,876,821,1697,1943,1134,1553,1423,941,812,958,1226,934,802,1146,1109,1021,1926,0,0,0,0,0,0,0,0,0,0,0,0,0,0,0,0,0,0,0,0,100,0,0,0,0,0,0,0,0,0,0,0,189190.90197753906,213785.43243408203,0,404334891008,8589930496,37772824576,12402688
199,1724800419602,802,944,1403,1447,1039,1199,1373,1306,802,1458,1038,856,991,929,813,876,821,1697,1943,1134,1553,1423,941,812,958,1226,934,802,1146,1109,1021,1926,0,0,0,0,0,0,0,4.761904716491699,0,0,0,0,0,0,0,0,0,0,0,0,100,0,0,0,0,0,0,0,0,0,0,0,189191.32263183594,213790.83666992188,0,404334891008,8589930496,37772824576,12402688
199,1724800419802,802,944,1403,1447,1039,1199,1373,1306,802,1458,1038,856,991,929,813,876,821,1697,1943,1134,1553,1423,941,812,958,1226,934,802,1146,1109,1021,1926,0,0,0,0,0,0,0,0,0,0,0,0,0,0,0,0,0,0,0,4.761904716491699,100,0,0,0,0,0,0,0,0,0,0,0,189191.7938232422,213796.2611694336,0,404334891008,8589930496,37772824576,12402688
199,1724800420002,802,944,1403,1447,1039,1199,1373,1306,802,1458,1038,856,991,929,813,876,821,1697,1943,1134,1553,1423,941,812,958,1226,934,802,1146,1109,1021,1926,0,0,0,0,0,0,4.761904716491699,0,0,0,0,0,0,0,0,0,0,0,4.761904716491699,0,100,0,0,0,0,0,0,0,0,0,0,4.761904716491699,189192.2451171875,213801.66442871094,0,404334891008,8589930496,37772824576,12402688
199,1724800420203,802,944,1403,1447,1039,1199,1373,1306,802,1458,1038,856,991,929,813,876,821,1697,1943,1134,1553,1423,941,812,958,1226,934,802,1146,1109,1021,1926,0,0,0,0,0,0,0,4.761904716491699,0,0,0,0,0,0,0,0,0,0,0,5,100,0,0,0,0,0,0,0,0,0,0,0,189192.7021484375,213807.10443115234,0,404334891008,8589930496,37772570624,12402688
199,1724800420402,802,944,1403,1447,1039,1199,1373,1306,802,1458,1038,856,991,929,813,876,821,1697,1943,1134,1553,1423,941,812,958,1226,934,802,1146,1109,1021,1926,0,0,0,0,0,0,0,4.761904716491699,0,0,0,0,0,0,0,0,0,0,0,5,100,0,0,0,0,0,0,0,0,0,0,0,189193.3017578125,213812.74536132813,0,404334891008,8589930496,37772705792,12402688
199,1724800420603,802,944,1403,1447,1039,1199,1373,1306,802,1458,1038,856,991,929,813,876,821,1697,1943,1134,1553,1423,941,812,958,1226,934,802,1146,1109,1021,1926,2.4390242099761963,2.5,0,0,0,2.5,9.756096839904785,2.5641026496887207,5,0,0,0,7.894736289978027,2.4390242099761963,0,0,2.5,2.5,0,0,100,5,7.500000476837158,0,0,0,2.5,0,2.5,0,2.4390242099761963,4.878048419952393,189193.81494140625,213818.31072998047,0,404334891008,8589930496,37772967936,12402688
199,1724800420803,802,944,1403,1447,1039,1199,1373,1306,802,1458,1038,856,991,929,813,876,821,1697,1943,1134,1553,1423,941,812,958,1226,934,802,1146,1109,1021,1926,0,0,0,0,0,0,0,0,0,0,0,0,0,0,0,0,0,0,9.090909004211426,5,100,0,0,0,0,0,0,0,0,0,4.761904716491699,0,189194.2322998047,213823.72790527344,0,404334891008,8589930496,37772972032,12402688
199,1724800421003,802,944,1403,1447,1039,1199,1373,1306,802,1458,1038,856,991,929,813,876,821,1697,1943,1134,1553,1423,941,812,958,1226,934,802,1146,1109,1021,1926,0,0,0,0,0,0,5,9.523809432983398,0,0,0,0,0,0,0,0,0,0,0,0,100,0,0,0,0,0,0,0,0,0,0,0,189194.69427490234,213829.14178466797,0,404334891008,8589930496,37772972032,12402688
199,1724800421203,802,944,1403,1447,1039,1199,1373,1306,802,1458,1038,856,991,929,813,876,821,1697,1943,1134,1553,1423,941,812,958,1226,934,802,1146,1109,1021,1926,0,4.761904716491699,0,0,0,0,0,0,0,0,0,0,0,0,0,0,0,0,4.761904716491699,0,100,0,0,0,0,0,0,0,0,0,5,0,189195.1103515625,213834.54754638672,0,404334891008,8589930496,37772972032,12402688
199,1724800421403,802,944,1403,1447,1039,1199,1373,1306,802,1458,1038,856,991,929,813,876,821,1697,1943,1134,1553,1423,941,812,958,1226,934,802,1146,1109,1021,1926,0,0,0,0,0,0,0,0,0,0,0,5,0,0,0,0,0,0,0,0,100,0,0,0,0,0,0,0,0,0,0,0,189195.52935791016,213839.962890625,0,404334891008,8589930496,37772972032,12402688
199,1724800421603,802,944,1403,1447,1039,1199,1373,1306,802,1458,1038,856,991,929,813,876,821,1697,1943,1134,1553,1423,941,812,958,1226,934,802,1146,1109,1021,1926,0,0,0,0,0,0,0,0,0,4.761904716491699,0,4.761904716491699,0,0,0,0,0,0,0,0,100,0,0,0,0,0,5,0,0,0,4.761904716491699,0,189195.95654296875,213845.41632080078,0,404334891008,8589930496,37772972032,12402688
199,1724800421803,802,944,1403,1447,1039,1199,1373,1306,802,1458,1038,856,991,929,813,876,821,1697,1943,1134,1553,1423,941,812,958,1226,934,802,1146,1109,1021,1926,0,0,0,0,0,0,0,0,0,0,5,5,0,0,0,0,0,0,0,0,100,0,0,0,0,0,0,0,0,0,0,0,189196.38885498047,213850.8413696289,0,404334891008,8589930496,37772972032,12402688
199,1724800422003,802,944,1403,1447,1039,1199,1373,1306,802,1458,1038,856,991,929,813,876,821,1697,1943,1134,1553,1423,941,812,958,1226,934,802,1146,1109,1021,1926,0,0,0,0,0,0,0,0,0,0,0,0,0,0,0,0,0,0,9.523809432983398,0,100,0,0,0,0,0,0,0,0,0,0,0,189196.8184814453,213856.26641845703,0,404334891008,8589930496,37772972032,12402688
199,1724800422204,802,944,1403,1447,1039,1199,1373,1306,802,1458,1038,856,991,929,813,876,821,1697,1943,1134,1553,1423,941,812,958,1226,934,802,1146,1109,1021,1926,0,0,0,0,0,0,0,0,0,0,0,0,0,0,0,0,0,0,0,5,100,0,0,0,0,0,0,0,0,0,0,0,189197.24951171875,213861.68823242188,0,404334891008,8589930496,37772972032,12402688
199,1724800422404,802,944,1403,1447,1039,1199,1373,1306,802,1458,1038,856,991,929,813,876,821,1697,1943,1134,1553,1423,941,812,958,1226,934,802,1146,1109,1021,1926,0,4.761904716491699,0,0,0,0,0,4.761904716491699,0,0,0,0,0,0,0,0,0,0,0,0,100,0,0,0,0,0,0,0,0,0,0,0,189197.7339477539,213867.1021118164,0,404334891008,8589930496,37772972032,12402688
199,1724800422604,802,944,1403,1447,1039,1199,1373,1306,802,1458,1038,856,991,929,813,876,821,1697,1943,1134,1553,1423,941,812,958,1226,934,802,1146,1109,1021,1926,0,0,0,0,0,0,0,0,0,0,0,4.761904716491699,0,0,0,0,0,0,0,5,100,0,0,0,0,0,0,0,0,0,0,0,189198.18853759766,213872.55395507813,0,404334891008,8589930496,37772972032,12402688
199,1724800422804,802,944,1403,1447,1039,1199,1373,1306,802,1458,1038,856,991,929,813,876,821,1697,1943,1134,1553,1423,941,812,958,1226,934,802,1146,1109,1021,1926,0,0,0,0,0,0,0,0,0,0,0,0,5,0,0,0,0,0,0,0,100,0,0,0,0,0,0,0,0,0,0,0,189198.61944580078,213878.0040283203,0,404334891008,8589930496,37772972032,12402688
199,1724800423004,802,944,1403,1447,1039,1199,1373,1306,802,1458,1038,856,991,929,813,876,821,1697,1943,1134,1553,1423,941,812,958,1226,934,802,1146,1109,1021,1926,0,0,0,0,0,0,0,5,0,0,0,0,0,0,0,0,0,0,0,5,100,0,0,0,0,0,0,0,0,0,0,0,189199.06127929688,213883.42645263672,0,404334891008,8589930496,37772972032,12402688
199,1724800423204,802,944,1403,1447,1039,1199,1373,1306,802,1458,1038,856,991,929,813,876,821,1697,1943,1134,1553,1423,941,812,958,1226,934,802,1146,1109,1021,1926,0,0,0,0,0,0,0,0,0,0,0,0,0,0,0,0,0,4.761904716491699,4.761904716491699,5,100,0,0,0,0,0,0,0,0,0,0,0,189199.47271728516,213888.83227539063,0,404334891008,8589930496,37772976128,12402688
199,1724800423404,802,944,1403,1447,1039,1199,1373,1306,802,1458,1038,856,991,929,813,876,821,1697,1943,1134,1553,1423,941,812,958,1226,934,802,1146,1109,1021,1926,0,0,0,0,0,0,0,4.761904716491699,0,0,0,5,0,0,0,0,0,0,0,4.761904716491699,100,0,0,0,0,0,0,0,0,0,0,0,189199.89978027344,213894.29364013672,0,404334891008,8589930496,37772976128,12402688
199,1724800423604,802,944,1403,1447,1039,1199,1373,1306,802,1458,1038,856,991,929,813,876,821,1697,1943,1134,1553,1423,941,812,958,1226,934,802,1146,1109,1021,1926,0,0,0,0,0,0,4.761904716491699,0,0,0,0,0,0,0,0,4.761904716491699,0,0,0,5,100,0,0,0,0,0,0,0,0,0,0,0,189200.33770751953,213899.7459716797,0,404334891008,8589930496,37772976128,12402688
199,1724800423805,802,944,1403,1447,1039,1199,1373,1306,802,1458,1038,856,991,929,813,876,821,1697,1943,1134,1553,1423,941,812,958,1226,934,802,1146,1109,1021,1926,0,0,0,0,0,0,0,0,0,0,0,0,0,0,0,0,0,0,0,0,100,0,0,0,0,0,0,0,0,0,0,0,189200.7622680664,213905.1697998047,0,404334891008,8589930496,37772980224,12402688
199,1724800424005,802,944,1403,1447,1039,1199,1373,1306,802,1458,1038,856,991,929,813,876,821,1697,1943,1134,1553,1423,941,812,958,1226,934,802,1146,1109,1021,1926,0,0,0,0,0,0,0,0,0,0,0,0,0,0,0,0,0,0,0,0,100,0,0,0,0,0,0,0,0,0,0,0,189201.1971435547,213910.58319091797,0,404334891008,8589930496,37772980224,12402688
199,1724800424205,802,944,1403,1447,1039,1199,1373,1306,802,1458,1038,856,991,929,813,876,821,1697,1943,1134,1553,1423,941,812,958,1226,934,802,1146,1109,1021,1926,0,0,0,0,0,0,0,5,5,0,0,0,0,0,0,0,0,0,9.523809432983398,0,100,0,0,0,0,0,0,0,0,0,0,5,189201.63055419922,213916.00256347656,0,404334891008,8589930496,37772980224,12402688
199,1724800424405,802,944,1403,1447,1039,1199,1373,1306,802,1458,1038,856,991,929,813,876,821,1697,1943,1134,1553,1423,941,812,958,1226,934,802,1146,1109,1021,1926,4.761904716491699,0,0,0,0,0,0,5,10,0,9.523809432983398,19.047618865966797,0,0,0,0,0,5,0,4.761904716491699,100,0,5,0,0,0,0,0,0,0,0,0,189202.43090820313,213921.80590820313,0,404334891008,8589930496,37772980224,12402688
199,1724800424605,802,944,1403,1447,1039,1199,1373,1306,802,1458,1038,856,991,929,813,876,821,1697,1943,1134,1553,1423,941,812,958,1226,934,802,1146,1109,1021,1926,4.761904716491699,0,0,0,0,0,0,5,10,0,9.523809432983398,19.047618865966797,0,0,0,0,0,5,0,4.761904716491699,100,0,5,0,0,0,0,0,0,0,0,0,189202.92840576172,213927.2567138672,0,404334891008,8589930496,37772984320,12402688
199,1724800424805,802,944,1403,1447,1039,1199,1373,1306,802,1458,1038,856,991,929,813,876,821,1697,1943,1134,1553,1423,941,812,958,1226,934,802,1146,1109,1021,1926,2.4390242099761963,2.5,0,0,0,0,2.5,0,0,2.4390242099761963,0,0,0,0,0,0,0,0,2.5,0,100,0,0,0,2.5,0,0,0,0,0,0,0,189203.4285888672,213932.72021484375,0,404334891008,8589930496,37772984320,12402688
199,1724800425005,802,944,1403,1447,1039,1199,1373,1306,802,1458,1038,856,991,929,813,876,821,1697,1943,1134,1553,1423,941,812,958,1226,934,802,1146,1109,1021,1926,0,0,0,0,0,0,0,0,0,0,0,0,0,0,0,0,0,0,0,4.761904716491699,100,0,0,0,5.263157844543457,0,0,0,0,0,0,0,189203.8451538086,213938.1202392578,0,404334891008,8589930496,37772984320,12402688
199,1724800425205,802,944,1403,1447,1039,1199,1373,1306,802,1458,1038,856,991,929,813,876,821,1697,1943,1134,1553,1423,941,812,958,1226,934,802,1146,1109,1021,1926,0,0,0,0,0,0,0,0,0,0,0,0,0,0,0,0,0,4.761904716491699,0,0,100,0,0,0,0,0,0,0,0,0,0,0,189204.3335571289,213943.52880859375,0,404334891008,8589930496,37772984320,12402688
199,1724800425406,802,944,1403,1447,1039,1199,1373,1306,802,1458,1038,856,991,929,813,876,821,1697,1943,1134,1553,1423,941,812,958,1226,934,802,1146,1109,1021,1926,0,0,0,0,0,0,5,0,0,0,5,0,0,4.761904716491699,0,0,0,0,4.761904716491699,4.761904716491699,100,0,0,0,4.761904716491699,0,0,0,0,4.761904716491699,0,0,189204.9984741211,213949.01489257813,0,404334891008,8589930496,37772984320,12402688
199,1724800425606,802,944,1403,1447,1039,1199,1373,1306,802,1458,1038,856,991,929,813,876,821,1697,1943,1134,1553,1423,941,812,958,1226,934,802,1146,1109,1021,1926,10,5,5,5,5,5,0,5.263157844543457,5,5,5,5,10,0,9.523809432983398,10.526315689086914,5,0,5,0,100,5,5,5,0,9.523809432983398,5,5,5,5,5,5,189205.57025146484,213954.55096435547,0,404334891008,8589930496,37772988416,12402688
199,1724800425806,802,944,1403,1447,1039,1199,1373,1306,802,1458,1038,856,991,929,813,876,821,1697,1943,1134,1553,1423,941,812,958,1226,934,802,1146,1109,1021,1926,0,0,0,0,0,0,0,0,0,0,0,0,0,0,0,0,0,0,0,5,100,0,0,0,0,0,0,0,0,0,0,0,189205.98663330078,213959.96417236328,0,404334891008,8589930496,37772988416,12402688
199,1724800426006,802,944,1403,1447,1039,1199,1373,1306,802,1458,1038,856,991,929,813,876,821,1697,1943,1134,1553,1423,941,812,958,1226,934,802,1146,1109,1021,1926,0,0,0,0,0,0,0,4.761904716491699,0,0,0,0,0,0,0,0,0,0,0,0,100,0,0,0,0,0,0,0,0,0,0,0,189206.39575195313,213965.36572265625,0,404334891008,8589930496,37772988416,12402688
199,1724800426206,802,944,1403,1447,1039,1199,1373,1306,802,1458,1038,856,991,929,813,876,821,1697,1943,1134,1553,1423,941,812,958,1226,934,802,1146,1109,1021,1926,0,0,0,0,0,0,0,0,0,0,0,0,0,0,5,0,0,0,0,0,100,0,0,0,4.761904716491699,0,0,0,0,0,0,0,189206.81146240234,213970.78192138672,0,404334891008,8589930496,37772988416,12402688
199,1724800426406,802,944,1403,1447,1039,1199,1373,1306,802,1458,1038,856,991,929,813,876,821,1697,1943,1134,1553,1423,941,812,958,1226,934,802,1146,1109,1021,1926,0,0,0,0,0,0,4.761904716491699,4.761904716491699,0,0,0,0,0,0,0,0,0,0,0,4.761904716491699,100,0,0,0,0,0,0,0,0,0,0,0,189207.20837402344,213976.1909790039,0,404334891008,8589930496,37772988416,12402688
199,1724800426606,802,944,1403,1447,1039,1199,1373,1306,802,1458,1038,856,991,929,813,876,821,1697,1943,1134,1553,1423,941,812,958,1226,934,802,1146,1109,1021,1926,9.523809432983398,0,0,0,0,0,0,0,0,0,0,5,0,0,0,0,0,0,0,0,100,0,0,0,0,0,0,4.761904716491699,0,0,0,0,189207.66534423828,213981.64825439453,0,404334891008,8589930496,37772992512,12402688
199,1724800426806,802,944,1403,1447,1039,1199,1373,1306,802,1458,1038,856,991,929,813,876,821,1697,1943,1134,1553,1423,941,812,958,1226,934,802,1146,1109,1021,1926,0,0,0,0,0,0,0,0,0,0,0,0,0,0,5,0,0,0,0,0,100,0,0,0,5,0,0,0,0,0,0,0,189208.0938720703,213987.04986572266,0,404334891008,8589930496,37772992512,12402688
199,1724800427007,802,944,1403,1447,1039,1199,1373,1306,802,1458,1038,856,991,929,813,876,821,1697,1943,1134,1553,1423,941,812,958,1226,934,802,1146,1109,1021,1926,0,0,0,0,0,0,0,0,0,0,0,0,0,0,0,0,0,0,0,0,100,0,0,0,0,0,0,0,0,0,0,0,189208.4878540039,213992.439453125,0,404334891008,8589930496,37772992512,12402688
199,1724800427207,802,944,1403,1447,1039,1199,1373,1306,802,1458,1038,856,991,929,813,876,821,1697,1943,1134,1553,1423,941,812,958,1226,934,802,1146,1109,1021,1926,0,0,0,0,0,0,0,0,0,0,0,0,0,0,0,0,0,0,0,0,100,0,0,5,0,0,0,0,0,0,0,0,189208.93548583984,213997.84930419922,0,404334891008,8589930496,37773221888,12402688
199,1724800427407,802,944,1403,1447,1039,1199,1373,1306,802,1458,1038,856,991,929,813,876,821,1697,1943,1134,1553,1423,941,812,958,1226,934,802,1146,1109,1021,1926,0,0,0,0,4.761904716491699,0,0,0,0,0,0,0,0,0,0,0,0,0,4.761904716491699,0,100,0,0,0,0,0,0,0,0,0,4.761904716491699,0,189209.32904052734,214003.24786376953,0,404334891008,8589930496,37773160448,12402688
199,1724800427607,802,944,1403,1447,1039,1199,1373,1306,802,1458,1038,856,991,929,813,876,821,1697,1943,1134,1553,1423,941,812,958,1226,934,802,1146,1109,1021,1926,0,0,0,0,0,0,0,0,0,0,0,0,5,0,0,0,0,0,0,0,100,0,0,4.761904716491699,0,0,0,0,0,0,4.761904716491699,0,189209.71899414063,214008.6849975586,0,404334891008,8589930496,37773160448,12402688
199,1724800427807,802,944,1403,1447,1039,1199,1373,1306,802,1458,1038,856,991,929,813,876,821,1697,1943,1134,1553,1423,941,812,958,1226,934,802,1146,1109,1021,1926,5,0,0,0,0,5,4.761904716491699,0,0,0,0,0,0,5,4.761904716491699,0,0,0,0,0,100,0,0,0,5,0,0,0,0,0,0,0,189210.13049316406,214014.14349365234,0,404334891008,8589930496,37773160448,12402688
199,1724800428007,802,944,1403,1447,1039,1199,1373,1306,802,1458,1038,856,991,929,813,876,821,1697,1943,1134,1553,1423,941,812,958,1226,934,802,1146,1109,1021,1926,0,0,0,0,0,0,0,0,0,4.761904716491699,0,0,0,0,5,0,0,0,0,5,100,0,0,0,0,0,0,0,0,0,4.761904716491699,0,189210.51928710938,214019.54364013672,0,404334891008,8589930496,37773164544,12402688
199,1724800428207,802,944,1403,1447,1039,1199,1373,1306,802,1458,1038,856,991,929,813,876,821,1697,1943,1134,1553,1423,941,812,958,1226,934,802,1146,1109,1021,1926,0,0,0,0,0,0,0,0,0,0,0,0,0,0,0,0,0,0,0,0,100,0,0,0,0,0,0,0,0,0,0,0,189210.94451904297,214024.93768310547,0,404334891008,8589930496,37773164544,12402688
199,1724800428407,802,944,1403,1447,1039,1199,1373,1306,802,1458,1038,856,991,929,813,876,821,1697,1943,1134,1553,1423,941,812,958,1226,934,802,1146,1109,1021,1926,0,0,0,0,0,4.761904716491699,0,0,0,0,0,0,0,0,10,0,0,0,4.761904716491699,0,100,0,0,0,0,0,0,0,0,0,0,0,189211.3709716797,214030.3911743164,0,404334891008,8589930496,37773164544,12402688
199,1724800428608,802,944,1403,1447,1039,1199,1373,1306,802,1458,1038,856,991,929,813,876,821,1697,1943,1134,1553,1423,941,812,958,1226,934,802,1146,1109,1021,1926,0,0,0,0,0,0,0,0,0,4.761904716491699,0,0,0,0,0,5,0,0,0,0,100,0,0,5,0,0,0,0,0,0,0,4.761904716491699,189211.80444335938,214035.82891845703,0,404334891008,8589930496,37773164544,12402688
199,1724800428808,802,944,1403,1447,1039,1199,1373,1306,802,1458,1038,856,991,929,813,876,821,1697,1943,1134,1553,1423,941,812,958,1226,934,802,1146,1109,1021,1926,0,0,0,0,0,0,0,0,0,4.761904716491699,0,0,0,0,0,5,0,0,0,0,100,0,0,5,0,0,0,0,0,0,0,4.761904716491699,189212.20037841797,214041.2244873047,0,404334891008,8589930496,37773164544,12402688
199,1724800429008,802,944,1403,1447,1039,1199,1373,1306,802,1458,1038,856,991,929,813,876,821,1697,1943,1134,1553,1423,941,812,958,1226,934,802,1146,1109,1021,1926,0,0,0,0,0,0,0,2.4390242099761963,0,0,0,0,0,0,5,0,0,0,2.4390242099761963,2.5,100,0,0,0,0,0,0,0,0,0,0,0,189212.6088256836,214046.6469116211,0,404334891008,8589930496,37773164544,12402688
199,1724800429208,802,944,1403,1447,1039,1199,1373,1306,802,1458,1038,856,991,929,813,876,821,1697,1943,1134,1553,1423,941,812,958,1226,934,802,1146,1109,1021,1926,0,0,0,0,0,0,0,5,0,0,0,0,0,0,4.761904716491699,0,0,0,0,0,100,0,0,0,0,0,0,0,0,0,0,0,189213.04711914063,214052.05633544922,0,404334891008,8589930496,37773164544,12402688
199,1724800429408,802,944,1403,1447,1039,1199,1373,1306,802,1458,1038,856,991,929,813,876,821,1697,1943,1134,1553,1423,941,812,958,1226,934,802,1146,1109,1021,1926,0,0,0,0,0,4.761904716491699,0,0,0,0,0,0,0,0,0,0,0,0,0,4.761904716491699,100,0,0,0,0,0,0,0,0,0,0,0,189213.48486328125,214057.50830078125,0,404334891008,8589930496,37773164544,12402688
199,1724800429608,802,944,1403,1447,1039,1199,1373,1306,802,1458,1038,856,991,929,813,876,821,1697,1943,1134,1553,1423,941,812,958,1226,934,802,1146,1109,1021,1926,0,0,0,0,9.523809432983398,0,0,0,0,0,5,0,0,0,0,0,0,0,0,0,100,0,0,0,0,0,0,0,0,0,0,0,189213.91668701172,214062.93798828125,0,404334891008,8589930496,37773164544,12402688
199,1724800429808,802,944,1403,1447,1039,1199,1373,1306,802,1458,1038,856,991,929,813,876,821,1697,1943,1134,1553,1423,941,812,958,1226,934,802,1146,1109,1021,1926,0,0,0,0,0,0,5,0,0,0,0,0,0,0,0,0,0,0,4.761904716491699,0,100,0,0,0,0,0,0,0,0,0,0,0,189214.36248779297,214068.3374633789,0,404334891008,8589930496,37773164544,12402688
199,1724800430008,802,944,1403,1447,1039,1199,1373,1306,802,1458,1038,856,991,929,813,876,821,1697,1943,1134,1553,1423,941,812,958,1226,934,802,1146,1109,1021,1926,0,0,0,0,0,0,0,0,0,0,0,0,0,0,0,0,0,0,0,0,100,0,0,0,0,0,0,0,0,0,0,0,189214.79486083984,214073.73278808594,0,404334891008,8589930496,37773164544,12402688
199,1724800430209,802,944,1403,1447,1039,1199,1373,1306,802,1458,1038,856,991,929,813,876,821,1697,1943,1134,1553,1423,941,812,958,1226,934,802,1146,1109,1021,1926,0,0,0,0,0,4.761904716491699,0,0,0,0,0,0,0,0,0,0,0,0,0,0,100,0,0,0,0,0,4.761904716491699,4.761904716491699,0,0,0,0,189215.2905883789,214079.1513671875,0,404334891008,8589930496,37773164544,12402688
199,1724800430409,802,944,1403,1447,1039,1199,1373,1306,802,1458,1038,856,991,929,813,876,821,1697,1943,1134,1553,1423,941,812,958,1226,934,802,1146,1109,1021,1926,0,0,0,0,0,4.761904716491699,0,0,0,0,0,0,0,0,0,0,0,0,0,0,100,0,0,0,0,0,4.761904716491699,4.761904716491699,0,0,0,0,189216.5078125,214084.70806884766,0,404334891008,8589930496,37773234176,12402688
199,1724800430609,802,944,1403,1447,1039,1199,1373,1306,802,1458,1038,856,991,929,813,876,821,1697,1943,1134,1553,1423,941,812,958,1226,934,802,1146,1109,1021,1926,0,0,0,0,0,0,0,0,0,0,0,2.4390242099761963,4.878048419952393,0,0,0,0,0,0,0,100,2.5,0,0,0,0,0,0,0,0,0,0,189217.01220703125,214090.18798828125,0,404334891008,8589930496,37772984320,12402688
199,1724800430809,802,944,1403,1447,1039,1199,1373,1306,802,1458,1038,856,991,929,813,876,821,1697,1943,1134,1553,1423,941,812,958,1226,934,802,1146,1109,1021,1926,0,15.000000953674316,0,0,0,4.761904716491699,0,0,0,0,0,0,0,0,0,9.523809432983398,0,0,0,0,100,0,0,0,4.761904716491699,0,0,0,0,0,0,0,189217.57348632813,214095.70434570313,0,404334891008,8589930496,37778968576,12402688
199,1724800431009,802,944,1403,1447,1039,1199,1373,1306,802,1458,1038,856,991,929,813,876,821,1697,1943,1134,1553,1423,941,812,958,1226,934,802,1146,1109,1021,1926,15.789472579956055,4.761904716491699,0,0,0,5,4.761904716491699,0,10,0,0,5,0,0,0,5.263157844543457,0,0,0,10,100,0,0,0,0,0,5.263157844543457,14.285715103149414,0,5,0,4.761904716491699,189218.77044677734,214101.74182128906,0,404334891008,8589930496,37773246464,12402688
199,1724800431209,802,944,1403,1447,1039,1199,1373,1306,802,1458,1038,856,991,929,813,876,821,1697,1943,1134,1553,1423,941,812,958,1226,934,802,1146,1109,1021,1926,0,0,0,0,0,5,0,0,0,0,0,0,0,4.761904716491699,0,0,0,0,0,0,100,0,5,0,0,0,0,0,0,0,0,0,189220.49938964844,214107.35974121094,0,404334891008,8589930496,37773246464,12402688
199,1724800431409,802,944,1403,1447,1039,1199,1373,1306,802,1458,1038,856,991,929,813,876,821,1697,1943,1134,1553,1423,941,812,958,1226,934,802,1146,1109,1021,1926,0,0,0,0,0,4.761904716491699,0,0,0,0,0,0,0,0,0,0,0,0,4.761904716491699,0,100,0,0,0,0,0,0,0,0,0,0,0,189222.0916748047,214112.9005126953,0,404334891008,8589930496,37773246464,12402688
199,1724800431609,802,944,1403,1447,1039,1199,1373,1306,802,1458,1038,856,991,929,813,876,821,1697,1943,1134,1553,1423,941,812,958,1226,934,802,1146,1109,1021,1926,0,0,0,0,0,0,0,0,0,0,0,0,0,4.761904716491699,0,0,0,0,0,0,100,0,0,0,0,0,0,0,0,0,0,0,189223.5809326172,214118.4146118164,0,404334891008,8589930496,37773246464,12402688
199,1724800431810,802,944,1403,1447,1039,1199,1373,1306,802,1458,1038,856,991,929,813,876,821,1697,1943,1134,1553,1423,941,812,958,1226,934,802,1146,1109,1021,1926,0,0,0,0,0,0,0,0,0,0,0,0,0,0,0,0,0,0,0,4.761904716491699,100,0,0,0,0,0,0,0,0,0,0,0,189224.5864868164,214123.87762451172,0,404334891008,8589930496,37773246464,12402688
199,1724800432010,802,944,1403,1447,1039,1199,1373,1306,802,1458,1038,856,991,929,813,876,821,1697,1943,1134,1553,1423,941,812,958,1226,934,802,1146,1109,1021,1926,0,0,0,0,0,0,0,0,4.761904716491699,0,0,0,0,0,0,0,0,0,0,0,100,0,4.761904716491699,5,0,0,4.761904716491699,0,0,0,0,0,189225.88861083984,214129.4608154297,0,404334891008,8589930496,37773246464,12402688
199,1724800432210,802,944,1403,1447,1039,1199,1373,1306,802,1458,1038,856,991,929,813,876,821,1697,1943,1134,1553,1423,941,812,958,1226,934,802,1146,1109,1021,1926,0,5,0,0,0,0,0,0,0,0,0,0,0,0,0,0,0,0,0,0,100,0,0,0,0,0,0,0,0,0,0,0,189226.3931274414,214134.90295410156,0,404334891008,8589930496,37773246464,12402688
199,1724800432410,802,944,1403,1447,1039,1199,1373,1306,802,1458,1038,856,991,929,813,876,821,1697,1943,1134,1553,1423,941,812,958,1226,934,802,1146,1109,1021,1926,4.761904716491699,4.761904716491699,0,0,0,0,0,0,0,0,0,0,4.761904716491699,0,0,0,0,0,4.761904716491699,4.761904716491699,100,4.761904716491699,0,0,0,0,0,0,0,0,0,0,189226.8662109375,214140.3543701172,0,404334891008,8589930496,37773246464,12402688
199,1724800432610,802,944,1403,1447,1039,1199,1373,1306,802,1458,1038,856,991,929,813,876,821,1697,1943,1134,1553,1423,941,812,958,1226,934,802,1146,1109,1021,1926,5,0,0,0,0,0,0,0,0,0,0,0,0,0,0,0,0,0,0,0,100,0,0,0,0,0,0,0,0,0,0,0,189227.27142333984,214145.7680053711,0,404334891008,8589930496,37773254656,12402688
199,1724800432810,802,944,1403,1447,1039,1199,1373,1306,802,1458,1038,856,991,929,813,876,821,1697,1943,1134,1553,1423,941,812,958,1226,934,802,1146,1109,1021,1926,0,0,0,0,0,0,0,0,0,0,0,0,4.761904716491699,0,0,0,0,0,0,0,100,0,0,0,0,0,0,0,0,0,0,0,189227.68383789063,214151.23205566406,0,404334891008,8589930496,37773254656,12402688
199,1724800433010,802,944,1403,1447,1039,1199,1373,1306,802,1458,1038,856,991,929,813,876,821,1697,1943,1134,1553,1423,941,812,958,1226,934,802,1146,1109,1021,1926,5,5,0,0,0,0,0,4.761904716491699,0,0,0,5,5,0,4.761904716491699,0,0,0,0,0,100,0,0,0,0,0,0,0,0,0,0,0,189228.07751464844,214156.7120361328,0,404334891008,8589930496,37773258752,12402688
199,1724800433211,802,944,1403,1447,1039,1199,1373,1306,802,1458,1038,856,991,929,813,876,821,1697,1943,1134,1553,1423,941,812,958,1226,934,802,1146,1109,1021,1926,0,5,0,90.47618865966797,0,0,0,0,0,0,0,0,0,0,0,0,4.761904716491699,0,0,5,9.523809432983398,0,0,0,0,0,0,0,0,0,4.761904716491699,0,189228.4998779297,214162.16088867188,0,404334891008,8589930496,37773258752,12402688
199,1724800433411,802,944,1403,1447,1039,1199,1373,1306,802,1458,1038,856,991,929,813,876,821,1697,1943,1134,1553,1423,941,812,958,1226,934,802,1146,1109,1021,1926,0,0,0,100,0,0,0,0,0,0,0,0,5,0,0,0,0,0,0,4.761904716491699,0,0,0,0,0,0,0,0,0,0,4.761904716491699,0,189228.87322998047,214167.61993408203,0,404334891008,8589930496,37773258752,12402688
199,1724800433611,802,944,1403,1447,1039,1199,1373,1306,802,1458,1038,856,991,929,813,876,821,1697,1943,1134,1553,1423,941,812,958,1226,934,802,1146,1109,1021,1926,0,0,0,100,0,0,0,0,0,0,0,0,0,0,0,0,0,0,0,0,0,0,0,0,0,0,0,0,0,0,0,0,189229.22595214844,214173.06048583984,0,404334891008,8589930496,37773258752,12402688
199,1724800433811,802,944,1403,1447,1039,1199,1373,1306,802,1458,1038,856,991,929,813,876,821,1697,1943,1134,1553,1423,941,812,958,1226,934,802,1146,1109,1021,1926,0,0,0,100,0,0,0,0,0,0,0,0,5,0,0,0,0,0,0,0,0,4.761904716491699,0,0,0,0,0,0,0,0,5,0,189229.6103515625,214178.50720214844,0,404334891008,8589930496,37773262848,12402688
199,1724800434011,802,944,1403,1447,1039,1199,1373,1306,802,1458,1038,856,991,929,813,876,821,1697,1943,1134,1553,1423,941,812,958,1226,934,802,1146,1109,1021,1926,9.523809432983398,4.761904716491699,0,100,0,0,0,5,0,0,0,0,0,0,0,0,0,0,4.761904716491699,0,0,0,0,0,0,0,0,0,0,0,0,0,189230.03552246094,214183.97973632813,0,404334891008,8589930496,37773258752,12402688
199,1724800434211,802,944,1403,1447,1039,1199,1373,1306,802,1458,1038,856,991,929,813,876,821,1697,1943,1134,1553,1423,941,812,958,1226,934,802,1146,1109,1021,1926,0,0,0,100,0,0,0,0,0,0,0,0,0,0,0,0,0,0,0,0,0,0,0,0,0,0,0,0,0,0,0,0,189230.41662597656,214189.39990234375,0,404334891008,8589930496,37773258752,12402688
199,1724800434411,802,944,1403,1447,1039,1199,1373,1306,802,1458,1038,856,991,929,813,876,821,1697,1943,1134,1553,1423,941,812,958,1226,934,802,1146,1109,1021,1926,5,0,0,100,0,0,0,0,0,0,0,0,0,0,0,0,0,0,0,0,0,0,0,0,0,0,0,0,0,0,4.761904716491699,0,189230.83587646484,214194.87634277344,0,404334891008,8589930496,37773258752,12402688
199,1724800434611,802,944,1403,1447,1039,1199,1373,1306,802,1458,1038,856,991,929,813,876,821,1697,1943,1134,1553,1423,941,812,958,1226,934,802,1146,1109,1021,1926,5,0,0,100,0,0,0,0,0,0,0,0,0,0,0,0,0,0,0,0,0,0,0,0,0,0,0,0,0,0,4.761904716491699,0,189231.67449951172,214200.62322998047,0,404334891008,8589930496,37773262848,12402688
199,1724800434812,802,944,1403,1447,1039,1199,1373,1306,802,1458,1038,856,991,929,813,876,821,1697,1943,1134,1553,1423,941,812,958,1226,934,802,1146,1109,1021,1926,2.5,0,0,100,0,0,2.4390242099761963,0,0,0,0,2.4390242099761963,0,5.128205299377441,5.263157844543457,2.4390242099761963,2.4390242099761963,0,0,2.5,0,0,0,0,2.5,2.5,0,0,0,0,5,0,189232.216796875,214206.14709472656,0,404334891008,8589930496,37773262848,12402688
199,1724800435012,802,944,1403,1447,1039,1199,1373,1306,802,1458,1038,856,991,929,813,876,821,1697,1943,1134,1553,1423,941,812,958,1226,934,802,1146,1109,1021,1926,0,0,0,100,0,0,0,0,4.761904716491699,0,0,0,0,0,0,0,0,0,0,0,0,0,0,0,0,0,0,0,0,0,0,0,189232.81158447266,214211.6167602539,0,404334891008,8589930496,37773266944,12402688
199,1724800435212,802,944,1403,1447,1039,1199,1373,1306,802,1458,1038,856,991,929,813,876,821,1697,1943,1134,1553,1423,941,812,958,1226,934,802,1146,1109,1021,1926,5,0,0,100,0,0,0,0,0,0,0,0,0,0,0,4.761904716491699,0,0,0,0,0,0,0,0,0,0,0,0,0,0,0,0,189233.29064941406,214217.06103515625,0,404334891008,8589930496,37773266944,12402688
199,1724800435412,802,944,1403,1447,1039,1199,1373,1306,802,1458,1038,856,991,929,813,876,821,1697,1943,1134,1553,1423,941,812,958,1226,934,802,1146,1109,1021,1926,0,0,0,100,0,0,0,0,0,0,0,0,0,0,0,0,5,0,0,5,0,0,0,0,0,0,0,0,0,0,0,0,189233.77764892578,214222.51373291016,0,404334891008,8589930496,37773266944,12402688
199,1724800435612,802,944,1403,1447,1039,1199,1373,1306,802,1458,1038,856,991,929,813,876,821,1697,1943,1134,1553,1423,941,812,958,1226,934,802,1146,1109,1021,1926,0,0,0,100,0,0,0,0,0,0,0,0,0,0,0,0,0,0,0,0,0,0,0,0,0,0,0,0,0,0,0,0,189234.29498291016,214227.92578125,0,404334891008,8589930496,37773299712,12402688
199,1724800435812,802,944,1403,1447,1039,1199,1373,1306,802,1458,1038,856,991,929,813,876,821,1697,1943,1134,1553,1423,941,812,958,1226,934,802,1146,1109,1021,1926,0,0,0,100,0,0,0,0,0,0,0,0,0,0,0,0,0,0,0,5,0,0,0,0,0,0,0,0,0,0,5,0,189234.8080444336,214233.357421875,0,404334891008,8589930496,37773266944,12402688
199,1724800436012,802,944,1403,1447,1039,1199,1373,1306,802,1458,1038,856,991,929,813,876,821,1697,1943,1134,1553,1423,941,812,958,1226,934,802,1146,1109,1021,1926,0,0,0,100,0,0,0,4.761904716491699,0,0,4.761904716491699,5,0,0,0,0,0,0,0,0,0,0,0,0,0,0,0,0,0,0,4.761904716491699,0,189235.36877441406,214238.83081054688,0,404334891008,8589930496,37773266944,12402688
199,1724800436212,802,944,1403,1447,1039,1199,1373,1306,802,1458,1038,856,991,929,813,876,821,1697,1943,1134,1553,1423,941,812,958,1226,934,802,1146,1109,1021,1926,0,0,5,100,0,0,0,0,0,0,0,0,0,0,0,0,0,0,0,5,0,0,0,0,0,0,0,0,0,0,0,0,189235.84112548828,214244.27893066406,0,404334891008,8589930496,37773266944,12402688
199,1724800436412,802,944,1403,1447,1039,1199,1373,1306,802,1458,1038,856,991,929,813,876,821,1697,1943,1134,1553,1423,941,812,958,1226,934,802,1146,1109,1021,1926,4.761904716491699,0,0,100,0,0,0,0,0,0,0,0,0,4.761904716491699,0,0,0,0,0,0,0,0,0,0,0,0,4.761904716491699,0,0,0,0,0,189236.4115600586,214249.75067138672,0,404334891008,8589930496,37773266944,12402688
199,1724800436613,802,944,1403,1447,1039,1199,1373,1306,802,1458,1038,856,991,929,813,876,821,1697,1943,1134,1553,1423,941,812,958,1226,934,802,1146,1109,1021,1926,0,0,5,100,0,0,0,0,0,0,0,0,0,0,0,0,0,0,4.761904716491699,0,0,0,0,0,0,0,0,0,4.761904716491699,0,0,0,189236.86248779297,214255.1937866211,0,404334891008,8589930496,37773266944,12402688
199,1724800436813,802,944,1403,1447,1039,1199,1373,1306,802,1458,1038,856,991,929,813,876,821,1697,1943,1134,1553,1423,941,812,958,1226,934,802,1146,1109,1021,1926,0,4.761904716491699,4.761904716491699,100,0,0,0,0,0,0,0,0,0,0,0,0,0,0,0,0,0,0,0,0,0,0,0,0,0,0,0,0,189237.29559326172,214260.65643310547,0,404334891008,8589930496,37773266944,12402688
199,1724800437013,802,944,1403,1447,1039,1199,1373,1306,802,1458,1038,856,991,929,813,876,821,1697,1943,1134,1553,1423,941,812,958,1226,934,802,1146,1109,1021,1926,0,4.761904716491699,5,100,0,0,0,0,0,0,0,0,0,5,0,0,0,0,0,4.761904716491699,0,0,0,0,0,0,0,0,0,0,0,0,189237.69891357422,214266.10443115234,0,404334891008,8589930496,37773266944,12402688
199,1724800437213,802,944,1403,1447,1039,1199,1373,1306,802,1458,1038,856,991,929,813,876,821,1697,1943,1134,1553,1423,941,812,958,1226,934,802,1146,1109,1021,1926,0,4.761904716491699,5,100,0,0,0,0,0,0,0,0,0,5,0,0,0,0,0,4.761904716491699,0,0,0,0,0,0,0,0,0,0,0,0,189238.12072753906,214271.54174804688,0,404334891008,8589930496,37773266944,12402688
199,1724800437413,802,944,1403,1447,1039,1199,1373,1306,802,1458,1038,856,991,929,813,876,821,1697,1943,1134,1553,1423,941,812,958,1226,934,802,1146,1109,1021,1926,0,0,0,100,0,0,0,0,0,0,0,0,0,0,0,0,0,0,0,0,0,0,0,0,0,0,0,0,0,0,0,0,189238.54083251953,214276.95831298828,0,404334891008,8589930496,37773266944,12402688
199,1724800437613,802,944,1403,1447,1039,1199,1373,1306,802,1458,1038,856,991,929,813,876,821,1697,1943,1134,1553,1423,941,812,958,1226,934,802,1146,1109,1021,1926,0,0,0,100,0,0,0,0,0,0,0,0,0,0,0,0,0,0,0,0,0,0,0,0,0,0,0,0,0,0,0,0,189238.9448852539,214282.3565673828,0,404334891008,8589930496,37773271040,12402688
199,1724800437813,802,944,1403,1447,1039,1199,1373,1306,802,1458,1038,856,991,929,813,876,821,1697,1943,1134,1553,1423,941,812,958,1226,934,802,1146,1109,1021,1926,5,0,9.523809432983398,100,0,0,4.761904716491699,0,0,0,0,0,0,0,0,0,0,0,0,0,0,0,0,0,0,0,0,0,5,0,0,0,189239.36407470703,214287.82550048828,0,404334891008,8589930496,37773271040,12402688
199,1724800438013,802,944,1403,1447,1039,1199,1373,1306,802,1458,1038,856,991,929,813,876,821,1697,1943,1134,1553,1423,941,812,958,1226,934,802,1146,1109,1021,1926,4.761904716491699,0,0,100,0,0,0,0,4.761904716491699,0,0,0,0,0,0,0,0,0,4.761904716491699,0,0,0,0,0,0,0,4.761904716491699,0,0,0,0,0,189239.80377197266,214293.26049804688,0,404334891008,8589930496,37773205504,12402688
199,1724800438214,802,944,1403,1447,1039,1199,1373,1306,802,1458,1038,856,991,929,813,876,821,1697,1943,1134,1553,1423,941,812,958,1226,934,802,1146,1109,1021,1926,0,0,5,100,0,0,0,0,0,0,0,0,0,0,0,0,0,0,0,0,0,0,0,0,0,0,0,0,0,0,0,0,189240.23901367188,214298.68774414063,0,404334891008,8589930496,37773205504,12402688
199,1724800438414,802,944,1403,1447,1039,1199,1373,1306,802,1458,1038,856,991,929,813,876,821,1697,1943,1134,1553,1423,941,812,958,1226,934,802,1146,1109,1021,1926,0,0,5,100,0,0,4.761904716491699,0,0,0,0,0,0,0,0,0,0,0,0,0,0,0,0,0,0,0,0,0,0,0,0,0,189240.67248535156,214304.16802978516,0,404334891008,8589930496,37773205504,12402688
199,1724800438614,802,944,1403,1447,1039,1199,1373,1306,802,1458,1038,856,991,929,813,876,821,1697,1943,1134,1553,1423,941,812,958,1226,934,802,1146,1109,1021,1926,5,5,9.523809432983398,100,5,5,5,9.523809432983398,5,5,10,9.523809432983398,5,9.523809432983398,19.047618865966797,5,9.523809432983398,9.523809432983398,5,5,5,5,5,5,5,5,5,5,5,5,5.263157844543457,5,189241.30615234375,214309.72869873047,0,404334891008,8589930496,37773205504,12402688
199,1724800438814,802,944,1403,1447,1039,1199,1373,1306,802,1458,1038,856,991,929,813,876,821,1697,1943,1134,1553,1423,941,812,958,1226,934,802,1146,1109,1021,1926,0,0,0,100,0,4.761904716491699,0,0,0,0,0,0,0,0,0,0,0,0,0,0,0,0,0,0,0,0,0,0,0,0,0,0,189241.73754882813,214315.12518310547,0,404334891008,8589930496,37773205504,12402688
199,1724800439014,802,944,1403,1447,1039,1199,1373,1306,802,1458,1038,856,991,929,813,876,821,1697,1943,1134,1553,1423,941,812,958,1226,934,802,1146,1109,1021,1926,0,0,0,100,0,0,0,5,0,4.761904716491699,5,0,0,0,0,0,0,0,0,4.761904716491699,0,0,0,5,0,0,0,0,0,0,0,0,189242.18560791016,214320.58013916016,0,404334891008,8589930496,37773090816,12402688
199,1724800439214,802,944,1403,1447,1039,1199,1373,1306,802,1458,1038,856,991,929,813,876,821,1697,1943,1134,1553,1423,941,812,958,1226,934,802,1146,1109,1021,1926,0,0,0,100,0,0,0,0,0,0,0,0,0,0,0,0,0,0,0,0,0,0,5,0,5,0,0,0,0,0,0,0,189242.5958251953,214326.02734375,0,404334891008,8589930496,37773209600,12402688
199,1724800439414,802,944,1403,1447,1039,1199,1373,1306,802,1458,1038,856,991,929,813,876,821,1697,1943,1134,1553,1423,941,812,958,1226,934,802,1146,1109,1021,1926,0,0,0,100,0,0,0,0,0,0,0,0,0,0,0,0,0,0,0,0,0,0,0,0,0,0,0,0,0,0,0,0,189243.0166015625,214331.4789428711,0,404334891008,8589930496,37773209600,12402688
199,1724800439614,802,944,1403,1447,1039,1199,1373,1306,802,1458,1038,856,991,929,813,876,821,1697,1943,1134,1553,1423,941,812,958,1226,934,802,1146,1109,1021,1926,0,0,0,100,0,0,0,0,0,0,0,0,0,0,0,0,0,0,0,4.761904716491699,0,0,0,0,0,0,0,0,0,0,0,0,189243.45080566406,214336.88836669922,0,404334891008,8589930496,37773209600,12402688
199,1724800439815,802,944,1403,1447,1039,1199,1373,1306,802,1458,1038,856,991,929,813,876,821,1697,1943,1134,1553,1423,941,812,958,1226,934,802,1146,1109,1021,1926,0,0,0,100,0,0,0,0,0,0,5,0,0,0,0,0,0,0,0,0,0,0,0,0,0,0,0,0,0,0,0,0,189243.8510131836,214342.30908203125,0,404334891008,8589930496,37773209600,12402688
199,1724800440015,802,944,1403,1447,1039,1199,1373,1306,802,1458,1038,856,991,929,813,876,821,1697,1943,1134,1553,1423,941,812,958,1226,934,802,1146,1109,1021,1926,0,0,0,100,0,0,0,5,0,0,4.761904716491699,0,0,0,0,0,0,0,0,4.761904716491699,0,0,4.761904716491699,0,0,0,0,0,0,0,0,0,189244.2328491211,214347.72064208984,0,404334891008,8589930496,37773213696,12402688
199,1724800440215,802,944,1403,1447,1039,1199,1373,1306,802,1458,1038,856,991,929,813,876,821,1697,1943,1134,1553,1423,941,812,958,1226,934,802,1146,1109,1021,1926,0,0,0,100,0,0,0,4.761904716491699,0,0,5,0,0,0,0,0,0,0,0,0,0,0,0,0,0,0,9.090909004211426,0,0,0,0,0,189244.63409423828,214353.21197509766,0,404334891008,8589930496,37773209600,12402688
199,1724800440415,802,944,1403,1447,1039,1199,1373,1306,802,1458,1038,856,991,929,813,876,821,1697,1943,1134,1553,1423,941,812,958,1226,934,802,1146,1109,1021,1926,0,0,0,100,0,0,0,4.761904716491699,0,0,5,0,0,0,0,0,0,0,0,0,0,0,0,0,0,0,9.090909004211426,0,0,0,0,0,189245.0460205078,214358.6474609375,0,404334891008,8589930496,37775101952,12402688
199,1724800440615,802,944,1403,1447,1039,1199,1373,1306,802,1458,1038,856,991,929,813,876,821,1697,1943,1134,1553,1423,941,812,958,1226,934,802,1146,1109,1021,1926,0,0,0,100,0,0,0,5,2.5,0,0,2.4390242099761963,2.4390242099761963,0,2.4390242099761963,0,0,0,0,0,0,0,0,0,0,0,0,0,0,0,2.5,0,189245.4627685547,214364.0859375,0,404334891008,8589930496,37775478784,12402688
199,1724800440815,802,944,1403,1447,1039,1199,1373,1306,802,1458,1038,856,991,929,813,876,821,1697,1943,1134,1553,1423,941,812,958,1226,934,802,1146,1109,1021,1926,0,0,0,100,0,0,0,4.761904716491699,0,0,0,5,0,0,0,0,0,0,0,0,0,0,0,0,0,0,0,0,0,0,0,0,189245.87969970703,214369.5098876953,0,404334891008,8589930496,37775478784,12402688
199,1724800441015,802,944,1403,1447,1039,1199,1373,1306,802,1458,1038,856,991,929,813,876,821,1697,1943,1134,1553,1423,941,812,958,1226,934,802,1146,1109,1021,1926,0,0,0,100,0,0,0,0,0,4.761904716491699,0,0,0,0,0,0,0,0,0,4.761904716491699,0,0,0,0,0,0,0,0,0,0,0,0,189246.29357910156,214374.9405517578,0,404334891008,8589930496,37775478784,12402688
199,1724800441215,802,944,1403,1447,1039,1199,1373,1306,802,1458,1038,856,991,929,813,876,821,1697,1943,1134,1553,1423,941,812,958,1226,934,802,1146,1109,1021,1926,0,5,0,100,0,0,0,0,0,0,0,0,0,0,5,0,0,0,0,0,0,0,0,0,0,0,0,0,0,0,0,0,189246.71856689453,214380.388671875,0,404334891008,8589930496,37775224832,12402688
199,1724800441415,802,944,1403,1447,1039,1199,1373,1306,802,1458,1038,856,991,929,813,876,821,1697,1943,1134,1553,1423,941,812,958,1226,934,802,1146,1109,1021,1926,5,20,0,100,0,0,5,10,14.285715103149414,0,4.761904716491699,10,5,14.285715103149414,0,5,0,0,0,0,0,0,0,0,0,0,0,4.761904716491699,0,5,5,0,189247.35772705078,214386.29296875,0,404334891008,8589930496,37775572992,12402688
199,1724800441616,802,944,1403,1447,1039,1199,1373,1306,802,1458,1038,856,991,929,813,876,821,1697,1943,1134,1553,1423,941,812,958,1226,934,802,1146,1109,1021,1926,0,0,0,100,0,0,0,0,5,4.761904716491699,0,5,5,0,0,0,0,0,0,5,0,0,10,0,0,0,0,5,0,0,0,0,189247.9921875,214391.9634399414,0,404334891008,8589930496,37775622144,12402688
199,1724800441816,802,944,1403,1447,1039,1199,1373,1306,802,1458,1038,856,991,929,813,876,821,1697,1943,1134,1553,1423,941,812,958,1226,934,802,1146,1109,1021,1926,0,0,0,100,0,0,0,0,0,0,0,0,0,0,0,0,0,0,0,0,0,0,0,0,0,0,0,0,0,0,0,0,189248.46655273438,214397.40966796875,0,404334891008,8589930496,37775622144,12402688
199,1724800442016,802,944,1403,1447,1039,1199,1373,1306,802,1458,1038,856,991,929,813,876,821,1697,1943,1134,1553,1423,941,812,958,1226,934,802,1146,1109,1021,1926,0,0,0,100,0,0,0,0,0,0,0,0,0,0,5,0,0,0,0,4.761904716491699,0,0,0,0,0,4.761904716491699,0,0,0,0,0,0,189248.8778076172,214402.82543945313,0,404334891008,8589930496,37775622144,12402688
199,1724800442216,802,944,1403,1447,1039,1199,1373,1306,802,1458,1038,856,991,929,813,876,821,1697,1943,1134,1553,1423,941,812,958,1226,934,802,1146,1109,1021,1926,0,0,5,100,0,0,0,0,0,0,0,0,0,0,0,0,0,0,0,0,0,0,0,0,0,0,0,0,0,0,0,0,189249.322265625,214408.2498779297,0,404334891008,8589930496,37775622144,12402688
199,1724800442416,802,944,1403,1447,1039,1199,1373,1306,802,1458,1038,856,991,929,813,876,821,1697,1943,1134,1553,1423,941,812,958,1226,934,802,1146,1109,1021,1926,0,0,0,100,0,0,0,0,0,0,0,0,0,0,0,0,0,0,0,0,0,0,0,0,0,0,0,0,0,0,0,0,189249.77471923828,214413.67028808594,0,404334891008,8589930496,37775626240,12402688
199,1724800442616,802,944,1403,1447,1039,1199,1373,1306,802,1458,1038,856,991,929,813,876,821,1697,1943,1134,1553,1423,941,812,958,1226,934,802,1146,1109,1021,1926,0,0,0,100,0,0,0,0,0,0,0,0,0,0,0,0,0,0,0,4.761904716491699,0,0,0,4.761904716491699,0,5,0,0,0,0,0,0,189250.2728881836,214419.1407470703,0,404334891008,8589930496,37775622144,12402688
199,1724800442816,802,944,1403,1447,1039,1199,1373,1306,802,1458,1038,856,991,929,813,876,821,1697,1943,1134,1553,1423,941,812,958,1226,934,802,1146,1109,1021,1926,0,0,0,100,0,0,0,0,0,0,0,0,5,0,0,0,0,0,0,0,0,0,0,0,0,0,0,0,0,4.761904716491699,0,0,189251.05078125,214424.6167602539,0,404334891008,8589930496,37775622144,12402688
199,1724800443016,802,944,1403,1447,1039,1199,1373,1306,802,1458,1038,856,991,929,813,876,821,1697,1943,1134,1553,1423,941,812,958,1226,934,802,1146,1109,1021,1926,0,0,0,100,0,0,0,0,0,0,0,0,0,0,0,0,0,0,0,0,0,0,0,0,0,0,0,0,0,0,0,0,189252.12628173828,214430.11206054688,0,404334891008,8589930496,37775622144,12402688
199,1724800443217,802,944,1403,1447,1039,1199,1373,1306,802,1458,1038,856,991,929,813,876,821,1697,1943,1134,1553,1423,941,812,958,1226,934,802,1146,1109,1021,1926,0,0,0,100,0,4.761904716491699,0,4.761904716491699,0,0,4.761904716491699,0,0,0,0,4.761904716491699,0,0,0,4.761904716491699,0,0,0,0,0,0,0,0,0,0,0,0,189252.96295166016,214435.5909423828,0,404334891008,8589930496,37775622144,12402688
199,1724800443417,802,944,1403,1447,1039,1199,1373,1306,802,1458,1038,856,991,929,813,876,821,1697,1943,1134,1553,1423,941,812,958,1226,934,802,1146,1109,1021,1926,0,0,0,100,0,0,0,0,0,0,0,5,0,4.761904716491699,5,0,0,0,0,0,0,0,0,0,4.761904716491699,0,0,0,0,0,0,0,189254.54833984375,214441.2120361328,0,404334891008,8589930496,37775622144,12402688
199,1724800443617,802,944,1403,1447,1039,1199,1373,1306,802,1458,1038,856,991,929,813,876,821,1697,1943,1134,1553,1423,941,812,958,1226,934,802,1146,1109,1021,1926,0,0,0,100,0,0,0,0,0,0,0,5,0,4.761904716491699,5,0,0,0,0,0,0,0,0,0,4.761904716491699,0,0,0,0,0,0,0,189254.98248291016,214446.66778564453,0,404334891008,8589930496,37775691776,12402688
199,1724800443817,802,944,1403,1447,1039,1199,1373,1306,802,1458,1038,856,991,929,813,876,821,1697,1943,1134,1553,1423,941,812,958,1226,934,802,1146,1109,1021,1926,0,0,0,100,0,0,0,0,2.5,0,2.4390242099761963,0,4.878048419952393,0,0,0,0,0,0,0,0,0,0,0,0,0,0,2.5,0,0,0,0,189255.39532470703,214452.1180419922,0,404334891008,8589930496,37775691776,12402688
199,1724800444017,802,944,1403,1447,1039,1199,1373,1306,802,1458,1038,856,991,929,813,876,821,1697,1943,1134,1553,1423,941,812,958,1226,934,802,1146,1109,1021,1926,0,0,0,100,0,0,0,5.263157844543457,0,0,0,0,0,0,0,0,0,0,0,4.761904716491699,0,0,0,0,0,0,0,0,0,0,0,0,189255.82958984375,214457.55590820313,0,404334891008,8589930496,37775691776,12402688
199,1724800444217,802,944,1403,1447,1039,1199,1373,1306,802,1458,1038,856,991,929,813,876,821,1697,1943,1134,1553,1423,941,812,958,1226,934,802,1146,1109,1021,1926,0,0,0,100,0,0,0,0,0,0,0,0,0,0,0,0,0,0,0,0,0,0,0,0,0,0,0,0,0,0,9.523809432983398,0,189256.27142333984,214462.98333740234,0,404334891008,8589930496,37775691776,12402688
199,1724800444417,802,944,1403,1447,1039,1199,1373,1306,802,1458,1038,856,991,929,813,876,821,1697,1943,1134,1553,1423,941,812,958,1226,934,802,1146,1109,1021,1926,0,0,0,100,0,0,0,0,0,0,0,5,0,0,4.761904716491699,0,0,0,0,0,0,0,0,0,0,0,0,0,0,5,0,0,189256.73754882813,214468.47479248047,0,404334891008,8589930496,37775691776,12402688
199,1724800444617,802,944,1403,1447,1039,1199,1373,1306,802,1458,1038,856,991,929,813,876,821,1697,1943,1134,1553,1423,941,812,958,1226,934,802,1146,1109,1021,1926,0,4.761904716491699,0,100,0,0,0,0,0,5,0,4.761904716491699,0,0,0,4.761904716491699,0,0,0,4.761904716491699,0,0,0,0,0,0,0,5,0,0,0,0,189257.23236083984,214473.96337890625,0,404334891008,8589930496,37775687680,12402688
199,1724800444818,802,944,1403,1447,1039,1199,1373,1306,802,1458,1038,856,991,929,813,876,821,1697,1943,1134,1553,1423,941,812,958,1226,934,802,1146,1109,1021,1926,5,0,0,100,0,0,0,0,0,5.263157844543457,0,0,0,0,0,0,0,0,0,0,0,0,0,0,0,0,0,5,0,0,9.523809432983398,0,189257.76928710938,214479.50537109375,0,404334891008,8589930496,37781278720,12402688
199,1724800445018,802,944,1403,1447,1039,1199,1373,1306,802,1458,1038,856,991,929,813,876,821,1697,1943,1134,1553,1423,941,812,958,1226,934,802,1146,1109,1021,1926,5,0,0,100,0,0,0,0,0,5.263157844543457,0,0,0,0,0,0,0,0,0,0,0,0,0,0,0,0,0,5,0,0,9.523809432983398,0,189258.43060302734,214485.14581298828,0,404334891008,8589930496,37775691776,12402688
199,1724800445218,802,944,1403,1447,1039,1199,1373,1306,802,1458,1038,856,991,929,813,876,821,1697,1943,1134,1553,1423,941,812,958,1226,934,802,1146,1109,1021,1926,0,0,5,100,0,0,0,0,0,0,0,0,0,0,0,0,0,0,0,0,0,0,0,0,0,0,0,0,0,0,0,0,189258.90228271484,214490.57452392578,0,404334891008,8589930496,37775691776,12402688
199,1724800445418,802,944,1403,1447,1039,1199,1373,1306,802,1458,1038,856,991,929,813,876,821,1697,1943,1134,1553,1423,941,812,958,1226,934,802,1146,1109,1021,1926,0,0,5,100,0,0,0,0,0,0,0,4.761904716491699,0,0,0,0,0,0,0,0,0,0,0,0,0,0,0,0,0,4.761904716491699,0,0,189259.37176513672,214496.04815673828,0,404334891008,8589930496,37775691776,12402688
199,1724800445618,802,944,1403,1447,1039,1199,1373,1306,802,1458,1038,856,991,929,813,876,821,1697,1943,1134,1553,1423,941,812,958,1226,934,802,1146,1109,1021,1926,0,0,0,100,0,0,0,0,0,0,0,0,0,0,0,0,0,0,0,0,0,0,0,0,0,0,5,0,0,0,0,0,189259.85583496094,214501.51293945313,0,404334891008,8589930496,37775695872,12402688
199,1724800445818,802,944,1403,1447,1039,1199,1373,1306,802,1458,1038,856,991,929,813,876,821,1697,1943,1134,1553,1423,941,812,958,1226,934,802,1146,1109,1021,1926,0,0,0,100,0,0,0,0,0,0,0,0,0,0,0,0,0,0,0,4.761904716491699,0,0,0,0,0,4.761904716491699,0,4.761904716491699,0,0,0,4.761904716491699,189260.35943603516,214506.96307373047,0,404334891008,8589930496,37775630336,12402688
199,1724800446018,802,944,1403,1447,1039,1199,1373,1306,802,1458,1038,856,991,929,813,876,821,1697,1943,1134,1553,1423,941,812,958,1226,934,802,1146,1109,1021,1926,0,0,0,100,0,0,0,5,0,0,0,5,0,0,0,0,0,0,0,0,0,0,0,0,0,0,0,0,0,0,0,0,189260.8331298828,214512.3905029297,0,404334891008,8589930496,37775630336,12402688
199,1724800446218,802,944,1403,1447,1039,1199,1373,1306,802,1458,1038,856,991,929,813,876,821,1697,1943,1134,1553,1423,941,812,958,1226,934,802,1146,1109,1021,1926,0,0,0,100,0,0,0,0,0,0,0,4.761904716491699,0,0,0,0,0,0,0,0,0,0,0,0,0,0,0,0,0,0,0,0,189261.28515625,214517.78497314453,0,404334891008,8589930496,37775630336,12402688
199,1724800446418,802,944,1403,1447,1039,1199,1373,1306,802,1458,1038,856,991,929,813,876,821,1697,1943,1134,1553,1423,941,812,958,1226,934,802,1146,1109,1021,1926,5,0,0,100,0,0,0,0,4.761904716491699,0,0,0,0,0,0,0,0,0,0,0,0,0,0,0,0,0,5,0,0,0,0,0,189261.7520751953,214523.22973632813,0,404334891008,8589930496,37775630336,12402688
199,1724800446619,802,944,1403,1447,1039,1199,1373,1306,802,1458,1038,856,991,929,813,876,821,1697,1943,1134,1553,1423,941,812,958,1226,934,802,1146,1109,1021,1926,0,0,0,100,0,0,0,4.761904716491699,0,0,0,0,0,0,0,0,0,0,0,0,0,0,0,0,0,0,0,5,0,0,0,0,189262.2269897461,214528.6812133789,0,404334891008,8589930496,37775626240,12402688
199,1724800446819,802,944,1403,1447,1039,1199,1373,1306,802,1458,1038,856,991,929,813,876,821,1697,1943,1134,1553,1423,941,812,958,1226,934,802,1146,1109,1021,1926,5,0,0,100,0,0,0,5,0,0,0,0,0,0,0,0,0,0,0,5,0,0,0,0,0,0,5,0,0,0,0,0,189262.6483154297,214534.11846923828,0,404334891008,8589930496,37775634432,12402688
199,1724800447019,802,944,1403,1447,1039,1199,1373,1306,802,1458,1038,856,991,929,813,876,821,1697,1943,1134,1553,1423,941,812,958,1226,934,802,1146,1109,1021,1926,0,0,0,100,0,0,0,4.761904716491699,0,0,0,0,0,0,0,0,0,0,0,0,0,0,0,0,0,0,0,0,0,0,0,0,189263.09838867188,214539.5196533203,0,404334891008,8589930496,37775634432,12402688
199,1724800447219,802,944,1403,1447,1039,1199,1373,1306,802,1458,1038,856,991,929,813,876,821,1697,1943,1134,1553,1423,941,812,958,1226,934,802,1146,1109,1021,1926,0,0,4.761904716491699,100,0,0,0,0,0,0,0,5,0,0,0,0,0,0,0,4.761904716491699,0,0,0,0,0,0,0,0,0,0,0,0,189263.49884033203,214544.9398803711,0,404334891008,8589930496,37775638528,12402688
199,1724800447419,802,944,1403,1447,1039,1199,1373,1306,802,1458,1038,856,991,929,813,876,821,1697,1943,1134,1553,1423,941,812,958,1226,934,802,1146,1109,1021,1926,0,0,0,100,0,0,0,0,0,0,0,0,0,0,0,0,0,0,0,0,0,0,0,0,0,0,4.761904716491699,0,0,0,0,0,189263.91918945313,214550.34112548828,0,404334891008,8589930496,37775638528,12402688
199,1724800447619,802,944,1403,1447,1039,1199,1373,1306,802,1458,1038,856,991,929,813,876,821,1697,1943,1134,1553,1423,941,812,958,1226,934,802,1146,1109,1021,1926,5,0,0,100,0,0,4.761904716491699,4.761904716491699,0,0,0,0,0,0,0,0,0,0,0,0,0,0,0,0,0,0,0,4.761904716491699,0,0,0,0,189264.40454101563,214555.8055419922,0,404334891008,8589930496,37775642624,12402688
199,1724800447819,802,944,1403,1447,1039,1199,1373,1306,802,1458,1038,856,991,929,813,876,821,1697,1943,1134,1553,1423,941,812,958,1226,934,802,1146,1109,1021,1926,0,0,0,100,0,0,4.761904716491699,0,0,0,0,0,0,0,0,0,0,0,0,4.761904716491699,0,0,0,0,0,0,0,0,0,0,4.761904716491699,0,189264.8275756836,214561.26654052734,0,404334891008,8589930496,37775642624,12402688
199,1724800448019,802,944,1403,1447,1039,1199,1373,1306,802,1458,1038,856,991,929,813,876,821,1697,1943,1134,1553,1423,941,812,958,1226,934,802,1146,1109,1021,1926,0,0,0,100,0,0,0,5,0,0,0,0,0,0,0,0,0,0,0,0,0,0,0,0,0,0,4.761904716491699,0,0,0,0,4.761904716491699,189265.2621459961,214566.66973876953,0,404334891008,8589930496,37775642624,12402688
199,1724800448219,802,944,1403,1447,1039,1199,1373,1306,802,1458,1038,856,991,929,813,876,821,1697,1943,1134,1553,1423,941,812,958,1226,934,802,1146,1109,1021,1926,0,0,0,100,0,0,0,0,0,0,0,0,0,0,0,0,0,0,0,0,0,4.761904716491699,0,0,0,0,5,0,0,0,0,0,189265.74829101563,214572.04174804688,0,404334891008,8589930496,37775642624,12402688
199,1724800448420,802,944,1403,1447,1039,1199,1373,1306,802,1458,1038,856,991,929,813,876,821,1697,1943,1134,1553,1423,941,812,958,1226,934,802,1146,1109,1021,1926,0,0,0,100,0,0,0,0,0,0,0,0,0,0,0,0,0,0,0,4.761904716491699,0,0,0,0,0,0,0,0,0,0,0,5,189266.19744873047,214577.4985961914,0,404334891008,8589930496,37775642624,12402688
199,1724800448620,802,944,1403,1447,1039,1199,1373,1306,802,1458,1038,856,991,929,813,876,821,1697,1943,1134,1553,1423,941,812,958,1226,934,802,1146,1109,1021,1926,0,0,0,100,4.761904716491699,0,0,0,0,0,0,5,4.761904716491699,0,4.761904716491699,0,0,0,0,0,0,0,0,0,0,0,0,0,0,0,0,5,189266.70947265625,214582.92236328125,0,404334891008,8589930496,37775642624,12402688
199,1724800448820,802,944,1403,1447,1039,1199,1373,1306,802,1458,1038,856,991,929,813,876,821,1697,1943,1134,1553,1423,941,812,958,1226,934,802,1146,1109,1021,1926,0,0,0,100,0,0,0,0,0,0,0,0,0,0,0,0,0,0,0,0,0,0,0,0,0,4.761904716491699,5,0,0,0,0,0,189267.12731933594,214588.33331298828,0,404334891008,8589930496,37775642624,12402688
199,1724800449020,802,944,1403,1447,1039,1199,1373,1306,802,1458,1038,856,991,929,813,876,821,1697,1943,1134,1553,1423,941,812,958,1226,934,802,1146,1109,1021,1926,0,0,0,100,0,0,0,0,0,0,0,0,0,0,0,0,0,0,0,4.761904716491699,0,0,0,0,0,0,0,0,0,0,0,0,189267.56909179688,214593.74475097656,0,404334891008,8589930496,37775642624,12402688
199,1724800449220,802,944,1403,1447,1039,1199,1373,1306,802,1458,1038,856,991,929,813,876,821,1697,1943,1134,1553,1423,941,812,958,1226,934,802,1146,1109,1021,1926,5,0,0,100,0,0,0,0,0,0,4.761904716491699,0,0,0,0,0,0,0,0,0,0,0,0,0,0,0,0,0,0,0,0,0,189268.00170898438,214599.1483154297,0,404334891008,8589930496,37775642624,12402688
199,1724800449420,802,944,1403,1447,1039,1199,1373,1306,802,1458,1038,856,991,929,813,876,821,1697,1943,1134,1553,1423,941,812,958,1226,934,802,1146,1109,1021,1926,4.761904716491699,0,0,100,0,4.761904716491699,0,0,0,0,0,0,0,0,0,0,0,0,0,0,0,0,0,0,0,0,0,0,0,0,0,0,189268.44067382813,214604.6121826172,0,404334891008,8589930496,37775642624,12402688
199,1724800449620,802,944,1403,1447,1039,1199,1373,1306,802,1458,1038,856,991,929,813,876,821,1697,1943,1134,1553,1423,941,812,958,1226,934,802,1146,1109,1021,1926,0,0,0,100,0,0,0,0,0,0,0,0,0,0,0,0,0,0,0,0,0,0,0,5,5,0,4.761904716491699,0,0,0,0,4.761904716491699,189268.89727783203,214610.05389404297,0,404334891008,8589930496,37775650816,12402688
199,1724800449820,802,944,1403,1447,1039,1199,1373,1306,802,1458,1038,856,991,929,813,876,821,1697,1943,1134,1553,1423,941,812,958,1226,934,802,1146,1109,1021,1926,0,0,0,100,0,0,0,0,0,0,0,0,0,0,0,0,0,0,0,0,0,0,0,0,4.761904716491699,0,0,0,0,0,0,0,189269.35498046875,214615.46087646484,0,404334891008,8589930496,37775650816,12402688
199,1724800450021,802,944,1403,1447,1039,1199,1373,1306,802,1458,1038,856,991,929,813,876,821,1697,1943,1134,1553,1423,941,812,958,1226,934,802,1146,1109,1021,1926,0,0,0,100,0,0,0,5,0,0,0,0,0,0,0,0,0,0,0,4.761904716491699,0,0,0,0,0,0,4.761904716491699,0,0,0,0,0,189269.79443359375,214620.8729248047,0,404334891008,8589930496,37775650816,12402688
199,1724800450221,802,944,1403,1447,1039,1199,1373,1306,802,1458,1038,856,991,929,813,876,821,1697,1943,1134,1553,1423,941,812,958,1226,934,802,1146,1109,1021,1926,0,0,0,100,0,0,0,0,0,0,0,0,0,0,0,0,0,0,0,0,0,0,0,0,5,0,0,0,0,0,0,0,189270.21704101563,214626.2801513672,0,404334891008,8589930496,37775650816,12402688
199,1724800450421,802,944,1403,1447,1039,1199,1373,1306,802,1458,1038,856,991,929,813,876,821,1697,1943,1134,1553,1423,941,812,958,1226,934,802,1146,1109,1021,1926,0,0,0,100,0,0,0,0,0,0,0,0,0,0,0,0,0,0,0,0,0,0,0,0,5,0,0,0,0,0,0,0,189270.69305419922,214631.720703125,0,404334891008,8589930496,37773381632,12402688
199,1724800450621,802,944,1403,1447,1039,1199,1373,1306,802,1458,1038,856,991,929,813,876,821,1697,1943,1134,1553,1423,941,812,958,1226,934,802,1146,1109,1021,1926,0,0,0,100,0,0,0,0,0,0,0,0,0,0,0,0,0,0,0,0,0,0,0,0,0,0,0,0,0,4.761904716491699,5,0,189271.17608642578,214637.1734008789,0,404334891008,8589930496,37773381632,12402688
199,1724800450821,802,944,1403,1447,1039,1199,1373,1306,802,1458,1038,856,991,929,813,876,821,1697,1943,1134,1553,1423,941,812,958,1226,934,802,1146,1109,1021,1926,0,0,0,100,0,0,0,0,0,0,2.4390242099761963,4.878048419952393,0,0,0,0,0,2.4390242099761963,0,2.5,0,0,0,0,0,0,0,0,0,0,0,0,189271.65405273438,214642.5795288086,0,404334891008,8589930496,37773381632,12402688
199,1724800451021,802,944,1403,1447,1039,1199,1373,1306,802,1458,1038,856,991,929,813,876,821,1697,1943,1134,1553,1423,941,812,958,1226,934,802,1146,1109,1021,1926,0,0,0,100,0,0,0,0,0,0,0,0,0,0,0,0,5,0,0,5,0,0,0,0,0,0,0,0,0,0,4.761904716491699,0,189272.13861083984,214647.98681640625,0,404334891008,8589930496,37773447168,12402688
199,1724800451221,802,944,1403,1447,1039,1199,1373,1306,802,1458,1038,856,991,929,813,876,821,1697,1943,1134,1553,1423,941,812,958,1226,934,802,1146,1109,1021,1926,0,0,0,100,0,0,0,0,4.761904716491699,0,0,0,0,0,0,0,0,0,0,0,0,0,0,0,0,0,0,0,0,0,0,0,189272.57397460938,214653.3837890625,0,404334891008,8589930496,37773447168,12402688
199,1724800451421,802,944,1403,1447,1039,1199,1373,1306,802,1458,1038,856,991,929,813,876,821,1697,1943,1134,1553,1423,941,812,958,1226,934,802,1146,1109,1021,1926,0,0,5,100,0,0,0,0,0,0,0,0,0,0,0,0,0,0,0,5.263157844543457,0,0,0,0,0,0,0,0,0,0,0,0,189273.0372314453,214658.77905273438,0,404334891008,8589930496,37773447168,12402688
199,1724800451622,802,944,1403,1447,1039,1199,1373,1306,802,1458,1038,856,991,929,813,876,821,1697,1943,1134,1553,1423,941,812,958,1226,934,802,1146,1109,1021,1926,0,0,0,100,0,0,0,0,0,0,0,0,0,0,0,0,0,0,0,0,0,0,0,0,4.761904716491699,0,0,0,0,0,0,0,189273.46740722656,214664.18963623047,0,404334891008,8589930496,37773197312,12402688
199,1724800451821,802,944,1403,1447,1039,1199,1373,1306,802,1458,1038,856,991,929,813,876,821,1697,1943,1134,1553,1423,941,812,958,1226,934,802,1146,1109,1021,1926,0,0,0,100,0,0,0,0,0,0,0,0,0,0,0,0,0,0,0,0,0,0,0,0,4.761904716491699,0,0,0,0,0,0,0,189273.94750976563,214669.6483154297,0,404334891008,8589930496,37781037056,12402688
199,1724800452022,802,944,1403,1447,1039,1199,1373,1306,802,1458,1038,856,991,929,813,876,821,1697,1943,1134,1553,1423,941,812,958,1226,934,802,1146,1109,1021,1926,2.5,0,0,100,0,2.5641026496887207,7.500000476837158,2.5,0,0,0,0,5.128205299377441,0,0,7.317072868347168,0,7.317072868347168,0,5,0,0,0,2.4390242099761963,0,2.6315789222717285,2.5,2.5,0,0,5,2.5,189274.4959716797,214675.33856201172,0,404334891008,8589930496,37773492224,12402688
199,1724800452222,802,944,1403,1447,1039,1199,1373,1306,802,1458,1038,856,991,929,813,876,821,1697,1943,1134,1553,1423,941,812,958,1226,934,802,1146,1109,1021,1926,5,9.523809432983398,5,100,5,5,0,5,0,5,5,5.263157844543457,9.523809432983398,13.636363983154297,5,5,5,5,5,10,4.761904716491699,5,0,5.263157844543457,5,5,5,5,5,5,0,5,189275.1050415039,214680.86596679688,0,404334891008,8589930496,37773770752,12402688
199,1724800452422,802,944,1403,1447,1039,1199,1373,1306,802,1458,1038,856,991,929,813,876,821,1697,1943,1134,1553,1423,941,812,958,1226,934,802,1146,1109,1021,1926,5,9.523809432983398,5,100,5,5,0,5,0,5,5,5.263157844543457,9.523809432983398,13.636363983154297,5,5,5,5,5,10,4.761904716491699,5,0,5.263157844543457,5,5,5,5,5,5,0,5,189275.50384521484,214686.2592163086,0,404334891008,8589930496,37773770752,12402688
199,1724800452622,802,944,1403,1447,1039,1199,1373,1306,802,1458,1038,856,991,929,813,876,821,1697,1943,1134,1553,1423,941,812,958,1226,934,802,1146,1109,1021,1926,0,0,0,100,0,0,0,0,2.5,0,0,0,2.5,0,0,0,0,0,0,0,0,0,0,0,0,0,0,0,0,0,0,0,189275.86602783203,214691.69708251953,0,404334891008,8589930496,37773770752,12402688
199,1724800452822,802,944,1403,1447,1039,1199,1373,1306,802,1458,1038,856,991,929,813,876,821,1697,1943,1134,1553,1423,941,812,958,1226,934,802,1146,1109,1021,1926,0,0,0,100,0,0,0,0,0,0,0,0,0,0,0,0,4.761904716491699,0,0,4.761904716491699,0,0,0,0,0,0,0,0,0,0,0,4.761904716491699,189276.2300415039,214697.11126708984,0,404334891008,8589930496,37773770752,12402688
199,1724800453022,802,944,1403,1447,1039,1199,1373,1306,802,1458,1038,856,991,929,813,876,821,1697,1943,1134,1553,1423,941,812,958,1226,934,802,1146,1109,1021,1926,0,0,0,100,0,0,0,9.523809432983398,0,0,0,0,5,0,4.761904716491699,0,0,5,0,0,0,0,0,0,0,0,0,0,0,0,0,0,189276.63537597656,214702.55603027344,0,404334891008,8589930496,37773770752,12402688
199,1724800453222,802,944,1403,1447,1039,1199,1373,1306,802,1458,1038,856,991,929,813,876,821,1697,1943,1134,1553,1423,941,812,958,1226,934,802,1146,1109,1021,1926,0,0,0,100,0,0,0,0,0,0,0,0,5,0,0,0,0,0,4.761904716491699,0,0,0,0,0,0,0,0,0,0,0,0,0,189277.01373291016,214707.98266601563,0,404334891008,8589930496,37773770752,12402688
199,1724800453422,802,944,1403,1447,1039,1199,1373,1306,802,1458,1038,856,991,929,813,876,821,1697,1943,1134,1553,1423,941,812,958,1226,934,802,1146,1109,1021,1926,0,0,0,100,5,0,0,0,0,0,0,0,0,0,0,0,0,0,0,0,0,4.761904716491699,0,0,0,0,0,0,0,0,0,0,189277.42108154297,214713.40393066406,0,404334891008,8589930496,37773770752,12402688
199,1724800453623,802,944,1403,1447,1039,1199,1373,1306,802,1458,1038,856,991,929,813,876,821,1697,1943,1134,1553,1423,941,812,958,1226,934,802,1146,1109,1021,1926,0,0,0,100,0,0,5,0,0,0,0,0,0,0,0,0,0,0,0,0,0,0,0,0,0,0,0,0,0,0,0,0,189277.81469726563,214718.80364990234,0,404334891008,8589930496,37773770752,12402688
199,1724800453823,802,944,1403,1447,1039,1199,1373,1306,802,1458,1038,856,991,929,813,876,821,1697,1943,1134,1553,1423,941,812,958,1226,934,802,1146,1109,1021,1926,0,0,0,100,0,0,0,5,4.761904716491699,0,0,0,0,0,0,0,0,0,0,4.761904716491699,0,0,0,0,0,0,0,0,0,0,0,0,189278.2520751953,214724.2137451172,0,404334891008,8589930496,37773770752,12402688
199,1724800454023,802,944,1403,1447,1039,1199,1373,1306,802,1458,1038,856,991,929,813,876,821,1697,1943,1134,1553,1423,941,812,958,1226,934,802,1146,1109,1021,1926,0,0,0,100,0,0,0,9.523809432983398,0,0,0,0,0,0,0,0,0,0,0,0,0,0,0,0,0,0,0,0,0,0,0,4.761904716491699,189278.6446533203,214729.6326904297,0,404334891008,8589930496,37773905920,12402688
199,1724800454223,802,944,1403,1447,1039,1199,1373,1306,802,1458,1038,856,991,929,813,876,821,1697,1943,1134,1553,1423,941,812,958,1226,934,802,1146,1109,1021,1926,0,0,0,100,0,0,0,0,0,0,0,0,0,0,0,0,0,0,0,0,0,0,0,0,0,0,0,0,0,0,4.761904716491699,0,189279.04974365234,214735.05670166016,0,404334891008,8589930496,37773905920,12402688
199,1724800454423,802,944,1403,1447,1039,1199,1373,1306,802,1458,1038,856,991,929,813,876,821,1697,1943,1134,1553,1423,941,812,958,1226,934,802,1146,1109,1021,1926,0,0,0,100,0,0,0,4.761904716491699,0,0,0,0,0,0,0,0,0,0,0,0,0,0,0,0,0,0,5,0,0,0,0,0,189279.4400024414,214740.5428466797,0,404334891008,8589930496,37773910016,12402688
199,1724800454623,802,944,1403,1447,1039,1199,1373,1306,802,1458,1038,856,991,929,813,876,821,1697,1943,1134,1553,1423,941,812,958,1226,934,802,1146,1109,1021,1926,0,0,0,100,4.761904716491699,0,0,0,0,0,0,0,0,0,0,0,0,0,0,0,0,4.761904716491699,0,0,0,0,4.761904716491699,0,0,0,0,0,189279.84802246094,214745.95098876953,0,404334891008,8589930496,37773910016,12402688
199,1724800454823,802,944,1403,1447,1039,1199,1373,1306,802,1458,1038,856,991,929,813,876,821,1697,1943,1134,1553,1423,941,812,958,1226,934,802,1146,1109,1021,1926,0,0,0,100,5,0,4.761904716491699,0,0,0,0,0,0,0,0,0,0,0,0,0,0,0,0,0,0,0,5,0,0,0,0,0,189280.27661132813,214751.3709716797,0,404334891008,8589930496,37773910016,12402688
199,1724800455023,802,944,1403,1447,1039,1199,1373,1306,802,1458,1038,856,991,929,813,876,821,1697,1943,1134,1553,1423,941,812,958,1226,934,802,1146,1109,1021,1926,0,0,0,100,0,0,0,0,0,0,0,0,0,0,5,5,0,0,5,0,0,0,0,0,0,0,0,0,0,0,0,0,189280.68029785156,214756.81854248047,0,404334891008,8589930496,37773914112,12402688
199,1724800455224,802,944,1403,1447,1039,1199,1373,1306,802,1458,1038,856,991,929,813,876,821,1697,1943,1134,1553,1423,941,812,958,1226,934,802,1146,1109,1021,1926,5,4.761904716491699,0,100,0,0,4.761904716491699,0,4.761904716491699,9.090909004211426,13.636363983154297,9.523809432983398,4.761904716491699,9.090909004211426,0,0,9.523809432983398,9.090909004211426,4.761904716491699,9.090909004211426,0,9.523809432983398,4.761904716491699,4.761904716491699,9.090909004211426,9.523809432983398,28.571430206298828,10,9.523809432983398,0,9.523809432983398,0,189281.2275390625,214762.55822753906,0,404334891008,8589930496,37773914112,12402688
199,1724800455424,802,944,1403,1447,1039,1199,1373,1306,802,1458,1038,856,991,929,813,876,821,1697,1943,1134,1553,1423,941,812,958,1226,934,802,1146,1109,1021,1926,5,4.761904716491699,0,100,0,0,4.761904716491699,0,4.761904716491699,9.090909004211426,13.636363983154297,9.523809432983398,4.761904716491699,9.090909004211426,0,0,9.523809432983398,9.090909004211426,4.761904716491699,9.090909004211426,0,9.523809432983398,4.761904716491699,4.761904716491699,9.090909004211426,9.523809432983398,28.571430206298828,10,9.523809432983398,0,9.523809432983398,0,189281.58819580078,214768.04083251953,0,404334891008,8589930496,37773914112,12402688
199,1724800455624,802,944,1403,1447,1039,1199,1373,1306,802,1458,1038,856,991,929,813,876,821,1697,1943,1134,1553,1423,941,812,958,1226,934,802,1146,1109,1021,1926,0,0,0,100,2.5,0,2.5,0,0,0,0,0,0,0,0,0,0,0,0,0,0,0,0,0,0,0,0,0,0,0,0,0,189282.0186767578,214773.42266845703,0,404334891008,8589930496,37773914112,12402688
199,1724800455824,802,944,1403,1447,1039,1199,1373,1306,802,1458,1038,856,991,929,813,876,821,1697,1943,1134,1553,1423,941,812,958,1226,934,802,1146,1109,1021,1926,0,0,0,100,0,0,0,0,0,0,0,0,0,5,0,0,0,0,0,0,0,0,0,0,5,0,0,0,0,4.761904716491699,0,0,189282.4428100586,214778.87042236328,0,404334891008,8589930496,37773914112,12402688
199,1724800456024,802,944,1403,1447,1039,1199,1373,1306,802,1458,1038,856,991,929,813,876,821,1697,1943,1134,1553,1423,941,812,958,1226,934,802,1146,1109,1021,1926,0,0,0,100,0,0,0,5,0,0,0,0,0,0,0,0,0,0,0,0,0,0,0,0,0,0,0,5,0,0,0,0,189282.86389160156,214784.30737304688,0,404334891008,8589930496,37773914112,12402688
199,1724800456224,802,944,1403,1447,1039,1199,1373,1306,802,1458,1038,856,991,929,813,876,821,1697,1943,1134,1553,1423,941,812,958,1226,934,802,1146,1109,1021,1926,0,0,0,100,0,0,0,5,0,0,0,0,0,0,0,0,0,0,0,0,0,0,0,0,0,0,0,5,0,0,0,0,189283.26049804688,214789.68243408203,0,404334891008,8589930496,37773914112,12402688
199,1724800456424,802,944,1403,1447,1039,1199,1373,1306,802,1458,1038,856,991,929,813,876,821,1697,1943,1134,1553,1423,941,812,958,1226,934,802,1146,1109,1021,1926,0,0,0,100,2.5,2.4390242099761963,2.5,0,0,0,0,0,0,0,0,0,0,0,0,0,0,0,0,0,2.4390242099761963,0,0,0,0,0,0,0,189283.63055419922,214795.11322021484,0,404334891008,8589930496,37773918208,12402688
199,1724800456624,802,944,1403,1447,1039,1199,1373,1306,802,1458,1038,856,991,929,813,876,821,1697,1943,1134,1553,1423,941,812,958,1226,934,802,1146,1109,1021,1926,0,0,0,100,0,0,0,0,0,0,0,0,0,0,0,0,0,0,0,0,0,0,0,0,5,0,0,0,0,0,0,4.761904716491699,189283.96850585938,214800.51788330078,0,404334891008,8589930496,37773918208,12402688
199,1724800456824,802,944,1403,1447,1039,1199,1373,1306,802,1458,1038,856,991,929,813,876,821,1697,1943,1134,1553,1423,941,812,958,1226,934,802,1146,1109,1021,1926,0,0,0,100,0,0,0,0,0,0,0,0,0,0,0,0,0,0,0,0,0,0,0,0,4.761904716491699,0,0,0,0,0,0,0,189284.36212158203,214805.89349365234,0,404334891008,8589930496,37773918208,12402688
199,1724800457024,802,944,1403,1447,1039,1199,1373,1306,802,1458,1038,856,991,929,813,876,821,1697,1943,1134,1553,1423,941,812,958,1226,934,802,1146,1109,1021,1926,0,0,0,100,0,0,0,5,0,0,0,0,0,0,0,0,0,0,0,4.761904716491699,0,0,0,0,0,5,0,4.761904716491699,0,0,4.761904716491699,0,189284.79412841797,214811.34838867188,0,404334891008,8589930496,37773914112,12402688
199,1724800457225,802,944,1403,1447,1039,1199,1373,1306,802,1458,1038,856,991,929,813,876,821,1697,1943,1134,1553,1423,941,812,958,1226,934,802,1146,1109,1021,1926,0,0,0,100,0,0,0,0,0,0,0,0,0,0,0,0,0,0,0,0,0,0,0,0,0,0,0,0,0,4.761904716491699,0,0,189285.18975830078,214816.7674560547,0,404334891008,8589930496,37773914112,12402688
199,1724800457425,802,944,1403,1447,1039,1199,1373,1306,802,1458,1038,856,991,929,813,876,821,1697,1943,1134,1553,1423,941,812,958,1226,934,802,1146,1109,1021,1926,0,0,0,100,0,0,0,0,4.761904716491699,0,0,0,0,0,0,0,0,0,0,0,0,0,0,0,0,0,0,0,0,0,0,0,189285.54766845703,214822.17840576172,0,404334891008,8589930496,37773914112,12402688
199,1724800457625,802,944,1403,1447,1039,1199,1373,1306,802,1458,1038,856,991,929,813,876,821,1697,1943,1134,1553,1423,941,812,958,1226,934,802,1146,1109,1021,1926,0,0,0,100,4.761904716491699,0,0,0,0,0,0,0,0,0,0,0,0,0,0,0,0,0,0,0,0,0,0,0,0,0,0,0,189285.92260742188,214827.59478759766,0,404334891008,8589930496,37773914112,12402688
199,1724800457825,802,944,1403,1447,1039,1199,1373,1306,802,1458,1038,856,991,929,813,876,821,1697,1943,1134,1553,1423,941,812,958,1226,934,802,1146,1109,1021,1926,5,5,5,100,0,5,0,0,0,0,13.636363983154297,0,0,5,5.263157844543457,14.285715103149414,0,0,5,4.761904716491699,4.761904716491699,0,4.761904716491699,5,4.761904716491699,4.761904716491699,0,5,5,5,5,4.761904716491699,189286.40069580078,214833.2081298828,0,404334891008,8589930496,37772865536,12402688
199,1724800458025,802,944,1403,1447,1039,1199,1373,1306,802,1458,1038,856,991,929,813,876,821,1697,1943,1134,1553,1423,941,812,958,1226,934,802,1146,1109,1021,1926,0,0,0,100,0,0,0,4.761904716491699,4.761904716491699,0,0,0,0,0,0,0,0,0,0,0,0,0,0,0,0,0,0,5,4.761904716491699,0,0,0,189286.8032836914,214838.65307617188,0,404334891008,8589930496,37772869632,12402688
199,1724800458225,802,944,1403,1447,1039,1199,1373,1306,802,1458,1038,856,991,929,813,876,821,1697,1943,1134,1553,1423,941,812,958,1226,934,802,1146,1109,1021,1926,0,0,0,100,0,0,0,4.761904716491699,4.761904716491699,0,0,0,0,0,0,0,0,0,0,0,0,0,0,0,0,0,0,5,4.761904716491699,0,0,0,189287.1746826172,214844.0711669922,0,404334891008,8589930496,37772869632,12402688
199,1724800458425,802,944,1403,1447,1039,1199,1373,1306,802,1458,1038,856,991,929,813,876,821,1697,1943,1134,1553,1423,941,812,958,1226,934,802,1146,1109,1021,1926,0,0,0,100,0,0,0,0,5,0,0,0,0,0,0,0,4.761904716491699,0,0,0,0,0,0,0,0,0,0,0,0,0,0,0,189287.5630493164,214849.50897216797,0,404334891008,8589930496,37772869632,12402688
199,1724800458625,802,944,1403,1447,1039,1199,1373,1306,802,1458,1038,856,991,929,813,876,821,1697,1943,1134,1553,1423,941,812,958,1226,934,802,1146,1109,1021,1926,0,0,0,100,9.090909004211426,9.523809432983398,0,0,0,4.761904716491699,0,0,0,0,0,0,0,0,0,0,0,0,0,0,0,0,0,0,0,0,0,4.761904716491699,189287.96997070313,214854.90948486328,0,404334891008,8589930496,37772869632,12402688
199,1724800458826,802,944,1403,1447,1039,1199,1373,1306,802,1458,1038,856,991,929,813,876,821,1697,1943,1134,1553,1423,941,812,958,1226,934,802,1146,1109,1021,1926,0,0,0,100,0,0,0,0,0,0,0,0,0,0,0,0,0,0,0,0,0,0,0,0,0,0,0,0,0,0,0,0,189288.359375,214860.31311035156,0,404334891008,8589930496,37772873728,12402688
199,1724800459026,802,944,1403,1447,1039,1199,1373,1306,802,1458,1038,856,991,929,813,876,821,1697,1943,1134,1553,1423,941,812,958,1226,934,802,1146,1109,1021,1926,0,0,0,100,0,5,0,0,0,0,0,4.761904716491699,0,0,0,0,0,0,0,4.761904716491699,0,0,0,0,0,0,4.761904716491699,0,0,0,0,0,189288.7752685547,214865.7709350586,0,404334891008,8589930496,37772869632,12402688
199,1724800459226,802,944,1403,1447,1039,1199,1373,1306,802,1458,1038,856,991,929,813,876,821,1697,1943,1134,1553,1423,941,812,958,1226,934,802,1146,1109,1021,1926,0,0,0,100,0,5,0,0,0,0,0,4.761904716491699,0,0,0,0,0,0,0,4.761904716491699,0,0,0,0,0,0,4.761904716491699,0,0,0,0,0,189289.19189453125,214871.1928100586,0,404334891008,8589930496,37772869632,12402688
199,1724800459426,802,944,1403,1447,1039,1199,1373,1306,802,1458,1038,856,991,929,813,876,821,1697,1943,1134,1553,1423,941,812,958,1226,934,802,1146,1109,1021,1926,0,0,0,100,0,2.5641026496887207,0,0,0,0,0,0,0,0,0,0,2.5,0,0,0,0,0,0,0,0,0,0,0,0,2.4390242099761963,2.5,0,189289.5942993164,214876.6591796875,0,404334891008,8589930496,37772869632,12402688
199,1724800459626,802,944,1403,1447,1039,1199,1373,1306,802,1458,1038,856,991,929,813,876,821,1697,1943,1134,1553,1423,941,812,958,1226,934,802,1146,1109,1021,1926,4.761904716491699,0,0,100,0,0,0,0,0,0,0,0,0,0,0,0,0,0,0,0,0,0,0,0,0,0,0,0,0,0,0,0,189290.0044555664,214882.0623779297,0,404334891008,8589930496,37772869632,12402688
199,1724800459826,802,944,1403,1447,1039,1199,1373,1306,802,1458,1038,856,991,929,813,876,821,1697,1943,1134,1553,1423,941,812,958,1226,934,802,1146,1109,1021,1926,0,0,0,100,0,0,0,0,0,0,5,0,0,0,0,0,0,0,0,0,0,0,0,0,0,5,4.761904716491699,0,0,0,0,0,189290.4057006836,214887.47674560547,0,404334891008,8589930496,37772869632,12402688
199,1724800460026,802,944,1403,1447,1039,1199,1373,1306,802,1458,1038,856,991,929,813,876,821,1697,1943,1134,1553,1423,941,812,958,1226,934,802,1146,1109,1021,1926,0,0,0,100,0,0,0,5,0,0,0,0,0,0,0,0,0,0,0,4.761904716491699,0,0,0,0,0,0,0,4.761904716491699,0,0,0,0,189290.85552978516,214892.89971923828,0,404334891008,8589930496,37772873728,12402688
199,1724800460227,802,944,1403,1447,1039,1199,1373,1306,802,1458,1038,856,991,929,813,876,821,1697,1943,1134,1553,1423,941,812,958,1226,934,802,1146,1109,1021,1926,0,0,0,100,0,0,0,0,0,0,0,0,0,0,0,4.761904716491699,0,0,0,0,0,0,0,0,0,0,0,4.761904716491699,0,5,0,4.761904716491699,189291.28582763672,214898.32940673828,0,404334891008,8589930496,37772873728,12402688
199,1724800460427,802,944,1403,1447,1039,1199,1373,1306,802,1458,1038,856,991,929,813,876,821,1697,1943,1134,1553,1423,941,812,958,1226,934,802,1146,1109,1021,1926,0,0,0,100,0,0,0,4.761904716491699,0,0,0,0,0,0,0,0,5,0,0,0,0,0,0,0,0,0,0,0,0,0,0,0,189291.67211914063,214903.79412841797,0,404334891008,8589930496,37772808192,12402688
199,1724800460627,802,944,1403,1447,1039,1199,1373,1306,802,1458,1038,856,991,929,813,876,821,1697,1943,1134,1553,1423,941,812,958,1226,934,802,1146,1109,1021,1926,0,0,0,100,0,0,0,0,0,0,0,0,0,0,0,0,0,0,0,0,0,0,0,0,0,0,0,0,0,0,0,0,189292.08966064453,214909.21185302734,0,404334891008,8589930496,37772808192,12402688
199,1724800460827,802,944,1403,1447,1039,1199,1373,1306,802,1458,1038,856,991,929,813,876,821,1697,1943,1134,1553,1423,941,812,958,1226,934,802,1146,1109,1021,1926,0,0,0,100,0,0,0,0,0,0,0,0,0,0,0,0,0,0,0,0,0,0,0,0,0,0,0,0,0,0,0,0,189292.49151611328,214914.61944580078,0,404334891008,8589930496,37772808192,12402688
199,1724800461027,802,944,1403,1447,1039,1199,1373,1306,802,1458,1038,856,991,929,813,876,821,1697,1943,1134,1553,1423,941,812,958,1226,934,802,1146,1109,1021,1926,0,0,0,100,0,5,0,5,4.761904716491699,4.761904716491699,0,0,0,0,0,0,0,0,0,0,0,0,0,0,0,0,0,0,4.761904716491699,0,0,0,189292.88403320313,214920.04119873047,0,404334891008,8589930496,37773541376,12402688
199,1724800461227,802,944,1403,1447,1039,1199,1373,1306,802,1458,1038,856,991,929,813,876,821,1697,1943,1134,1553,1423,941,812,958,1226,934,802,1146,1109,1021,1926,4.761904716491699,0,0,100,0,0,0,0,0,0,0,0,0,0,0,0,0,0,0,5,0,0,0,0,0,4.761904716491699,0,0,0,0,0,4.761904716491699,189293.3038330078,214925.47174072266,0,404334891008,8589930496,37772808192,12402688
199,1724800461427,802,944,1403,1447,1039,1199,1373,1306,802,1458,1038,856,991,929,813,876,821,1697,1943,1134,1553,1423,941,812,958,1226,934,802,1146,1109,1021,1926,0,0,0,100,0,0,0,0,0,0,4.761904716491699,0,0,0,0,0,0,0,0,0,0,0,0,0,0,0,0,0,0,0,0,0,189293.70416259766,214930.87188720703,0,404334891008,8589930496,37772808192,12402688
199,1724800461627,802,944,1403,1447,1039,1199,1373,1306,802,1458,1038,856,991,929,813,876,821,1697,1943,1134,1553,1423,941,812,958,1226,934,802,1146,1109,1021,1926,0,0,0,100,0,0,0,4.761904716491699,0,0,0,0,0,0,0,0,0,0,0,4.761904716491699,0,0,0,0,0,0,0,0,0,0,0,0,189294.10321044922,214936.26916503906,0,404334891008,8589930496,37772808192,12402688
199,1724800461827,802,944,1403,1447,1039,1199,1373,1306,802,1458,1038,856,991,929,813,876,821,1697,1943,1134,1553,1423,941,812,958,1226,934,802,1146,1109,1021,1926,0,0,0,100,0,0,0,0,0,0,0,0,0,0,0,0,0,0,0,0,0,0,4.761904716491699,0,5,0,0,0,0,0,0,0,189294.46447753906,214941.67120361328,0,404334891008,8589930496,37772808192,12402688
199,1724800462028,802,944,1403,1447,1039,1199,1373,1306,802,1458,1038,856,991,929,813,876,821,1697,1943,1134,1553,1423,941,812,958,1226,934,802,1146,1109,1021,1926,0,0,0,100,0,0,0,5,0,0,0,0,0,0,5,0,0,0,0,0,0,0,0,0,4.761904716491699,0,0,0,0,0,0,0,189294.83477783203,214947.08239746094,0,404334891008,8589930496,37772808192,12402688
199,1724800462228,802,944,1403,1447,1039,1199,1373,1306,802,1458,1038,856,991,929,813,876,821,1697,1943,1134,1553,1423,941,812,958,1226,934,802,1146,1109,1021,1926,0,0,0,100,0,0,0,0,4.761904716491699,0,0,0,0,0,0,0,0,4.761904716491699,0,5,0,0,0,0,0,0,0,0,0,0,5,0,189295.24377441406,214952.48095703125,0,404334891008,8589930496,37772558336,12402688
199,1724800462428,802,944,1403,1447,1039,1199,1373,1306,802,1458,1038,856,991,929,813,876,821,1697,1943,1134,1553,1423,941,812,958,1226,934,802,1146,1109,1021,1926,0,0,0,100,0,0,0,0,4.761904716491699,0,0,0,0,0,0,0,0,4.761904716491699,0,5,0,0,0,0,0,0,0,0,0,0,5,0,189295.79412841797,214958.16607666016,0,404334891008,8589930496,37773262848,12402688
199,1724800462628,802,944,1403,1447,1039,1199,1373,1306,802,1458,1038,856,991,929,813,876,821,1697,1943,1134,1553,1423,941,812,958,1226,934,802,1146,1109,1021,1926,5.128205299377441,5,0,100,7.692307949066162,0,0,0,5.128205299377441,0,0,7.317072868347168,0,0,0,0,0,0,0,5.128205299377441,0,0,5.128205299377441,0,2.5,7.500000476837158,2.4390242099761963,0,0,0,2.5,0,189296.23181152344,214963.68212890625,0,404334891008,8589930496,37772824576,12402688
199,1724800462828,802,944,1403,1447,1039,1199,1373,1306,802,1458,1038,856,991,929,813,876,821,1697,1943,1134,1553,1423,941,812,958,1226,934,802,1146,1109,1021,1926,5.128205299377441,5,0,100,7.692307949066162,0,0,0,5.128205299377441,0,0,7.317072868347168,0,0,0,0,0,0,0,5.128205299377441,0,0,5.128205299377441,0,2.5,7.500000476837158,2.4390242099761963,0,0,0,2.5,0,189296.62231445313,214969.10864257813,0,404334891008,8589930496,37772824576,12402688
199,1724800463028,802,944,1403,1447,1039,1199,1373,1306,802,1458,1038,856,991,929,813,876,821,1697,1943,1134,1553,1423,941,812,958,1226,934,802,1146,1109,1021,1926,0,0,0,100,4.878048419952393,0,2.4390242099761963,0,0,0,0,0,0,0,0,0,0,0,0,0,0,0,0,0,2.5,0,0,0,0,0,0,2.4390242099761963,189297.02221679688,214974.51245117188,0,404334891008,8589930496,37772824576,12402688
199,1724800463228,802,944,1403,1447,1039,1199,1373,1306,802,1458,1038,856,991,929,813,876,821,1697,1943,1134,1553,1423,941,812,958,1226,934,802,1146,1109,1021,1926,0,0,0,100,0,0,0,0,0,0,0,0,0,0,0,0,0,0,0,0,0,0,0,0,5,0,0,0,0,0,0,0,189297.42657470703,214979.91857910156,0,404334891008,8589930496,37772824576,12402688
199,1724800463428,802,944,1403,1447,1039,1199,1373,1306,802,1458,1038,856,991,929,813,876,821,1697,1943,1134,1553,1423,941,812,958,1226,934,802,1146,1109,1021,1926,0,0,0,100,4.761904716491699,0,0,0,0,0,0,0,0,0,0,0,0,0,0,0,0,0,0,0,0,0,0,0,0,0,0,0,189297.89471435547,214985.36975097656,0,404334891008,8589930496,37772828672,12402688
199,1724800463628,802,944,1403,1447,1039,1199,1373,1306,802,1458,1038,856,991,929,813,876,821,1697,1943,1134,1553,1423,941,812,958,1226,934,802,1146,1109,1021,1926,4.761904716491699,0,0,100,0,0,0,0,4.761904716491699,0,0,0,0,0,0,0,0,0,4.761904716491699,0,0,0,0,0,0,0,0,0,0,0,4.761904716491699,0,189298.3309326172,214990.78521728516,0,404334891008,8589930496,37772832768,12402688
199,1724800463829,802,944,1403,1447,1039,1199,1373,1306,802,1458,1038,856,991,929,813,876,821,1697,1943,1134,1553,1423,941,812,958,1226,934,802,1146,1109,1021,1926,0,4.761904716491699,0,100,0,0,0,0,0,0,0,0,0,0,0,0,0,0,0,0,0,0,0,0,0,0,0,0,0,0,0,0,189298.7421875,214996.19946289063,0,404334891008,8589930496,37772832768,12402688
199,1724800464029,802,944,1403,1447,1039,1199,1373,1306,802,1458,1038,856,991,929,813,876,821,1697,1943,1134,1553,1423,941,812,958,1226,934,802,1146,1109,1021,1926,0,0,0,100,0,0,0,5.263157844543457,0,0,0,0,0,0,0,0,0,4.761904716491699,0,0,0,0,0,0,4.761904716491699,0,0,0,0,0,0,0,189299.12329101563,215001.60467529297,0,404334891008,8589930496,37772832768,12402688
199,1724800464229,802,944,1403,1447,1039,1199,1373,1306,802,1458,1038,856,991,929,813,876,821,1697,1943,1134,1553,1423,941,812,958,1226,934,802,1146,1109,1021,1926,0,0,0,100,0,0,0,0,0,0,0,0,0,0,0,0,0,0,0,0,0,0,0,0,5,0,0,0,0,0,0,0,189299.53466796875,215007.01171875,0,404334891008,8589930496,37772832768,12402688
199,1724800464429,802,944,1403,1447,1039,1199,1373,1306,802,1458,1038,856,991,929,813,876,821,1697,1943,1134,1553,1423,941,812,958,1226,934,802,1146,1109,1021,1926,0,0,0,100,4.761904716491699,0,0,0,4.761904716491699,0,0,0,0,0,0,0,4.761904716491699,0,0,0,0,0,0,0,0,0,0,0,0,0,0,5,189299.87927246094,215012.4725341797,0,404334891008,8589930496,37772832768,12402688
199,1724800464629,802,944,1403,1447,1039,1199,1373,1306,802,1458,1038,856,991,929,813,876,821,1697,1943,1134,1553,1423,941,812,958,1226,934,802,1146,1109,1021,1926,0,0,0,100,5,0,0,0,5,0,0,0,0,0,0,5,0,0,4.761904716491699,0,0,0,0,0,5,0,0,0,0,0,0,0,189300.2674560547,215017.8853149414,0,404334891008,8589930496,37772832768,12402688
199,1724800464829,802,944,1403,1447,1039,1199,1373,1306,802,1458,1038,856,991,929,813,876,821,1697,1943,1134,1553,1423,941,812,958,1226,934,802,1146,1109,1021,1926,0,0,0,100,0,0,0,0,0,0,0,0,0,0,0,0,0,0,0,0,0,0,0,0,0,0,0,0,0,0,0,0,189300.63641357422,215023.28540039063,0,404334891008,8589930496,37772832768,12402688
199,1724800465029,802,944,1403,1447,1039,1199,1373,1306,802,1458,1038,856,991,929,813,876,821,1697,1943,1134,1553,1423,941,812,958,1226,934,802,1146,1109,1021,1926,0,0,0,100,0,0,0,5,0,0,0,0,0,0,0,0,0,0,0,0,0,0,0,0,5,0,0,0,0,0,0,4.761904716491699,189301.01629638672,215028.67950439453,0,404334891008,8589930496,37772832768,12402688
199,1724800465230,802,944,1403,1447,1039,1199,1373,1306,802,1458,1038,856,991,929,813,876,821,1697,1943,1134,1553,1423,941,812,958,1226,934,802,1146,1109,1021,1926,5,0,0,100,0,9.523809432983398,5,0,0,5,5,4.761904716491699,5,5,5,5,5,14.285715103149414,5,9.523809432983398,5,5,9.523809432983398,5,5.263157844543457,0,5,5,0,5,5,0,189301.56091308594,215034.16986083984,0,404334891008,8589930496,37772832768,12402688
199,1724800465430,802,944,1403,1447,1039,1199,1373,1306,802,1458,1038,856,991,929,813,876,821,1697,1943,1134,1553,1423,941,812,958,1226,934,802,1146,1109,1021,1926,0,0,5,100,0,0,0,0,4.761904716491699,0,0,0,0,0,0,0,31.57894515991211,0,0,5,0,4.761904716491699,0,0,0,0,4.761904716491699,4.761904716491699,0,0,5.263157844543457,0,189302.13897705078,215039.92999267578,0,404334891008,8589930496,37772832768,12402688
199,1724800465630,802,944,1403,1447,1039,1199,1373,1306,802,1458,1038,856,991,929,813,876,821,1697,1943,1134,1553,1423,941,812,958,1226,934,802,1146,1109,1021,1926,0,0,0,100,9.523809432983398,0,0,0,5,0,0,0,0,0,0,0,0,0,0,0,13.043478012084961,0,0,0,0,4.761904716491699,0,0,0,0,0,0,189302.55340576172,215045.34692382813,0,404334891008,8589930496,37772832768,12402688
199,1724800465830,802,944,1403,1447,1039,1199,1373,1306,802,1458,1038,856,991,929,813,876,821,1697,1943,1134,1553,1423,941,812,958,1226,934,802,1146,1109,1021,1926,0,0,0,100,0,0,0,0,0,0,0,0,0,0,0,0,0,0,0,0,0,0,4.761904716491699,0,0,0,0,0,0,0,0,0,189302.9457397461,215050.7564086914,0,404334891008,8589930496,37772836864,12402688
199,1724800466030,802,944,1403,1447,1039,1199,1373,1306,802,1458,1038,856,991,929,813,876,821,1697,1943,1134,1553,1423,941,812,958,1226,934,802,1146,1109,1021,1926,0,0,0,100,0,0,0,4.761904716491699,0,0,0,0,0,0,0,0,0,0,0,0,0,0,0,0,0,0,0,0,0,0,0,0,189303.3383178711,215056.1512451172,0,404334891008,8589930496,37772836864,12402688
199,1724800466230,802,944,1403,1447,1039,1199,1373,1306,802,1458,1038,856,991,929,813,876,821,1697,1943,1134,1553,1423,941,812,958,1226,934,802,1146,1109,1021,1926,0,0,0,100,0,0,0,0,0,0,0,0,0,0,0,0,0,0,0,0,0,0,0,0,0,0,0,0,0,0,0,0,189303.72491455078,215061.5487060547,0,404334891008,8589930496,37772836864,12402688
199,1724800466430,802,944,1403,1447,1039,1199,1373,1306,802,1458,1038,856,991,929,813,876,821,1697,1943,1134,1553,1423,941,812,958,1226,934,802,1146,1109,1021,1926,4.761904716491699,0,0,100,0,0,0,0,0,0,0,0,0,4.761904716491699,0,0,4.761904716491699,0,0,0,5,0,0,0,0,0,0,0,0,0,0,0,189304.17364501953,215066.95965576172,0,404334891008,8589930496,37772836864,12402688
199,1724800466630,802,944,1403,1447,1039,1199,1373,1306,802,1458,1038,856,991,929,813,876,821,1697,1943,1134,1553,1423,941,812,958,1226,934,802,1146,1109,1021,1926,0,0,0,0,0,0,0,0,0,0,0,0,0,0,0,0,0,0,0,9.523809432983398,100,0,0,0,4.761904716491699,0,0,0,0,4.761904716491699,0,0,189304.57537841797,215072.37854003906,0,404334891008,8589930496,37772857344,12402688
199,1724800466830,802,944,1403,1447,1039,1199,1373,1306,802,1458,1038,856,991,929,813,876,821,1697,1943,1134,1553,1423,941,812,958,1226,934,802,1146,1109,1021,1926,0,0,5.263157844543457,0,0,0,0,4.761904716491699,0,0,0,0,0,0,0,5,0,0,0,0,100,0,0,0,0,0,0,0,0,0,0,0,189304.9844970703,215077.7904663086,0,404334891008,8589930496,37772861440,12402688
199,1724800467031,802,944,1403,1447,1039,1199,1373,1306,802,1458,1038,856,991,929,813,876,821,1697,1943,1134,1553,1423,941,812,958,1226,934,802,1146,1109,1021,1926,0,0,4.761904716491699,0,0,0,0,5,0,0,0,0,0,0,0,0,0,0,0,0,100,0,0,0,0,5,0,0,0,0,0,0,189305.3927001953,215083.15704345703,0,404334891008,8589930496,37772861440,12402688
199,1724800467231,802,944,1403,1447,1039,1199,1373,1306,802,1458,1038,856,991,929,813,876,821,1697,1943,1134,1553,1423,941,812,958,1226,934,802,1146,1109,1021,1926,0,0,0,0,0,0,0,4.761904716491699,0,0,0,0,0,0,0,0,0,0,0,0,100,0,0,0,0,4.761904716491699,0,0,0,0,0,0,189305.78381347656,215088.54724121094,0,404334891008,8589930496,37772861440,12402688
199,1724800467431,802,944,1403,1447,1039,1199,1373,1306,802,1458,1038,856,991,929,813,876,821,1697,1943,1134,1553,1423,941,812,958,1226,934,802,1146,1109,1021,1926,0,0,4.761904716491699,0,0,0,0,0,0,0,0,0,0,0,0,0,0,0,0,0,100,0,0,0,0,0,0,0,0,0,0,0,189306.1997680664,215093.9497680664,0,404334891008,8589930496,37772804096,12402688
199,1724800467631,802,944,1403,1447,1039,1199,1373,1306,802,1458,1038,856,991,929,813,876,821,1697,1943,1134,1553,1423,941,812,958,1226,934,802,1146,1109,1021,1926,0,0,0,0,0,0,0,0,0,0,0,0,0,0,0,0,0,0,0,0,100,0,5,0,0,0,4.761904716491699,4.761904716491699,0,0,0,0,189306.61151123047,215099.3837890625,0,404334891008,8589930496,37772800000,12402688
199,1724800467831,802,944,1403,1447,1039,1199,1373,1306,802,1458,1038,856,991,929,813,876,821,1697,1943,1134,1553,1423,941,812,958,1226,934,802,1146,1109,1021,1926,0,4.761904716491699,0,0,0,0,0,4.761904716491699,4.761904716491699,5,5,0,0,0,0,0,0,0,0,0,100,0,0,0,0,4.761904716491699,5,0,0,0,0,0,189307.03424072266,215104.95794677734,0,404334891008,8589930496,37772865536,12402688
199,1724800468031,802,944,1403,1447,1039,1199,1373,1306,802,1458,1038,856,991,929,813,876,821,1697,1943,1134,1553,1423,941,812,958,1226,934,802,1146,1109,1021,1926,0,0,0,0,0,0,0,0,0,0,0,0,0,0,0,0,0,0,0,0,100,0,0,0,0,0,0,0,0,0,0,4.761904716491699,189307.37817382813,215110.35375976563,0,404334891008,8589930496,37772865536,12402688
199,1724800468231,802,944,1403,1447,1039,1199,1373,1306,802,1458,1038,856,991,929,813,876,821,1697,1943,1134,1553,1423,941,812,958,1226,934,802,1146,1109,1021,1926,0,0,4.761904716491699,0,4.761904716491699,0,0,4.761904716491699,0,0,0,0,0,0,0,0,0,0,5,0,100,0,0,0,0,0,0,0,0,0,0,5,189307.75897216797,215115.75115966797,0,404334891008,8589930496,37772869632,12402688
199,1724800468431,802,944,1403,1447,1039,1199,1373,1306,802,1458,1038,856,991,929,813,876,821,1697,1943,1134,1553,1423,941,812,958,1226,934,802,1146,1109,1021,1926,0,0,0,0,0,0,0,0,0,9.090909004211426,0,0,0,4.761904716491699,0,0,0,0,0,0,100,0,0,0,0,0,0,4.761904716491699,0,5,0,5,189308.1610107422,215121.20916748047,0,404334891008,8589930496,37772869632,12402688
199,1724800468631,802,944,1403,1447,1039,1199,1373,1306,802,1458,1038,856,991,929,813,876,821,1697,1943,1134,1553,1423,941,812,958,1226,934,802,1146,1109,1021,1926,0,0,0,0,0,0,0,5,0,0,0,5,0,0,0,0,0,0,0,0,100,5,0,0,0,0,0,0,0,0,0,0,189308.56829833984,215126.61614990234,0,404334891008,8589930496,37772869632,12402688
199,1724800468831,802,944,1403,1447,1039,1199,1373,1306,802,1458,1038,856,991,929,813,876,821,1697,1943,1134,1553,1423,941,812,958,1226,934,802,1146,1109,1021,1926,0,0,0,0,0,0,0,0,0,0,0,0,0,0,0,0,0,0,5,0,100,0,0,0,0,0,0,0,0,0,0,5,189308.92944335938,215132.02185058594,0,404334891008,8589930496,37772869632,12402688
199,1724800469032,802,944,1403,1447,1039,1199,1373,1306,802,1458,1038,856,991,929,813,876,821,1697,1943,1134,1553,1423,941,812,958,1226,934,802,1146,1109,1021,1926,0,0,0,0,0,0,0,4.761904716491699,0,0,0,0,0,0,0,0,0,0,4.761904716491699,0,100,0,0,0,0,0,0,0,0,0,0,4.761904716491699,189309.3350830078,215137.42974853516,0,404334891008,8589930496,37772869632,12402688
199,1724800469232,802,944,1403,1447,1039,1199,1373,1306,802,1458,1038,856,991,929,813,876,821,1697,1943,1134,1553,1423,941,812,958,1226,934,802,1146,1109,1021,1926,0,0,0,0,0,0,0,0,0,0,0,0,0,0,0,0,0,0,0,0,100,0,0,0,0,0,0,0,0,0,0,4.761904716491699,189309.74737548828,215142.8286743164,0,404334891008,8589930496,37772869632,12402688
199,1724800469432,802,944,1403,1447,1039,1199,1373,1306,802,1458,1038,856,991,929,813,876,821,1697,1943,1134,1553,1423,941,812,958,1226,934,802,1146,1109,1021,1926,0,0,0,0,0,0,0,0,0,0,0,0,0,0,0,0,0,0,0,0,100,0,0,0,0,0,0,0,0,0,0,0,189310.13665771484,215148.27966308594,0,404334891008,8589930496,37772869632,12402688
199,1724800469632,802,944,1403,1447,1039,1199,1373,1306,802,1458,1038,856,991,929,813,876,821,1697,1943,1134,1553,1423,941,812,958,1226,934,802,1146,1109,1021,1926,0,0,0,0,0,0,5,0,0,0,0,4.761904716491699,0,0,0,0,0,0,0,0,100,0,0,0,0,0,0,0,0,0,0,4.761904716491699,189310.50524902344,215153.6883544922,0,404334891008,8589930496,37772873728,12402688
199,1724800469832,802,944,1403,1447,1039,1199,1373,1306,802,1458,1038,856,991,929,813,876,821,1697,1943,1134,1553,1423,941,812,958,1226,934,802,1146,1109,1021,1926,5,0,5,85,0,0,4.761904716491699,0,0,0,0,0,0,0,0,0,0,0,5,0,15.000000953674316,0,0,0,0,0,0,0,0,0,0,0,189310.89349365234,215159.0923461914,0,404334891008,8589930496,37772873728,12402688
199,1724800470032,802,944,1403,1447,1039,1199,1373,1306,802,1458,1038,856,991,929,813,876,821,1697,1943,1134,1553,1423,941,812,958,1226,934,802,1146,1109,1021,1926,0,0,0,100,0,0,0,0,0,0,0,0,0,0,0,0,0,0,5,0,0,0,0,0,0,0,0,0,0,0,0,5,189311.24285888672,215164.4932861328,0,404334891008,8589930496,37772873728,12402688
199,1724800470233,802,944,1403,1447,1039,1199,1373,1306,802,1458,1038,856,991,929,813,876,821,1697,1943,1134,1553,1423,941,812,958,1226,934,802,1146,1109,1021,1926,0,0,0,100,0,0,0,0,0,0,0,0,0,0,0,0,0,0,0,0,0,0,0,0,0,0,0,0,0,0,0,0,189311.6248779297,215169.90350341797,0,404334891008,8589930496,37772873728,12402688
199,1724800470432,802,944,1403,1447,1039,1199,1373,1306,802,1458,1038,856,991,929,813,876,821,1697,1943,1134,1553,1423,941,812,958,1226,934,802,1146,1109,1021,1926,0,0,0,100,0,0,0,0,0,0,0,0,0,0,0,0,0,0,0,0,0,0,0,0,0,0,0,0,0,0,0,0,189312.02130126953,215175.357421875,0,404334891008,8589930496,37772873728,12402688
199,1724800470633,802,944,1403,1447,1039,1199,1373,1306,802,1458,1038,856,991,929,813,876,821,1697,1943,1134,1553,1423,941,812,958,1226,934,802,1146,1109,1021,1926,0,0,0,100,0,0,2.4390242099761963,2.5,2.4390242099761963,0,0,0,0,0,0,0,0,0,0,0,0,0,0,0,2.4390242099761963,0,0,0,0,0,0,4.878048419952393,189312.4434814453,215180.77813720703,0,404334891008,8589930496,37772873728,12402688
199,1724800470833,802,944,1403,1447,1039,1199,1373,1306,802,1458,1038,856,991,929,813,876,821,1697,1943,1134,1553,1423,941,812,958,1226,934,802,1146,1109,1021,1926,0,0,0,100,0,0,2.4390242099761963,2.5,2.4390242099761963,0,0,0,0,0,0,0,0,0,0,0,0,0,0,0,2.4390242099761963,0,0,0,0,0,0,4.878048419952393,189312.8348388672,215186.1806640625,0,404334891008,8589930496,37772873728,12402688
199,1724800471033,802,944,1403,1447,1039,1199,1373,1306,802,1458,1038,856,991,929,813,876,821,1697,1943,1134,1553,1423,941,812,958,1226,934,802,1146,1109,1021,1926,0,0,0,100,0,0,0,0,0,0,0,4.761904716491699,0,0,0,0,0,0,9.523809432983398,0,0,0,0,0,0,0,0,0,0,0,0,5,189313.22052001953,215191.55853271484,0,404334891008,8589930496,37772873728,12402688
199,1724800471233,802,944,1403,1447,1039,1199,1373,1306,802,1458,1038,856,991,929,813,876,821,1697,1943,1134,1553,1423,941,812,958,1226,934,802,1146,1109,1021,1926,0,0,0,100,0,0,0,0,0,0,0,0,0,0,0,0,0,0,0,0,0,0,0,0,0,0,0,0,0,0,0,4.761904716491699,189313.6466064453,215196.95532226563,0,404334891008,8589930496,37772873728,12402688
199,1724800471433,802,944,1403,1447,1039,1199,1373,1306,802,1458,1038,856,991,929,813,876,821,1697,1943,1134,1553,1423,941,812,958,1226,934,802,1146,1109,1021,1926,0,0,0,100,0,0,0,0,0,0,0,0,0,0,0,0,0,0,0,0,0,0,0,0,0,0,0,0,0,0,0,0,189314.05340576172,215202.35900878906,0,404334891008,8589930496,37772873728,12402688
199,1724800471633,802,944,1403,1447,1039,1199,1373,1306,802,1458,1038,856,991,929,813,876,821,1697,1943,1134,1553,1423,941,812,958,1226,934,802,1146,1109,1021,1926,0,0,0,100,0,0,0,4.761904716491699,0,0,0,0,0,0,0,0,0,0,5,4.761904716491699,0,0,0,0,0,0,0,0,0,0,0,0,189314.46368408203,215207.7933959961,0,404334891008,8589930496,37772873728,12402688
199,1724800471833,802,944,1403,1447,1039,1199,1373,1306,802,1458,1038,856,991,929,813,876,821,1697,1943,1134,1553,1423,941,812,958,1226,934,802,1146,1109,1021,1926,0,0,5,100,0,0,0,0,0,0,0,0,0,0,0,0,0,0,0,0,0,0,0,0,0,0,0,0,0,0,0,5,189314.8814086914,215213.19299316406,0,404334891008,8589930496,37772873728,12402688
199,1724800472033,802,944,1403,1447,1039,1199,1373,1306,802,1458,1038,856,991,929,813,876,821,1697,1943,1134,1553,1423,941,812,958,1226,934,802,1146,1109,1021,1926,0,0,0,100,0,0,0,0,0,0,0,0,0,0,0,0,0,0,5,0,0,0,0,0,0,0,0,0,0,0,0,0,189315.28240966797,215218.5971069336,0,404334891008,8589930496,37772873728,12402688
199,1724800472233,802,944,1403,1447,1039,1199,1373,1306,802,1458,1038,856,991,929,813,876,821,1697,1943,1134,1553,1423,941,812,958,1226,934,802,1146,1109,1021,1926,0,0,0,100,4.761904716491699,0,0,0,0,4.761904716491699,0,0,0,0,0,0,0,0,0,0,0,0,0,0,0,0,0,4.761904716491699,0,0,0,0,189315.70416259766,215224.01513671875,0,404334891008,8589930496,37772873728,12402688
199,1724800472433,802,944,1403,1447,1039,1199,1373,1306,802,1458,1038,856,991,929,813,876,821,1697,1943,1134,1553,1423,941,812,958,1226,934,802,1146,1109,1021,1926,0,0,0,100,0,0,0,0,0,0,0,0,0,0,0,0,0,0,4.761904716491699,0,0,4.761904716491699,0,0,0,0,0,0,0,0,0,0,189316.11450195313,215229.42419433594,0,404334891008,8589930496,37772873728,12402688
199,1724800472634,802,944,1403,1447,1039,1199,1373,1306,802,1458,1038,856,991,929,813,876,821,1697,1943,1134,1553,1423,941,812,958,1226,934,802,1146,1109,1021,1926,0,0,0,100,0,0,0,0,0,0,0,0,0,0,0,0,4.761904716491699,0,0,0,0,4.761904716491699,0,0,0,0,0,0,0,0,5,4.761904716491699,189316.54583740234,215234.83544921875,0,404334891008,8589930496,37772623872,12402688
199,1724800472834,802,944,1403,1447,1039,1199,1373,1306,802,1458,1038,856,991,929,813,876,821,1697,1943,1134,1553,1423,941,812,958,1226,934,802,1146,1109,1021,1926,10,0,4.761904716491699,100,0,0,0,0,4.761904716491699,4.761904716491699,0,0,4.761904716491699,0,0,5.263157844543457,0,0,4.761904716491699,0,0,0,0,0,0,5,0,0,0,0,5,0,189317.04956054688,215240.41973876953,0,404334891008,8589930496,37772894208,12402688
199,1724800473034,802,944,1403,1447,1039,1199,1373,1306,802,1458,1038,856,991,929,813,876,821,1697,1943,1134,1553,1423,941,812,958,1226,934,802,1146,1109,1021,1926,10,0,4.761904716491699,100,0,0,0,0,4.761904716491699,4.761904716491699,0,0,4.761904716491699,0,0,5.263157844543457,0,0,4.761904716491699,0,0,0,0,0,0,5,0,0,0,0,5,0,189317.67071533203,215246.3162841797,0,404334891008,8589930496,37773152256,12402688
199,1724800473234,802,944,1403,1447,1039,1199,1373,1306,802,1458,1038,856,991,929,813,876,821,1697,1943,1134,1553,1423,941,812,958,1226,934,802,1146,1109,1021,1926,0,2.5,0,100,0,0,0,5,7.500000476837158,0,7.317072868347168,7.500000476837158,2.5,4.878048419952393,2.4390242099761963,2.5641026496887207,0,2.5,0,0,0,0,2.4390242099761963,2.4390242099761963,0,0,0,5,0,2.4390242099761963,0,0,189318.05096435547,215251.72064208984,0,404334891008,8589930496,37773152256,12402688
199,1724800473434,802,944,1403,1447,1039,1199,1373,1306,802,1458,1038,856,991,929,813,876,821,1697,1943,1134,1553,1423,941,812,958,1226,934,802,1146,1109,1021,1926,0,0,0,100,0,0,0,0,0,0,0,0,0,0,0,0,0,0,0,0,0,0,0,0,0,0,0,0,0,0,0,0,189318.47564697266,215257.17517089844,0,404334891008,8589930496,37773152256,12402688
199,1724800473634,802,944,1403,1447,1039,1199,1373,1306,802,1458,1038,856,991,929,813,876,821,1697,1943,1134,1553,1423,941,812,958,1226,934,802,1146,1109,1021,1926,0,0,0,100,4.761904716491699,0,0,0,0,0,0,0,0,0,0,0,0,0,4.761904716491699,0,0,5,0,0,0,0,0,0,0,0,0,4.761904716491699,189318.8935546875,215262.58520507813,0,404334891008,8589930496,37773086720,12402688
199,1724800473834,802,944,1403,1447,1039,1199,1373,1306,802,1458,1038,856,991,929,813,876,821,1697,1943,1134,1553,1423,941,812,958,1226,934,802,1146,1109,1021,1926,0,0,0,100,0,0,0,0,4.761904716491699,0,0,0,0,0,0,0,0,0,0,9.523809432983398,0,0,0,0,0,0,0,0,0,0,0,0,189319.30694580078,215268.00720214844,0,404334891008,8589930496,37773090816,12402688
199,1724800474034,802,944,1403,1447,1039,1199,1373,1306,802,1458,1038,856,991,929,813,876,821,1697,1943,1134,1553,1423,941,812,958,1226,934,802,1146,1109,1021,1926,0,0,5,100,0,0,0,0,0,0,0,0,0,0,4.761904716491699,0,0,0,5.263157844543457,4.761904716491699,0,0,0,0,0,0,0,0,0,0,0,0,189319.75549316406,215273.4542236328,0,404334891008,8589930496,37773086720,12402688
199,1724800474235,802,944,1403,1447,1039,1199,1373,1306,802,1458,1038,856,991,929,813,876,821,1697,1943,1134,1553,1423,941,812,958,1226,934,802,1146,1109,1021,1926,0,0,0,100,0,0,0,0,0,0,0,0,0,0,0,0,0,0,0,0,0,0,0,0,0,0,0,0,0,0,0,0,189320.1739501953,215278.8692626953,0,404334891008,8589930496,37773086720,12402688
199,1724800474435,802,944,1403,1447,1039,1199,1373,1306,802,1458,1038,856,991,929,813,876,821,1697,1943,1134,1553,1423,941,812,958,1226,934,802,1146,1109,1021,1926,0,0,9.523809432983398,100,0,0,0,4.761904716491699,0,4.761904716491699,0,0,0,0,0,0,0,0,0,5,0,0,0,0,0,0,0,0,0,0,0,0,189320.62573242188,215284.3060913086,0,404334891008,8589930496,37773086720,12402688
199,1724800474634,802,944,1403,1447,1039,1199,1373,1306,802,1458,1038,856,991,929,813,876,821,1697,1943,1134,1553,1423,941,812,958,1226,934,802,1146,1109,1021,1926,0,0,9.523809432983398,100,0,0,0,4.761904716491699,0,4.761904716491699,0,0,0,0,0,0,0,0,0,5,0,0,0,0,0,0,0,0,0,0,0,0,189321.06842041016,215289.685546875,0,404334891008,8589930496,37773086720,12402688
199,1724800474835,802,944,1403,1447,1039,1199,1373,1306,802,1458,1038,856,991,929,813,876,821,1697,1943,1134,1553,1423,941,812,958,1226,934,802,1146,1109,1021,1926,0,0,0,100,0,0,0,2.5,0,0,0,0,0,0,0,0,0,0,0,0,0,0,0,0,0,0,2.4390242099761963,0,0,0,0,0,189321.51739501953,215295.12493896484,0,404334891008,8589930496,37773086720,12402688
199,1724800475035,802,944,1403,1447,1039,1199,1373,1306,802,1458,1038,856,991,929,813,876,821,1697,1943,1134,1553,1423,941,812,958,1226,934,802,1146,1109,1021,1926,0,0,9.523809432983398,100,5,0,0,0,4.761904716491699,0,0,0,0,0,0,4.761904716491699,4.761904716491699,0,4.761904716491699,0,0,0,0,0,0,0,4.761904716491699,0,0,0,0,0,189321.97241210938,215300.58563232422,0,404334891008,8589930496,37773086720,12402688
199,1724800475235,802,944,1403,1447,1039,1199,1373,1306,802,1458,1038,856,991,929,813,876,821,1697,1943,1134,1553,1423,941,812,958,1226,934,802,1146,1109,1021,1926,0,0,9.523809432983398,100,5,0,0,0,4.761904716491699,0,0,0,0,0,0,4.761904716491699,4.761904716491699,0,4.761904716491699,0,0,0,0,0,0,0,4.761904716491699,0,0,0,0,0,189322.41088867188,215305.96643066406,0,404334891008,8589930496,37773090816,12402688
199,1724800475435,802,944,1403,1447,1039,1199,1373,1306,802,1458,1038,856,991,929,813,876,821,1697,1943,1134,1553,1423,941,812,958,1226,934,802,1146,1109,1021,1926,0,0,0,100,0,0,0,0,0,5,0,0,0,0,0,0,0,0,0,0,0,0,0,0,0,0,0,0,0,0,0,0,189322.8218383789,215311.43548583984,0,404334891008,8589930496,37773090816,12402688
199,1724800475635,802,944,1403,1447,1039,1199,1373,1306,802,1458,1038,856,991,929,813,876,821,1697,1943,1134,1553,1423,941,812,958,1226,934,802,1146,1109,1021,1926,13.636363983154297,0,0,100,0,0,10,4.761904716491699,0,15.000000953674316,15.000000953674316,0,0,0,0,0,0,0,0,10,0,0,0,0,0,5,0,0,0,0,5,0,189323.75115966797,215317.2530517578,0,404334891008,8589930496,37773094912,12402688
199,1724800475835,802,944,1403,1447,1039,1199,1373,1306,802,1458,1038,856,991,929,813,876,821,1697,1943,1134,1553,1423,941,812,958,1226,934,802,1146,1109,1021,1926,13.636363983154297,0,0,100,0,0,10,4.761904716491699,0,15.000000953674316,15.000000953674316,0,0,0,0,0,0,0,0,10,0,0,0,0,0,5,0,0,0,0,5,0,189324.26373291016,215322.74993896484,0,404334891008,8589930496,37773094912,12402688
199,1724800476036,802,944,1403,1447,1039,1199,1373,1306,802,1458,1038,856,991,929,813,876,821,1697,1943,1134,1553,1423,941,812,958,1226,934,802,1146,1109,1021,1926,0,0,0,100,0,0,0,0,0,0,0,0,0,0,2.5,2.4390242099761963,0,0,0,0,0,0,0,0,0,0,0,0,0,2.4390242099761963,0,2.5,189324.71575927734,215328.19317626953,0,404334891008,8589930496,37773094912,12402688
199,1724800476236,802,944,1403,1447,1039,1199,1373,1306,802,1458,1038,856,991,929,813,876,821,1697,1943,1134,1553,1423,941,812,958,1226,934,802,1146,1109,1021,1926,0,0,0,100,4.761904716491699,0,0,0,0,0,0,0,0,0,0,0,0,5,0,0,0,0,0,0,0,0,0,0,0,0,0,0,189325.13885498047,215333.61157226563,0,404334891008,8589930496,37773094912,12402688
199,1724800476436,802,944,1403,1447,1039,1199,1373,1306,802,1458,1038,856,991,929,813,876,821,1697,1943,1134,1553,1423,941,812,958,1226,934,802,1146,1109,1021,1926,0,0,4.761904716491699,100,0,0,0,0,5,0,0,0,0,0,0,0,0,0,0,0,0,0,0,0,4.761904716491699,0,0,0,0,0,0,0,189325.60125732422,215339.04278564453,0,404334891008,8589930496,37773094912,12402688
199,1724800476636,802,944,1403,1447,1039,1199,1373,1306,802,1458,1038,856,991,929,813,876,821,1697,1943,1134,1553,1423,941,812,958,1226,934,802,1146,1109,1021,1926,0,0,4.761904716491699,100,4.761904716491699,0,9.090909004211426,0,0,0,0,0,0,0,0,0,0,0,0,0,0,0,0,0,0,0,0,0,0,0,0,0,189326.01989746094,215344.4545288086,0,404334891008,8589930496,37773094912,12402688
199,1724800476836,802,944,1403,1447,1039,1199,1373,1306,802,1458,1038,856,991,929,813,876,821,1697,1943,1134,1553,1423,941,812,958,1226,934,802,1146,1109,1021,1926,0,0,0,100,0,0,0,0,0,0,0,0,0,0,0,0,0,4.761904716491699,0,0,0,0,0,0,0,5,0,0,0,0,0,0,189326.4132080078,215349.86010742188,0,404334891008,8589930496,37773094912,12402688
199,1724800477036,802,944,1403,1447,1039,1199,1373,1306,802,1458,1038,856,991,929,813,876,821,1697,1943,1134,1553,1423,941,812,958,1226,934,802,1146,1109,1021,1926,0,0,0,100,0,0,10,0,0,0,0,0,0,0,0,0,0,0,0,0,0,0,0,0,0,0,0,4.761904716491699,0,0,0,0,189326.9183959961,215355.3207397461,0,404334891008,8589930496,37773099008,12402688
199,1724800477236,802,944,1403,1447,1039,1199,1373,1306,802,1458,1038,856,991,929,813,876,821,1697,1943,1134,1553,1423,941,812,958,1226,934,802,1146,1109,1021,1926,0,0,0,100,0,0,0,0,0,0,0,0,0,0,0,0,0,0,0,0,0,0,0,0,0,0,0,0,0,0,0,5,189327.30377197266,215360.74542236328,0,404334891008,8589930496,37773099008,12402688
199,1724800477436,802,944,1403,1447,1039,1199,1373,1306,802,1458,1038,856,991,929,813,876,821,1697,1943,1134,1553,1423,941,812,958,1226,934,802,1146,1109,1021,1926,0,0,0,100,4.761904716491699,0,0,0,0,0,0,0,0,0,0,0,0,0,4.761904716491699,0,0,0,0,0,0,5,0,0,0,0,0,0,189327.6806640625,215366.14569091797,0,404334891008,8589930496,37773053952,12402688
199,1724800477637,802,944,1403,1447,1039,1199,1373,1306,802,1458,1038,856,991,929,813,876,821,1697,1943,1134,1553,1423,941,812,958,1226,934,802,1146,1109,1021,1926,0,0,0,100,0,0,5,0,0,0,0,0,0,0,0,0,0,0,0,0,0,0,0,0,0,0,0,0,0,0,0,0,189328.037109375,215371.56768798828,0,404334891008,8589930496,37773058048,12402688
199,1724800477837,802,944,1403,1447,1039,1199,1373,1306,802,1458,1038,856,991,929,813,876,821,1697,1943,1134,1553,1423,941,812,958,1226,934,802,1146,1109,1021,1926,0,0,0,100,0,0,0,0,0,0,0,0,0,0,0,0,0,0,0,0,0,0,0,0,0,0,0,0,0,5,0,0,189328.40014648438,215376.9969482422,0,404334891008,8589930496,37773058048,12402688
199,1724800478037,802,944,1403,1447,1039,1199,1373,1306,802,1458,1038,856,991,929,813,876,821,1697,1943,1134,1553,1423,941,812,958,1226,934,802,1146,1109,1021,1926,0,0,4.761904716491699,100,0,0,0,0,4.761904716491699,0,0,0,0,0,5,4.761904716491699,4.761904716491699,5,5,0,0,0,0,0,0,0,0,0,0,0,0,0,189328.80688476563,215382.45318603516,0,404334891008,8589930496,37773189120,12402688
199,1724800478237,802,944,1403,1447,1039,1199,1373,1306,802,1458,1038,856,991,929,813,876,821,1697,1943,1134,1553,1423,941,812,958,1226,934,802,1146,1109,1021,1926,0,0,0,100,0,0,0,0,0,0,0,0,0,0,0,0,0,0,0,0,0,0,4.761904716491699,0,0,4.761904716491699,0,0,0,0,0,4.761904716491699,189329.2095336914,215387.86529541016,0,404334891008,8589930496,37773189120,12402688
199,1724800478437,802,944,1403,1447,1039,1199,1373,1306,802,1458,1038,856,991,929,813,876,821,1697,1943,1134,1553,1423,941,812,958,1226,934,802,1146,1109,1021,1926,0,0,0,100,0,0,0,0,0,0,0,0,0,0,0,0,0,0,0,0,0,0,5,0,0,0,0,0,0,4.761904716491699,0,0,189329.58526611328,215393.32794189453,0,404334891008,8589930496,37773189120,12402688
199,1724800478637,802,944,1403,1447,1039,1199,1373,1306,802,1458,1038,856,991,929,813,876,821,1697,1943,1134,1553,1423,941,812,958,1226,934,802,1146,1109,1021,1926,0,0,0,100,0,0,0,0,0,0,0,0,0,0,0,0,0,4.761904716491699,0,0,0,0,0,0,0,0,0,0,0,0,0,0,189329.9521484375,215398.7294921875,0,404334891008,8589930496,37773189120,12402688
199,1724800478837,802,944,1403,1447,1039,1199,1373,1306,802,1458,1038,856,991,929,813,876,821,1697,1943,1134,1553,1423,941,812,958,1226,934,802,1146,1109,1021,1926,0,0,0,100,0,0,0,0,0,0,0,0,0,0,0,0,0,0,0,0,0,0,0,0,0,0,0,0,0,0,0,0,189330.3510131836,215404.12384033203,0,404334891008,8589930496,37773189120,12402688
199,1724800479038,802,944,1403,1447,1039,1199,1373,1306,802,1458,1038,856,991,929,813,876,821,1697,1943,1134,1553,1423,941,812,958,1226,934,802,1146,1109,1021,1926,5,10,5,100,0,5,5,5,0,5,5,0,4.761904716491699,10,5,9.523809432983398,4.761904716491699,5.263157844543457,9.523809432983398,9.523809432983398,5,5,5,4.761904716491699,5,5,5,5,5,5,5,5,189330.92083740234,215409.6704711914,0,404334891008,8589930496,37773185024,12402688
199,1724800479238,802,944,1403,1447,1039,1199,1373,1306,802,1458,1038,856,991,929,813,876,821,1697,1943,1134,1553,1423,941,812,958,1226,934,802,1146,1109,1021,1926,5,10,5,100,0,5,5,5,0,5,5,0,4.761904716491699,10,5,9.523809432983398,4.761904716491699,5.263157844543457,9.523809432983398,9.523809432983398,5,5,5,4.761904716491699,5,5,5,5,5,5,5,5,189331.29852294922,215415.09020996094,0,404334891008,8589930496,37773185024,12402688
199,1724800479438,802,944,1403,1447,1039,1199,1373,1306,802,1458,1038,856,991,929,813,876,821,1697,1943,1134,1553,1423,941,812,958,1226,934,802,1146,1109,1021,1926,0,0,0,100,0,0,0,0,0,0,0,0,0,0,0,0,0,0,0,0,0,0,0,0,0,0,2.5641026496887207,2.5,0,0,0,0,189331.66766357422,215420.5521850586,0,404334891008,8589930496,37773185024,12402688
199,1724800479638,802,944,1403,1447,1039,1199,1373,1306,802,1458,1038,856,991,929,813,876,821,1697,1943,1134,1553,1423,941,812,958,1226,934,802,1146,1109,1021,1926,0,0,0,100,0,0,0,0,0,0,0,0,0,0,0,0,0,0,0,0,0,0,0,0,0,0,5,0,0,0,0,5,189332.01763916016,215425.96380615234,0,404334891008,8589930496,37773185024,12402688
199,1724800479838,802,944,1403,1447,1039,1199,1373,1306,802,1458,1038,856,991,929,813,876,821,1697,1943,1134,1553,1423,941,812,958,1226,934,802,1146,1109,1021,1926,0,0,0,100,0,0,0,0,0,0,0,0,0,0,0,0,0,0,0,0,0,0,0,0,0,4.761904716491699,0,0,0,0,0,4.761904716491699,189332.38342285156,215431.37561035156,0,404334891008,8589930496,37773189120,12402688
199,1724800480038,802,944,1403,1447,1039,1199,1373,1306,802,1458,1038,856,991,929,813,876,821,1697,1943,1134,1553,1423,941,812,958,1226,934,802,1146,1109,1021,1926,0,0,4.761904716491699,100,0,0,0,0,5,0,0,0,0,0,0,0,0,0,0,0,0,0,0,0,0,0,0,0,0,0,0,0,189332.7582397461,215436.80505371094,0,404334891008,8589930496,37773189120,12402688
199,1724800480238,802,944,1403,1447,1039,1199,1373,1306,802,1458,1038,856,991,929,813,876,821,1697,1943,1134,1553,1423,941,812,958,1226,934,802,1146,1109,1021,1926,0,0,4.761904716491699,100,0,0,0,0,5,0,0,0,0,0,0,0,0,0,0,0,0,0,0,0,0,0,0,0,0,0,0,0,189333.1728515625,215442.2368774414,0,404334891008,8589930496,37773189120,12402688
199,1724800480438,802,944,1403,1447,1039,1199,1373,1306,802,1458,1038,856,991,929,813,876,821,1697,1943,1134,1553,1423,941,812,958,1226,934,802,1146,1109,1021,1926,0,0,0,100,0,0,0,0,0,0,0,0,0,0,0,0,4.878048419952393,0,2.4390242099761963,0,0,0,0,0,0,0,2.5,0,0,0,0,0,189333.60119628906,215447.70904541016,0,404334891008,8589930496,37773189120,12402688
199,1724800480639,802,944,1403,1447,1039,1199,1373,1306,802,1458,1038,856,991,929,813,876,821,1697,1943,1134,1553,1423,941,812,958,1226,934,802,1146,1109,1021,1926,0,0,0,100,0,0,0,0,0,0,0,0,0,0,0,0,0,0,0,0,0,0,0,0,0,0,0,0,0,0,0,0,189333.99505615234,215453.12231445313,0,404334891008,8589930496,37773189120,12402688
199,1724800480839,802,944,1403,1447,1039,1199,1373,1306,802,1458,1038,856,991,929,813,876,821,1697,1943,1134,1553,1423,941,812,958,1226,934,802,1146,1109,1021,1926,0,0,0,100,0,0,0,4.761904716491699,0,0,0,0,0,0,0,0,0,0,0,0,0,0,0,0,0,0,0,0,0,0,0,0,189334.39611816406,215458.54345703125,0,404334891008,8589930496,37773189120,12402688
199,1724800481039,802,944,1403,1447,1039,1199,1373,1306,802,1458,1038,856,991,929,813,876,821,1697,1943,1134,1553,1423,941,812,958,1226,934,802,1146,1109,1021,1926,0,0,5,100,0,0,5,0,4.761904716491699,4.761904716491699,0,0,5,0,0,0,0,0,4.761904716491699,0,0,0,0,0,0,0,0,0,0,4.761904716491699,0,0,189334.78350830078,215463.98895263672,0,404334891008,8589930496,37773189120,12402688
199,1724800481239,802,944,1403,1447,1039,1199,1373,1306,802,1458,1038,856,991,929,813,876,821,1697,1943,1134,1553,1423,941,812,958,1226,934,802,1146,1109,1021,1926,0,0,0,100,0,0,0,4.761904716491699,0,0,0,0,0,0,0,0,0,0,0,0,0,0,0,0,0,0,0,0,0,0,0,0,189335.16680908203,215469.41925048828,0,404334891008,8589930496,37773189120,12402688
199,1724800481439,802,944,1403,1447,1039,1199,1373,1306,802,1458,1038,856,991,929,813,876,821,1697,1943,1134,1553,1423,941,812,958,1226,934,802,1146,1109,1021,1926,0,0,0,100,0,0,0,0,0,0,0,0,0,0,0,0,0,0,0,0,0,0,0,0,0,0,5,0,0,0,0,0,189335.54370117188,215474.85235595703,0,404334891008,8589930496,37773189120,12402688
199,1724800481639,802,944,1403,1447,1039,1199,1373,1306,802,1458,1038,856,991,929,813,876,821,1697,1943,1134,1553,1423,941,812,958,1226,934,802,1146,1109,1021,1926,0,0,0,100,0,0,0,4.761904716491699,0,0,0,0,0,0,0,0,0,0,0,0,0,0,0,0,0,0,0,0,0,0,0,0,189335.9467163086,215480.26831054688,0,404334891008,8589930496,37773189120,12402688
199,1724800481839,802,944,1403,1447,1039,1199,1373,1306,802,1458,1038,856,991,929,813,876,821,1697,1943,1134,1553,1423,941,812,958,1226,934,802,1146,1109,1021,1926,0,0,0,100,0,0,4.761904716491699,5,0,0,0,0,0,0,0,0,0,0,0,0,0,4.761904716491699,0,0,0,0,0,0,0,0,0,0,189336.3363647461,215485.6827392578,0,404334891008,8589930496,37773254656,12402688
199,1724800482039,802,944,1403,1447,1039,1199,1373,1306,802,1458,1038,856,991,929,813,876,821,1697,1943,1134,1553,1423,941,812,958,1226,934,802,1146,1109,1021,1926,0,5,0,100,0,0,5,0,0,0,0,0,4.761904716491699,0,4.761904716491699,0,0,0,0,0,0,0,0,0,0,0,5,0,0,0,0,4.761904716491699,189336.73248291016,215491.1597290039,0,404334891008,8589930496,37773254656,12402688
199,1724800482240,802,944,1403,1447,1039,1199,1373,1306,802,1458,1038,856,991,929,813,876,821,1697,1943,1134,1553,1423,941,812,958,1226,934,802,1146,1109,1021,1926,0,0,0,100,0,0,0,0,0,0,0,0,0,0,0,0,0,0,0,0,0,0,0,0,0,0,5,0,4.761904716491699,0,0,0,189337.13842773438,215496.60467529297,0,404334891008,8589930496,37773258752,12402688
199,1724800482440,802,944,1403,1447,1039,1199,1373,1306,802,1458,1038,856,991,929,813,876,821,1697,1943,1134,1553,1423,941,812,958,1226,934,802,1146,1109,1021,1926,0,0,5,100,0,0,0,0,0,0,0,0,0,0,0,0,0,0,0,0,0,0,0,0,0,0,4.761904716491699,0,0,0,0,0,189337.47827148438,215502.01348876953,0,404334891008,8589930496,37773258752,12402688
199,1724800482640,802,944,1403,1447,1039,1199,1373,1306,802,1458,1038,856,991,929,813,876,821,1697,1943,1134,1553,1423,941,812,958,1226,934,802,1146,1109,1021,1926,0,0,0,100,0,0,4.761904716491699,0,0,0,0,0,0,0,0,0,0,0,0,0,0,0,0,0,0,0,0,4.761904716491699,0,0,0,0,189337.85620117188,215507.41790771484,0,404334891008,8589930496,37773258752,12402688
199,1724800482840,802,944,1403,1447,1039,1199,1373,1306,802,1458,1038,856,991,929,813,876,821,1697,1943,1134,1553,1423,941,812,958,1226,934,802,1146,1109,1021,1926,0,0,0,100,0,0,0,0,0,0,0,0,0,0,0,0,0,0,0,0,0,0,0,0,0,0,5.263157844543457,0,0,0,0,0,189338.20654296875,215512.88354492188,0,404334891008,8589930496,37773258752,12402688
199,1724800483040,802,944,1403,1447,1039,1199,1373,1306,802,1458,1038,856,991,929,813,876,821,1697,1943,1134,1553,1423,941,812,958,1226,934,802,1146,1109,1021,1926,0,0,0,100,0,0,0,0,0,0,0,0,0,0,0,0,0,0,0,0,0,0,0,0,0,0,0,0,0,0,4.761904716491699,0,189338.6221923828,215518.3247680664,0,404334891008,8589930496,37773008896,12402688
199,1724800483240,802,944,1403,1447,1039,1199,1373,1306,802,1458,1038,856,991,929,813,876,821,1697,1943,1134,1553,1423,941,812,958,1226,934,802,1146,1109,1021,1926,0,0,0,100,0,0,0,0,0,0,0,0,0,0,0,0,0,0,0,0,0,0,0,0,0,0,0,0,0,0,4.761904716491699,0,189339.0111694336,215523.72882080078,0,404334891008,8589930496,37773008896,12402688
199,1724800483440,802,944,1403,1447,1039,1199,1373,1306,802,1458,1038,856,991,929,813,876,821,1697,1943,1134,1553,1423,941,812,958,1226,934,802,1146,1109,1021,1926,2.4390242099761963,5.128205299377441,0,100,2.5,0,2.5,2.5,7.500000476837158,0,5,7.317072868347168,0,5,0,0,0,0,2.4390242099761963,0,0,0,7.317072868347168,0,0,2.5,2.4390242099761963,7.317072868347168,2.4390242099761963,7.500000476837158,2.5,0,189339.65576171875,215529.77239990234,0,404334891008,8589930496,37773279232,12402688
199,1724800483640,802,944,1403,1447,1039,1199,1373,1306,802,1458,1038,856,991,929,813,876,821,1697,1943,1134,1553,1423,941,812,958,1226,934,802,1146,1109,1021,1926,0,0,0,100,0,0,0,0,0,4.761904716491699,0,0,0,0,0,0,0,0,0,5,0,0,0,4.761904716491699,4.761904716491699,0,0,0,0,0,0,0,189340.02124023438,215535.2120361328,0,404334891008,8589930496,37773279232,12402688
199,1724800483840,802,944,1403,1447,1039,1199,1373,1306,802,1458,1038,856,991,929,813,876,821,1697,1943,1134,1553,1423,941,812,958,1226,934,802,1146,1109,1021,1926,0,0,0,100,0,0,0,0,0,0,0,0,0,0,0,0,0,0,0,0,0,0,4.761904716491699,0,0,0,5,0,0,0,0,0,189340.40057373047,215540.65545654297,0,404334891008,8589930496,37773283328,12402688
199,1724800484040,802,944,1403,1447,1039,1199,1373,1306,802,1458,1038,856,991,929,813,876,821,1697,1943,1134,1553,1423,941,812,958,1226,934,802,1146,1109,1021,1926,0,0,0,100,0,0,0,0,0,0,0,0,0,0,0,0,0,0,0,0,0,0,4.761904716491699,0,0,0,5,0,0,0,0,0,189340.80786132813,215546.0697631836,0,404334891008,8589930496,37773348864,12402688
199,1724800484240,802,944,1403,1447,1039,1199,1373,1306,802,1458,1038,856,991,929,813,876,821,1697,1943,1134,1553,1423,941,812,958,1226,934,802,1146,1109,1021,1926,0,0,0,100,0,0,0,0,0,0,0,0,0,0,0,0,0,0,0,0,0,0,0,0,0,0,0,0,0,0,0,0,189341.19873046875,215551.4672241211,0,404334891008,8589930496,37773348864,12402688
199,1724800484440,802,944,1403,1447,1039,1199,1373,1306,802,1458,1038,856,991,929,813,876,821,1697,1943,1134,1553,1423,941,812,958,1226,934,802,1146,1109,1021,1926,0,0,0,100,0,0,0,0,0,0,0,0,0,0,0,0,0,0,0,0,0,0,0,0,0,0,0,0,0,0,0,0,189341.63806152344,215556.9125366211,0,404334891008,8589930496,37773230080,12402688
199,1724800484641,802,944,1403,1447,1039,1199,1373,1306,802,1458,1038,856,991,929,813,876,821,1697,1943,1134,1553,1423,941,812,958,1226,934,802,1146,1109,1021,1926,0,2.5,2.5,100,0,0,0,2.4390242099761963,0,0,0,0,0,0,0,0,2.4390242099761963,0,0,2.4390242099761963,0,0,0,0,0,0,2.4390242099761963,0,0,0,2.5,0,189342.03985595703,215562.36462402344,0,404334891008,8589930496,37773348864,12402688
199,1724800484841,802,944,1403,1447,1039,1199,1373,1306,802,1458,1038,856,991,929,813,876,821,1697,1943,1134,1553,1423,941,812,958,1226,934,802,1146,1109,1021,1926,0,9.523809432983398,0,100,0,0,0,0,0,0,0,0,0,0,0,0,0,0,0,0,0,0,0,0,0,0,0,0,0,0,0,0,189342.4189453125,215567.79608154297,0,404334891008,8589930496,37773348864,12402688
199,1724800485041,802,944,1403,1447,1039,1199,1373,1306,802,1458,1038,856,991,929,813,876,821,1697,1943,1134,1553,1423,941,812,958,1226,934,802,1146,1109,1021,1926,0,0,0,100,0,0,0,0,0,0,0,0,0,0,0,0,4.761904716491699,0,0,0,0,5,0,4.761904716491699,0,0,0,0,0,0,0,0,189342.82623291016,215573.20733642578,0,404334891008,8589930496,37773348864,12402688
199,1724800485241,802,944,1403,1447,1039,1199,1373,1306,802,1458,1038,856,991,929,813,876,821,1697,1943,1134,1553,1423,941,812,958,1226,934,802,1146,1109,1021,1926,0,0,0,100,0,0,0,0,0,0,0,0,0,0,0,0,4.761904716491699,0,0,0,0,5,0,4.761904716491699,0,0,0,0,0,0,0,0,189343.19079589844,215578.58465576172,0,404334891008,8589930496,37773348864,12402688
199,1724800485441,802,944,1403,1447,1039,1199,1373,1306,802,1458,1038,856,991,929,813,876,821,1697,1943,1134,1553,1423,941,812,958,1226,934,802,1146,1109,1021,1926,0,2.5,0,100,0,0,0,0,0,2.5,0,0,0,0,0,0,0,0,0,0,0,0,0,0,0,0,0,0,0,0,0,0,189343.56658935547,215584.02807617188,0,404334891008,8589930496,37773348864,12402688
199,1724800485641,802,944,1403,1447,1039,1199,1373,1306,802,1458,1038,856,991,929,813,876,821,1697,1943,1134,1553,1423,941,812,958,1226,934,802,1146,1109,1021,1926,0,0,4.761904716491699,100,0,0,0,5,0,0,0,0,0,0,0,0,0,0,0,0,0,0,0,0,0,0,0,0,0,0,0,0,189343.95581054688,215589.43914794922,0,404334891008,8589930496,37773352960,12402688
199,1724800485841,802,944,1403,1447,1039,1199,1373,1306,802,1458,1038,856,991,929,813,876,821,1697,1943,1134,1553,1423,941,812,958,1226,934,802,1146,1109,1021,1926,23.809524536132813,4.761904716491699,0,100,0,0,0,0,0,0,0,0,0,0,0,0,0,0,0,5,0,5,0,0,4.761904716491699,4.761904716491699,0,5,0,0,5,0,189344.4458618164,215595.07928466797,0,404334891008,8589930496,37784494080,12402688
199,1724800486041,802,944,1403,1447,1039,1199,1373,1306,802,1458,1038,856,991,929,813,876,821,1697,1943,1134,1553,1423,941,812,958,1226,934,802,1146,1109,1021,1926,23.809524536132813,4.761904716491699,0,100,0,0,0,0,0,0,0,0,0,0,0,0,0,0,0,5,0,5,0,0,4.761904716491699,4.761904716491699,0,5,0,0,5,0,189344.900390625,215600.54565429688,0,404334891008,8589930496,37773352960,12402688
199,1724800486241,802,944,1403,1447,1039,1199,1373,1306,802,1458,1038,856,991,929,813,876,821,1697,1943,1134,1553,1423,941,812,958,1226,934,802,1146,1109,1021,1926,2.5641026496887207,2.5,0,100,0,0,0,0,0,0,0,0,0,0,0,0,0,0,2.5,0,0,2.5641026496887207,0,0,0,2.5641026496887207,2.4390242099761963,0,0,0,0,0,189345.29766845703,215605.94885253906,0,404334891008,8589930496,37773352960,12402688
199,1724800486442,802,944,1403,1447,1039,1199,1373,1306,802,1458,1038,856,991,929,813,876,821,1697,1943,1134,1553,1423,941,812,958,1226,934,802,1146,1109,1021,1926,0,0,0,100,0,0,0,0,0,0,0,0,0,0,0,0,0,0,0,0,0,4.761904716491699,0,0,0,4.761904716491699,0,0,0,0,0,0,189345.69232177734,215611.34100341797,0,404334891008,8589930496,37773352960,12402688
199,1724800486642,802,944,1403,1447,1039,1199,1373,1306,802,1458,1038,856,991,929,813,876,821,1697,1943,1134,1553,1423,941,812,958,1226,934,802,1146,1109,1021,1926,0,0,0,100,0,0,4.761904716491699,0,0,0,0,0,0,0,0,0,0,0,0,0,0,0,0,0,0,0,0,0,0,0,0,0,189346.08209228516,215616.74884033203,0,404334891008,8589930496,37773348864,12402688
199,1724800486842,802,944,1403,1447,1039,1199,1373,1306,802,1458,1038,856,991,929,813,876,821,1697,1943,1134,1553,1423,941,812,958,1226,934,802,1146,1109,1021,1926,0,0,0,100,0,0,4.761904716491699,0,0,0,0,0,0,0,0,0,0,0,0,0,0,0,0,0,0,0,0,0,0,0,0,0,189346.4766845703,215622.15118408203,0,404334891008,8589930496,37773348864,12402688
199,1724800487042,802,944,1403,1447,1039,1199,1373,1306,802,1458,1038,856,991,929,813,876,821,1697,1943,1134,1553,1423,941,812,958,1226,934,802,1146,1109,1021,1926,0,0,0,100,0,0,0,0,0,0,0,0,0,0,0,0,0,0,0,2.5,0,0,0,0,0,4.878048419952393,0,0,0,0,2.4390242099761963,0,189346.86407470703,215627.5457763672,0,404334891008,8589930496,37773352960,12402688
199,1724800487242,802,944,1403,1447,1039,1199,1373,1306,802,1458,1038,856,991,929,813,876,821,1697,1943,1134,1553,1423,941,812,958,1226,934,802,1146,1109,1021,1926,0,0,0,100,0,0,0,0,0,0,0,0,0,0,0,0,0,0,0,2.5,0,0,0,0,0,4.878048419952393,0,0,0,0,2.4390242099761963,0,189347.25213623047,215632.9337158203,0,404334891008,8589930496,37773352960,12402688
199,1724800487442,802,944,1403,1447,1039,1199,1373,1306,802,1458,1038,856,991,929,813,876,821,1697,1943,1134,1553,1423,941,812,958,1226,934,802,1146,1109,1021,1926,0,0,0,0,0,0,0,0,0,0,0,0,0,0,0,0,0,0,0,0,100,4.761904716491699,0,0,0,0,0,0,0,0,0,0,189347.6600341797,215638.32861328125,0,404334891008,8589930496,37773352960,12402688
199,1724800487642,802,944,1403,1447,1039,1199,1373,1306,802,1458,1038,856,991,929,813,876,821,1697,1943,1134,1553,1423,941,812,958,1226,934,802,1146,1109,1021,1926,0,0,0,0,0,0,0,0,0,0,0,0,0,0,0,0,0,0,0,0,100,4.761904716491699,0,0,0,0,0,0,0,0,0,0,189348.12829589844,215643.75579833984,0,404334891008,8589930496,37773352960,12402688
199,1724800487842,802,944,1403,1447,1039,1199,1373,1306,802,1458,1038,856,991,929,813,876,821,1697,1943,1134,1553,1423,941,812,958,1226,934,802,1146,1109,1021,1926,0,0,0,0,0,0,0,0,0,0,0,0,0,0,0,0,0,0,0,5,100,0,0,0,0,0,0,4.761904716491699,0,0,0,0,189348.5581665039,215649.18975830078,0,404334891008,8589930496,37773352960,12402688
199,1724800488042,802,944,1403,1447,1039,1199,1373,1306,802,1458,1038,856,991,929,813,876,821,1697,1943,1134,1553,1423,941,812,958,1226,934,802,1146,1109,1021,1926,0,0,0,0,0,0,0,0,0,0,0,0,0,0,0,0,0,0,0,0,100,0,0,0,0,4.761904716491699,0,0,0,0,4.761904716491699,0,189348.9884033203,215654.58697509766,0,404334891008,8589930496,37773352960,12402688
199,1724800488243,802,944,1403,1447,1039,1199,1373,1306,802,1458,1038,856,991,929,813,876,821,1697,1943,1134,1553,1423,941,812,958,1226,934,802,1146,1109,1021,1926,0,0,4.761904716491699,0,0,0,0,0,0,0,0,0,0,0,0,0,0,0,0,0,100,4.761904716491699,0,0,0,0,0,0,0,0,0,4.761904716491699,189349.3348388672,215659.98516845703,0,404334891008,8589930496,37773352960,12402688
199,1724800488443,802,944,1403,1447,1039,1199,1373,1306,802,1458,1038,856,991,929,813,876,821,1697,1943,1134,1553,1423,941,812,958,1226,934,802,1146,1109,1021,1926,0,0,0,0,0,0,5,0,0,0,0,0,0,0,0,0,0,0,0,0,100,0,0,0,0,0,0,0,0,0,5,0,189349.68719482422,215665.43200683594,0,404334891008,8589930496,37773352960,12402688
199,1724800488643,802,944,1403,1447,1039,1199,1373,1306,802,1458,1038,856,991,929,813,876,821,1697,1943,1134,1553,1423,941,812,958,1226,934,802,1146,1109,1021,1926,0,0,0,0,0,0,0,0,0,0,0,0,0,0,0,4.761904716491699,4.761904716491699,0,0,0,100,0,9.523809432983398,0,0,0,0,0,0,0,4.761904716491699,0,189350.0623779297,215670.84796142578,0,404334891008,8589930496,37773357056,12402688
199,1724800488843,802,944,1403,1447,1039,1199,1373,1306,802,1458,1038,856,991,929,813,876,821,1697,1943,1134,1553,1423,941,812,958,1226,934,802,1146,1109,1021,1926,0,0,0,0,0,0,0,0,0,0,0,0,0,0,0,0,0,0,0,0,100,0,0,0,0,0,0,0,0,0,0,0,189350.4545288086,215676.2485961914,0,404334891008,8589930496,37773357056,12402688
199,1724800489043,802,944,1403,1447,1039,1199,1373,1306,802,1458,1038,856,991,929,813,876,821,1697,1943,1134,1553,1423,941,812,958,1226,934,802,1146,1109,1021,1926,0,0,0,0,0,0,5,0,0,0,0,0,0,0,0,0,0,0,9.090909004211426,0,100,5,0,0,0,0,0,0,0,0,0,0,189350.86096191406,215681.64337158203,0,404334891008,8589930496,37773357056,12402688
199,1724800489243,802,944,1403,1447,1039,1199,1373,1306,802,1458,1038,856,991,929,813,876,821,1697,1943,1134,1553,1423,941,812,958,1226,934,802,1146,1109,1021,1926,0,0,0,0,0,0,0,4.761904716491699,0,0,0,0,0,0,0,0,0,4.761904716491699,0,0,100,0,0,0,0,0,0,0,0,0,4.761904716491699,0,189351.23046875,215687.03192138672,0,404334891008,8589930496,37773357056,12402688
199,1724800489443,802,944,1403,1447,1039,1199,1373,1306,802,1458,1038,856,991,929,813,876,821,1697,1943,1134,1553,1423,941,812,958,1226,934,802,1146,1109,1021,1926,0,0,0,0,0,0,5,0,0,0,0,0,0,0,0,0,0,0,4.761904716491699,0,100,0,0,0,0,0,0,0,0,0,0,0,189351.63604736328,215692.48986816406,0,404334891008,8589930496,37773361152,12402688
199,1724800489643,802,944,1403,1447,1039,1199,1373,1306,802,1458,1038,856,991,929,813,876,821,1697,1943,1134,1553,1423,941,812,958,1226,934,802,1146,1109,1021,1926,0,0,0,0,0,0,0,0,0,0,0,0,0,0,0,0,0,0,0,0,100,0,0,0,0,0,0,0,0,0,0,0,189352.01446533203,215697.89794921875,0,404334891008,8589930496,37773361152,12402688
199,1724800489844,802,944,1403,1447,1039,1199,1373,1306,802,1458,1038,856,991,929,813,876,821,1697,1943,1134,1553,1423,941,812,958,1226,934,802,1146,1109,1021,1926,0,0,0,0,0,0,0,0,0,0,0,0,0,0,0,0,0,0,0,0,100,5,0,0,0,0,0,0,0,0,0,0,189352.41192626953,215703.28814697266,0,404334891008,8589930496,37773361152,12402688
199,1724800490044,802,944,1403,1447,1039,1199,1373,1306,802,1458,1038,856,991,929,813,876,821,1697,1943,1134,1553,1423,941,812,958,1226,934,802,1146,1109,1021,1926,0,0,0,0,0,0,0,0,0,0,0,0,0,0,0,0,0,0,0,5,100,0,0,0,0,0,0,0,0,4.761904716491699,0,0,189352.84368896484,215708.68426513672,0,404334891008,8589930496,37773361152,12402688
199,1724800490244,802,944,1403,1447,1039,1199,1373,1306,802,1458,1038,856,991,929,813,876,821,1697,1943,1134,1553,1423,941,812,958,1226,934,802,1146,1109,1021,1926,0,0,4.761904716491699,0,0,0,0,0,0,0,0,0,0,0,0,0,0,0,0,0,100,0,0,0,0,4.761904716491699,0,0,0,0,0,0,189353.23400878906,215714.08264160156,0,404334891008,8589930496,37773361152,12402688
199,1724800490444,802,944,1403,1447,1039,1199,1373,1306,802,1458,1038,856,991,929,813,876,821,1697,1943,1134,1553,1423,941,812,958,1226,934,802,1146,1109,1021,1926,0,0,4.761904716491699,0,0,0,0,0,0,0,0,0,0,0,0,0,0,0,0,0,100,0,0,0,0,4.761904716491699,0,0,0,0,0,0,189353.61651611328,215719.4887084961,0,404334891008,8589930496,37773361152,12402688
199,1724800490644,802,944,1403,1447,1039,1199,1373,1306,802,1458,1038,856,991,929,813,876,821,1697,1943,1134,1553,1423,941,812,958,1226,934,802,1146,1109,1021,1926,2.5,0,0,0,0,0,0,2.4390242099761963,0,4.761904716491699,0,0,0,0,0,0,0,0,0,0,100,2.5,0,0,0,2.5,0,0,0,0,0,0,189354.0571899414,215724.93255615234,0,404334891008,8589930496,37773357056,12402688
199,1724800490844,802,944,1403,1447,1039,1199,1373,1306,802,1458,1038,856,991,929,813,876,821,1697,1943,1134,1553,1423,941,812,958,1226,934,802,1146,1109,1021,1926,0,0,0,0,0,0,0,0,0,0,0,0,0,0,0,0,0,0,0,0,100,5,10,0,0,0,0,0,0,0,0,0,189354.48083496094,215730.3077392578,0,404334891008,8589930496,37773684736,12402688
199,1724800491044,802,944,1403,1447,1039,1199,1373,1306,802,1458,1038,856,991,929,813,876,821,1697,1943,1134,1553,1423,941,812,958,1226,934,802,1146,1109,1021,1926,0,0,0,0,0,0,4.761904716491699,0,0,0,0,0,0,0,0,0,0,0,9.090909004211426,0,100,0,0,0,0,0,0,0,0,0,0,0,189354.89715576172,215735.69793701172,0,404334891008,8589930496,37773684736,12402688
199,1724800491244,802,944,1403,1447,1039,1199,1373,1306,802,1458,1038,856,991,929,813,876,821,1697,1943,1134,1553,1423,941,812,958,1226,934,802,1146,1109,1021,1926,0,0,4.761904716491699,0,0,0,0,0,0,0,0,0,0,0,0,0,0,0,0,0,100,0,0,0,0,0,0,0,0,0,0,4.761904716491699,189355.29663085938,215741.09600830078,0,404334891008,8589930496,37773684736,12402688
199,1724800491444,802,944,1403,1447,1039,1199,1373,1306,802,1458,1038,856,991,929,813,876,821,1697,1943,1134,1553,1423,941,812,958,1226,934,802,1146,1109,1021,1926,0,0,0,0,0,0,0,0,4.761904716491699,0,0,0,0,0,0,0,0,0,0,0,100,0,9.523809432983398,0,0,0,0,0,0,0,0,0,189355.7137451172,215746.49926757813,0,404334891008,8589930496,37773684736,12402688
199,1724800491644,802,944,1403,1447,1039,1199,1373,1306,802,1458,1038,856,991,929,813,876,821,1697,1943,1134,1553,1423,941,812,958,1226,934,802,1146,1109,1021,1926,0,0,0,0,0,0,0,0,4.761904716491699,0,0,0,0,0,0,0,0,0,0,0,100,0,9.523809432983398,0,0,0,0,0,0,0,0,0,189356.1571044922,215751.91638183594,0,404334891008,8589930496,37773688832,12402688
199,1724800491845,802,944,1403,1447,1039,1199,1373,1306,802,1458,1038,856,991,929,813,876,821,1697,1943,1134,1553,1423,941,812,958,1226,934,802,1146,1109,1021,1926,0,2.5,0,0,0,0,2.4390242099761963,0,0,0,0,0,0,0,0,0,0,0,2.4390242099761963,0,100,0,0,0,0,2.5,0,0,0,0,0,0,189356.5912475586,215757.3140258789,0,404334891008,8589930496,37773692928,12402688
199,1724800492045,802,944,1403,1447,1039,1199,1373,1306,802,1458,1038,856,991,929,813,876,821,1697,1943,1134,1553,1423,941,812,958,1226,934,802,1146,1109,1021,1926,0,0,0,0,0,0,5,0,0,0,0,0,0,0,4.761904716491699,0,0,0,0,0,100,4.761904716491699,0,0,0,0,0,0,0,0,0,0,189357.01287841797,215762.72149658203,0,404334891008,8589930496,37773692928,12402688
199,1724800492245,802,944,1403,1447,1039,1199,1373,1306,802,1458,1038,856,991,929,813,876,821,1697,1943,1134,1553,1423,941,812,958,1226,934,802,1146,1109,1021,1926,0,5,5,0,5,0,5,5,5,4.761904716491699,5,5,5,5,5,5,5,0,5,5,100,10,5,0,5,4.761904716491699,5,5,5,0,5,15.000000953674316,189357.548828125,215768.21588134766,0,404334891008,8589930496,37773692928,12402688
199,1724800492445,802,944,1403,1447,1039,1199,1373,1306,802,1458,1038,856,991,929,813,876,821,1697,1943,1134,1553,1423,941,812,958,1226,934,802,1146,1109,1021,1926,0,0,0,0,5,0,0,0,0,0,0,0,0,0,0,0,0,0,0,0,100,0,0,0,0,0,0,0,0,0,0,0,189357.91241455078,215773.63482666016,0,404334891008,8589930496,37773692928,12402688
199,1724800492645,802,944,1403,1447,1039,1199,1373,1306,802,1458,1038,856,991,929,813,876,821,1697,1943,1134,1553,1423,941,812,958,1226,934,802,1146,1109,1021,1926,0,0,0,0,0,0,0,0,0,0,0,0,5,4.761904716491699,0,0,0,0,0,0,100,0,0,0,0,0,0,0,0,0,0,9.090909004211426,189358.3394165039,215779.10321044922,0,404334891008,8589930496,37773692928,12402688
199,1724800492845,802,944,1403,1447,1039,1199,1373,1306,802,1458,1038,856,991,929,813,876,821,1697,1943,1134,1553,1423,941,812,958,1226,934,802,1146,1109,1021,1926,0,0,0,0,0,0,0,0,0,0,0,0,0,0,0,0,0,0,0,0,100,0,0,0,0,0,0,0,0,0,0,0,189358.73992919922,215784.57495117188,0,404334891008,8589930496,37773692928,12402688
199,1724800493046,802,944,1403,1447,1039,1199,1373,1306,802,1458,1038,856,991,929,813,876,821,1697,1943,1134,1553,1423,941,812,958,1226,934,802,1146,1109,1021,1926,0,0,0,0,0,0,5,0,0,0,0,0,0,0,0,0,0,0,0,0,100,0,0,0,0,0,0,0,0,0,0,0,189359.17260742188,215789.99182128906,0,404334891008,8589930496,37773692928,12402688
199,1724800493246,802,944,1403,1447,1039,1199,1373,1306,802,1458,1038,856,991,929,813,876,821,1697,1943,1134,1553,1423,941,812,958,1226,934,802,1146,1109,1021,1926,0,0,4.761904716491699,0,0,0,0,0,4.761904716491699,0,0,0,0,0,0,0,0,0,0,0,100,0,0,0,0,0,0,0,0,0,0,0,189359.58856201172,215795.41021728516,0,404334891008,8589930496,37773692928,12402688
199,1724800493446,802,944,1403,1447,1039,1199,1373,1306,802,1458,1038,856,991,929,813,876,821,1697,1943,1134,1553,1423,941,812,958,1226,934,802,1146,1109,1021,1926,0,0,0,0,0,0,0,0,5,0,0,0,0,0,0,0,0,0,0,0,100,0,0,0,0,0,0,0,0,0,0,0,189360.00256347656,215800.88739013672,0,404334891008,8589930496,37773692928,12402688
199,1724800493646,802,944,1403,1447,1039,1199,1373,1306,802,1458,1038,856,991,929,813,876,821,1697,1943,1134,1553,1423,941,812,958,1226,934,802,1146,1109,1021,1926,0,5,0,0,0,0,0,0,0,4.761904716491699,0,0,0,0,0,0,0,0,0,0,100,0,0,0,0,0,0,0,0,4.761904716491699,0,0,189360.43383789063,215806.3271484375,0,404334891008,8589930496,37773438976,12402688
199,1724800493846,802,944,1403,1447,1039,1199,1373,1306,802,1458,1038,856,991,929,813,876,821,1697,1943,1134,1553,1423,941,812,958,1226,934,802,1146,1109,1021,1926,0,5,0,0,0,0,0,0,0,4.761904716491699,0,0,0,0,0,0,0,0,0,0,100,0,0,0,0,0,0,0,0,4.761904716491699,0,0,189360.9588623047,215811.84454345703,0,404334891008,8589930496,37773602816,12402688
199,1724800494046,802,944,1403,1447,1039,1199,1373,1306,802,1458,1038,856,991,929,813,876,821,1697,1943,1134,1553,1423,941,812,958,1226,934,802,1146,1109,1021,1926,0,5.263157844543457,0,0,9.523809432983398,5.263157844543457,19.047618865966797,0,0,0,4.761904716491699,9.523809432983398,0,0,0,5,15.000000953674316,0,4.761904716491699,0,100,5,0,0,0,0,5,0,0,0,5,0,189361.49047851563,215817.46258544922,0,404334891008,8589930496,37773840384,12402688
199,1724800494246,802,944,1403,1447,1039,1199,1373,1306,802,1458,1038,856,991,929,813,876,821,1697,1943,1134,1553,1423,941,812,958,1226,934,802,1146,1109,1021,1926,0,5.263157844543457,0,0,9.523809432983398,5.263157844543457,19.047618865966797,0,0,0,4.761904716491699,9.523809432983398,0,0,0,5,15.000000953674316,0,4.761904716491699,0,100,5,0,0,0,0,5,0,0,0,5,0,189361.87048339844,215822.88049316406,0,404334891008,8589930496,37773844480,12402688
199,1724800494446,802,944,1403,1447,1039,1199,1373,1306,802,1458,1038,856,991,929,813,876,821,1697,1943,1134,1553,1423,941,812,958,1226,934,802,1146,1109,1021,1926,2.5,4.878048419952393,0,0,0,0,0,0,0,0,0,0,0,0,0,0,0,0,0,5,100,0,0,0,0,0,0,2.4390242099761963,0,0,0,0,189362.22064208984,215828.33056640625,0,404334891008,8589930496,37773844480,12402688
199,1724800494647,802,944,1403,1447,1039,1199,1373,1306,802,1458,1038,856,991,929,813,876,821,1697,1943,1134,1553,1423,941,812,958,1226,934,802,1146,1109,1021,1926,0,5,0,0,0,0,0,0,0,4.761904716491699,0,0,0,0,0,0,0,0,0,0,100,0,0,4.761904716491699,0,0,0,0,0,0,4.761904716491699,0,189362.6396484375,215833.75201416016,0,404334891008,8589930496,37773844480,12402688
199,1724800494847,802,944,1403,1447,1039,1199,1373,1306,802,1458,1038,856,991,929,813,876,821,1697,1943,1134,1553,1423,941,812,958,1226,934,802,1146,1109,1021,1926,0,5,0,0,0,0,0,0,0,4.761904716491699,0,0,0,0,0,0,0,0,0,0,100,0,0,4.761904716491699,0,0,0,0,0,0,4.761904716491699,0,189363.02770996094,215839.169921875,0,404334891008,8589930496,37773844480,12402688
199,1724800495047,802,944,1403,1447,1039,1199,1373,1306,802,1458,1038,856,991,929,813,876,821,1697,1943,1134,1553,1423,941,812,958,1226,934,802,1146,1109,1021,1926,0,0,0,0,0,0,0,0,0,0,0,0,0,0,0,0,0,0,0,0,100,0,0,0,0,0,0,0,0,0,4.761904716491699,0,189363.39642333984,215844.60876464844,0,404334891008,8589930496,37773840384,12402688
199,1724800495247,802,944,1403,1447,1039,1199,1373,1306,802,1458,1038,856,991,929,813,876,821,1697,1943,1134,1553,1423,941,812,958,1226,934,802,1146,1109,1021,1926,0,0,9.523809432983398,0,0,0,0,0,0,0,0,0,0,0,0,0,0,0,0,0,100,0,0,0,0,0,0,0,0,0,0,0,189363.7642211914,215850.0662841797,0,404334891008,8589930496,37773840384,12402688
199,1724800495447,802,944,1403,1447,1039,1199,1373,1306,802,1458,1038,856,991,929,813,876,821,1697,1943,1134,1553,1423,941,812,958,1226,934,802,1146,1109,1021,1926,0,0,9.523809432983398,0,0,0,0,0,0,0,0,0,0,0,0,0,0,0,0,0,100,0,0,0,0,0,0,0,0,0,0,0,189364.16180419922,215855.48516845703,0,404334891008,8589930496,37773840384,12402688
199,1724800495647,802,944,1403,1447,1039,1199,1373,1306,802,1458,1038,856,991,929,813,876,821,1697,1943,1134,1553,1423,941,812,958,1226,934,802,1146,1109,1021,1926,0,4.878048419952393,0,0,0,0,0,0,0,0,0,0,0,0,0,2.4390242099761963,0,0,0,0,100,0,0,0,0,0,0,2.5,0,0,2.5,0,189364.56378173828,215860.97583007813,0,404334891008,8589930496,37773840384,12402688
199,1724800495847,802,944,1403,1447,1039,1199,1373,1306,802,1458,1038,856,991,929,813,876,821,1697,1943,1134,1553,1423,941,812,958,1226,934,802,1146,1109,1021,1926,0,4.878048419952393,0,0,0,0,0,0,0,0,0,0,0,0,0,2.4390242099761963,0,0,0,0,100,0,0,0,0,0,0,2.5,0,0,2.5,0,189364.94696044922,215866.38250732422,0,404334891008,8589930496,37773840384,12402688
199,1724800496047,802,944,1403,1447,1039,1199,1373,1306,802,1458,1038,856,991,929,813,876,821,1697,1943,1134,1553,1423,941,812,958,1226,934,802,1146,1109,1021,1926,0,2.5641026496887207,0,0,0,0,2.5,2.5,0,0,0,0,0,2.4390242099761963,0,0,0,0,0,0,100,4.878048419952393,0,2.5,0,0,0,0,0,0,4.878048419952393,2.5,189365.39068603516,215871.90197753906,0,404334891008,8589930496,37773983744,12402688
199,1724800496248,802,944,1403,1447,1039,1199,1373,1306,802,1458,1038,856,991,929,813,876,821,1697,1943,1134,1553,1423,941,812,958,1226,934,802,1146,1109,1021,1926,0,4.761904716491699,5,0,4.761904716491699,0,4.761904716491699,4.761904716491699,21.052631378173828,5,4.761904716491699,4.761904716491699,0,0,4.761904716491699,4.761904716491699,4.761904716491699,0,0,0,100,0,5,0,9.090909004211426,4.761904716491699,4.761904716491699,0,0,9.523809432983398,4.761904716491699,4.761904716491699,189365.98162841797,215877.5693359375,0,404334891008,8589930496,37773840384,12402688
199,1724800496448,802,944,1403,1447,1039,1199,1373,1306,802,1458,1038,856,991,929,813,876,821,1697,1943,1134,1553,1423,941,812,958,1226,934,802,1146,1109,1021,1926,5,0,0,0,0,0,0,0,0,0,0,0,0,0,0,0,4.761904716491699,0,0,0,100,0,0,0,0,0,0,0,0,0,0,0,189366.4677734375,215882.99645996094,0,404334891008,8589930496,37773844480,12402688
199,1724800496648,802,944,1403,1447,1039,1199,1373,1306,802,1458,1038,856,991,929,813,876,821,1697,1943,1134,1553,1423,941,812,958,1226,934,802,1146,1109,1021,1926,0,0,0,0,0,0,5,0,0,0,0,0,0,0,0,0,0,0,0,0,100,0,0,4.761904716491699,0,0,0,0,0,0,0,0,189366.87530517578,215888.40466308594,0,404334891008,8589930496,37773844480,12402688
199,1724800496848,802,944,1403,1447,1039,1199,1373,1306,802,1458,1038,856,991,929,813,876,821,1697,1943,1134,1553,1423,941,812,958,1226,934,802,1146,1109,1021,1926,0,5,4.761904716491699,0,4.761904716491699,0,0,0,0,5,0,0,0,0,0,0,0,0,0,0,100,0,0,0,0,0,0,0,0,0,0,0,189367.2803955078,215893.83435058594,0,404334891008,8589930496,37773844480,12402688
199,1724800497048,802,944,1403,1447,1039,1199,1373,1306,802,1458,1038,856,991,929,813,876,821,1697,1943,1134,1553,1423,941,812,958,1226,934,802,1146,1109,1021,1926,0,0,0,0,0,0,0,0,0,9.523809432983398,0,0,0,0,0,0,0,0,5,0,100,4.761904716491699,0,5,0,0,5,0,0,0,0,0,189367.7059326172,215899.3026123047,0,404334891008,8589930496,37773844480,12402688
199,1724800497248,802,944,1403,1447,1039,1199,1373,1306,802,1458,1038,856,991,929,813,876,821,1697,1943,1134,1553,1423,941,812,958,1226,934,802,1146,1109,1021,1926,0,4.761904716491699,0,0,0,0,0,4.761904716491699,0,0,0,0,0,0,0,0,0,0,0,0,100,0,0,0,0,0,0,0,0,0,0,0,189368.06646728516,215904.73193359375,0,404334891008,8589930496,37773844480,12402688
199,1724800497448,802,944,1403,1447,1039,1199,1373,1306,802,1458,1038,856,991,929,813,876,821,1697,1943,1134,1553,1423,941,812,958,1226,934,802,1146,1109,1021,1926,0,0,4.761904716491699,0,0,0,0,0,4.761904716491699,0,0,0,0,0,0,0,0,0,0,0,100,0,0,0,0,0,0,0,0,0,0,0,189368.46649169922,215910.1616821289,0,404334891008,8589930496,37773844480,12402688
199,1724800497648,802,944,1403,1447,1039,1199,1373,1306,802,1458,1038,856,991,929,813,876,821,1697,1943,1134,1553,1423,941,812,958,1226,934,802,1146,1109,1021,1926,0,5,0,0,0,4.761904716491699,0,0,0,0,0,0,0,5,0,0,0,0,0,0,100,0,0,0,0,0,0,0,0,0,0,0,189368.84326171875,215915.60540771484,0,404334891008,8589930496,37773844480,12402688
199,1724800497848,802,944,1403,1447,1039,1199,1373,1306,802,1458,1038,856,991,929,813,876,821,1697,1943,1134,1553,1423,941,812,958,1226,934,802,1146,1109,1021,1926,0,0,0,0,0,0,0,0,0,4.761904716491699,0,0,0,0,0,0,0,0,0,0,100,0,0,0,0,0,0,0,0,0,0,0,189369.22204589844,215921.048828125,0,404334891008,8589930496,37773844480,12402688
199,1724800498049,802,944,1403,1447,1039,1199,1373,1306,802,1458,1038,856,991,929,813,876,821,1697,1943,1134,1553,1423,941,812,958,1226,934,802,1146,1109,1021,1926,4.761904716491699,5,0,0,0,0,0,0,0,5,0,0,0,0,0,0,0,0,0,0,100,0,0,0,0,0,0,0,0,0,0,0,189369.63885498047,215926.51861572266,0,404334891008,8589930496,37773844480,12402688
199,1724800498249,802,944,1403,1447,1039,1199,1373,1306,802,1458,1038,856,991,929,813,876,821,1697,1943,1134,1553,1423,941,812,958,1226,934,802,1146,1109,1021,1926,0,0,0,0,0,0,0,5,4.761904716491699,5,0,0,0,0,0,0,0,0,0,0,100,0,0,0,0,0,0,0,0,0,0,0,189370.0411376953,215931.98205566406,0,404334891008,8589930496,37773844480,12402688
199,1724800498449,802,944,1403,1447,1039,1199,1373,1306,802,1458,1038,856,991,929,813,876,821,1697,1943,1134,1553,1423,941,812,958,1226,934,802,1146,1109,1021,1926,0,0,4.761904716491699,0,0,0,0,0,0,0,0,0,0,0,0,0,0,0,0,0,100,0,0,0,0,0,4.761904716491699,0,0,0,0,0,189370.40203857422,215937.4591064453,0,404334891008,8589930496,37773844480,12402688
199,1724800498649,802,944,1403,1447,1039,1199,1373,1306,802,1458,1038,856,991,929,813,876,821,1697,1943,1134,1553,1423,941,812,958,1226,934,802,1146,1109,1021,1926,0,4.761904716491699,0,0,0,0,0,0,0,4.761904716491699,0,0,0,0,0,0,0,0,0,0,100,0,0,0,0,0,0,0,0,0,0,0,189370.79205322266,215942.89685058594,0,404334891008,8589930496,37773844480,12402688
199,1724800498849,802,944,1403,1447,1039,1199,1373,1306,802,1458,1038,856,991,929,813,876,821,1697,1943,1134,1553,1423,941,812,958,1226,934,802,1146,1109,1021,1926,0,0,0,0,0,0,0,0,0,0,0,0,0,0,0,0,0,0,0,0,100,0,0,0,0,0,0,0,0,0,0,0,189371.1220703125,215948.32763671875,0,404334891008,8589930496,37773848576,12402688
199,1724800499049,802,944,1403,1447,1039,1199,1373,1306,802,1458,1038,856,991,929,813,876,821,1697,1943,1134,1553,1423,941,812,958,1226,934,802,1146,1109,1021,1926,0,0,0,0,0,0,0,0,0,4.761904716491699,0,5,0,0,0,0,0,0,0,0,100,0,0,0,0,0,4.761904716491699,0,0,0,0,0,189371.4765625,215953.83544921875,0,404334891008,8589930496,37773848576,12402688
199,1724800499249,802,944,1403,1447,1039,1199,1373,1306,802,1458,1038,856,991,929,813,876,821,1697,1943,1134,1553,1423,941,812,958,1226,934,802,1146,1109,1021,1926,0,5,0,0,0,0,0,0,4.761904716491699,5,0,0,0,0,0,0,0,0,0,0,100,0,0,0,0,0,0,0,0,4.761904716491699,0,0,189371.83447265625,215959.28424072266,0,404334891008,8589930496,37773848576,12402688
199,1724800499449,802,944,1403,1447,1039,1199,1373,1306,802,1458,1038,856,991,929,813,876,821,1697,1943,1134,1553,1423,941,812,958,1226,934,802,1146,1109,1021,1926,0,0,0,0,0,0,0,0,0,0,0,0,0,4.761904716491699,0,0,0,0,0,0,100,0,0,0,0,0,0,0,0,0,0,0,189372.19415283203,215964.77734375,0,404334891008,8589930496,37773848576,12402688
199,1724800499650,802,944,1403,1447,1039,1199,1373,1306,802,1458,1038,856,991,929,813,876,821,1697,1943,1134,1553,1423,941,812,958,1226,934,802,1146,1109,1021,1926,0,0,0,0,0,0,0,0,0,5,0,0,0,0,0,0,0,0,0,0,100,0,0,4.761904716491699,0,0,0,0,0,0,0,0,189372.54467773438,215970.20947265625,0,404334891008,8589930496,37773848576,12402688
199,1724800499850,802,944,1403,1447,1039,1199,1373,1306,802,1458,1038,856,991,929,813,876,821,1697,1943,1134,1553,1423,941,812,958,1226,934,802,1146,1109,1021,1926,0,5,0,0,0,0,0,5,0,0,0,0,0,0,0,0,0,0,0,0,100,0,0,0,0,0,0,0,0,0,0,0,189372.93951416016,215975.6658935547,0,404334891008,8589930496,37773848576,12402688
199,1724800500050,802,944,1403,1447,1039,1199,1373,1306,802,1458,1038,856,991,929,813,876,821,1697,1943,1134,1553,1423,941,812,958,1226,934,802,1146,1109,1021,1926,0,5,4.761904716491699,0,0,0,0,0,4.761904716491699,9.523809432983398,0,4.761904716491699,0,0,0,0,0,0,0,0,100,0,0,0,0,0,4.761904716491699,0,0,0,0,0,189373.36651611328,215981.17443847656,0,404334891008,8589930496,37773848576,12402688
199,1724800500250,802,944,1403,1447,1039,1199,1373,1306,802,1458,1038,856,991,929,813,876,821,1697,1943,1134,1553,1423,941,812,958,1226,934,802,1146,1109,1021,1926,0,5,4.761904716491699,0,0,0,0,0,4.761904716491699,9.523809432983398,0,4.761904716491699,0,0,0,0,0,0,0,0,100,0,0,0,0,0,4.761904716491699,0,0,0,0,0,189373.78747558594,215986.57647705078,0,404334891008,8589930496,37773848576,12402688
199,1724800500450,802,944,1403,1447,1039,1199,1373,1306,802,1458,1038,856,991,929,813,876,821,1697,1943,1134,1553,1423,941,812,958,1226,934,802,1146,1109,1021,1926,0,0,0,0,0,0,0,2.4390242099761963,0,0,0,0,0,0,0,0,0,0,0,0,100,0,0,0,0,0,0,0,0,0,0,0,189374.14813232422,215992.10675048828,0,404334891008,8589930496,37773848576,12402688
199,1724800500650,802,944,1403,1447,1039,1199,1373,1306,802,1458,1038,856,991,929,813,876,821,1697,1943,1134,1553,1423,941,812,958,1226,934,802,1146,1109,1021,1926,0,0,0,0,0,0,0,0,0,5,0,0,0,0,0,0,0,0,0,0,100,0,0,0,0,0,0,0,0,0,0,0,189374.50555419922,215997.49346923828,0,404334891008,8589930496,37773848576,12402688
199,1724800500850,802,944,1403,1447,1039,1199,1373,1306,802,1458,1038,856,991,929,813,876,821,1697,1943,1134,1553,1423,941,812,958,1226,934,802,1146,1109,1021,1926,0,5,0,0,0,0,0,0,0,0,0,0,0,0,0,0,0,0,0,0,100,0,0,0,0,0,0,0,0,0,0,0,189374.8927001953,216002.9906616211,0,404334891008,8589930496,37773848576,12402688
199,1724800501050,802,944,1403,1447,1039,1199,1373,1306,802,1458,1038,856,991,929,813,876,821,1697,1943,1134,1553,1423,941,812,958,1226,934,802,1146,1109,1021,1926,0,0,0,0,0,0,0,0,0,5,4.761904716491699,0,0,0,0,0,0,0,4.761904716491699,5,100,0,0,0,0,0,0,0,0,5,0,0,189375.2891845703,216008.48461914063,0,404334891008,8589930496,37773852672,12402688
199,1724800501251,802,944,1403,1447,1039,1199,1373,1306,802,1458,1038,856,991,929,813,876,821,1697,1943,1134,1553,1423,941,812,958,1226,934,802,1146,1109,1021,1926,0,0,0,0,4.761904716491699,0,0,4.761904716491699,0,0,0,0,0,0,4.761904716491699,0,0,0,0,0,100,0,0,0,0,0,0,0,0,0,0,0,189375.64471435547,216013.91064453125,0,404334891008,8589930496,37773856768,12402688
199,1724800501451,802,944,1403,1447,1039,1199,1373,1306,802,1458,1038,856,991,929,813,876,821,1697,1943,1134,1553,1423,941,812,958,1226,934,802,1146,1109,1021,1926,0,0,0,0,0,0,0,5,0,9.090909004211426,0,0,0,0,0,0,0,0,0,0,100,0,0,0,0,0,0,0,0,0,0,0,189376.01788330078,216019.36016845703,0,404334891008,8589930496,37773856768,12402688
199,1724800501651,802,944,1403,1447,1039,1199,1373,1306,802,1458,1038,856,991,929,813,876,821,1697,1943,1134,1553,1423,941,812,958,1226,934,802,1146,1109,1021,1926,0,0,0,0,0,0,0,4.761904716491699,0,0,0,0,0,0,0,0,0,0,0,0,100,0,0,0,0,0,0,0,0,0,0,0,189376.4110107422,216024.81121826172,0,404334891008,8589930496,37773856768,12402688
199,1724800501851,802,944,1403,1447,1039,1199,1373,1306,802,1458,1038,856,991,929,813,876,821,1697,1943,1134,1553,1423,941,812,958,1226,934,802,1146,1109,1021,1926,0,0,0,0,0,5,0,0,0,5,0,0,0,0,0,0,0,0,0,0,100,0,0,0,0,0,0,0,0,0,0,4.761904716491699,189376.79669189453,216030.24194335938,0,404334891008,8589930496,37773860864,12402688
199,1724800502051,802,944,1403,1447,1039,1199,1373,1306,802,1458,1038,856,991,929,813,876,821,1697,1943,1134,1553,1423,941,812,958,1226,934,802,1146,1109,1021,1926,4.761904716491699,4.761904716491699,0,0,0,0,4.761904716491699,4.761904716491699,0,4.761904716491699,0,0,0,0,0,0,0,0,5,0,100,0,0,0,0,0,0,4.761904716491699,0,0,0,0,189377.21325683594,216035.74682617188,0,404334891008,8589930496,37773860864,12402688
199,1724800502251,802,944,1403,1447,1039,1199,1373,1306,802,1458,1038,856,991,929,813,876,821,1697,1943,1134,1553,1423,941,812,958,1226,934,802,1146,1109,1021,1926,0,0,0,0,0,0,0,0,0,0,0,0,0,0,0,0,0,0,0,0,100,0,0,0,0,0,0,0,0,0,0,0,189377.60540771484,216041.19067382813,0,404334891008,8589930496,37773860864,12402688
199,1724800502451,802,944,1403,1447,1039,1199,1373,1306,802,1458,1038,856,991,929,813,876,821,1697,1943,1134,1553,1423,941,812,958,1226,934,802,1146,1109,1021,1926,0,0,0,0,0,0,9.090909004211426,0,0,0,0,0,0,0,0,0,0,0,0,0,100,0,0,0,0,0,0,0,4.761904716491699,0,0,0,189377.9874267578,216046.65185546875,0,404334891008,8589930496,37773860864,12402688
199,1724800502651,802,944,1403,1447,1039,1199,1373,1306,802,1458,1038,856,991,929,813,876,821,1697,1943,1134,1553,1423,941,812,958,1226,934,802,1146,1109,1021,1926,0,0,0,0,0,0,0,0,0,0,0,0,0,0,0,0,0,0,0,0,100,0,0,0,0,0,0,5,0,0,0,0,189378.38110351563,216052.14288330078,0,404334891008,8589930496,37773860864,12402688
199,1724800502852,802,944,1403,1447,1039,1199,1373,1306,802,1458,1038,856,991,929,813,876,821,1697,1943,1134,1553,1423,941,812,958,1226,934,802,1146,1109,1021,1926,0,0,0,0,0,0,0,0,0,0,0,0,0,0,0,0,0,0,0,0,100,0,0,0,0,0,0,4.761904716491699,0,0,0,0,189378.75646972656,216057.6098022461,0,404334891008,8589930496,37773860864,12402688
199,1724800503051,802,944,1403,1447,1039,1199,1373,1306,802,1458,1038,856,991,929,813,876,821,1697,1943,1134,1553,1423,941,812,958,1226,934,802,1146,1109,1021,1926,0,0,0,0,0,0,0,0,0,0,0,0,0,0,0,0,0,0,0,0,100,0,0,0,0,0,0,4.761904716491699,0,0,0,0,189379.19104003906,216063.04364013672,0,404334891008,8589930496,37773864960,12402688
199,1724800503252,802,944,1403,1447,1039,1199,1373,1306,802,1458,1038,856,991,929,813,876,821,1697,1943,1134,1553,1423,941,812,958,1226,934,802,1146,1109,1021,1926,0,0,2.4390242099761963,0,0,0,0,0,0,0,0,0,0,0,0,0,0,0,0,0,100,0,0,0,0,2.4390242099761963,0,0,0,2.4390242099761963,0,0,189379.57098388672,216068.5076904297,0,404334891008,8589930496,37773864960,12402688
199,1724800503452,802,944,1403,1447,1039,1199,1373,1306,802,1458,1038,856,991,929,813,876,821,1697,1943,1134,1553,1423,941,812,958,1226,934,802,1146,1109,1021,1926,0,0,0,0,0,0,5,0,0,5,0,0,0,0,0,0,0,0,0,0,100,0,0,0,0,0,0,5,4.761904716491699,0,0,0,189379.96728515625,216074.0166015625,0,404334891008,8589930496,37773864960,12402688
199,1724800503652,802,944,1403,1447,1039,1199,1373,1306,802,1458,1038,856,991,929,813,876,821,1697,1943,1134,1553,1423,941,812,958,1226,934,802,1146,1109,1021,1926,0,5,0,0,0,0,0,0,0,0,0,0,0,0,0,0,0,0,0,0,100,0,4.761904716491699,0,0,0,0,0,0,0,0,0,189380.3779296875,216079.48175048828,0,404334891008,8589930496,37773934592,12402688
199,1724800503852,802,944,1403,1447,1039,1199,1373,1306,802,1458,1038,856,991,929,813,876,821,1697,1943,1134,1553,1423,941,812,958,1226,934,802,1146,1109,1021,1926,0,0,0,70,0,0,0,0,0,0,0,0,0,0,0,0,0,0,0,0,30.000001907348633,0,0,0,0,0,5,0,0,0,0,0,189380.79095458984,216084.93194580078,0,404334891008,8589930496,37773934592,12402688
199,1724800504052,802,944,1403,1447,1039,1199,1373,1306,802,1458,1038,856,991,929,813,876,821,1697,1943,1134,1553,1423,941,812,958,1226,934,802,1146,1109,1021,1926,0,9.523809432983398,0,100,0,0,0,0,0,0,0,0,0,0,0,0,0,0,10,0,0,0,0,0,0,0,0,0,0,0,0,0,189381.20196533203,216090.36791992188,0,404334891008,8589930496,37773676544,12402688
199,1724800504252,802,944,1403,1447,1039,1199,1373,1306,802,1458,1038,856,991,929,813,876,821,1697,1943,1134,1553,1423,941,812,958,1226,934,802,1146,1109,1021,1926,0,9.523809432983398,0,100,0,0,0,0,0,0,0,0,0,0,0,0,0,0,10,0,0,0,0,0,0,0,0,0,0,0,0,0,189381.59448242188,216095.7576904297,0,404334891008,8589930496,37773676544,12402688
199,1724800504452,802,944,1403,1447,1039,1199,1373,1306,802,1458,1038,856,991,929,813,876,821,1697,1943,1134,1553,1423,941,812,958,1226,934,802,1146,1109,1021,1926,2.5,0,9.756096839904785,100,7.500000476837158,7.692307949066162,4.878048419952393,2.5641026496887207,2.5,5,7.317072868347168,2.5641026496887207,5,2.5,4.878048419952393,7.317072868347168,7.500000476837158,2.5,2.5641026496887207,2.5,7.317072868347168,0,2.4390242099761963,2.5,7.692307949066162,5.128205299377441,2.5,2.5641026496887207,0,2.5,7.317072868347168,5,189382.31719970703,216101.57873535156,0,404334891008,8589930496,37773934592,12402688
199,1724800504653,802,944,1403,1447,1039,1199,1373,1306,802,1458,1038,856,991,929,813,876,821,1697,1943,1134,1553,1423,941,812,958,1226,934,802,1146,1109,1021,1926,0,0,0,100,4.761904716491699,0,0,0,0,0,0,0,0,0,0,0,0,5,0,0,0,0,0,0,0,0,0,0,0,0,0,0,189382.71911621094,216107.05865478516,0,404334891008,8589930496,37773942784,12402688
199,1724800504853,802,944,1403,1447,1039,1199,1373,1306,802,1458,1038,856,991,929,813,876,821,1697,1943,1134,1553,1423,941,812,958,1226,934,802,1146,1109,1021,1926,0,0,4.761904716491699,100,0,0,0,0,0,0,0,0,0,0,0,0,0,0,0,0,0,0,0,0,0,0,0,0,0,0,0,0,189383.09954833984,216112.4500732422,0,404334891008,8589930496,37773942784,12402688
199,1724800505053,802,944,1403,1447,1039,1199,1373,1306,802,1458,1038,856,991,929,813,876,821,1697,1943,1134,1553,1423,941,812,958,1226,934,802,1146,1109,1021,1926,0,0,0,100,4.761904716491699,0,0,0,0,0,0,0,0,0,0,5,0,0,0,0,0,0,0,0,0,0,0,0,0,0,0,0,189383.50756835938,216117.91284179688,0,404334891008,8589930496,37773942784,12402688
199,1724800505253,802,944,1403,1447,1039,1199,1373,1306,802,1458,1038,856,991,929,813,876,821,1697,1943,1134,1553,1423,941,812,958,1226,934,802,1146,1109,1021,1926,0,0,0,100,4.761904716491699,0,0,0,0,0,0,0,0,0,0,5,0,0,0,0,0,0,0,0,0,0,0,0,0,0,0,0,189383.91668701172,216123.32623291016,0,404334891008,8589930496,37773942784,12402688
199,1724800505453,802,944,1403,1447,1039,1199,1373,1306,802,1458,1038,856,991,929,813,876,821,1697,1943,1134,1553,1423,941,812,958,1226,934,802,1146,1109,1021,1926,0,4.761904716491699,0,100,4.761904716491699,0,0,0,0,0,0,0,0,0,0,0,0,0,0,0,0,0,0,0,0,0,0,4.761904716491699,0,0,0,0,189384.2918701172,216128.8380126953,0,404334891008,8589930496,37773942784,12402688
199,1724800505653,802,944,1403,1447,1039,1199,1373,1306,802,1458,1038,856,991,929,813,876,821,1697,1943,1134,1553,1423,941,812,958,1226,934,802,1146,1109,1021,1926,0,0,0,100,0,0,0,0,0,0,0,0,0,0,0,0,0,0,0,0,0,0,0,0,0,0,0,0,0,0,0,5,189384.67120361328,216134.27899169922,0,404334891008,8589930496,37773942784,12402688
199,1724800505853,802,944,1403,1447,1039,1199,1373,1306,802,1458,1038,856,991,929,813,876,821,1697,1943,1134,1553,1423,941,812,958,1226,934,802,1146,1109,1021,1926,0,0,4.761904716491699,100,0,9.090909004211426,0,0,0,0,0,0,0,0,0,0,5,4.761904716491699,0,0,0,0,0,0,0,4.761904716491699,0,0,0,0,0,0,189385.0767211914,216139.71490478516,0,404334891008,8589930496,37773946880,12402688
199,1724800506054,802,944,1403,1447,1039,1199,1373,1306,802,1458,1038,856,991,929,813,876,821,1697,1943,1134,1553,1423,941,812,958,1226,934,802,1146,1109,1021,1926,0,0,0,100,0,0,0,0,0,0,0,0,4.761904716491699,0,0,0,0,0,4.761904716491699,0,0,0,0,0,0,0,0,0,0,0,0,0,189385.47705078125,216145.1254272461,0,404334891008,8589930496,37773946880,12402688
199,1724800506254,802,944,1403,1447,1039,1199,1373,1306,802,1458,1038,856,991,929,813,876,821,1697,1943,1134,1553,1423,941,812,958,1226,934,802,1146,1109,1021,1926,0,0,0,100,0,5,0,0,0,0,0,0,0,0,0,0,0,0,0,0,0,0,0,0,0,0,0,0,0,0,0,0,189385.8927001953,216150.53399658203,0,404334891008,8589930496,37773946880,12402688
199,1724800506454,802,944,1403,1447,1039,1199,1373,1306,802,1458,1038,856,991,929,813,876,821,1697,1943,1134,1553,1423,941,812,958,1226,934,802,1146,1109,1021,1926,4.761904716491699,4.761904716491699,0,100,15.000000953674316,10.526315689086914,9.090909004211426,0,4.761904716491699,5,0,0,5.263157844543457,9.523809432983398,4.761904716491699,5,0,0,0,0,0,0,0,4.761904716491699,0,9.090909004211426,4.761904716491699,0,0,5,10,9.523809432983398,189386.4183959961,216156.18322753906,0,404334891008,8589930496,37773836288,12402688
199,1724800506654,802,944,1403,1447,1039,1199,1373,1306,802,1458,1038,856,991,929,813,876,821,1697,1943,1134,1553,1423,941,812,958,1226,934,802,1146,1109,1021,1926,4.761904716491699,4.761904716491699,0,100,15.000000953674316,10.526315689086914,9.090909004211426,0,4.761904716491699,5,0,0,5.263157844543457,9.523809432983398,4.761904716491699,5,0,0,0,0,0,0,0,4.761904716491699,0,9.090909004211426,4.761904716491699,0,0,5,10,9.523809432983398,189386.8673095703,216161.63262939453,0,404334891008,8589930496,37773955072,12402688
199,1724800506854,802,944,1403,1447,1039,1199,1373,1306,802,1458,1038,856,991,929,813,876,821,1697,1943,1134,1553,1423,941,812,958,1226,934,802,1146,1109,1021,1926,0,0,0,100,0,2.4390242099761963,0,0,0,0,0,0,0,2.5,0,0,2.4390242099761963,0,0,2.4390242099761963,0,0,0,0,0,0,0,0,0,2.4390242099761963,0,0,189387.27215576172,216167.05334472656,0,404334891008,8589930496,37773955072,12402688
199,1724800507054,802,944,1403,1447,1039,1199,1373,1306,802,1458,1038,856,991,929,813,876,821,1697,1943,1134,1553,1423,941,812,958,1226,934,802,1146,1109,1021,1926,0,0,0,100,0,0,0,0,0,0,0,0,0,5,0,0,0,0,0,0,0,0,0,0,0,0,0,0,0,0,0,0,189387.69970703125,216172.48828125,0,404334891008,8589930496,37773955072,12402688
199,1724800507254,802,944,1403,1447,1039,1199,1373,1306,802,1458,1038,856,991,929,813,876,821,1697,1943,1134,1553,1423,941,812,958,1226,934,802,1146,1109,1021,1926,0,0,0,100,0,0,0,0,0,0,0,0,0,0,0,0,0,0,0,0,0,0,0,0,0,0,0,5,0,0,0,0,189388.10229492188,216177.91693115234,0,404334891008,8589930496,37773955072,12402688
199,1724800507454,802,944,1403,1447,1039,1199,1373,1306,802,1458,1038,856,991,929,813,876,821,1697,1943,1134,1553,1423,941,812,958,1226,934,802,1146,1109,1021,1926,4.761904716491699,0,4.761904716491699,100,0,0,0,4.761904716491699,0,0,0,0,0,0,0,0,0,0,0,0,0,0,0,0,0,0,0,4.761904716491699,0,0,0,0,189388.49279785156,216183.34326171875,0,404334891008,8589930496,37773955072,12402688
199,1724800507655,802,944,1403,1447,1039,1199,1373,1306,802,1458,1038,856,991,929,813,876,821,1697,1943,1134,1553,1423,941,812,958,1226,934,802,1146,1109,1021,1926,0,0,0,100,0,4.761904716491699,0,0,0,0,0,0,4.761904716491699,0,0,4.761904716491699,5,0,0,0,0,0,0,0,4.761904716491699,0,0,0,0,0,0,0,189388.96447753906,216188.8384399414,0,404334891008,8589930496,37773955072,12402688
199,1724800507855,802,944,1403,1447,1039,1199,1373,1306,802,1458,1038,856,991,929,813,876,821,1697,1943,1134,1553,1423,941,812,958,1226,934,802,1146,1109,1021,1926,0,0,0,100,0,0,0,5,0,0,0,0,0,4.761904716491699,0,0,0,0,0,0,0,0,0,0,0,0,0,0,0,0,0,0,189389.38256835938,216194.27703857422,0,404334891008,8589930496,37773955072,12402688
199,1724800508055,802,944,1403,1447,1039,1199,1373,1306,802,1458,1038,856,991,929,813,876,821,1697,1943,1134,1553,1423,941,812,958,1226,934,802,1146,1109,1021,1926,0,0,0,100,0,0,0,0,0,0,0,0,0,0,5,0,0,0,0,4.761904716491699,0,0,0,0,0,0,0,0,0,0,0,0,189389.7705078125,216199.71160888672,0,404334891008,8589930496,37773959168,12402688
199,1724800508255,802,944,1403,1447,1039,1199,1373,1306,802,1458,1038,856,991,929,813,876,821,1697,1943,1134,1553,1423,941,812,958,1226,934,802,1146,1109,1021,1926,0,0,0,100,0,0,0,0,0,0,0,0,0,0,5.263157844543457,0,5,0,0,0,0,0,0,0,0,0,0,0,0,0,0,0,189390.15264892578,216205.16748046875,0,404334891008,8589930496,37773959168,12402688
199,1724800508455,802,944,1403,1447,1039,1199,1373,1306,802,1458,1038,856,991,929,813,876,821,1697,1943,1134,1553,1423,941,812,958,1226,934,802,1146,1109,1021,1926,0,0,0,100,0,0,0,4.761904716491699,0,0,0,0,0,0,4.761904716491699,0,0,0,0,0,0,0,0,0,0,0,0,0,0,0,0,0,189390.54498291016,216210.61694335938,0,404334891008,8589930496,37773959168,12402688
199,1724800508655,802,944,1403,1447,1039,1199,1373,1306,802,1458,1038,856,991,929,813,876,821,1697,1943,1134,1553,1423,941,812,958,1226,934,802,1146,1109,1021,1926,0,0,0,100,0,0,0,4.761904716491699,4.761904716491699,4.761904716491699,0,0,5,0,0,0,4.761904716491699,0,0,0,0,0,0,0,5,0,0,0,0,0,0,4.761904716491699,189390.9306640625,216216.07983398438,0,404334891008,8589930496,37773959168,12402688
199,1724800508855,802,944,1403,1447,1039,1199,1373,1306,802,1458,1038,856,991,929,813,876,821,1697,1943,1134,1553,1423,941,812,958,1226,934,802,1146,1109,1021,1926,0,0,0,100,0,0,0,0,0,0,0,0,0,0,5,0,0,0,0,0,0,0,0,0,0,0,0,0,0,0,0,0,189391.31762695313,216221.52435302734,0,404334891008,8589930496,37773959168,12402688
199,1724800509056,802,944,1403,1447,1039,1199,1373,1306,802,1458,1038,856,991,929,813,876,821,1697,1943,1134,1553,1423,941,812,958,1226,934,802,1146,1109,1021,1926,0,0,0,100,4.761904716491699,0,0,0,0,0,0,0,0,0,0,0,0,0,0,0,0,0,0,0,0,0,0,0,0,0,0,0,189391.7134399414,216226.93530273438,0,404334891008,8589930496,37773959168,12402688
199,1724800509256,802,944,1403,1447,1039,1199,1373,1306,802,1458,1038,856,991,929,813,876,821,1697,1943,1134,1553,1423,941,812,958,1226,934,802,1146,1109,1021,1926,0,4.761904716491699,0,100,0,4.761904716491699,0,0,0,0,0,0,0,0,4.761904716491699,0,0,0,0,0,0,0,0,0,0,0,0,0,0,0,0,0,189392.09637451172,216232.36444091797,0,404334891008,8589930496,37773959168,12402688
199,1724800509456,802,944,1403,1447,1039,1199,1373,1306,802,1458,1038,856,991,929,813,876,821,1697,1943,1134,1553,1423,941,812,958,1226,934,802,1146,1109,1021,1926,0,0,4.761904716491699,100,0,0,0,0,0,0,4.761904716491699,0,0,0,0,0,0,0,0,0,0,0,0,0,0,0,0,0,0,0,0,0,189392.49053955078,216237.85577392578,0,404334891008,8589930496,37773959168,12402688
199,1724800509656,802,944,1403,1447,1039,1199,1373,1306,802,1458,1038,856,991,929,813,876,821,1697,1943,1134,1553,1423,941,812,958,1226,934,802,1146,1109,1021,1926,0,0,0,100,0,0,0,0,0,0,0,4.761904716491699,0,0,9.523809432983398,5,0,0,0,0,0,0,0,0,0,0,0,0,0,0,0,4.761904716491699,189392.89715576172,216243.30212402344,0,404334891008,8589930496,37773959168,12402688
199,1724800509856,802,944,1403,1447,1039,1199,1373,1306,802,1458,1038,856,991,929,813,876,821,1697,1943,1134,1553,1423,941,812,958,1226,934,802,1146,1109,1021,1926,0,0,0,100,0,0,0,0,0,0,0,0,0,0,4.761904716491699,0,0,0,0,0,0,0,0,0,0,0,0,0,0,0,0,0,189393.27502441406,216248.73266601563,0,404334891008,8589930496,37773959168,12402688
199,1724800510056,802,944,1403,1447,1039,1199,1373,1306,802,1458,1038,856,991,929,813,876,821,1697,1943,1134,1553,1423,941,812,958,1226,934,802,1146,1109,1021,1926,0,0,0,100,0,0,0,0,4.761904716491699,0,5,0,0,0,5,0,0,0,0,0,0,0,0,0,0,0,0,0,0,0,0,0,189393.6880493164,216254.2066040039,0,404334891008,8589930496,37773959168,12402688
199,1724800510256,802,944,1403,1447,1039,1199,1373,1306,802,1458,1038,856,991,929,813,876,821,1697,1943,1134,1553,1423,941,812,958,1226,934,802,1146,1109,1021,1926,0,0,0,100,0,0,0,0,4.761904716491699,0,5,0,0,0,5,0,0,0,0,0,0,0,0,0,0,0,0,0,0,0,0,0,189394.1040649414,216259.61071777344,0,404334891008,8589930496,37773959168,12402688
199,1724800510456,802,944,1403,1447,1039,1199,1373,1306,802,1458,1038,856,991,929,813,876,821,1697,1943,1134,1553,1423,941,812,958,1226,934,802,1146,1109,1021,1926,0,0,0,100,2.5,0,0,0,0,0,2.5641026496887207,0,0,2.5,0,0,0,0,0,0,0,0,0,0,0,0,0,0,2.4390242099761963,0,0,0,189394.494140625,216265.1138305664,0,404334891008,8589930496,37773963264,12402688
199,1724800510657,802,944,1403,1447,1039,1199,1373,1306,802,1458,1038,856,991,929,813,876,821,1697,1943,1134,1553,1423,941,812,958,1226,934,802,1146,1109,1021,1926,0,0,0,100,0,0,0,0,0,0,13.636363983154297,0,0,0,5,0,5,0,0,0,0,0,0,0,0,0,0,0,0,0,0,0,189394.8321533203,216270.5948486328,0,404334891008,8589930496,37773967360,12402688
199,1724800510857,802,944,1403,1447,1039,1199,1373,1306,802,1458,1038,856,991,929,813,876,821,1697,1943,1134,1553,1423,941,812,958,1226,934,802,1146,1109,1021,1926,0,0,0,100,0,0,0,0,0,0,0,0,0,0,0,0,0,0,0,0,0,0,0,0,0,0,0,0,0,0,0,0,189395.20587158203,216276.02374267578,0,404334891008,8589930496,37773967360,12402688
199,1724800511057,802,944,1403,1447,1039,1199,1373,1306,802,1458,1038,856,991,929,813,876,821,1697,1943,1134,1553,1423,941,812,958,1226,934,802,1146,1109,1021,1926,0,0,0,100,0,0,0,0,0,0,0,0,0,0,0,0,0,0,0,0,0,0,0,0,0,0,0,0,0,0,0,0,189395.58209228516,216281.4588623047,0,404334891008,8589930496,37773967360,12402688
199,1724800511257,802,944,1403,1447,1039,1199,1373,1306,802,1458,1038,856,991,929,813,876,821,1697,1943,1134,1553,1423,941,812,958,1226,934,802,1146,1109,1021,1926,0,4.761904716491699,0,100,0,5,0,0,4.761904716491699,0,0,0,0,0,10,0,4.761904716491699,0,0,0,0,0,0,0,0,0,0,0,0,0,0,0,189395.94342041016,216286.9126586914,0,404334891008,8589930496,37773967360,12402688
199,1724800511457,802,944,1403,1447,1039,1199,1373,1306,802,1458,1038,856,991,929,813,876,821,1697,1943,1134,1553,1423,941,812,958,1226,934,802,1146,1109,1021,1926,0,0,0,100,0,0,0,0,0,0,0,0,0,0,0,0,0,0,0,0,0,0,0,0,0,0,0,0,0,0,0,0,189396.31219482422,216292.3612060547,0,404334891008,8589930496,37773967360,12402688
199,1724800511657,802,944,1403,1447,1039,1199,1373,1306,802,1458,1038,856,991,929,813,876,821,1697,1943,1134,1553,1423,941,812,958,1226,934,802,1146,1109,1021,1926,0,0,0,100,0,0,0,0,0,0,0,0,0,0,0,5,0,0,0,0,0,0,0,0,0,0,0,0,0,0,0,0,189396.67224121094,216297.83349609375,0,404334891008,8589930496,37773967360,12402688
199,1724800511857,802,944,1403,1447,1039,1199,1373,1306,802,1458,1038,856,991,929,813,876,821,1697,1943,1134,1553,1423,941,812,958,1226,934,802,1146,1109,1021,1926,0,5,0,100,0,0,0,0,0,0,0,0,0,0,0,0,0,0,0,0,0,0,0,0,0,0,0,0,0,0,0,0,189397.00518798828,216303.25579833984,0,404334891008,8589930496,37773901824,12402688
199,1724800512057,802,944,1403,1447,1039,1199,1373,1306,802,1458,1038,856,991,929,813,876,821,1697,1943,1134,1553,1423,941,812,958,1226,934,802,1146,1109,1021,1926,0,0,4.761904716491699,100,0,0,0,0,0,0,0,0,0,0,5,0,0,0,0,0,0,0,0,4.761904716491699,0,0,0,0,0,0,0,4.761904716491699,189397.3602294922,216308.68731689453,0,404334891008,8589930496,37773901824,12402688
199,1724800512258,802,944,1403,1447,1039,1199,1373,1306,802,1458,1038,856,991,929,813,876,821,1697,1943,1134,1553,1423,941,812,958,1226,934,802,1146,1109,1021,1926,0,0,0,100,0,0,0,0,0,0,0,0,0,5,0,0,4.761904716491699,0,0,0,0,0,0,0,0,0,4.761904716491699,0,0,0,0,0,189397.7162475586,216314.12213134766,0,404334891008,8589930496,37773901824,12402688
199,1724800512458,802,944,1403,1447,1039,1199,1373,1306,802,1458,1038,856,991,929,813,876,821,1697,1943,1134,1553,1423,941,812,958,1226,934,802,1146,1109,1021,1926,0,0,0,100,0,0,0,0,0,0,0,0,0,0,0,0,0,0,0,0,0,0,0,0,0,0,0,0,0,0,0,0,189398.06701660156,216319.55535888672,0,404334891008,8589930496,37773901824,12402688
199,1724800512658,802,944,1403,1447,1039,1199,1373,1306,802,1458,1038,856,991,929,813,876,821,1697,1943,1134,1553,1423,941,812,958,1226,934,802,1146,1109,1021,1926,0,0,0,100,0,4.761904716491699,0,0,0,0,0,0,0,0,0,0,5,0,0,0,0,0,0,0,0,0,0,5,0,0,0,0,189398.4457397461,216325.03247070313,0,404334891008,8589930496,37773901824,12402688
199,1724800512858,802,944,1403,1447,1039,1199,1373,1306,802,1458,1038,856,991,929,813,876,821,1697,1943,1134,1553,1423,941,812,958,1226,934,802,1146,1109,1021,1926,0,0,0,100,0,0,0,0,0,0,0,0,0,0,0,0,0,0,0,0,0,0,0,0,0,0,0,0,0,0,0,0,189398.79473876953,216330.46380615234,0,404334891008,8589930496,37773905920,12402688
199,1724800513058,802,944,1403,1447,1039,1199,1373,1306,802,1458,1038,856,991,929,813,876,821,1697,1943,1134,1553,1423,941,812,958,1226,934,802,1146,1109,1021,1926,0,0,0,100,0,0,0,0,0,0,0,0,4.761904716491699,0,0,0,0,0,0,0,0,0,0,0,0,0,0,9.523809432983398,0,0,0,0,189399.13415527344,216335.88885498047,0,404334891008,8589930496,37773905920,12402688
199,1724800513258,802,944,1403,1447,1039,1199,1373,1306,802,1458,1038,856,991,929,813,876,821,1697,1943,1134,1553,1423,941,812,958,1226,934,802,1146,1109,1021,1926,0,0,0,100,0,0,0,0,0,0,0,0,0,0,0,0,0,0,0,0,0,0,0,0,0,0,0,0,0,0,0,0,189399.5424194336,216341.32080078125,0,404334891008,8589930496,37773905920,12402688
199,1724800513458,802,944,1403,1447,1039,1199,1373,1306,802,1458,1038,856,991,929,813,876,821,1697,1943,1134,1553,1423,941,812,958,1226,934,802,1146,1109,1021,1926,0,0,4.761904716491699,100,0,0,0,4.761904716491699,0,0,4.761904716491699,0,0,0,0,0,0,0,0,0,0,0,0,0,0,0,0,0,0,0,0,0,189399.95135498047,216346.79180908203,0,404334891008,8589930496,37773905920,12402688
199,1724800513658,802,944,1403,1447,1039,1199,1373,1306,802,1458,1038,856,991,929,813,876,821,1697,1943,1134,1553,1423,941,812,958,1226,934,802,1146,1109,1021,1926,0,0,0,100,0,0,0,0,0,9.090909004211426,0,0,0,0,0,5,0,0,0,0,0,0,0,0,0,0,0,0,0,0,0,0,189400.39031982422,216352.2413330078,0,404334891008,8589930496,37773901824,12402688
199,1724800513859,802,944,1403,1447,1039,1199,1373,1306,802,1458,1038,856,991,929,813,876,821,1697,1943,1134,1553,1423,941,812,958,1226,934,802,1146,1109,1021,1926,0,0,0,100,4.761904716491699,0,0,0,0,0,9.523809432983398,0,0,0,0,0,0,0,0,0,0,0,0,0,0,0,0,0,0,0,0,0,189400.77471923828,216357.69989013672,0,404334891008,8589930496,37773836288,12402688
199,1724800514059,802,944,1403,1447,1039,1199,1373,1306,802,1458,1038,856,991,929,813,876,821,1697,1943,1134,1553,1423,941,812,958,1226,934,802,1146,1109,1021,1926,0,0,0,100,0,0,0,0,0,0,0,0,0,0,0,0,0,0,10,0,0,0,0,0,0,0,0,0,0,0,0,0,189401.1619873047,216363.1312866211,0,404334891008,8589930496,37773836288,12402688
199,1724800514259,802,944,1403,1447,1039,1199,1373,1306,802,1458,1038,856,991,929,813,876,821,1697,1943,1134,1553,1423,941,812,958,1226,934,802,1146,1109,1021,1926,0,0,0,100,0,0,0,4.761904716491699,0,0,5,0,0,0,0,0,0,0,0,0,0,0,0,0,0,0,0,4.761904716491699,0,0,0,4.761904716491699,189401.58026123047,216368.56909179688,0,404334891008,8589930496,37773836288,12402688
199,1724800514459,802,944,1403,1447,1039,1199,1373,1306,802,1458,1038,856,991,929,813,876,821,1697,1943,1134,1553,1423,941,812,958,1226,934,802,1146,1109,1021,1926,0,0,4.761904716491699,100,0,0,0,4.761904716491699,0,0,0,0,0,0,0,0,0,0,0,0,0,0,0,0,0,0,0,0,0,0,0,0,189402.0220336914,216374.0203857422,0,404334891008,8589930496,37773836288,12402688
199,1724800514659,802,944,1403,1447,1039,1199,1373,1306,802,1458,1038,856,991,929,813,876,821,1697,1943,1134,1553,1423,941,812,958,1226,934,802,1146,1109,1021,1926,0,0,0,100,0,0,0,0,0,0,0,0,4.761904716491699,4.761904716491699,4.761904716491699,0,0,0,0,0,0,0,0,0,0,0,0,0,0,0,0,4.761904716491699,189402.4503173828,216379.46459960938,0,404334891008,8589930496,37773586432,12402688
199,1724800514859,802,944,1403,1447,1039,1199,1373,1306,802,1458,1038,856,991,929,813,876,821,1697,1943,1134,1553,1423,941,812,958,1226,934,802,1146,1109,1021,1926,5,0,0,100,0,0,0,4.761904716491699,4.761904716491699,5,5,0,0,10,0,0,5,0,0,0,0,0,4.761904716491699,0,0,0,0,5.555555820465088,0,0,0,0,189403.00341796875,216385.19677734375,0,404334891008,8589930496,37773828096,12402688
199,1724800515059,802,944,1403,1447,1039,1199,1373,1306,802,1458,1038,856,991,929,813,876,821,1697,1943,1134,1553,1423,941,812,958,1226,934,802,1146,1109,1021,1926,5,0,0,100,0,0,0,4.761904716491699,4.761904716491699,5,5,0,0,10,0,0,5,0,0,0,0,0,4.761904716491699,0,0,0,0,5.555555820465088,0,0,0,0,189403.57556152344,216390.92547607422,0,404334891008,8589930496,37773983744,12402688
199,1724800515260,802,944,1403,1447,1039,1199,1373,1306,802,1458,1038,856,991,929,813,876,821,1697,1943,1134,1553,1423,941,812,958,1226,934,802,1146,1109,1021,1926,2.4390242099761963,0,0,100,2.5,0,0,0,0,0,0,0,0,0,0,0,5,0,2.5,0,0,2.4390242099761963,0,2.5641026496887207,7.142857551574707,0,0,4.878048419952393,4.878048419952393,0,0,0,189404.11444091797,216396.3803100586,0,404334891008,8589930496,37773987840,12402688
199,1724800515460,802,944,1403,1447,1039,1199,1373,1306,802,1458,1038,856,991,929,813,876,821,1697,1943,1134,1553,1423,941,812,958,1226,934,802,1146,1109,1021,1926,0,0,0,100,0,0,0,0,0,0,5,5,0,0,0,0,0,0,0,0,0,0,0,0,0,0,5,0,0,4.761904716491699,0,0,189404.9857788086,216401.8828125,0,404334891008,8589930496,37773987840,12402688
199,1724800515660,802,944,1403,1447,1039,1199,1373,1306,802,1458,1038,856,991,929,813,876,821,1697,1943,1134,1553,1423,941,812,958,1226,934,802,1146,1109,1021,1926,0,0,0,100,0,0,0,0,0,0,0,0,4.761904716491699,0,0,0,0,0,0,0,0,0,4.761904716491699,0,0,0,0,4.761904716491699,0,0,0,0,189405.6030883789,216407.3921508789,0,404334891008,8589930496,37773987840,12402688
199,1724800515860,802,944,1403,1447,1039,1199,1373,1306,802,1458,1038,856,991,929,813,876,821,1697,1943,1134,1553,1423,941,812,958,1226,934,802,1146,1109,1021,1926,0,0,0,100,0,0,0,0,0,0,0,0,4.761904716491699,0,0,0,0,0,0,0,0,0,4.761904716491699,0,0,0,0,4.761904716491699,0,0,0,0,189406.11938476563,216412.83416748047,0,404334891008,8589930496,37773987840,12402688
199,1724800516060,802,944,1403,1447,1039,1199,1373,1306,802,1458,1038,856,991,929,813,876,821,1697,1943,1134,1553,1423,941,812,958,1226,934,802,1146,1109,1021,1926,0,0,2.4390242099761963,100,0,0,2.4390242099761963,0,0,4.878048419952393,7.317072868347168,0,2.4390242099761963,0,0,0,2.4390242099761963,0,2.5,0,0,0,0,0,0,2.4390242099761963,0,0,0,0,0,2.4390242099761963,189406.59631347656,216418.294921875,0,404334891008,8589930496,37773987840,12402688
199,1724800516260,802,944,1403,1447,1039,1199,1373,1306,802,1458,1038,856,991,929,813,876,821,1697,1943,1134,1553,1423,941,812,958,1226,934,802,1146,1109,1021,1926,0,0,0,100,0,0,0,0,0,0,0,0,0,0,0,0,0,0,0,0,0,0,0,0,0,0,0,0,0,0,0,0,189407.0073852539,216423.70635986328,0,404334891008,8589930496,37773987840,12402688
199,1724800516460,802,944,1403,1447,1039,1199,1373,1306,802,1458,1038,856,991,929,813,876,821,1697,1943,1134,1553,1423,941,812,958,1226,934,802,1146,1109,1021,1926,5,5,5,100,0,5.263157844543457,0,5,5,10,10,5,5,9.523809432983398,5,5,5,0,4.761904716491699,5,0,5,5,9.523809432983398,5,5,5,9.523809432983398,5,10,5,5,189407.58172607422,216429.22857666016,0,404334891008,8589930496,37773987840,12402688
199,1724800516660,802,944,1403,1447,1039,1199,1373,1306,802,1458,1038,856,991,929,813,876,821,1697,1943,1134,1553,1423,941,812,958,1226,934,802,1146,1109,1021,1926,0,4.761904716491699,0,100,0,0,0,0,0,0,0,0,0,0,0,4.761904716491699,5,0,0,4.761904716491699,0,0,5,0,0,0,26.3157901763916,0,0,4.761904716491699,9.523809432983398,5,189408.23468017578,216434.9736328125,0,404334891008,8589930496,37773987840,12402688
199,1724800516861,802,944,1403,1447,1039,1199,1373,1306,802,1458,1038,856,991,929,813,876,821,1697,1943,1134,1553,1423,941,812,958,1226,934,802,1146,1109,1021,1926,0,0,0,100,0,0,0,0,0,0,0,0,0,0,0,0,0,0,0,0,0,0,0,0,0,0,0,4.761904716491699,0,0,0,0,189408.6416015625,216440.4161376953,0,404334891008,8589930496,37773987840,12402688
199,1724800517061,802,944,1403,1447,1039,1199,1373,1306,802,1458,1038,856,991,929,813,876,821,1697,1943,1134,1553,1423,941,812,958,1226,934,802,1146,1109,1021,1926,5,0,0,100,0,0,4.761904716491699,0,0,0,0,0,0,0,5,0,0,0,0,0,0,0,0,0,0,0,0,0,0,0,0,0,189409.0792236328,216445.90625,0,404334891008,8589930496,37773983744,12402688
199,1724800517261,802,944,1403,1447,1039,1199,1373,1306,802,1458,1038,856,991,929,813,876,821,1697,1943,1134,1553,1423,941,812,958,1226,934,802,1146,1109,1021,1926,5,0,0,100,0,0,4.761904716491699,0,0,0,0,0,0,0,5,0,0,0,0,0,0,0,0,0,0,0,0,0,0,0,0,0,189409.53619384766,216451.3603515625,0,404334891008,8589930496,37773983744,12402688
199,1724800517461,802,944,1403,1447,1039,1199,1373,1306,802,1458,1038,856,991,929,813,876,821,1697,1943,1134,1553,1423,941,812,958,1226,934,802,1146,1109,1021,1926,0,0,0,100,0,0,0,0,0,0,0,4.878048419952393,0,0,0,0,0,0,0,0,0,0,0,0,0,0,0,0,0,0,0,2.5,189409.9610595703,216456.8270263672,0,404334891008,8589930496,37773987840,12402688
199,1724800517661,802,944,1403,1447,1039,1199,1373,1306,802,1458,1038,856,991,929,813,876,821,1697,1943,1134,1553,1423,941,812,958,1226,934,802,1146,1109,1021,1926,0,0,4.761904716491699,100,0,0,0,0,0,0,0,0,0,0,0,4.761904716491699,0,0,0,5,0,0,0,0,0,0,0,0,4.761904716491699,0,0,0,189410.4227294922,216462.29388427734,0,404334891008,8589930496,37774053376,12402688
199,1724800517861,802,944,1403,1447,1039,1199,1373,1306,802,1458,1038,856,991,929,813,876,821,1697,1943,1134,1553,1423,941,812,958,1226,934,802,1146,1109,1021,1926,0,0,0,100,0,0,0,0,0,5,0,4.761904716491699,4.761904716491699,0,0,0,0,0,0,0,0,0,0,0,0,0,0,0,0,5,0,0,189410.86547851563,216467.85028076172,0,404334891008,8589930496,37774053376,12402688
199,1724800518061,802,944,1403,1447,1039,1199,1373,1306,802,1458,1038,856,991,929,813,876,821,1697,1943,1134,1553,1423,941,812,958,1226,934,802,1146,1109,1021,1926,5,0,0,100,0,0,0,0,0,0,4.761904716491699,0,0,0,0,0,0,0,0,0,0,0,0,0,0,0,0,0,0,0,0,0,189411.31188964844,216473.30920410156,0,404334891008,8589930496,37774057472,12402688
199,1724800518261,802,944,1403,1447,1039,1199,1373,1306,802,1458,1038,856,991,929,813,876,821,1697,1943,1134,1553,1423,941,812,958,1226,934,802,1146,1109,1021,1926,0,0,0,100,0,0,0,0,0,0,0,4.761904716491699,0,0,0,0,0,0,0,0,0,0,0,0,0,0,0,0,0,0,0,0,189411.7484741211,216478.7241821289,0,404334891008,8589930496,37774057472,12402688
199,1724800518462,802,944,1403,1447,1039,1199,1373,1306,802,1458,1038,856,991,929,813,876,821,1697,1943,1134,1553,1423,941,812,958,1226,934,802,1146,1109,1021,1926,0,0,0,100,0,0,0,0,0,0,0,0,0,0,5,0,0,0,0,0,0,0,0,0,0,0,4.761904716491699,0,0,0,0,0,189412.18701171875,216484.20922851563,0,404334891008,8589930496,37774057472,12402688
199,1724800518662,802,944,1403,1447,1039,1199,1373,1306,802,1458,1038,856,991,929,813,876,821,1697,1943,1134,1553,1423,941,812,958,1226,934,802,1146,1109,1021,1926,0,0,0,23.809524536132813,0,0,0,0,0,0,0,0,0,0,0,0,0,0,0,0,0,0,0,5,0,0,0,80,0,0,0,0,189413.53955078125,216489.9771118164,0,404334891008,8589930496,37774057472,12402688
199,1724800518862,802,944,1403,1447,1039,1199,1373,1306,802,1458,1038,856,991,929,813,876,821,1697,1943,1134,1553,1423,941,812,958,1226,934,802,1146,1109,1021,1926,0,0,0,0,0,0,0,0,0,0,0,0,0,0,0,0,0,0,0,0,0,0,0,4.761904716491699,0,0,0,100,0,0,0,0,189416.3389892578,216496.80352783203,0,404334891008,8589930496,37774057472,12402688
199,1724800519062,802,944,1403,1447,1039,1199,1373,1306,802,1458,1038,856,991,929,813,876,821,1697,1943,1134,1553,1423,941,812,958,1226,934,802,1146,1109,1021,1926,0,0,0,0,0,0,5,0,4.761904716491699,0,0,0,5,0,0,0,0,0,4.761904716491699,0,0,0,0,0,0,0,0,100,0,0,0,0,189419.15209960938,216503.64111328125,0,404334891008,8589930496,37774053376,12402688
199,1724800519262,802,944,1403,1447,1039,1199,1373,1306,802,1458,1038,856,991,929,813,876,821,1697,1943,1134,1553,1423,941,812,958,1226,934,802,1146,1109,1021,1926,4.761904716491699,0,0,0,0,0,0,0,0,0,0,0,0,0,0,0,0,0,0,0,0,0,0,0,0,0,0,100,0,0,0,0,189421.94921875,216510.4256591797,0,404334891008,8589930496,37774102528,12402688
199,1724800519462,802,944,1403,1447,1039,1199,1373,1306,802,1458,1038,856,991,929,813,876,821,1697,1943,1134,1553,1423,941,812,958,1226,934,802,1146,1109,1021,1926,0,4.761904716491699,0,0,0,0,0,0,0,4.761904716491699,0,5,0,5,0,0,0,0,0,0,0,0,0,5,0,0,0,100,0,0,0,0,189424.708984375,216517.19750976563,0,404334891008,8589930496,37774102528,12402688
199,1724800519662,802,944,1403,1447,1039,1199,1373,1306,802,1458,1038,856,991,929,813,876,821,1697,1943,1134,1553,1423,941,812,958,1226,934,802,1146,1109,1021,1926,0,5,5,0,4.761904716491699,5,0,0,4.761904716491699,0,0,0,5,5,4.761904716491699,0,0,5,0,0,4.761904716491699,4.761904716491699,0,0,5,0,5,100,0,5,0,5,189427.47857666016,216523.9955444336,0,404334891008,8589930496,37774176256,12402688
199,1724800519862,802,944,1403,1447,1039,1199,1373,1306,802,1458,1038,856,991,929,813,876,821,1697,1943,1134,1553,1423,941,812,958,1226,934,802,1146,1109,1021,1926,0,4.761904716491699,0,0,0,0,0,0,0,0,0,4.761904716491699,0,4.761904716491699,0,0,0,0,0,0,0,0,0,0,0,0,0,100,0,0,0,0,189430.24609375,216530.79559326172,0,404334891008,8589930496,37774180352,12402688
199,1724800520062,802,944,1403,1447,1039,1199,1373,1306,802,1458,1038,856,991,929,813,876,821,1697,1943,1134,1553,1423,941,812,958,1226,934,802,1146,1109,1021,1926,0,4.761904716491699,0,0,0,0,0,0,0,0,0,4.761904716491699,0,4.761904716491699,0,0,0,0,0,0,0,0,0,0,0,0,0,100,0,0,0,0,189432.9955444336,216537.58575439453,0,404334891008,8589930496,37774180352,12402688
199,1724800520263,802,944,1403,1447,1039,1199,1373,1306,802,1458,1038,856,991,929,813,876,821,1697,1943,1134,1553,1423,941,812,958,1226,934,802,1146,1109,1021,1926,2.4390242099761963,5,0,0,0,0,0,0,2.5,0,0,0,2.4390242099761963,0,0,2.5,0,0,2.4390242099761963,0,0,0,0,0,0,0,0,100,0,2.4390242099761963,0,0,189435.697265625,216544.40032958984,0,404334891008,8589930496,37774180352,12402688
199,1724800520463,802,944,1403,1447,1039,1199,1373,1306,802,1458,1038,856,991,929,813,876,821,1697,1943,1134,1553,1423,941,812,958,1226,934,802,1146,1109,1021,1926,0,0,0,0,0,0,0,4.761904716491699,0,0,0,0,0,0,0,0,0,0,0,0,0,0,0,0,0,0,0,100,0,5,0,0,189438.42028808594,216551.1635131836,0,404334891008,8589930496,37774180352,12402688
199,1724800520663,802,944,1403,1447,1039,1199,1373,1306,802,1458,1038,856,991,929,813,876,821,1697,1943,1134,1553,1423,941,812,958,1226,934,802,1146,1109,1021,1926,0,0,0,0,0,0,0,4.761904716491699,0,0,0,0,0,0,0,0,0,0,0,0,0,0,0,0,0,0,4.761904716491699,100,0,0,0,0,189441.15966796875,216557.9736328125,0,404334891008,8589930496,37774184448,12402688
199,1724800520863,802,944,1403,1447,1039,1199,1373,1306,802,1458,1038,856,991,929,813,876,821,1697,1943,1134,1553,1423,941,812,958,1226,934,802,1146,1109,1021,1926,0,0,0,0,0,4.761904716491699,0,0,0,0,0,5,0,0,0,0,0,0,0,0,0,0,0,0,0,0,0,100,0,0,0,0,189443.8895263672,216564.77600097656,0,404334891008,8589930496,37774184448,12402688
199,1724800521063,802,944,1403,1447,1039,1199,1373,1306,802,1458,1038,856,991,929,813,876,821,1697,1943,1134,1553,1423,941,812,958,1226,934,802,1146,1109,1021,1926,0,0,0,0,0,0,0,4.761904716491699,0,0,0,0,5,0,0,0,0,0,0,0,0,0,0,0,0,0,0,100,0,0,0,0,189446.64617919922,216571.6005859375,0,404334891008,8589930496,37774184448,12402688
199,1724800521263,802,944,1403,1447,1039,1199,1373,1306,802,1458,1038,856,991,929,813,876,821,1697,1943,1134,1553,1423,941,812,958,1226,934,802,1146,1109,1021,1926,0,0,0,0,0,0,0,0,0,0,0,5,4.761904716491699,0,0,0,0,0,0,0,0,0,0,0,0,0,0,100,0,0,0,0,189449.384765625,216578.40228271484,0,404334891008,8589930496,37774184448,12402688
199,1724800521464,802,944,1403,1447,1039,1199,1373,1306,802,1458,1038,856,991,929,813,876,821,1697,1943,1134,1553,1423,941,812,958,1226,934,802,1146,1109,1021,1926,0,4.761904716491699,0,0,0,0,0,0,4.761904716491699,0,0,0,0,0,0,0,0,0,0,0,0,0,0,0,0,0,0,100,4.761904716491699,0,0,0,189452.12762451172,216585.21209716797,0,404334891008,8589930496,37774184448,12402688
199,1724800521664,802,944,1403,1447,1039,1199,1373,1306,802,1458,1038,856,991,929,813,876,821,1697,1943,1134,1553,1423,941,812,958,1226,934,802,1146,1109,1021,1926,0,0,0,0,0,0,0,0,0,0,0,0,0,0,0,0,0,0,0,0,0,0,0,0,0,0,0,100,0,0,0,0,189454.89093017578,216592.00805664063,0,404334891008,8589930496,37774184448,12402688
199,1724800521864,802,944,1403,1447,1039,1199,1373,1306,802,1458,1038,856,991,929,813,876,821,1697,1943,1134,1553,1423,941,812,958,1226,934,802,1146,1109,1021,1926,0,0,0,0,0,0,0,0,0,0,0,0,5,0,0,0,0,0,0,0,0,0,0,0,0,0,0,100,0,0,0,0,189457.66082763672,216598.79962158203,0,404334891008,8589930496,37774184448,12402688
199,1724800522064,802,944,1403,1447,1039,1199,1373,1306,802,1458,1038,856,991,929,813,876,821,1697,1943,1134,1553,1423,941,812,958,1226,934,802,1146,1109,1021,1926,0,5,0,0,0,0,0,0,0,0,0,0,4.761904716491699,0,0,0,4.761904716491699,0,0,0,0,0,0,0,0,0,0,100,0,0,4.761904716491699,0,189460.40496826172,216605.61865234375,0,404334891008,8589930496,37774188544,12402688
199,1724800522264,802,944,1403,1447,1039,1199,1373,1306,802,1458,1038,856,991,929,813,876,821,1697,1943,1134,1553,1423,941,812,958,1226,934,802,1146,1109,1021,1926,0,9.523809432983398,0,0,0,0,0,0,0,0,0,0,0,0,0,0,0,0,0,0,0,0,0,0,0,0,0,100,0,0,0,0,189463.18255615234,216612.4150390625,0,404334891008,8589930496,37774192640,12402688
199,1724800522464,802,944,1403,1447,1039,1199,1373,1306,802,1458,1038,856,991,929,813,876,821,1697,1943,1134,1553,1423,941,812,958,1226,934,802,1146,1109,1021,1926,0,0,0,0,0,0,0,0,0,0,0,0,0,0,0,0,0,0,0,0,0,0,0,0,0,0,0,100,0,0,0,4.761904716491699,189465.92346191406,216619.2113647461,0,404334891008,8589930496,37774192640,12402688
199,1724800522664,802,944,1403,1447,1039,1199,1373,1306,802,1458,1038,856,991,929,813,876,821,1697,1943,1134,1553,1423,941,812,958,1226,934,802,1146,1109,1021,1926,0,0,0,0,0,0,5,0,4.761904716491699,5,0,0,4.761904716491699,0,0,0,0,0,0,0,0,0,0,0,0,0,0,100,0,0,0,0,189468.68646240234,216626.01293945313,0,404334891008,8589930496,37774192640,12402688
199,1724800522864,802,944,1403,1447,1039,1199,1373,1306,802,1458,1038,856,991,929,813,876,821,1697,1943,1134,1553,1423,941,812,958,1226,934,802,1146,1109,1021,1926,0,0,4.761904716491699,0,0,0,0,0,0,0,0,0,0,0,0,0,0,0,0,0,0,0,0,0,0,0,9.523809432983398,100,0,0,0,0,189471.42993164063,216632.83367919922,0,404334891008,8589930496,37774192640,12402688
199,1724800523065,802,944,1403,1447,1039,1199,1373,1306,802,1458,1038,856,991,929,813,876,821,1697,1943,1134,1553,1423,941,812,958,1226,934,802,1146,1109,1021,1926,4.761904716491699,0,0,0,0,0,0,0,0,5,0,0,0,0,0,0,0,0,0,0,0,0,0,0,0,0,0,100,4.761904716491699,0,0,0,189474.19854736328,216639.65356445313,0,404334891008,8589930496,37774188544,12402688
199,1724800523265,802,944,1403,1447,1039,1199,1373,1306,802,1458,1038,856,991,929,813,876,821,1697,1943,1134,1553,1423,941,812,958,1226,934,802,1146,1109,1021,1926,0,0,0,0,0,0,0,0,0,5,0,0,0,0,0,0,0,0,0,0,0,0,0,0,0,0,0,100,0,0,0,0,189476.94049072266,216646.4262084961,0,404334891008,8589930496,37774188544,12402688
199,1724800523465,802,944,1403,1447,1039,1199,1373,1306,802,1458,1038,856,991,929,813,876,821,1697,1943,1134,1553,1423,941,812,958,1226,934,802,1146,1109,1021,1926,0,0,0,0,0,0,4.761904716491699,0,0,4.761904716491699,0,0,0,0,0,0,0,0,0,0,0,0,0,0,0,0,0,100,0,0,0,0,189479.68127441406,216653.22088623047,0,404334891008,8589930496,37774188544,12402688
199,1724800523665,802,944,1403,1447,1039,1199,1373,1306,802,1458,1038,856,991,929,813,876,821,1697,1943,1134,1553,1423,941,812,958,1226,934,802,1146,1109,1021,1926,0,0,0,0,0,0,0,0,0,5.263157844543457,5,0,0,0,0,0,0,0,0,0,0,0,0,0,0,0,0,100,0,0,0,0,189482.43725585938,216660.02410888672,0,404334891008,8589930496,37774188544,12402688
199,1724800523865,802,944,1403,1447,1039,1199,1373,1306,802,1458,1038,856,991,929,813,876,821,1697,1943,1134,1553,1423,941,812,958,1226,934,802,1146,1109,1021,1926,4.761904716491699,4.761904716491699,0,0,0,0,0,0,0,0,0,0,0,0,0,0,0,0,0,0,0,0,0,0,0,0,9.523809432983398,100,0,0,0,4.761904716491699,189485.1815185547,216666.82275390625,0,404334891008,8589930496,37774192640,12402688
199,1724800524065,802,944,1403,1447,1039,1199,1373,1306,802,1458,1038,856,991,929,813,876,821,1697,1943,1134,1553,1423,941,812,958,1226,934,802,1146,1109,1021,1926,0,0,0,0,0,0,0,0,4.761904716491699,0,0,0,0,0,0,5,0,0,10,0,0,0,0,0,0,0,0,100,0,0,0,0,189487.93908691406,216673.63580322266,0,404334891008,8589930496,37774192640,12402688
199,1724800524265,802,944,1403,1447,1039,1199,1373,1306,802,1458,1038,856,991,929,813,876,821,1697,1943,1134,1553,1423,941,812,958,1226,934,802,1146,1109,1021,1926,0,0,4.761904716491699,0,0,0,0,0,0,4.761904716491699,0,0,0,0,0,0,0,0,0,0,0,0,0,0,0,0,0,100,0,0,0,0,189490.64477539063,216680.44036865234,0,404334891008,8589930496,37774192640,12402688
199,1724800524465,802,944,1403,1447,1039,1199,1373,1306,802,1458,1038,856,991,929,813,876,821,1697,1943,1134,1553,1423,941,812,958,1226,934,802,1146,1109,1021,1926,4.761904716491699,0,0,0,0,0,0,0,0,10,0,0,0,0,0,0,0,0,0,0,0,0,0,0,0,0,5,100,0,0,0,0,189493.36669921875,216687.19158935547,0,404334891008,8589930496,37774192640,12402688
199,1724800524666,802,944,1403,1447,1039,1199,1373,1306,802,1458,1038,856,991,929,813,876,821,1697,1943,1134,1553,1423,941,812,958,1226,934,802,1146,1109,1021,1926,0,4.761904716491699,0,0,0,0,5,0,0,4.761904716491699,0,0,0,0,0,0,0,0,0,0,0,0,0,4.761904716491699,0,0,0,100,0,0,0,0,189496.12530517578,216693.9838256836,0,404334891008,8589930496,37774196736,12402688
199,1724800524866,802,944,1403,1447,1039,1199,1373,1306,802,1458,1038,856,991,929,813,876,821,1697,1943,1134,1553,1423,941,812,958,1226,934,802,1146,1109,1021,1926,0,0,0,0,0,0,0,0,0,0,0,0,0,0,0,0,0,0,0,0,0,0,0,0,0,0,0,100,0,0,0,5,189498.92938232422,216700.76416015625,0,404334891008,8589930496,37774196736,12402688
199,1724800525066,802,944,1403,1447,1039,1199,1373,1306,802,1458,1038,856,991,929,813,876,821,1697,1943,1134,1553,1423,941,812,958,1226,934,802,1146,1109,1021,1926,0,0,0,0,0,0,0,0,0,5,0,0,0,4.761904716491699,0,0,0,0,0,0,0,0,0,5,0,0,0,100,0,0,5,0,189501.72583007813,216707.49865722656,0,404334891008,8589930496,37773946880,12402688
199,1724800525266,802,944,1403,1447,1039,1199,1373,1306,802,1458,1038,856,991,929,813,876,821,1697,1943,1134,1553,1423,941,812,958,1226,934,802,1146,1109,1021,1926,0,0,4.761904716491699,0,0,0,0,0,0,0,0,0,0,0,0,0,0,0,0,0,0,0,0,4.761904716491699,0,0,4.761904716491699,100,0,0,0,0,189504.47302246094,216714.26690673828,0,404334891008,8589930496,37773946880,12402688
199,1724800525466,802,944,1403,1447,1039,1199,1373,1306,802,1458,1038,856,991,929,813,876,821,1697,1943,1134,1553,1423,941,812,958,1226,934,802,1146,1109,1021,1926,0,10,0,10,15.000000953674316,0,5,0,0,0,9.090909004211426,5,0,15.000000953674316,5,9.523809432983398,0,0,4.761904716491699,0,0,0,10.526315689086914,0,0,4.761904716491699,0,100,0,4.761904716491699,0,0,189507.2823486328,216721.34033203125,0,404334891008,8589930496,37774303232,12402688
199,1724800525666,802,944,1403,1447,1039,1199,1373,1306,802,1458,1038,856,991,929,813,876,821,1697,1943,1134,1553,1423,941,812,958,1226,934,802,1146,1109,1021,1926,0,10,0,10,15.000000953674316,0,5,0,0,0,9.090909004211426,5,0,15.000000953674316,5,9.523809432983398,0,0,4.761904716491699,0,0,0,10.526315689086914,0,0,4.761904716491699,0,100,0,4.761904716491699,0,0,189510.07415771484,216728.12921142578,0,404334891008,8589930496,37774303232,12402688
199,1724800525866,802,944,1403,1447,1039,1199,1373,1306,802,1458,1038,856,991,929,813,876,821,1697,1943,1134,1553,1423,941,812,958,1226,934,802,1146,1109,1021,1926,2.5,0,0,0,0,0,0,0,0,0,0,0,0,0,4.878048419952393,0,0,0,0,0,0,0,0,0,0,0,0,100,0,2.4390242099761963,0,0,189512.81671142578,216734.90301513672,0,404334891008,8589930496,37774303232,12402688
199,1724800526066,802,944,1403,1447,1039,1199,1373,1306,802,1458,1038,856,991,929,813,876,821,1697,1943,1134,1553,1423,941,812,958,1226,934,802,1146,1109,1021,1926,0,0,0,0,0,0,0,0,0,0,0,0,0,0,4.761904716491699,0,0,0,0,0,0,0,0,0,0,0,0,100,0,0,0,0,189515.54608154297,216741.67510986328,0,404334891008,8589930496,37774303232,12402688
199,1724800526267,802,944,1403,1447,1039,1199,1373,1306,802,1458,1038,856,991,929,813,876,821,1697,1943,1134,1553,1423,941,812,958,1226,934,802,1146,1109,1021,1926,0,0,4.761904716491699,0,0,0,0,4.761904716491699,0,0,0,0,0,0,0,0,0,0,0,0,0,0,0,0,0,0,0,100,0,0,0,0,189518.30200195313,216748.47241210938,0,404334891008,8589930496,37774303232,12402688
199,1724800526467,802,944,1403,1447,1039,1199,1373,1306,802,1458,1038,856,991,929,813,876,821,1697,1943,1134,1553,1423,941,812,958,1226,934,802,1146,1109,1021,1926,4.761904716491699,0,0,0,0,0,0,4.761904716491699,0,0,0,0,0,4.761904716491699,0,0,4.761904716491699,0,0,0,0,0,0,0,0,9.523809432983398,0,100,0,0,4.761904716491699,0,189521.05627441406,216755.24243164063,0,404334891008,8589930496,37774303232,12402688
199,1724800526667,802,944,1403,1447,1039,1199,1373,1306,802,1458,1038,856,991,929,813,876,821,1697,1943,1134,1553,1423,941,812,958,1226,934,802,1146,1109,1021,1926,0,0,0,0,0,0,0,0,0,0,0,0,0,0,0,0,0,0,0,0,0,0,0,0,0,0,0,100,0,0,0,0,189523.80096435547,216762.0244140625,0,404334891008,8589930496,37774303232,12402688
199,1724800526867,802,944,1403,1447,1039,1199,1373,1306,802,1458,1038,856,991,929,813,876,821,1697,1943,1134,1553,1423,941,812,958,1226,934,802,1146,1109,1021,1926,5,9.523809432983398,5,0,0,0,5,0,0,4.761904716491699,0,0,0,5,0,0,0,15.789472579956055,0,0,10,5,4.761904716491699,4.761904716491699,0,4.761904716491699,9.090909004211426,100,4.761904716491699,9.523809432983398,5,5,189526.57733154297,216768.89184570313,0,404334891008,8589930496,37774307328,12402688
199,1724800527067,802,944,1403,1447,1039,1199,1373,1306,802,1458,1038,856,991,929,813,876,821,1697,1943,1134,1553,1423,941,812,958,1226,934,802,1146,1109,1021,1926,0,0,0,0,0,0,0,0,0,0,0,0,0,0,5,0,0,0,4.761904716491699,0,0,0,0,0,0,0,0,100,0,0,0,4.761904716491699,189529.37811279297,216775.71545410156,0,404334891008,8589930496,37774307328,12402688
199,1724800527267,802,944,1403,1447,1039,1199,1373,1306,802,1458,1038,856,991,929,813,876,821,1697,1943,1134,1553,1423,941,812,958,1226,934,802,1146,1109,1021,1926,0,0,0,0,0,0,0,4.761904716491699,0,0,0,0,0,0,0,0,0,0,0,0,0,0,0,0,0,0,0,100,0,0,0,0,189532.15509033203,216782.5216064453,0,404334891008,8589930496,37774307328,12402688
199,1724800527467,802,944,1403,1447,1039,1199,1373,1306,802,1458,1038,856,991,929,813,876,821,1697,1943,1134,1553,1423,941,812,958,1226,934,802,1146,1109,1021,1926,0,0,0,0,0,4.761904716491699,0,0,0,4.761904716491699,0,0,0,0,0,0,0,0,0,0,0,0,0,0,0,0,0,100,0,0,0,0,189534.95599365234,216789.31805419922,0,404334891008,8589930496,37774258176,12402688
199,1724800527668,802,944,1403,1447,1039,1199,1373,1306,802,1458,1038,856,991,929,813,876,821,1697,1943,1134,1553,1423,941,812,958,1226,934,802,1146,1109,1021,1926,0,5,0,0,0,0,0,0,0,0,0,0,0,0,4.761904716491699,0,0,0,0,0,0,0,0,0,0,0,0,100,0,0,0,4.761904716491699,189537.72442626953,216796.14489746094,0,404334891008,8589930496,37774258176,12402688
199,1724800527868,802,944,1403,1447,1039,1199,1373,1306,802,1458,1038,856,991,929,813,876,821,1697,1943,1134,1553,1423,941,812,958,1226,934,802,1146,1109,1021,1926,4.761904716491699,0,4.761904716491699,0,0,0,0,0,5,0,0,0,0,0,0,0,0,0,0,0,0,0,0,0,0,0,4.761904716491699,100,0,0,0,0,189540.4896850586,216802.9384765625,0,404334891008,8589930496,37774258176,12402688
199,1724800528068,802,944,1403,1447,1039,1199,1373,1306,802,1458,1038,856,991,929,813,876,821,1697,1943,1134,1553,1423,941,812,958,1226,934,802,1146,1109,1021,1926,0,0,0,0,0,0,0,0,0,0,0,0,0,5,4.761904716491699,0,0,0,0,0,0,0,0,0,0,0,0,100,0,0,0,0,189543.2381591797,216809.73468017578,0,404334891008,8589930496,37774258176,12402688
199,1724800528268,802,944,1403,1447,1039,1199,1373,1306,802,1458,1038,856,991,929,813,876,821,1697,1943,1134,1553,1423,941,812,958,1226,934,802,1146,1109,1021,1926,0,0,0,0,0,0,0,0,0,0,0,0,0,0,0,0,0,0,0,0,0,0,0,0,0,0,0,100,0,0,0,0,189545.99249267578,216816.52587890625,0,404334891008,8589930496,37774258176,12402688
199,1724800528468,802,944,1403,1447,1039,1199,1373,1306,802,1458,1038,856,991,929,813,876,821,1697,1943,1134,1553,1423,941,812,958,1226,934,802,1146,1109,1021,1926,4.761904716491699,0,0,0,0,0,0,0,0,5,0,0,0,4.761904716491699,0,0,0,0,0,0,0,0,0,0,0,0,0,100,0,0,0,4.761904716491699,189548.77661132813,216823.30206298828,0,404334891008,8589930496,37774319616,12402688
199,1724800528668,802,944,1403,1447,1039,1199,1373,1306,802,1458,1038,856,991,929,813,876,821,1697,1943,1134,1553,1423,941,812,958,1226,934,802,1146,1109,1021,1926,4.761904716491699,0,0,0,0,0,0,0,0,5,0,0,0,4.761904716491699,0,0,0,0,0,0,0,0,0,0,0,0,0,100,0,0,0,4.761904716491699,189551.55895996094,216830.08892822266,0,404334891008,8589930496,37774319616,12402688
199,1724800528868,802,944,1403,1447,1039,1199,1373,1306,802,1458,1038,856,991,929,813,876,821,1697,1943,1134,1553,1423,941,812,958,1226,934,802,1146,1109,1021,1926,0,0,0,0,0,0,0,0,0,0,0,0,0,2.5,0,0,0,0,0,0,0,2.4390242099761963,0,0,0,0,0,100,0,0,0,0,189554.3364868164,216836.8812866211,0,404334891008,8589930496,37774319616,12402688
199,1724800529068,802,944,1403,1447,1039,1199,1373,1306,802,1458,1038,856,991,929,813,876,821,1697,1943,1134,1553,1423,941,812,958,1226,934,802,1146,1109,1021,1926,0,0,0,0,0,0,0,0,0,0,0,0,0,0,0,0,0,0,0,0,0,0,0,0,0,0,5,100,0,0,0,4.761904716491699,189557.11334228516,216843.65020751953,0,404334891008,8589930496,37774319616,12402688
199,1724800529269,802,944,1403,1447,1039,1199,1373,1306,802,1458,1038,856,991,929,813,876,821,1697,1943,1134,1553,1423,941,812,958,1226,934,802,1146,1109,1021,1926,5,5,5,0,5,0,0,5,5,5,5,5,5,9.523809432983398,5,5,5,5,5.263157844543457,5,5,5,5,5,5,10,5,100,5.263157844543457,9.523809432983398,0,0,189559.9066772461,216850.4799194336,0,404334891008,8589930496,37774323712,12402688
199,1724800529469,802,944,1403,1447,1039,1199,1373,1306,802,1458,1038,856,991,929,813,876,821,1697,1943,1134,1553,1423,941,812,958,1226,934,802,1146,1109,1021,1926,0,0,0,0,0,0,0,0,0,0,0,0,0,5.263157844543457,0,0,0,0,0,0,0,0,0,0,0,0,4.761904716491699,100,0,0,4.761904716491699,0,189562.6502685547,216857.25299072266,0,404334891008,8589930496,37774249984,12402688
199,1724800529669,802,944,1403,1447,1039,1199,1373,1306,802,1458,1038,856,991,929,813,876,821,1697,1943,1134,1553,1423,941,812,958,1226,934,802,1146,1109,1021,1926,0,0,0,0,0,0,0,0,0,0,0,0,0,5.263157844543457,0,0,0,0,0,0,0,0,0,0,0,0,4.761904716491699,100,0,0,4.761904716491699,0,189565.39392089844,216863.96545410156,0,404334891008,8589930496,37774323712,12402688
199,1724800529869,802,944,1403,1447,1039,1199,1373,1306,802,1458,1038,856,991,929,813,876,821,1697,1943,1134,1553,1423,941,812,958,1226,934,802,1146,1109,1021,1926,0,0,0,0,0,0,0,5,0,0,0,0,0,5,0,0,0,0,0,0,0,0,0,0,0,0,0,100,0,5,0,0,189568.15521240234,216870.7647705078,0,404334891008,8589930496,37774323712,12402688
199,1724800530069,802,944,1403,1447,1039,1199,1373,1306,802,1458,1038,856,991,929,813,876,821,1697,1943,1134,1553,1423,941,812,958,1226,934,802,1146,1109,1021,1926,0,0,0,0,0,0,0,0,0,0,0,0,0,5,0,0,0,0,4.761904716491699,0,0,0,0,0,0,0,0,100,0,0,0,0,189570.95025634766,216877.53491210938,0,404334891008,8589930496,37774323712,12402688
199,1724800530269,802,944,1403,1447,1039,1199,1373,1306,802,1458,1038,856,991,929,813,876,821,1697,1943,1134,1553,1423,941,812,958,1226,934,802,1146,1109,1021,1926,0,0,0,0,0,0,0,0,0,0,0,0,0,5,0,0,0,0,4.761904716491699,0,0,0,0,0,0,0,0,100,0,0,0,0,189573.7335205078,216884.31158447266,0,404334891008,8589930496,37774323712,12402688
199,1724800530469,802,944,1403,1447,1039,1199,1373,1306,802,1458,1038,856,991,929,813,876,821,1697,1943,1134,1553,1423,941,812,958,1226,934,802,1146,1109,1021,1926,0,0,0,0,0,0,0,0,0,0,0,0,0,0,0,0,0,0,0,0,0,0,0,0,0,0,0,100,0,0,0,0,189576.48461914063,216891.0526123047,0,404334891008,8589930496,37774323712,12402688
199,1724800530670,802,944,1403,1447,1039,1199,1373,1306,802,1458,1038,856,991,929,813,876,821,1697,1943,1134,1553,1423,941,812,958,1226,934,802,1146,1109,1021,1926,0,0,0,0,0,0,0,0,0,0,0,0,0,0,0,0,0,0,0,0,0,0,0,0,0,0,0,100,4.761904716491699,5,10,0,189579.25689697266,216897.85833740234,0,404334891008,8589930496,37774323712,12402688
199,1724800530870,802,944,1403,1447,1039,1199,1373,1306,802,1458,1038,856,991,929,813,876,821,1697,1943,1134,1553,1423,941,812,958,1226,934,802,1146,1109,1021,1926,0,0,0,0,0,0,0,0,0,0,0,0,0,0,0,0,0,0,0,0,0,0,0,0,0,0,0,100,0,0,4.761904716491699,5,189582.0023803711,216904.61029052734,0,404334891008,8589930496,37774323712,12402688
199,1724800531070,802,944,1403,1447,1039,1199,1373,1306,802,1458,1038,856,991,929,813,876,821,1697,1943,1134,1553,1423,941,812,958,1226,934,802,1146,1109,1021,1926,0,0,0,0,0,0,0,0,5,0,0,0,0,0,0,0,0,0,0,0,0,0,0,0,0,0,4.761904716491699,100,0,0,0,0,189584.81524658203,216911.36846923828,0,404334891008,8589930496,37774323712,12402688
199,1724800531270,802,944,1403,1447,1039,1199,1373,1306,802,1458,1038,856,991,929,813,876,821,1697,1943,1134,1553,1423,941,812,958,1226,934,802,1146,1109,1021,1926,0,0,0,0,0,0,0,0,0,0,0,0,0,0,0,0,0,0,0,0,0,0,0,0,0,0,0,100,0,0,0,4.761904716491699,189587.60900878906,216918.13806152344,0,404334891008,8589930496,37774323712,12402688
199,1724800531470,802,944,1403,1447,1039,1199,1373,1306,802,1458,1038,856,991,929,813,876,821,1697,1943,1134,1553,1423,941,812,958,1226,934,802,1146,1109,1021,1926,0,0,0,0,0,0,0,0,0,0,0,0,4.761904716491699,0,0,0,0,0,4.761904716491699,0,0,0,0,0,0,0,0,100,0,0,5,0,189590.34936523438,216924.91278076172,0,404334891008,8589930496,37774323712,12402688
199,1724800531670,802,944,1403,1447,1039,1199,1373,1306,802,1458,1038,856,991,929,813,876,821,1697,1943,1134,1553,1423,941,812,958,1226,934,802,1146,1109,1021,1926,0,0,0,0,0,0,0,0,4.761904716491699,0,0,0,0,0,0,0,0,0,0,0,0,0,0,0,0,5,0,100,0,0,0,5,189593.1351928711,216931.6820678711,0,404334891008,8589930496,37774327808,12402688
199,1724800531870,802,944,1403,1447,1039,1199,1373,1306,802,1458,1038,856,991,929,813,876,821,1697,1943,1134,1553,1423,941,812,958,1226,934,802,1146,1109,1021,1926,0,0,0,0,0,0,0,0,4.761904716491699,0,0,0,0,0,0,0,0,0,0,0,0,0,0,0,0,0,0,100,0,0,0,5,189595.8868408203,216938.46453857422,0,404334891008,8589930496,37774327808,12402688
199,1724800532070,802,944,1403,1447,1039,1199,1373,1306,802,1458,1038,856,991,929,813,876,821,1697,1943,1134,1553,1423,941,812,958,1226,934,802,1146,1109,1021,1926,0,0,0,0,0,0,0,0,0,0,0,0,4.761904716491699,0,4.761904716491699,0,0,0,5,0,0,0,0,0,0,0,0,100,0,0,0,0,189598.66400146484,216945.2603149414,0,404334891008,8589930496,37774327808,12402688
199,1724800532271,802,944,1403,1447,1039,1199,1373,1306,802,1458,1038,856,991,929,813,876,821,1697,1943,1134,1553,1423,941,812,958,1226,934,802,1146,1109,1021,1926,0,0,0,0,0,0,0,0,0,0,0,0,0,0,0,0,0,0,0,0,0,0,0,0,0,0,0,100,0,0,0,4.761904716491699,189601.4317626953,216952.03442382813,0,404334891008,8589930496,37774327808,12402688
199,1724800532471,802,944,1403,1447,1039,1199,1373,1306,802,1458,1038,856,991,929,813,876,821,1697,1943,1134,1553,1423,941,812,958,1226,934,802,1146,1109,1021,1926,0,0,0,0,0,0,0,4.761904716491699,0,0,0,0,0,0,0,5,0,0,0,0,0,0,0,0,0,0,4.761904716491699,100,0,0,0,5,189604.17474365234,216958.81756591797,0,404334891008,8589930496,37774327808,12402688
199,1724800532671,802,944,1403,1447,1039,1199,1373,1306,802,1458,1038,856,991,929,813,876,821,1697,1943,1134,1553,1423,941,812,958,1226,934,802,1146,1109,1021,1926,0,0,4.761904716491699,0,0,0,0,0,0,0,5,0,0,0,0,0,0,0,0,0,0,0,0,0,0,0,0,100,0,0,4.761904716491699,0,189606.91564941406,216965.59436035156,0,404334891008,8589930496,37774323712,12402688
199,1724800532871,802,944,1403,1447,1039,1199,1373,1306,802,1458,1038,856,991,929,813,876,821,1697,1943,1134,1553,1423,941,812,958,1226,934,802,1146,1109,1021,1926,0,0,0,0,0,0,0,4.761904716491699,0,4.761904716491699,5,0,0,0,0,0,0,0,0,0,0,0,0,0,0,0,0,100,0,0,0,0,189609.63653564453,216972.38885498047,0,404334891008,8589930496,37774323712,12402688
199,1724800533071,802,944,1403,1447,1039,1199,1373,1306,802,1458,1038,856,991,929,813,876,821,1697,1943,1134,1553,1423,941,812,958,1226,934,802,1146,1109,1021,1926,0,0,0,0,0,0,5,0,0,0,4.761904716491699,0,0,0,0,0,0,0,9.523809432983398,0,0,0,0,0,0,0,0,100,0,0,0,0,189612.35327148438,216979.1650390625,0,404334891008,8589930496,37774323712,12402688
199,1724800533271,802,944,1403,1447,1039,1199,1373,1306,802,1458,1038,856,991,929,813,876,821,1697,1943,1134,1553,1423,941,812,958,1226,934,802,1146,1109,1021,1926,0,0,0,0,0,0,0,4.761904716491699,0,0,0,0,0,0,0,0,0,0,0,0,0,0,0,0,0,0,0,100,0,0,0,0,189615.11853027344,216985.94653320313,0,404334891008,8589930496,37774323712,12402688
199,1724800533471,802,944,1403,1447,1039,1199,1373,1306,802,1458,1038,856,991,929,813,876,821,1697,1943,1134,1553,1423,941,812,958,1226,934,802,1146,1109,1021,1926,0,0,0,0,0,0,0,0,0,0,0,4.761904716491699,0,0,0,0,0,0,0,0,0,0,0,0,0,0,0,100,0,0,0,0,189617.89276123047,216992.7235107422,0,404334891008,8589930496,37774323712,12402688
199,1724800533672,802,944,1403,1447,1039,1199,1373,1306,802,1458,1038,856,991,929,813,876,821,1697,1943,1134,1553,1423,941,812,958,1226,934,802,1146,1109,1021,1926,0,0,0,0,0,0,0,0,0,0,0,0,0,4.761904716491699,0,0,0,4.761904716491699,0,0,0,0,0,0,0,0,5,100,0,0,0,0,189620.65887451172,216999.50549316406,0,404334891008,8589930496,37774262272,12402688
199,1724800533872,802,944,1403,1447,1039,1199,1373,1306,802,1458,1038,856,991,929,813,876,821,1697,1943,1134,1553,1423,941,812,958,1226,934,802,1146,1109,1021,1926,0,0,0,0,0,0,0,0,0,0,9.090909004211426,0,0,0,0,0,0,0,0,0,0,0,0,0,0,0,0,100,0,4.761904716491699,0,0,189623.4229736328,217006.2901611328,0,404334891008,8589930496,37774266368,12402688
199,1724800534072,802,944,1403,1447,1039,1199,1373,1306,802,1458,1038,856,991,929,813,876,821,1697,1943,1134,1553,1423,941,812,958,1226,934,802,1146,1109,1021,1926,0,0,4.761904716491699,0,0,0,0,0,0,0,5,0,0,0,0,0,0,0,5.263157844543457,0,0,0,0,0,0,0,0,100,0,0,0,4.761904716491699,189626.18865966797,217013.0714111328,0,404334891008,8589930496,37774270464,12402688
199,1724800534272,802,944,1403,1447,1039,1199,1373,1306,802,1458,1038,856,991,929,813,876,821,1697,1943,1134,1553,1423,941,812,958,1226,934,802,1146,1109,1021,1926,0,0,0,0,0,0,0,0,0,0,0,5,0,0,0,0,0,0,0,0,0,0,0,0,0,0,0,100,0,5,4.761904716491699,0,189628.93194580078,217019.83905029297,0,404334891008,8589930496,37774270464,12402688
199,1724800534472,802,944,1403,1447,1039,1199,1373,1306,802,1458,1038,856,991,929,813,876,821,1697,1943,1134,1553,1423,941,812,958,1226,934,802,1146,1109,1021,1926,0,0,0,0,0,0,0,0,0,0,0,0,0,0,0,0,0,0,0,0,0,0,0,0,0,0,0,100,0,5,0,0,189631.68841552734,217026.59979248047,0,404334891008,8589930496,37774270464,12402688
199,1724800534672,802,944,1403,1447,1039,1199,1373,1306,802,1458,1038,856,991,929,813,876,821,1697,1943,1134,1553,1423,941,812,958,1226,934,802,1146,1109,1021,1926,0,0,0,0,0,5,5,0,0,0,0,0,4.761904716491699,0,0,0,0,0,0,0,0,0,0,0,0,0,4.761904716491699,100,0,0,0,5,189634.4344482422,217033.38012695313,0,404334891008,8589930496,37774274560,12402688
199,1724800534872,802,944,1403,1447,1039,1199,1373,1306,802,1458,1038,856,991,929,813,876,821,1697,1943,1134,1553,1423,941,812,958,1226,934,802,1146,1109,1021,1926,0,0,0,0,0,0,0,0,0,0,0,5,0,0,0,0,0,0,0,0,0,0,0,0,0,0,0,100,0,5,0,0,189637.16796875,217040.15435791016,0,404334891008,8589930496,37774274560,12402688
199,1724800535072,802,944,1403,1447,1039,1199,1373,1306,802,1458,1038,856,991,929,813,876,821,1697,1943,1134,1553,1423,941,812,958,1226,934,802,1146,1109,1021,1926,0,0,0,0,0,0,0,0,0,0,0,4.761904716491699,0,0,0,0,0,0,4.761904716491699,0,0,0,0,0,0,0,0,100,0,0,0,4.761904716491699,189639.92315673828,217046.92346191406,0,404334891008,8589930496,37774274560,12402688
199,1724800535272,802,944,1403,1447,1039,1199,1373,1306,802,1458,1038,856,991,929,813,876,821,1697,1943,1134,1553,1423,941,812,958,1226,934,802,1146,1109,1021,1926,0,0,0,0,0,0,0,0,0,0,0,4.761904716491699,0,0,0,0,0,0,4.761904716491699,0,0,0,0,0,0,0,0,100,0,0,0,4.761904716491699,189642.66217041016,217053.70245361328,0,404334891008,8589930496,37774274560,12402688
199,1724800535473,802,944,1403,1447,1039,1199,1373,1306,802,1458,1038,856,991,929,813,876,821,1697,1943,1134,1553,1423,941,812,958,1226,934,802,1146,1109,1021,1926,0,0,0,0,0,0,0,0,0,4.761904716491699,0,0,0,0,0,0,0,0,0,0,0,0,0,0,0,0,0,100,0,0,0,0,189645.42950439453,217060.47979736328,0,404334891008,8589930496,37774274560,12402688
199,1724800535673,802,944,1403,1447,1039,1199,1373,1306,802,1458,1038,856,991,929,813,876,821,1697,1943,1134,1553,1423,941,812,958,1226,934,802,1146,1109,1021,1926,0,0,0,0,4.761904716491699,0,0,0,0,0,0,5,0,0,0,0,0,9.523809432983398,0,0,0,0,0,0,0,0,0,100,0,5,0,0,189648.22625732422,217067.2491455078,0,404334891008,8589930496,37774024704,12402688
199,1724800535873,802,944,1403,1447,1039,1199,1373,1306,802,1458,1038,856,991,929,813,876,821,1697,1943,1134,1553,1423,941,812,958,1226,934,802,1146,1109,1021,1926,0,0,0,0,4.761904716491699,0,0,0,0,0,0,5,0,0,0,0,0,9.523809432983398,0,0,0,0,0,0,0,0,0,100,0,5,0,0,189651.00714111328,217074.02337646484,0,404334891008,8589930496,37781073920,12402688
199,1724800536073,802,944,1403,1447,1039,1199,1373,1306,802,1458,1038,856,991,929,813,876,821,1697,1943,1134,1553,1423,941,812,958,1226,934,802,1146,1109,1021,1926,0,0,5,0,0,0,5.128205299377441,2.5,0,0,0,2.5641026496887207,0,9.756096839904785,0,2.4390242099761963,2.5,2.5,2.5,4.761904716491699,7.692307949066162,0,10,0,2.4390242099761963,2.5,0,100,0,0,5,2.4390242099761963,189653.82153320313,217080.88946533203,0,404334891008,8589930496,37774553088,12402688
199,1724800536273,802,944,1403,1447,1039,1199,1373,1306,802,1458,1038,856,991,929,813,876,821,1697,1943,1134,1553,1423,941,812,958,1226,934,802,1146,1109,1021,1926,0,0,0,0,0,0,0,0,0,0,0,0,0,0,0,0,0,0,0,0,0,0,0,0,0,0,0,100,0,0,0,0,189656.57666015625,217087.6675415039,0,404334891008,8589930496,37774553088,12402688
199,1724800536473,802,944,1403,1447,1039,1199,1373,1306,802,1458,1038,856,991,929,813,876,821,1697,1943,1134,1553,1423,941,812,958,1226,934,802,1146,1109,1021,1926,0,0,0,0,0,0,0,0,0,0,0,0,0,0,0,4.761904716491699,0,0,0,0,0,0,0,0,0,0,0,100,0,4.761904716491699,0,4.761904716491699,189659.34478759766,217094.4461669922,0,404334891008,8589930496,37774557184,12402688
199,1724800536673,802,944,1403,1447,1039,1199,1373,1306,802,1458,1038,856,991,929,813,876,821,1697,1943,1134,1553,1423,941,812,958,1226,934,802,1146,1109,1021,1926,0,0,0,0,0,4.761904716491699,0,0,0,0,0,0,0,0,0,0,0,0,0,0,0,0,0,0,0,0,0,100,0,0,5,0,189662.12799072266,217101.2515258789,0,404334891008,8589930496,37774557184,12402688
199,1724800536874,802,944,1403,1447,1039,1199,1373,1306,802,1458,1038,856,991,929,813,876,821,1697,1943,1134,1553,1423,941,812,958,1226,934,802,1146,1109,1021,1926,0,0,0,0,0,0,0,4.761904716491699,0,0,0,0,0,0,0,0,0,0,0,0,0,0,0,4.761904716491699,0,0,0,100,0,4.761904716491699,0,0,189664.88543701172,217108.0125732422,0,404334891008,8589930496,37774557184,12402688
199,1724800537074,802,944,1403,1447,1039,1199,1373,1306,802,1458,1038,856,991,929,813,876,821,1697,1943,1134,1553,1423,941,812,958,1226,934,802,1146,1109,1021,1926,0,0,0,0,0,0,0,0,4.761904716491699,0,0,5,5,0,0,0,0,0,5,0,15.000000953674316,5,0,0,0,5,0,100,0,0,0,0,189667.673828125,217114.79833984375,0,404334891008,8589930496,37782880256,12402688
199,1724800537274,802,944,1403,1447,1039,1199,1373,1306,802,1458,1038,856,991,929,813,876,821,1697,1943,1134,1553,1423,941,812,958,1226,934,802,1146,1109,1021,1926,0,0,4.761904716491699,0,0,0,0,0,4.761904716491699,0,0,0,0,0,0,0,0,0,0,0,15.000000953674316,0,0,0,0,0,5,100,0,0,0,0,189670.46075439453,217121.63092041016,0,404334891008,8589930496,37774561280,12402688
199,1724800537474,802,944,1403,1447,1039,1199,1373,1306,802,1458,1038,856,991,929,813,876,821,1697,1943,1134,1553,1423,941,812,958,1226,934,802,1146,1109,1021,1926,0,0,0,0,0,0,0,0,0,0,0,0,0,0,0,0,0,0,0,0,0,0,0,4.761904716491699,0,0,0,100,0,0,0,0,189673.24291992188,217128.41229248047,0,404334891008,8589930496,37774561280,12402688
199,1724800537674,802,944,1403,1447,1039,1199,1373,1306,802,1458,1038,856,991,929,813,876,821,1697,1943,1134,1553,1423,941,812,958,1226,934,802,1146,1109,1021,1926,0,5,0,0,0,0,0,0,0,0,0,4.761904716491699,0,0,0,0,0,0,0,0,0,0,0,0,0,0,0,100,0,0,0,0,189675.98669433594,217135.21282958984,0,404334891008,8589930496,37774655488,12402688
199,1724800537874,802,944,1403,1447,1039,1199,1373,1306,802,1458,1038,856,991,929,813,876,821,1697,1943,1134,1553,1423,941,812,958,1226,934,802,1146,1109,1021,1926,0,0,0,0,0,0,0,0,0,0,4.761904716491699,0,0,0,0,0,0,0,0,0,0,0,0,5,0,0,0,100,0,0,0,0,189678.7407836914,217141.9930419922,0,404334891008,8589930496,37774655488,12402688
199,1724800538074,802,944,1403,1447,1039,1199,1373,1306,802,1458,1038,856,991,929,813,876,821,1697,1943,1134,1553,1423,941,812,958,1226,934,802,1146,1109,1021,1926,4.761904716491699,0,0,0,0,4.761904716491699,0,0,0,0,0,5,0,0,0,0,0,0,4.761904716491699,0,0,5,0,5,0,4.761904716491699,0,100,0,0,0,0,189681.50073242188,217148.76068115234,0,404334891008,8589930496,37774651392,12402688
199,1724800538274,802,944,1403,1447,1039,1199,1373,1306,802,1458,1038,856,991,929,813,876,821,1697,1943,1134,1553,1423,941,812,958,1226,934,802,1146,1109,1021,1926,0,0,0,0,0,0,0,0,0,0,0,5,0,0,0,0,0,0,0,0,0,0,0,0,0,0,4.761904716491699,100,0,0,0,0,189684.27502441406,217155.54461669922,0,404334891008,8589930496,37774651392,12402688
199,1724800538475,802,944,1403,1447,1039,1199,1373,1306,802,1458,1038,856,991,929,813,876,821,1697,1943,1134,1553,1423,941,812,958,1226,934,802,1146,1109,1021,1926,0,0,0,0,0,0,4.761904716491699,4.761904716491699,4.761904716491699,0,0,0,0,0,0,0,0,0,0,0,0,0,0,0,0,0,0,100,0,0,0,0,189687.13537597656,217162.30334472656,0,404334891008,8589930496,37774651392,12402688
199,1724800538675,802,944,1403,1447,1039,1199,1373,1306,802,1458,1038,856,991,929,813,876,821,1697,1943,1134,1553,1423,941,812,958,1226,934,802,1146,1109,1021,1926,0,0,0,0,0,0,0,0,0,0,0,0,0,0,0,0,0,0,0,0,0,0,0,5,0,0,0,100,0,0,0,0,189689.91040039063,217169.09716796875,0,404334891008,8589930496,37774651392,12402688
199,1724800538875,802,944,1403,1447,1039,1199,1373,1306,802,1458,1038,856,991,929,813,876,821,1697,1943,1134,1553,1423,941,812,958,1226,934,802,1146,1109,1021,1926,0,0,0,0,0,0,0,0,0,0,0,0,0,0,0,0,0,0,0,0,0,0,0,5,0,0,0,100,4.761904716491699,0,0,0,189692.6849975586,217175.86157226563,0,404334891008,8589930496,37774655488,12402688
199,1724800539075,802,944,1403,1447,1039,1199,1373,1306,802,1458,1038,856,991,929,813,876,821,1697,1943,1134,1553,1423,941,812,958,1226,934,802,1146,1109,1021,1926,0,0,0,0,0,0,0,4.761904716491699,0,0,5,0,0,0,0,0,0,0,0,0,0,0,0,0,0,0,0,100,0,0,0,4.761904716491699,189695.46118164063,217182.6416015625,0,404334891008,8589930496,37774651392,12402688
199,1724800539275,802,944,1403,1447,1039,1199,1373,1306,802,1458,1038,856,991,929,813,876,821,1697,1943,1134,1553,1423,941,812,958,1226,934,802,1146,1109,1021,1926,0,0,0,0,0,0,0,0,0,0,0,0,0,0,0,0,0,0,0,0,0,0,0,4.761904716491699,0,0,0,100,0,0,0,0,189698.2474975586,217189.4291381836,0,404334891008,8589930496,37774651392,12402688
199,1724800539475,802,944,1403,1447,1039,1199,1373,1306,802,1458,1038,856,991,929,813,876,821,1697,1943,1134,1553,1423,941,812,958,1226,934,802,1146,1109,1021,1926,0,0,0,0,0,0,0,4.761904716491699,0,0,4.761904716491699,0,0,0,0,4.761904716491699,0,0,0,0,0,0,0,0,0,0,0,100,5,0,0,0,189701.0228881836,217196.21154785156,0,404334891008,8589930496,37774651392,12402688
199,1724800539675,802,944,1403,1447,1039,1199,1373,1306,802,1458,1038,856,991,929,813,876,821,1697,1943,1134,1553,1423,941,812,958,1226,934,802,1146,1109,1021,1926,0,0,0,0,0,0,0,0,0,0,0,0,0,0,0,0,0,0,0,0,0,0,0,0,0,0,0,100,0,0,0,0,189703.76513671875,217202.99908447266,0,404334891008,8589930496,37774651392,12402688
199,1724800539876,802,944,1403,1447,1039,1199,1373,1306,802,1458,1038,856,991,929,813,876,821,1697,1943,1134,1553,1423,941,812,958,1226,934,802,1146,1109,1021,1926,0,0,0,0,0,0,0,0,0,0,0,0,0,0,0,0,0,0,0,0,0,0,0,0,0,0,0,100,0,0,0,0,189706.51361083984,217209.7940673828,0,404334891008,8589930496,37774651392,12402688
199,1724800540076,802,944,1403,1447,1039,1199,1373,1306,802,1458,1038,856,991,929,813,876,821,1697,1943,1134,1553,1423,941,812,958,1226,934,802,1146,1109,1021,1926,0,0,0,0,0,0,0,0,0,0,0,0,0,0,0,0,0,0,5,0,0,5,0,0,0,0,0,100,0,0,0,4.761904716491699,189709.27642822266,217216.5791015625,0,404334891008,8589930496,37774655488,12402688
199,1724800540276,802,944,1403,1447,1039,1199,1373,1306,802,1458,1038,856,991,929,813,876,821,1697,1943,1134,1553,1423,941,812,958,1226,934,802,1146,1109,1021,1926,0,0,0,0,0,0,0,0,0,0,0,0,0,0,0,0,0,0,5,0,0,5,0,0,0,0,0,100,0,0,0,4.761904716491699,189712.04583740234,217223.3211669922,0,404334891008,8589930496,37774655488,12402688
199,1724800540476,802,944,1403,1447,1039,1199,1373,1306,802,1458,1038,856,991,929,813,876,821,1697,1943,1134,1553,1423,941,812,958,1226,934,802,1146,1109,1021,1926,0,0,0,0,0,0,0,0,0,0,4.878048419952393,0,2.4390242099761963,0,0,0,0,0,0,0,0,2.4390242099761963,0,0,0,0,0,100,0,2.4390242099761963,0,0,189714.8021850586,217230.13397216797,0,404334891008,8589930496,37774655488,12402688
199,1724800540676,802,944,1403,1447,1039,1199,1373,1306,802,1458,1038,856,991,929,813,876,821,1697,1943,1134,1553,1423,941,812,958,1226,934,802,1146,1109,1021,1926,0,0,0,0,0,0,0,0,0,0,5,0,0,0,0,0,0,0,0,0,0,0,0,5,0,0,0,100,0,0,0,0,189717.55267333984,217236.91455078125,0,404334891008,8589930496,37774655488,12402688
199,1724800540876,802,944,1403,1447,1039,1199,1373,1306,802,1458,1038,856,991,929,813,876,821,1697,1943,1134,1553,1423,941,812,958,1226,934,802,1146,1109,1021,1926,0,0,0,0,0,0,0,0,0,0,0,0,0,0,0,0,0,0,0,0,0,0,0,0,0,0,0,100,0,0,0,0,189720.33123779297,217243.70263671875,0,404334891008,8589930496,37774655488,12402688
199,1724800541076,802,944,1403,1447,1039,1199,1373,1306,802,1458,1038,856,991,929,813,876,821,1697,1943,1134,1553,1423,941,812,958,1226,934,802,1146,1109,1021,1926,0,0,0,0,5,4.761904716491699,0,0,0,0,0,0,0,0,0,0,0,0,0,0,0,0,0,5,0,0,0,100,5,0,0,4.761904716491699,189723.11505126953,217250.49383544922,0,404334891008,8589930496,37774655488,12402688
199,1724800541276,802,944,1403,1447,1039,1199,1373,1306,802,1458,1038,856,991,929,813,876,821,1697,1943,1134,1553,1423,941,812,958,1226,934,802,1146,1109,1021,1926,0,0,0,0,0,0,0,0,0,0,5,0,0,0,0,0,0,0,0,0,0,0,0,5,0,0,4.761904716491699,100,0,0,0,0,189725.880859375,217257.25512695313,0,404334891008,8589930496,37774659584,12402688
199,1724800541477,802,944,1403,1447,1039,1199,1373,1306,802,1458,1038,856,991,929,813,876,821,1697,1943,1134,1553,1423,941,812,958,1226,934,802,1146,1109,1021,1926,0,0,0,0,0,0,0,0,0,0,0,0,0,0,0,0,0,0,0,0,0,0,0,0,0,0,0,100,0,0,0,0,189728.64642333984,217264.06329345703,0,404334891008,8589930496,37774659584,12402688
199,1724800541677,802,944,1403,1447,1039,1199,1373,1306,802,1458,1038,856,991,929,813,876,821,1697,1943,1134,1553,1423,941,812,958,1226,934,802,1146,1109,1021,1926,0,0,0,0,0,0,0,0,0,0,0,0,0,0,0,0,0,0,0,0,0,0,0,0,0,0,4.761904716491699,100,4.761904716491699,0,0,0,189731.4116821289,217270.8621826172,0,404334891008,8589930496,37774659584,12402688
199,1724800541877,802,944,1403,1447,1039,1199,1373,1306,802,1458,1038,856,991,929,813,876,821,1697,1943,1134,1553,1423,941,812,958,1226,934,802,1146,1109,1021,1926,0,0,0,0,0,0,0,0,0,4.761904716491699,0,0,0,0,0,0,0,0,0,0,0,0,0,0,0,0,0,100,5,0,0,0,189734.19915771484,217277.6537475586,0,404334891008,8589930496,37774659584,12402688
199,1724800542077,802,944,1403,1447,1039,1199,1373,1306,802,1458,1038,856,991,929,813,876,821,1697,1943,1134,1553,1423,941,812,958,1226,934,802,1146,1109,1021,1926,0,0,0,0,0,0,0,0,0,0,4.761904716491699,0,4.761904716491699,0,5,0,0,0,0,0,0,0,5,5,0,0,0,100,0,4.761904716491699,0,0,189736.98895263672,217284.4292602539,0,404334891008,8589930496,37774659584,12402688
199,1724800542277,802,944,1403,1447,1039,1199,1373,1306,802,1458,1038,856,991,929,813,876,821,1697,1943,1134,1553,1423,941,812,958,1226,934,802,1146,1109,1021,1926,5,5,5,0,5,0,5,5,5,5,5,9.523809432983398,5,5,5,5.263157844543457,5,9.523809432983398,9.523809432983398,5,5,4.761904716491699,4.761904716491699,5,5,5,5,100,5.263157844543457,5,14.285715103149414,5,189739.8505859375,217291.25915527344,0,404334891008,8589930496,37774659584,12402688
199,1724800542477,802,944,1403,1447,1039,1199,1373,1306,802,1458,1038,856,991,929,813,876,821,1697,1943,1134,1553,1423,941,812,958,1226,934,802,1146,1109,1021,1926,0,0,0,0,0,0,0,0,0,0,0,0,0,4.761904716491699,0,0,0,0,0,0,0,0,0,0,0,0,0,100,0,0,0,0,189742.60791015625,217298.04425048828,0,404334891008,8589930496,37774659584,12402688
199,1724800542677,802,944,1403,1447,1039,1199,1373,1306,802,1458,1038,856,991,929,813,876,821,1697,1943,1134,1553,1423,941,812,958,1226,934,802,1146,1109,1021,1926,0,0,0,0,0,0,0,0,0,0,0,0,0,0,0,0,5,0,0,0,0,0,0,0,0,0,0,100,0,0,0,4.761904716491699,189745.40740966797,217304.8447265625,0,404334891008,8589930496,37774659584,12402688
199,1724800542878,802,944,1403,1447,1039,1199,1373,1306,802,1458,1038,856,991,929,813,876,821,1697,1943,1134,1553,1423,941,812,958,1226,934,802,1146,1109,1021,1926,0,0,0,0,0,0,0,0,0,0,0,5,0,0,0,0,0,0,0,0,0,0,0,0,0,0,0,100,0,0,0,0,189748.16790771484,217311.6280517578,0,404334891008,8589930496,37774659584,12402688
199,1724800543077,802,944,1403,1447,1039,1199,1373,1306,802,1458,1038,856,991,929,813,876,821,1697,1943,1134,1553,1423,941,812,958,1226,934,802,1146,1109,1021,1926,0,0,0,0,0,0,0,0,0,0,0,5,0,0,0,0,0,0,0,0,0,0,0,0,0,0,0,100,0,0,0,0,189750.97454833984,217318.42401123047,0,404334891008,8589930496,37774663680,12402688
199,1724800543278,802,944,1403,1447,1039,1199,1373,1306,802,1458,1038,856,991,929,813,876,821,1697,1943,1134,1553,1423,941,812,958,1226,934,802,1146,1109,1021,1926,0,0,0,0,0,0,0,0,0,0,0,0,0,0,0,0,2.5,0,0,0,0,4.761904716491699,0,0,0,0,0,100,0,0,0,0,189753.73071289063,217325.21801757813,0,404334891008,8589930496,37774663680,12402688
199,1724800543478,802,944,1403,1447,1039,1199,1373,1306,802,1458,1038,856,991,929,813,876,821,1697,1943,1134,1553,1423,941,812,958,1226,934,802,1146,1109,1021,1926,0,0,0,4.761904716491699,0,0,0,0,5,4.761904716491699,0,0,0,0,0,0,0,0,0,0,0,0,0,0,0,0,0,100,0,0,0,0,189756.4672241211,217332.01147460938,0,404334891008,8589930496,37774663680,12402688
199,1724800543678,802,944,1403,1447,1039,1199,1373,1306,802,1458,1038,856,991,929,813,876,821,1697,1943,1134,1553,1423,941,812,958,1226,934,802,1146,1109,1021,1926,0,0,0,0,0,0,0,0,0,0,0,5,0,0,0,0,0,0,0,0,0,0,0,0,0,0,0,100,0,0,0,0,189759.1944580078,217338.80340576172,0,404334891008,8589930496,37774667776,12402688
199,1724800543878,802,944,1403,1447,1039,1199,1373,1306,802,1458,1038,856,991,929,813,876,821,1697,1943,1134,1553,1423,941,812,958,1226,934,802,1146,1109,1021,1926,0,0,0,0,0,0,0,0,0,0,5,4.761904716491699,4.761904716491699,0,0,0,0,0,0,0,0,0,0,0,0,0,0,100,0,0,0,0,189761.94787597656,217345.6117553711,0,404334891008,8589930496,37774700544,12402688
199,1724800544078,802,944,1403,1447,1039,1199,1373,1306,802,1458,1038,856,991,929,813,876,821,1697,1943,1134,1553,1423,941,812,958,1226,934,802,1146,1109,1021,1926,0,0,0,4.761904716491699,0,0,0,4.761904716491699,0,0,0,0,0,0,0,0,0,0,10,0,0,0,0,0,0,0,0,100,0,0,0,0,189764.70239257813,217352.38793945313,0,404334891008,8589930496,37774700544,12402688
199,1724800544278,802,944,1403,1447,1039,1199,1373,1306,802,1458,1038,856,991,929,813,876,821,1697,1943,1134,1553,1423,941,812,958,1226,934,802,1146,1109,1021,1926,0,0,0,4.761904716491699,0,0,0,4.761904716491699,0,0,0,0,0,0,0,0,0,0,10,0,0,0,0,0,0,0,0,100,0,0,0,0,189767.39099121094,217359.1773071289,0,404334891008,8589930496,37774700544,12402688
199,1724800544479,802,944,1403,1447,1039,1199,1373,1306,802,1458,1038,856,991,929,813,876,821,1697,1943,1134,1553,1423,941,812,958,1226,934,802,1146,1109,1021,1926,0,0,0,0,0,0,0,0,0,0,0,0,0,0,0,0,0,0,0,0,0,0,0,0,0,0,4.761904716491699,100,0,0,0,0,189770.10803222656,217365.9662475586,0,404334891008,8589930496,37774700544,12402688
199,1724800544679,802,944,1403,1447,1039,1199,1373,1306,802,1458,1038,856,991,929,813,876,821,1697,1943,1134,1553,1423,941,812,958,1226,934,802,1146,1109,1021,1926,0,0,0,0,0,0,0,4.761904716491699,0,0,0,4.761904716491699,0,0,0,0,5,0,0,0,0,0,0,0,0,0,0,100,0,0,0,0,189772.82879638672,217372.75952148438,0,404334891008,8589930496,37774700544,12402688
199,1724800544879,802,944,1403,1447,1039,1199,1373,1306,802,1458,1038,856,991,929,813,876,821,1697,1943,1134,1553,1423,941,812,958,1226,934,802,1146,1109,1021,1926,0,0,0,0,0,0,0,4.761904716491699,0,4.761904716491699,0,0,0,0,0,0,0,0,0,0,0,0,0,0,0,0,0,100,0,0,0,0,189775.5877685547,217379.55694580078,0,404334891008,8589930496,37774700544,12402688
199,1724800545079,802,944,1403,1447,1039,1199,1373,1306,802,1458,1038,856,991,929,813,876,821,1697,1943,1134,1553,1423,941,812,958,1226,934,802,1146,1109,1021,1926,0,0,0,5,0,4.761904716491699,0,4.761904716491699,0,0,0,0,0,4.761904716491699,0,0,0,0,0,0,0,0,0,0,0,0,0,100,0,0,0,0,189778.3550415039,217386.35150146484,0,404334891008,8589930496,37774704640,12402688
199,1724800545279,802,944,1403,1447,1039,1199,1373,1306,802,1458,1038,856,991,929,813,876,821,1697,1943,1134,1553,1423,941,812,958,1226,934,802,1146,1109,1021,1926,0,0,4.761904716491699,0,0,0,0,0,4.761904716491699,0,0,5.263157844543457,0,0,0,0,0,0,0,0,0,0,0,0,0,0,0,100,0,0,0,4.761904716491699,189781.12469482422,217393.12628173828,0,404334891008,8589930496,37774704640,12402688
199,1724800545479,802,944,1403,1447,1039,1199,1373,1306,802,1458,1038,856,991,929,813,876,821,1697,1943,1134,1553,1423,941,812,958,1226,934,802,1146,1109,1021,1926,0,0,0,0,0,0,0,0,0,0,0,5,0,0,0,0,0,0,0,0,0,0,0,0,0,0,0,100,0,0,0,0,189783.91967773438,217399.90686035156,0,404334891008,8589930496,37774704640,12402688
199,1724800545679,802,944,1403,1447,1039,1199,1373,1306,802,1458,1038,856,991,929,813,876,821,1697,1943,1134,1553,1423,941,812,958,1226,934,802,1146,1109,1021,1926,0,0,0,0,0,0,0,5,0,0,0,4.761904716491699,0,0,0,0,0,0,0,0,0,0,0,0,0,0,0,100,0,0,0,0,189786.69512939453,217406.6880493164,0,404334891008,8589930496,37774704640,12402688
199,1724800545880,802,944,1403,1447,1039,1199,1373,1306,802,1458,1038,856,991,929,813,876,821,1697,1943,1134,1553,1423,941,812,958,1226,934,802,1146,1109,1021,1926,0,0,0,0,0,0,0,0,5,0,0,0,0,0,0,0,5,0,0,0,0,0,0,5,0,0,0,100,9.090909004211426,0,0,0,189789.41772460938,217413.47302246094,0,404334891008,8589930496,37774704640,12402688
199,1724800546080,802,944,1403,1447,1039,1199,1373,1306,802,1458,1038,856,991,929,813,876,821,1697,1943,1134,1553,1423,941,812,958,1226,934,802,1146,1109,1021,1926,0,0,0,0,0,0,0,0,0,0,0,9.523809432983398,0,0,0,0,4.761904716491699,4.761904716491699,0,0,0,0,0,0,0,0,0,100,0,0,0,0,189792.1820678711,217420.26971435547,0,404334891008,8589930496,37774454784,12402688
199,1724800546280,802,944,1403,1447,1039,1199,1373,1306,802,1458,1038,856,991,929,813,876,821,1697,1943,1134,1553,1423,941,812,958,1226,934,802,1146,1109,1021,1926,0,0,0,0,0,0,0,0,0,0,0,9.523809432983398,0,0,0,0,4.761904716491699,4.761904716491699,0,0,0,0,0,0,0,0,0,100,0,0,0,0,189794.93548583984,217427.02001953125,0,404334891008,8589930496,37774454784,12402688
199,1724800546480,802,944,1403,1447,1039,1199,1373,1306,802,1458,1038,856,991,929,813,876,821,1697,1943,1134,1553,1423,941,812,958,1226,934,802,1146,1109,1021,1926,0,0,2.5641026496887207,0,0,0,0,2.5,0,0,0,2.5,9.756096839904785,0,0,0,0,5.128205299377441,0,2.5641026496887207,0,5.128205299377441,4.878048419952393,0,5,0,0,100,2.4390242099761963,0,0,10,189797.75952148438,217434.02478027344,0,404334891008,8589930496,37774716928,12402688
199,1724800546680,802,944,1403,1447,1039,1199,1373,1306,802,1458,1038,856,991,929,813,876,821,1697,1943,1134,1553,1423,941,812,958,1226,934,802,1146,1109,1021,1926,0,0,0,0,0,0,0,0,0,0,0,5,0,0,0,0,0,0,0,0,0,4.761904716491699,0,4.761904716491699,0,0,0,100,0,0,0,0,189800.5574951172,217440.9500732422,0,404334891008,8589930496,37774716928,12402688
199,1724800546880,802,944,1403,1447,1039,1199,1373,1306,802,1458,1038,856,991,929,813,876,821,1697,1943,1134,1553,1423,941,812,958,1226,934,802,1146,1109,1021,1926,0,0,4.761904716491699,0,0,0,0,0,0,0,0,0,0,0,0,0,5,0,0,0,0,0,0,0,0,0,0,100,0,0,0,0,189803.35217285156,217447.73333740234,0,404334891008,8589930496,37774716928,12402688
199,1724800547080,802,944,1403,1447,1039,1199,1373,1306,802,1458,1038,856,991,929,813,876,821,1697,1943,1134,1553,1423,941,812,958,1226,934,802,1146,1109,1021,1926,0,0,0,0,0,0,0,0,0,0,0,5,0,0,0,0,0,0,5,0,0,0,0,0,0,0,0,100,0,0,0,0,189806.18225097656,217454.55572509766,0,404334891008,8589930496,37774716928,12402688
199,1724800547280,802,944,1403,1447,1039,1199,1373,1306,802,1458,1038,856,991,929,813,876,821,1697,1943,1134,1553,1423,941,812,958,1226,934,802,1146,1109,1021,1926,9.090909004211426,0,0,0,0,0,0,0,0,0,0,4.761904716491699,0,0,0,0,0,0,0,0,0,0,0,0,0,0,0,100,0,0,0,0,189809.00634765625,217461.34619140625,0,404334891008,8589930496,37774934016,12402688
199,1724800547481,802,944,1403,1447,1039,1199,1373,1306,802,1458,1038,856,991,929,813,876,821,1697,1943,1134,1553,1423,941,812,958,1226,934,802,1146,1109,1021,1926,0,0,0,5,0,0,0,0,5,0,0,5,0,0,0,0,0,14.285715103149414,0,5,0,0,0,4.761904716491699,0,0,0,100,0,0,0,23.809524536132813,189811.86163330078,217468.24279785156,0,404334891008,8589930496,37774876672,12402688
199,1724800547681,802,944,1403,1447,1039,1199,1373,1306,802,1458,1038,856,991,929,813,876,821,1697,1943,1134,1553,1423,941,812,958,1226,934,802,1146,1109,1021,1926,5,5,0,0,0,0,0,0,0,0,5,0,4.761904716491699,0,0,0,0,0,0,0,0,0,0,0,0,0,0,100,0,0,0,0,189814.67181396484,217475.04467773438,0,404334891008,8589930496,37774942208,12402688
199,1724800547881,802,944,1403,1447,1039,1199,1373,1306,802,1458,1038,856,991,929,813,876,821,1697,1943,1134,1553,1423,941,812,958,1226,934,802,1146,1109,1021,1926,0,0,4.761904716491699,0,0,0,0,4.761904716491699,0,0,0,0,0,0,0,4.761904716491699,5,0,0,0,0,0,0,0,0,0,0,100,0,0,0,0,189817.47564697266,217481.83514404297,0,404334891008,8589930496,37774942208,12402688
199,1724800548081,802,944,1403,1447,1039,1199,1373,1306,802,1458,1038,856,991,929,813,876,821,1697,1943,1134,1553,1423,941,812,958,1226,934,802,1146,1109,1021,1926,0,0,0,0,0,0,0,0,0,0,0,0,0,0,0,0,0,0,0,0,0,0,0,0,0,0,0,100,0,0,0,0,189820.23919677734,217488.63494873047,0,404334891008,8589930496,37774942208,12402688
199,1724800548281,802,944,1403,1447,1039,1199,1373,1306,802,1458,1038,856,991,929,813,876,821,1697,1943,1134,1553,1423,941,812,958,1226,934,802,1146,1109,1021,1926,0,0,0,0,0,0,0,0,0,0,0,9.523809432983398,0,0,0,0,0,0,0,0,0,0,0,0,0,0,0,100,0,0,0,0,189823.01013183594,217495.43267822266,0,404334891008,8589930496,37774942208,12402688
199,1724800548481,802,944,1403,1447,1039,1199,1373,1306,802,1458,1038,856,991,929,813,876,821,1697,1943,1134,1553,1423,941,812,958,1226,934,802,1146,1109,1021,1926,0,0,0,5,0,0,0,0,0,0,0,0,4.761904716491699,0,0,0,0,0,0,0,0,0,0,0,0,0,0,100,5,0,0,0,189825.74548339844,217502.21673583984,0,404334891008,8589930496,37774942208,12402688
199,1724800548681,802,944,1403,1447,1039,1199,1373,1306,802,1458,1038,856,991,929,813,876,821,1697,1943,1134,1553,1423,941,812,958,1226,934,802,1146,1109,1021,1926,0,5,0,0,0,0,0,0,0,0,0,0,0,0,4.761904716491699,0,4.761904716491699,0,0,4.761904716491699,0,0,0,0,0,0,0,100,0,0,0,0,189828.50561523438,217509.00805664063,0,404334891008,8589930496,37774942208,12402688
199,1724800548881,802,944,1403,1447,1039,1199,1373,1306,802,1458,1038,856,991,929,813,876,821,1697,1943,1134,1553,1423,941,812,958,1226,934,802,1146,1109,1021,1926,0,0,0,0,0,0,0,4.761904716491699,0,0,0,0,5,0,0,0,5,0,0,0,0,0,0,0,0,0,0,100,0,0,0,0,189831.26141357422,217515.78875732422,0,404334891008,8589930496,37774942208,12402688
199,1724800549082,802,944,1403,1447,1039,1199,1373,1306,802,1458,1038,856,991,929,813,876,821,1697,1943,1134,1553,1423,941,812,958,1226,934,802,1146,1109,1021,1926,0,0,0,0,0,0,0,0,0,0,0,0,0,0,0,0,0,0,4.761904716491699,0,0,0,0,0,0,4.761904716491699,0,100,0,0,0,0,189834.04766845703,217522.5675048828,0,404334891008,8589930496,37774942208,12402688
199,1724800549282,802,944,1403,1447,1039,1199,1373,1306,802,1458,1038,856,991,929,813,876,821,1697,1943,1134,1553,1423,941,812,958,1226,934,802,1146,1109,1021,1926,0,0,4.761904716491699,0,0,0,0,0,0,4.761904716491699,0,0,0,0,0,0,0,0,0,0,0,0,0,0,0,0,0,100,0,0,0,0,189836.8536376953,217529.3504638672,0,404334891008,8589930496,37774942208,12402688
199,1724800549482,802,944,1403,1447,1039,1199,1373,1306,802,1458,1038,856,991,929,813,876,821,1697,1943,1134,1553,1423,941,812,958,1226,934,802,1146,1109,1021,1926,0,0,0,0,0,0,0,0,0,0,0,9.523809432983398,0,0,0,0,0,0,0,0,0,4.761904716491699,0,0,0,4.761904716491699,0,100,0,0,0,0,189839.64935302734,217536.12451171875,0,404334891008,8589930496,37774946304,12402688
199,1724800549682,802,944,1403,1447,1039,1199,1373,1306,802,1458,1038,856,991,929,813,876,821,1697,1943,1134,1553,1423,941,812,958,1226,934,802,1146,1109,1021,1926,0,0,0,0,0,0,0,0,0,0,0,9.523809432983398,0,0,0,0,0,0,0,0,0,4.761904716491699,0,0,0,4.761904716491699,0,100,0,0,0,0,189842.45446777344,217542.91247558594,0,404334891008,8589930496,37774950400,12402688
199,1724800549882,802,944,1403,1447,1039,1199,1373,1306,802,1458,1038,856,991,929,813,876,821,1697,1943,1134,1553,1423,941,812,958,1226,934,802,1146,1109,1021,1926,0,5,0,0,0,0,0,0,0,0,0,0,0,0,0,0,0,0,0,0,0,0,0,0,0,0,0,100,0,0,0,0,189845.24438476563,217549.7061767578,0,404334891008,8589930496,37774950400,12402688
199,1724800550082,802,944,1403,1447,1039,1199,1373,1306,802,1458,1038,856,991,929,813,876,821,1697,1943,1134,1553,1423,941,812,958,1226,934,802,1146,1109,1021,1926,0,0,0,0,0,0,0,0,0,0,0,0,0,0,0,0,0,0,0,0,0,0,0,0,0,0,4.761904716491699,100,0,0,0,0,189848.0181274414,217556.49188232422,0,404334891008,8589930496,37774950400,12402688
199,1724800550282,802,944,1403,1447,1039,1199,1373,1306,802,1458,1038,856,991,929,813,876,821,1697,1943,1134,1553,1423,941,812,958,1226,934,802,1146,1109,1021,1926,0,0,0,0,0,0,0,0,0,0,0,0,0,0,0,0,0,0,0,0,0,0,0,0,0,0,4.761904716491699,100,0,0,0,0,189850.81506347656,217563.2534790039,0,404334891008,8589930496,37774950400,12402688
199,1724800550483,802,944,1403,1447,1039,1199,1373,1306,802,1458,1038,856,991,929,813,876,821,1697,1943,1134,1553,1423,941,812,958,1226,934,802,1146,1109,1021,1926,0,2.4390242099761963,2.5,0,0,0,0,4.878048419952393,0,0,0,0,0,0,0,0,2.4390242099761963,0,0,0,0,0,0,0,0,0,0,100,0,0,2.4390242099761963,0,189853.6162109375,217570.01275634766,0,404334891008,8589930496,37774950400,12402688
199,1724800550683,802,944,1403,1447,1039,1199,1373,1306,802,1458,1038,856,991,929,813,876,821,1697,1943,1134,1553,1423,941,812,958,1226,934,802,1146,1109,1021,1926,0,0,0,0,0,0,0,0,0,0,0,0,4.761904716491699,0,0,0,0,0,0,0,0,0,0,0,0,0,0,100,0,0,0,0,189856.4038696289,217576.80108642578,0,404334891008,8589930496,37774950400,12402688
199,1724800550883,802,944,1403,1447,1039,1199,1373,1306,802,1458,1038,856,991,929,813,876,821,1697,1943,1134,1553,1423,941,812,958,1226,934,802,1146,1109,1021,1926,0,0,0,0,0,0,0,4.761904716491699,0,0,0,0,22.72727394104004,0,0,0,0,0,0,0,0,0,0,0,0,0,0,100,0,4.761904716491699,0,0,189859.1703491211,217583.5419921875,0,404334891008,8589930496,37774954496,12402688
199,1724800551083,802,944,1403,1447,1039,1199,1373,1306,802,1458,1038,856,991,929,813,876,821,1697,1943,1134,1553,1423,941,812,958,1226,934,802,1146,1109,1021,1926,0,0,0,0,0,0,0,0,0,0,0,0,0,0,0,0,0,0,0,0,0,0,0,0,0,0,0,100,0,0,0,0,189861.98834228516,217590.31756591797,0,404334891008,8589930496,37774954496,12402688
199,1724800551283,802,944,1403,1447,1039,1199,1373,1306,802,1458,1038,856,991,929,813,876,821,1697,1943,1134,1553,1423,941,812,958,1226,934,802,1146,1109,1021,1926,0,5,0,0,0,0,4.761904716491699,5,0,0,0,0,0,0,0,0,0,0,0,0,0,0,0,0,0,0,0,100,0,0,0,0,189864.7498779297,217597.03302001953,0,404334891008,8589930496,37774954496,12402688
199,1724800551483,802,944,1403,1447,1039,1199,1373,1306,802,1458,1038,856,991,929,813,876,821,1697,1943,1134,1553,1423,941,812,958,1226,934,802,1146,1109,1021,1926,0,0,0,0,0,0,0,0,0,0,0,0,0,0,0,0,0,0,0,0,0,5,0,0,0,0,0,100,0,0,0,0,189867.5219116211,217603.8133544922,0,404334891008,8589930496,37774954496,12402688
199,1724800551683,802,944,1403,1447,1039,1199,1373,1306,802,1458,1038,856,991,929,813,876,821,1697,1943,1134,1553,1423,941,812,958,1226,934,802,1146,1109,1021,1926,0,9.523809432983398,0,0,0,0,0,4.761904716491699,0,0,0,0,0,0,0,0,0,0,0,0,0,0,0,4.761904716491699,0,0,0,100,0,0,0,0,189870.29193115234,217610.5679321289,0,404334891008,8589930496,37774954496,12402688
199,1724800551883,802,944,1403,1447,1039,1199,1373,1306,802,1458,1038,856,991,929,813,876,821,1697,1943,1134,1553,1423,941,812,958,1226,934,802,1146,1109,1021,1926,0,0,4.761904716491699,0,0,0,0,0,0,0,0,0,0,0,0,0,0,0,0,0,0,0,0,0,0,0,0,100,0,0,0,5,189873.05291748047,217617.36041259766,0,404334891008,8589930496,37774954496,12402688
199,1724800552084,802,944,1403,1447,1039,1199,1373,1306,802,1458,1038,856,991,929,813,876,821,1697,1943,1134,1553,1423,941,812,958,1226,934,802,1146,1109,1021,1926,0,4.761904716491699,0,0,0,0,0,0,0,0,0,0,0,0,0,0,0,0,4.761904716491699,0,0,0,0,0,0,0,0,100,0,0,0,0,189875.8471069336,217624.146484375,0,404334891008,8589930496,37774954496,12402688
199,1724800552284,802,944,1403,1447,1039,1199,1373,1306,802,1458,1038,856,991,929,813,876,821,1697,1943,1134,1553,1423,941,812,958,1226,934,802,1146,1109,1021,1926,0,5,0,0,0,0,0,4.761904716491699,0,0,0,0,4.761904716491699,0,0,0,0,0,0,0,0,0,0,0,0,0,0,100,0,0,0,0,189878.60107421875,217630.91149902344,0,404334891008,8589930496,37774954496,12402688
199,1724800552484,802,944,1403,1447,1039,1199,1373,1306,802,1458,1038,856,991,929,813,876,821,1697,1943,1134,1553,1423,941,812,958,1226,934,802,1146,1109,1021,1926,0,0,0,5,0,0,0,0,0,0,0,0,5.263157844543457,0,0,0,0,0,0,0,0,0,5,0,0,0,0,100,0,0,0,0,189881.34857177734,217637.69604492188,0,404334891008,8589930496,37774954496,12402688
199,1724800552684,802,944,1403,1447,1039,1199,1373,1306,802,1458,1038,856,991,929,813,876,821,1697,1943,1134,1553,1423,941,812,958,1226,934,802,1146,1109,1021,1926,0,0,0,5,0,0,0,0,0,0,0,0,5.263157844543457,0,0,0,0,0,0,0,0,0,5,0,0,0,0,100,0,0,0,0,189884.15625,217644.4705810547,0,404334891008,8589930496,37774954496,12402688
199,1724800552884,802,944,1403,1447,1039,1199,1373,1306,802,1458,1038,856,991,929,813,876,821,1697,1943,1134,1553,1423,941,812,958,1226,934,802,1146,1109,1021,1926,0,2.5,4.878048419952393,0,0,0,0,0,0,0,0,2.5641026496887207,0,0,0,0,0,0,0,0,0,0,0,0,0,0,0,100,0,0,0,0,189886.94842529297,217651.24407958984,0,404334891008,8589930496,37774954496,12402688
199,1724800553084,802,944,1403,1447,1039,1199,1373,1306,802,1458,1038,856,991,929,813,876,821,1697,1943,1134,1553,1423,941,812,958,1226,934,802,1146,1109,1021,1926,0,0,0,0,0,0,0,0,0,4.761904716491699,0,0,0,0,0,0,0,0,0,0,0,0,0,0,0,0,0,100,0,0,0,0,189889.70916748047,217658.03253173828,0,404334891008,8589930496,37774954496,12402688
199,1724800553284,802,944,1403,1447,1039,1199,1373,1306,802,1458,1038,856,991,929,813,876,821,1697,1943,1134,1553,1423,941,812,958,1226,934,802,1146,1109,1021,1926,0,0,0,0,0,0,0,0,0,0,0,4.761904716491699,0,0,0,0,0,0,0,0,0,0,0,4.761904716491699,0,0,0,100,0,0,0,0,189892.46435546875,217664.83032226563,0,404334891008,8589930496,37774958592,12402688
199,1724800553484,802,944,1403,1447,1039,1199,1373,1306,802,1458,1038,856,991,929,813,876,821,1697,1943,1134,1553,1423,941,812,958,1226,934,802,1146,1109,1021,1926,0,4.761904716491699,0,0,0,0,0,0,0,0,0,5,4.761904716491699,0,0,0,0,0,0,0,0,4.761904716491699,0,0,0,0,0,100,0,0,0,0,189895.19799804688,217671.60736083984,0,404334891008,8589930496,37774958592,12402688
199,1724800553684,802,944,1403,1447,1039,1199,1373,1306,802,1458,1038,856,991,929,813,876,821,1697,1943,1134,1553,1423,941,812,958,1226,934,802,1146,1109,1021,1926,0,4.761904716491699,0,0,0,0,0,0,0,0,0,5,4.761904716491699,0,0,0,0,0,0,0,0,4.761904716491699,0,0,0,0,0,100,0,0,0,0,189897.94580078125,217678.38342285156,0,404334891008,8589930496,37774958592,12402688
199,1724800553885,802,944,1403,1447,1039,1199,1373,1306,802,1458,1038,856,991,929,813,876,821,1697,1943,1134,1553,1423,941,812,958,1226,934,802,1146,1109,1021,1926,0,0,5,0,0,0,0,2.4390242099761963,2.4390242099761963,0,0,5,2.4390242099761963,0,0,0,0,2.4390242099761963,0,0,0,0,0,0,0,0,0,100,0,0,0,2.5,189900.7456665039,217685.1763305664,0,404334891008,8589930496,37774958592,12402688
199,1724800554085,802,944,1403,1447,1039,1199,1373,1306,802,1458,1038,856,991,929,813,876,821,1697,1943,1134,1553,1423,941,812,958,1226,934,802,1146,1109,1021,1926,0,0,0,0,0,0,0,0,0,0,0,4.761904716491699,0,0,0,0,0,0,10,0,0,0,0,0,0,0,0,100,0,0,0,0,189903.50842285156,217691.97393798828,0,404334891008,8589930496,37774958592,12402688
199,1724800554285,802,944,1403,1447,1039,1199,1373,1306,802,1458,1038,856,991,929,813,876,821,1697,1943,1134,1553,1423,941,812,958,1226,934,802,1146,1109,1021,1926,0,0,0,0,0,0,0,0,0,0,0,0,0,0,0,0,0,0,0,0,0,0,0,0,0,0,0,100,0,0,0,0,189906.2716064453,217698.77270507813,0,404334891008,8589930496,37774958592,12402688
199,1724800554485,802,944,1403,1447,1039,1199,1373,1306,802,1458,1038,856,991,929,813,876,821,1697,1943,1134,1553,1423,941,812,958,1226,934,802,1146,1109,1021,1926,0,0,0,0,0,0,0,0,0,0,0,5,0,0,0,0,0,0,0,0,0,0,0,0,0,0,0,100,0,0,0,0,189909.02655029297,217705.55419921875,0,404334891008,8589930496,37774938112,12402688
199,1724800554685,802,944,1403,1447,1039,1199,1373,1306,802,1458,1038,856,991,929,813,876,821,1697,1943,1134,1553,1423,941,812,958,1226,934,802,1146,1109,1021,1926,0,0,0,5,0,0,0,0,0,0,0,0,0,0,0,0,0,0,0,0,0,0,0,5,0,0,0,100,0,0,0,0,189911.79400634766,217712.36071777344,0,404334891008,8589930496,37774962688,12402688
199,1724800554885,802,944,1403,1447,1039,1199,1373,1306,802,1458,1038,856,991,929,813,876,821,1697,1943,1134,1553,1423,941,812,958,1226,934,802,1146,1109,1021,1926,0,0,0,5,0,0,0,0,0,0,0,0,0,0,0,0,0,0,0,0,0,0,0,5,0,0,0,100,0,0,0,0,189914.60668945313,217719.16009521484,0,404334891008,8589930496,37774962688,12402688
199,1724800555085,802,944,1403,1447,1039,1199,1373,1306,802,1458,1038,856,991,929,813,876,821,1697,1943,1134,1553,1423,941,812,958,1226,934,802,1146,1109,1021,1926,0,0,0,0,0,0,0,0,0,0,0,0,0,0,0,0,0,0,0,0,0,0,0,0,0,0,0,100,0,0,0,0,189917.4071044922,217725.95147705078,0,404334891008,8589930496,37774962688,12402688
199,1724800555285,802,944,1403,1447,1039,1199,1373,1306,802,1458,1038,856,991,929,813,876,821,1697,1943,1134,1553,1423,941,812,958,1226,934,802,1146,1109,1021,1926,0,5,0,0,0,0,0,0,0,0,0,0,0,4.761904716491699,0,0,0,0,0,0,0,0,0,0,0,0,0,100,0,0,0,5,189920.1807861328,217732.74255371094,0,404334891008,8589930496,37774962688,12402688
199,1724800555486,802,944,1403,1447,1039,1199,1373,1306,802,1458,1038,856,991,929,813,876,821,1697,1943,1134,1553,1423,941,812,958,1226,934,802,1146,1109,1021,1926,5.263157844543457,5,5.263157844543457,5,5,5.263157844543457,5.263157844543457,5.263157844543457,5,10,5.263157844543457,5.263157844543457,5,10,9.523809432983398,5.263157844543457,9.523809432983398,5,5,5,5,5,5.263157844543457,15.000000953674316,10,5,5,100,5.263157844543457,5,5,5,189923.00579833984,217739.59924316406,0,404334891008,8589930496,37774962688,12402688
199,1724800555686,802,944,1403,1447,1039,1199,1373,1306,802,1458,1038,856,991,929,813,876,821,1697,1943,1134,1553,1423,941,812,958,1226,934,802,1146,1109,1021,1926,0,0,0,0,0,0,0,0,0,0,0,0,0,0,0,0,0,5,0,0,0,0,4.761904716491699,0,0,0,0,100,0,0,0,0,189925.8012084961,217746.39306640625,0,404334891008,8589930496,37774962688,12402688
199,1724800555886,802,944,1403,1447,1039,1199,1373,1306,802,1458,1038,856,991,929,813,876,821,1697,1943,1134,1553,1423,941,812,958,1226,934,802,1146,1109,1021,1926,0,0,4.761904716491699,0,0,0,0,4.761904716491699,0,4.761904716491699,0,0,0,0,0,0,0,0,0,0,0,0,0,0,0,0,0,100,0,0,0,0,189928.5873413086,217753.1697998047,0,404334891008,8589930496,37774962688,12402688
199,1724800556086,802,944,1403,1447,1039,1199,1373,1306,802,1458,1038,856,991,929,813,876,821,1697,1943,1134,1553,1423,941,812,958,1226,934,802,1146,1109,1021,1926,0,10,0,0,0,0,0,0,0,0,0,0,0,0,0,0,0,0,0,0,4.761904716491699,0,0,0,0,0,0,100,0,0,0,0,189931.3837890625,217759.95721435547,0,404334891008,8589930496,37774962688,12402688
199,1724800556286,802,944,1403,1447,1039,1199,1373,1306,802,1458,1038,856,991,929,813,876,821,1697,1943,1134,1553,1423,941,812,958,1226,934,802,1146,1109,1021,1926,0,0,0,0,0,0,0,0,0,4.761904716491699,0,0,0,0,0,0,0,0,0,0,0,0,0,0,0,0,0,100,0,0,0,0,189934.21643066406,217766.7586669922,0,404334891008,8589930496,37774962688,12402688
199,1724800556486,802,944,1403,1447,1039,1199,1373,1306,802,1458,1038,856,991,929,813,876,821,1697,1943,1134,1553,1423,941,812,958,1226,934,802,1146,1109,1021,1926,4.761904716491699,0,0,0,0,0,0,0,0,0,0,0,0,0,4.761904716491699,0,0,0,0,0,0,0,0,0,5,0,4.761904716491699,100,0,0,0,0,189937.02661132813,217773.55810546875,0,404334891008,8589930496,37774962688,12402688
199,1724800556686,802,944,1403,1447,1039,1199,1373,1306,802,1458,1038,856,991,929,813,876,821,1697,1943,1134,1553,1423,941,812,958,1226,934,802,1146,1109,1021,1926,0,0,0,0,0,0,0,0,0,0,0,0,0,0,0,0,0,0,0,0,0,0,0,0,0,0,0,100,0,0,0,0,189939.81268310547,217780.34594726563,0,404334891008,8589930496,37774712832,12402688
199,1724800556886,802,944,1403,1447,1039,1199,1373,1306,802,1458,1038,856,991,929,813,876,821,1697,1943,1134,1553,1423,941,812,958,1226,934,802,1146,1109,1021,1926,4.761904716491699,0,5,0,0,0,0,5,9.523809432983398,4.761904716491699,0,0,5,0,0,0,0,14.285715103149414,0,0,0,0,0,5,0,0,0,100,14.285715103149414,0,0,15.000000953674316,189942.6483154297,217787.26275634766,0,404334891008,8589930496,37774872576,12402688
199,1724800557087,802,944,1403,1447,1039,1199,1373,1306,802,1458,1038,856,991,929,813,876,821,1697,1943,1134,1553,1423,941,812,958,1226,934,802,1146,1109,1021,1926,0,0,0,0,0,0,5,0,0,0,0,0,14.285715103149414,0,0,0,0,0,0,0,5,10.526315689086914,0,0,0,0,0,100,0,0,0,4.761904716491699,189945.50201416016,217794.1043701172,0,404334891008,8589930496,37775110144,12402688
199,1724800557287,802,944,1403,1447,1039,1199,1373,1306,802,1458,1038,856,991,929,813,876,821,1697,1943,1134,1553,1423,941,812,958,1226,934,802,1146,1109,1021,1926,4.761904716491699,0,0,0,0,4.761904716491699,0,0,0,0,0,0,0,0,0,0,0,0,0,0,0,0,0,0,0,0,0,100,0,0,0,0,189948.33349609375,217800.90045166016,0,404334891008,8589930496,37775110144,12402688
199,1724800557487,802,944,1403,1447,1039,1199,1373,1306,802,1458,1038,856,991,929,813,876,821,1697,1943,1134,1553,1423,941,812,958,1226,934,802,1146,1109,1021,1926,0,0,0,0,0,0,0,4.761904716491699,0,0,0,5,0,0,5,0,0,0,0,0,0,0,0,0,0,0,0,100,0,4.761904716491699,0,5,189951.11724853516,217807.70056152344,0,404334891008,8589930496,37775060992,12402688
199,1724800557687,802,944,1403,1447,1039,1199,1373,1306,802,1458,1038,856,991,929,813,876,821,1697,1943,1134,1553,1423,941,812,958,1226,934,802,1146,1109,1021,1926,0,0,0,14.285715103149414,0,0,5,0,0,0,0,0,0,0,4.761904716491699,0,9.523809432983398,28.571430206298828,0,4.761904716491699,0,0,0,0,0,0,0,100,0,0,0,0,189953.96563720703,217814.62371826172,0,404334891008,8589930496,37775065088,12402688
199,1724800557887,802,944,1403,1447,1039,1199,1373,1306,802,1458,1038,856,991,929,813,876,821,1697,1943,1134,1553,1423,941,812,958,1226,934,802,1146,1109,1021,1926,0,0,0,14.285715103149414,0,0,5,0,0,0,0,0,0,0,4.761904716491699,0,9.523809432983398,28.571430206298828,0,4.761904716491699,0,0,0,0,0,0,0,100,0,0,0,0,189956.73321533203,217821.4298095703,0,404334891008,8589930496,37775101952,12402688
199,1724800558087,802,944,1403,1447,1039,1199,1373,1306,802,1458,1038,856,991,929,813,876,821,1697,1943,1134,1553,1423,941,812,958,1226,934,802,1146,1109,1021,1926,2.5,0,2.5,2.5,0,0,0,2.5,2.4390242099761963,0,0,0,0,0,0,0,2.5641026496887207,0,2.4390242099761963,0,0,2.4390242099761963,0,2.5,0,0,0,100,0,0,0,0,189959.59533691406,217828.22479248047,0,404334891008,8589930496,37775093760,12402688
199,1724800558287,802,944,1403,1447,1039,1199,1373,1306,802,1458,1038,856,991,929,813,876,821,1697,1943,1134,1553,1423,941,812,958,1226,934,802,1146,1109,1021,1926,0,0,0,0,0,0,0,0,0,0,0,0,0,0,0,0,0,0,0,0,0,0,0,0,0,0,0,100,0,0,0,0,189962.40112304688,217835.0180053711,0,404334891008,8589930496,37775093760,12402688
199,1724800558488,802,944,1403,1447,1039,1199,1373,1306,802,1458,1038,856,991,929,813,876,821,1697,1943,1134,1553,1423,941,812,958,1226,934,802,1146,1109,1021,1926,0,0,0,0,0,0,0,0,0,0,5,0,0,0,0,0,5,0,0,0,0,0,0,0,0,0,0,100,0,0,0,0,189965.17303466797,217841.80407714844,0,404334891008,8589930496,37775093760,12402688
199,1724800558688,802,944,1403,1447,1039,1199,1373,1306,802,1458,1038,856,991,929,813,876,821,1697,1943,1134,1553,1423,941,812,958,1226,934,802,1146,1109,1021,1926,0,0,0,0,0,0,0,0,0,0,0,0,0,0,0,0,0,0,0,0,0,0,0,0,0,0,0,100,0,0,0,4.761904716491699,189967.94720458984,217848.60717773438,0,404334891008,8589930496,37775093760,12402688
199,1724800558888,802,944,1403,1447,1039,1199,1373,1306,802,1458,1038,856,991,929,813,876,821,1697,1943,1134,1553,1423,941,812,958,1226,934,802,1146,1109,1021,1926,0,0,0,0,0,0,0,0,0,0,0,0,0,0,0,0,5,0,0,0,0,0,0,0,0,0,0,100,0,0,0,0,189970.75201416016,217855.40435791016,0,404334891008,8589930496,37775093760,12402688
199,1724800559088,802,944,1403,1447,1039,1199,1373,1306,802,1458,1038,856,991,929,813,876,821,1697,1943,1134,1553,1423,941,812,958,1226,934,802,1146,1109,1021,1926,0,0,0,5,0,0,0,0,0,0,0,0,0,0,0,0,5,0,0,0,0,0,0,0,0,0,0,100,0,0,0,0,189973.55078125,217862.17651367188,0,404334891008,8589930496,37775097856,12402688
199,1724800559288,802,944,1403,1447,1039,1199,1373,1306,802,1458,1038,856,991,929,813,876,821,1697,1943,1134,1553,1423,941,812,958,1226,934,802,1146,1109,1021,1926,0,0,0,0,0,0,0,0,0,9.090909004211426,0,0,0,0,0,0,4.761904716491699,0,0,0,0,0,0,0,0,0,0,100,0,0,0,0,189976.34729003906,217868.96447753906,0,404334891008,8589930496,37775097856,12402688
199,1724800559488,802,944,1403,1447,1039,1199,1373,1306,802,1458,1038,856,991,929,813,876,821,1697,1943,1134,1553,1423,941,812,958,1226,934,802,1146,1109,1021,1926,0,0,4.761904716491699,0,0,0,0,0,0,0,4.761904716491699,0,0,0,0,0,0,0,4.761904716491699,0,0,0,0,0,0,0,0,100,0,0,0,4.761904716491699,189979.13665771484,217875.71466064453,0,404334891008,8589930496,37775097856,12402688
199,1724800559688,802,944,1403,1447,1039,1199,1373,1306,802,1458,1038,856,991,929,813,876,821,1697,1943,1134,1553,1423,941,812,958,1226,934,802,1146,1109,1021,1926,0,0,0,0,0,0,0,0,0,0,0,0,0,0,0,0,0,0,0,0,0,0,0,0,0,0,0,100,0,0,0,0,189981.94427490234,217882.54852294922,0,404334891008,8589930496,37775097856,12402688
199,1724800559888,802,944,1403,1447,1039,1199,1373,1306,802,1458,1038,856,991,929,813,876,821,1697,1943,1134,1553,1423,941,812,958,1226,934,802,1146,1109,1021,1926,0,0,0,0,0,0,0,0,0,0,0,0,0,0,0,0,5,0,0,0,0,0,0,0,0,0,0,100,0,0,0,0,189984.76196289063,217889.3028564453,0,404334891008,8589930496,37775097856,12402688
199,1724800560089,802,944,1403,1447,1039,1199,1373,1306,802,1458,1038,856,991,929,813,876,821,1697,1943,1134,1553,1423,941,812,958,1226,934,802,1146,1109,1021,1926,0,0,0,4.761904716491699,0,0,0,0,0,0,0,0,5,4.761904716491699,0,0,5,0,0,0,0,0,0,4.761904716491699,0,0,0,100,0,0,0,9.523809432983398,189987.62213134766,217896.12475585938,0,404334891008,8589930496,37775101952,12402688
199,1724800560289,802,944,1403,1447,1039,1199,1373,1306,802,1458,1038,856,991,929,813,876,821,1697,1943,1134,1553,1423,941,812,958,1226,934,802,1146,1109,1021,1926,0,0,0,4.761904716491699,0,0,0,0,0,0,0,0,5,4.761904716491699,0,0,5,0,0,0,0,0,0,4.761904716491699,0,0,0,100,0,0,0,9.523809432983398,189990.41943359375,217902.89544677734,0,404334891008,8589930496,37775106048,12402688
199,1724800560489,802,944,1403,1447,1039,1199,1373,1306,802,1458,1038,856,991,929,813,876,821,1697,1943,1134,1553,1423,941,812,958,1226,934,802,1146,1109,1021,1926,0,0,2.5,0,0,0,0,0,0,0,2.5,4.878048419952393,0,0,0,0,2.5,0,0,0,0,0,0,0,0,0,4.878048419952393,100,0,0,0,0,189993.2235107422,217909.67712402344,0,404334891008,8589930496,37775106048,12402688
199,1724800560689,802,944,1403,1447,1039,1199,1373,1306,802,1458,1038,856,991,929,813,876,821,1697,1943,1134,1553,1423,941,812,958,1226,934,802,1146,1109,1021,1926,0,0,0,0,0,0,0,0,0,0,0,0,0,0,0,0,5,0,0,0,0,0,0,0,0,0,0,100,0,0,0,0,189996.0076904297,217916.49267578125,0,404334891008,8589930496,37775106048,12402688
199,1724800560889,802,944,1403,1447,1039,1199,1373,1306,802,1458,1038,856,991,929,813,876,821,1697,1943,1134,1553,1423,941,812,958,1226,934,802,1146,1109,1021,1926,0,0,0,0,0,0,0,0,0,0,0,0,0,0,0,0,5,0,0,0,0,0,0,0,0,0,0,100,0,0,0,0,189998.79516601563,217923.2899169922,0,404334891008,8589930496,37775106048,12402688
199,1724800561089,802,944,1403,1447,1039,1199,1373,1306,802,1458,1038,856,991,929,813,876,821,1697,1943,1134,1553,1423,941,812,958,1226,934,802,1146,1109,1021,1926,0,0,0,0,0,0,0,0,0,0,0,0,4.761904716491699,0,0,0,0,0,0,0,0,4.761904716491699,0,0,0,0,0,100,0,0,0,0,190001.59619140625,217930.10095214844,0,404334891008,8589930496,37775101952,12402688
199,1724800561289,802,944,1403,1447,1039,1199,1373,1306,802,1458,1038,856,991,929,813,876,821,1697,1943,1134,1553,1423,941,812,958,1226,934,802,1146,1109,1021,1926,0,0,0,0,0,0,0,0,4.761904716491699,0,0,0,0,0,0,0,5,0,0,0,0,0,0,0,0,0,0,100,0,4.761904716491699,0,0,190004.37890625,217936.91339111328,0,404334891008,8589930496,37775101952,12402688
199,1724800561490,802,944,1403,1447,1039,1199,1373,1306,802,1458,1038,856,991,929,813,876,821,1697,1943,1134,1553,1423,941,812,958,1226,934,802,1146,1109,1021,1926,0,0,0,0,0,0,0,0,0,0,0,0,0,0,0,0,0,0,0,0,0,0,0,0,0,0,0,100,0,0,0,4.761904716491699,190007.1278076172,217943.72119140625,0,404334891008,8589930496,37775101952,12402688
199,1724800561690,802,944,1403,1447,1039,1199,1373,1306,802,1458,1038,856,991,929,813,876,821,1697,1943,1134,1553,1423,941,812,958,1226,934,802,1146,1109,1021,1926,0,0,0,0,0,0,0,0,9.523809432983398,0,0,0,0,0,0,0,0,0,0,0,0,0,0,0,0,0,0,100,0,0,0,0,190009.9096069336,217950.52862548828,0,404334891008,8589930496,37775101952,12402688
199,1724800561890,802,944,1403,1447,1039,1199,1373,1306,802,1458,1038,856,991,929,813,876,821,1697,1943,1134,1553,1423,941,812,958,1226,934,802,1146,1109,1021,1926,0,0,5,0,0,0,0,0,0,4.761904716491699,0,0,0,0,0,0,0,0,0,0,0,0,0,0,0,0,0,100,0,0,0,0,190012.71173095703,217957.326171875,0,404334891008,8589930496,37775101952,12402688
199,1724800562090,802,944,1403,1447,1039,1199,1373,1306,802,1458,1038,856,991,929,813,876,821,1697,1943,1134,1553,1423,941,812,958,1226,934,802,1146,1109,1021,1926,0,0,0,5,0,0,0,0,0,0,0,0,0,0,0,0,5,0,5,0,0,0,0,0,0,0,0,100,0,0,0,0,190015.47497558594,217964.11785888672,0,404334891008,8589930496,37775106048,12402688
199,1724800562290,802,944,1403,1447,1039,1199,1373,1306,802,1458,1038,856,991,929,813,876,821,1697,1943,1134,1553,1423,941,812,958,1226,934,802,1146,1109,1021,1926,0,0,0,0,0,0,0,0,0,5,0,0,0,0,0,0,0,0,0,0,0,0,0,0,0,0,0,100,0,0,0,0,190018.2901611328,217970.90240478516,0,404334891008,8589930496,37775106048,12402688
199,1724800562490,802,944,1403,1447,1039,1199,1373,1306,802,1458,1038,856,991,929,813,876,821,1697,1943,1134,1553,1423,941,812,958,1226,934,802,1146,1109,1021,1926,0,0,0,0,0,0,0,0,0,0,0,0,0,0,0,0,0,0,0,0,0,0,0,0,0,0,0,100,0,0,0,4.761904716491699,190021.09704589844,217977.69702148438,0,404334891008,8589930496,37775106048,12402688
199,1724800562690,802,944,1403,1447,1039,1199,1373,1306,802,1458,1038,856,991,929,813,876,821,1697,1943,1134,1553,1423,941,812,958,1226,934,802,1146,1109,1021,1926,0,0,0,0,0,0,0,0,0,0,0,0,0,0,0,0,0,0,0,0,0,0,0,0,0,0,0,100,0,0,0,0,190023.92193603516,217984.49493408203,0,404334891008,8589930496,37775110144,12402688
199,1724800562890,802,944,1403,1447,1039,1199,1373,1306,802,1458,1038,856,991,929,813,876,821,1697,1943,1134,1553,1423,941,812,958,1226,934,802,1146,1109,1021,1926,0,0,4.761904716491699,0,0,0,0,4.761904716491699,0,0,0,0,0,0,0,0,13.636363983154297,0,0,0,0,0,0,0,0,0,0,100,0,0,0,0,190026.6981201172,217991.29559326172,0,404334891008,8589930496,37775110144,12402688
199,1724800563091,802,944,1403,1447,1039,1199,1373,1306,802,1458,1038,856,991,929,813,876,821,1697,1943,1134,1553,1423,941,812,958,1226,934,802,1146,1109,1021,1926,0,0,0,4.761904716491699,0,0,0,4.761904716491699,0,4.761904716491699,0,0,0,0,0,0,0,0,0,0,0,5,0,0,0,0,0,100,0,0,0,0,190029.48150634766,217998.0947265625,0,404334891008,8589930496,37775106048,12402688
199,1724800563291,802,944,1403,1447,1039,1199,1373,1306,802,1458,1038,856,991,929,813,876,821,1697,1943,1134,1553,1423,941,812,958,1226,934,802,1146,1109,1021,1926,4.761904716491699,0,0,0,0,4.761904716491699,0,5,0,5,0,0,0,0,0,0,5,0,0,0,0,0,0,0,0,0,0,100,0,4.761904716491699,0,4.761904716491699,190032.2925415039,218004.88537597656,0,404334891008,8589930496,37775106048,12402688
199,1724800563491,802,944,1403,1447,1039,1199,1373,1306,802,1458,1038,856,991,929,813,876,821,1697,1943,1134,1553,1423,941,812,958,1226,934,802,1146,1109,1021,1926,4.761904716491699,0,0,0,0,0,4.761904716491699,0,0,0,0,0,0,0,0,0,0,0,0,0,0,0,0,0,0,0,0,100,0,0,0,0,190035.05645751953,218011.67150878906,0,404334891008,8589930496,37775106048,12402688
199,1724800563691,802,944,1403,1447,1039,1199,1373,1306,802,1458,1038,856,991,929,813,876,821,1697,1943,1134,1553,1423,941,812,958,1226,934,802,1146,1109,1021,1926,0,0,0,0,0,0,0,4.761904716491699,0,0,0,0,0,0,0,0,0,0,0,0,0,0,0,0,0,0,0,100,0,0,0,0,190037.84790039063,218018.48010253906,0,404334891008,8589930496,37775110144,12402688
199,1724800563891,802,944,1403,1447,1039,1199,1373,1306,802,1458,1038,856,991,929,813,876,821,1697,1943,1134,1553,1423,941,812,958,1226,934,802,1146,1109,1021,1926,0,0,0,0,0,0,0,0,0,4.761904716491699,4.761904716491699,5,0,0,4.761904716491699,0,0,0,0,0,0,4.761904716491699,0,4.761904716491699,0,0,0,100,0,5,0,0,190040.64697265625,218025.2900390625,0,404334891008,8589930496,37775110144,12402688
199,1724800564091,802,944,1403,1447,1039,1199,1373,1306,802,1458,1038,856,991,929,813,876,821,1697,1943,1134,1553,1423,941,812,958,1226,934,802,1146,1109,1021,1926,0,0,0,0,0,0,0,0,0,0,0,5,0,0,47.36842346191406,0,0,0,14.285715103149414,0,0,0,0,0,0,0,0,55,0,0,0,4.761904716491699,190043.41827392578,218032.07421875,0,404334891008,8589930496,37775110144,12402688
199,1724800564291,802,944,1403,1447,1039,1199,1373,1306,802,1458,1038,856,991,929,813,876,821,1697,1943,1134,1553,1423,941,812,958,1226,934,802,1146,1109,1021,1926,0,0,0,0,0,0,0,0,0,0,0,0,0,0,100,0,0,0,0,0,0,0,0,0,0,0,0,0,0,0,0,0,190046.19177246094,218038.88372802734,0,404334891008,8589930496,37775110144,12402688
199,1724800564492,802,944,1403,1447,1039,1199,1373,1306,802,1458,1038,856,991,929,813,876,821,1697,1943,1134,1553,1423,941,812,958,1226,934,802,1146,1109,1021,1926,0,0,0,0,0,0,0,0,0,0,4.761904716491699,5,0,0,100,0,4.761904716491699,0,0,0,0,0,0,0,0,0,0,0,0,0,0,0,190048.9775390625,218045.6251220703,0,404334891008,8589930496,37775110144,12402688
199,1724800564692,802,944,1403,1447,1039,1199,1373,1306,802,1458,1038,856,991,929,813,876,821,1697,1943,1134,1553,1423,941,812,958,1226,934,802,1146,1109,1021,1926,0,0,0,0,0,0,0,0,0,0,0,0,0,4.761904716491699,100,0,0,0,0,0,0,0,0,0,0,0,0,0,0,4.761904716491699,0,0,190051.7953491211,218052.45629882813,0,404334891008,8589930496,37775110144,12402688
199,1724800564892,802,944,1403,1447,1039,1199,1373,1306,802,1458,1038,856,991,929,813,876,821,1697,1943,1134,1553,1423,941,812,958,1226,934,802,1146,1109,1021,1926,0,0,4.761904716491699,0,0,0,0,0,0,0,5,0,0,0,100,0,4.761904716491699,0,0,0,0,0,0,0,0,0,0,0,0,0,0,0,190054.5697631836,218059.1968383789,0,404334891008,8589930496,37775110144,12402688
199,1724800565092,802,944,1403,1447,1039,1199,1373,1306,802,1458,1038,856,991,929,813,876,821,1697,1943,1134,1553,1423,941,812,958,1226,934,802,1146,1109,1021,1926,4.761904716491699,0,0,5,5,0,4.761904716491699,0,0,0,0,0,0,0,100,0,5,0,0,0,0,0,0,0,0,0,0,0,0,0,0,0,190057.3871459961,218065.97497558594,0,404334891008,8589930496,37775114240,12402688
199,1724800565292,802,944,1403,1447,1039,1199,1373,1306,802,1458,1038,856,991,929,813,876,821,1697,1943,1134,1553,1423,941,812,958,1226,934,802,1146,1109,1021,1926,0,0,0,0,0,0,0,0,0,0,0,0,0,0,100,0,0,0,0,0,0,0,0,0,0,0,0,0,0,0,0,0,190060.2440185547,218072.77703857422,0,404334891008,8589930496,37775114240,12402688
199,1724800565492,802,944,1403,1447,1039,1199,1373,1306,802,1458,1038,856,991,929,813,876,821,1697,1943,1134,1553,1423,941,812,958,1226,934,802,1146,1109,1021,1926,0,0,4.761904716491699,0,0,0,0,0,4.761904716491699,0,4.761904716491699,4.761904716491699,0,0,100,0,0,0,0,0,0,0,0,0,0,0,5,0,0,0,0,0,190063.06182861328,218079.5708618164,0,404334891008,8589930496,37775114240,12402688
199,1724800565692,802,944,1403,1447,1039,1199,1373,1306,802,1458,1038,856,991,929,813,876,821,1697,1943,1134,1553,1423,941,812,958,1226,934,802,1146,1109,1021,1926,0,0,0,0,0,0,0,0,0,0,0,0,0,0,100,0,5,0,0,0,0,0,0,0,0,0,4.761904716491699,0,0,0,0,0,190065.89404296875,218086.36846923828,0,404334891008,8589930496,37775114240,12402688
199,1724800565892,802,944,1403,1447,1039,1199,1373,1306,802,1458,1038,856,991,929,813,876,821,1697,1943,1134,1553,1423,941,812,958,1226,934,802,1146,1109,1021,1926,5,0,0,0,0,0,0,0,0,0,0,5,0,0,100,0,0,4.761904716491699,0,4.761904716491699,0,0,0,0,0,4.761904716491699,0,0,0,0,0,5,190068.701171875,218093.18951416016,0,404334891008,8589930496,37775114240,12402688
199,1724800566093,802,944,1403,1447,1039,1199,1373,1306,802,1458,1038,856,991,929,813,876,821,1697,1943,1134,1553,1423,941,812,958,1226,934,802,1146,1109,1021,1926,0,0,0,0,0,0,0,0,0,4.761904716491699,0,0,0,0,100,4.761904716491699,0,4.761904716491699,4.761904716491699,0,0,0,0,0,0,0,0,0,0,0,0,0,190071.52905273438,218099.9849243164,0,404334891008,8589930496,37775114240,12402688
199,1724800566293,802,944,1403,1447,1039,1199,1373,1306,802,1458,1038,856,991,929,813,876,821,1697,1943,1134,1553,1423,941,812,958,1226,934,802,1146,1109,1021,1926,0,0,0,0,0,0,0,0,0,0,0,0,0,0,100,0,0,0,0,0,0,0,0,0,0,0,4.761904716491699,0,0,0,0,0,190074.3324584961,218106.77764892578,0,404334891008,8589930496,37775114240,12402688
199,1724800566493,802,944,1403,1447,1039,1199,1373,1306,802,1458,1038,856,991,929,813,876,821,1697,1943,1134,1553,1423,941,812,958,1226,934,802,1146,1109,1021,1926,0,0,0,0,0,0,0,0,0,0,0,0,0,0,100,0,0,0,0,0,0,0,0,0,0,0,0,0,0,0,0,0,190077.13793945313,218113.56872558594,0,404334891008,8589930496,37775114240,12402688
199,1724800566693,802,944,1403,1447,1039,1199,1373,1306,802,1458,1038,856,991,929,813,876,821,1697,1943,1134,1553,1423,941,812,958,1226,934,802,1146,1109,1021,1926,0,0,0,0,0,4.761904716491699,0,0,0,0,0,4.761904716491699,0,0,100,0,0,0,0,0,0,0,0,0,0,0,0,0,0,0,0,0,190079.95147705078,218120.357421875,0,404334891008,8589930496,37775114240,12402688
199,1724800566893,802,944,1403,1447,1039,1199,1373,1306,802,1458,1038,856,991,929,813,876,821,1697,1943,1134,1553,1423,941,812,958,1226,934,802,1146,1109,1021,1926,0,0,4.761904716491699,0,0,0,0,0,4.761904716491699,0,5,4.761904716491699,0,0,100,0,0,0,0,0,0,0,0,0,0,0,0,0,0,0,0,0,190082.74407958984,218127.15118408203,0,404334891008,8589930496,37775114240,12402688
199,1724800567093,802,944,1403,1447,1039,1199,1373,1306,802,1458,1038,856,991,929,813,876,821,1697,1943,1134,1553,1423,941,812,958,1226,934,802,1146,1109,1021,1926,0,0,0,0,0,0,0,0,0,0,0,0,0,0,100,0,0,0,0,0,0,0,0,0,0,4.761904716491699,0,0,0,0,0,0,190085.53479003906,218133.9454345703,0,404334891008,8589930496,37774860288,12402688
199,1724800567293,802,944,1403,1447,1039,1199,1373,1306,802,1458,1038,856,991,929,813,876,821,1697,1943,1134,1553,1423,941,812,958,1226,934,802,1146,1109,1021,1926,4.761904716491699,0,0,0,0,0,0,0,0,0,0,0,0,0,100,0,0,4.761904716491699,0,0,0,0,0,0,4.761904716491699,0,0,0,0,0,0,0,190088.36181640625,218140.73822021484,0,404334891008,8589930496,37774860288,12402688
199,1724800567493,802,944,1403,1447,1039,1199,1373,1306,802,1458,1038,856,991,929,813,876,821,1697,1943,1134,1553,1423,941,812,958,1226,934,802,1146,1109,1021,1926,4.761904716491699,0,0,0,0,0,0,0,0,0,0,0,0,0,100,0,0,4.761904716491699,0,0,0,0,0,0,4.761904716491699,0,0,0,0,0,0,0,190091.24041748047,218147.8257446289,0,404334891008,8589930496,37775134720,12402688
199,1724800567694,802,944,1403,1447,1039,1199,1373,1306,802,1458,1038,856,991,929,813,876,821,1697,1943,1134,1553,1423,941,812,958,1226,934,802,1146,1109,1021,1926,5.128205299377441,5,0,10.256410598754883,0,5.128205299377441,2.5,2.5,0,2.5,0,0,0,2.5,100,2.4390242099761963,11.904762268066406,0,0,0,0,0,0,2.5,0,0,2.4390242099761963,0,2.5,0,0,2.4390242099761963,190094.05810546875,218154.6707763672,0,404334891008,8589930496,37775134720,12402688
199,1724800567894,802,944,1403,1447,1039,1199,1373,1306,802,1458,1038,856,991,929,813,876,821,1697,1943,1134,1553,1423,941,812,958,1226,934,802,1146,1109,1021,1926,5,0,0,10,0,0,0,0,0,0,5,0,0,4.761904716491699,100,0,0,20,0,0,0,0,0,0,0,0,5,0,0,0,0,0,190096.87225341797,218161.60137939453,0,404334891008,8589930496,37775134720,12402688
199,1724800568094,802,944,1403,1447,1039,1199,1373,1306,802,1458,1038,856,991,929,813,876,821,1697,1943,1134,1553,1423,941,812,958,1226,934,802,1146,1109,1021,1926,5,0,0,10,0,0,0,0,0,0,5,0,0,4.761904716491699,100,0,0,20,0,0,0,0,0,0,0,0,5,0,0,0,0,0,190099.66925048828,218168.36358642578,0,404334891008,8589930496,37775134720,12402688
199,1724800568294,802,944,1403,1447,1039,1199,1373,1306,802,1458,1038,856,991,929,813,876,821,1697,1943,1134,1553,1423,941,812,958,1226,934,802,1146,1109,1021,1926,0,0,2.5,0,0,0,0,0,0,0,0,0,0,0,100,0,0,0,0,0,0,0,0,0,0,0,2.4390242099761963,0,0,0,0,2.4390242099761963,190102.44458007813,218175.20880126953,0,404334891008,8589930496,37775134720,12402688
199,1724800568494,802,944,1403,1447,1039,1199,1373,1306,802,1458,1038,856,991,929,813,876,821,1697,1943,1134,1553,1423,941,812,958,1226,934,802,1146,1109,1021,1926,0,0,0,5,0,0,0,0,0,0,0,0,0,0,100,0,0,0,0,4.761904716491699,0,0,5,0,0,0,0,0,0,0,0,0,190105.24377441406,218182.02276611328,0,404334891008,8589930496,37775130624,12402688
199,1724800568694,802,944,1403,1447,1039,1199,1373,1306,802,1458,1038,856,991,929,813,876,821,1697,1943,1134,1553,1423,941,812,958,1226,934,802,1146,1109,1021,1926,0,5,0,0,0,0,0,0,0,0,4.761904716491699,0,0,0,100,0,0,0,0,0,0,0,0,0,0,0,0,0,0,0,0,0,190108.02154541016,218188.8461303711,0,404334891008,8589930496,37775130624,12402688
199,1724800568894,802,944,1403,1447,1039,1199,1373,1306,802,1458,1038,856,991,929,813,876,821,1697,1943,1134,1553,1423,941,812,958,1226,934,802,1146,1109,1021,1926,0,0,0,0,0,0,0,0,0,0,0,0,0,0,100,0,0,0,0,0,0,0,0,0,0,0,0,0,0,0,0,0,190110.82080078125,218195.60095214844,0,404334891008,8589930496,37775130624,12402688
199,1724800569095,802,944,1403,1447,1039,1199,1373,1306,802,1458,1038,856,991,929,813,876,821,1697,1943,1134,1553,1423,941,812,958,1226,934,802,1146,1109,1021,1926,0,0,0,0,0,0,0,0,0,0,5,0,0,0,100,0,0,0,4.761904716491699,0,0,0,0,0,0,0,0,0,0,0,0,0,190113.5717163086,218202.40991210938,0,404334891008,8589930496,37775130624,12402688
199,1724800569295,802,944,1403,1447,1039,1199,1373,1306,802,1458,1038,856,991,929,813,876,821,1697,1943,1134,1553,1423,941,812,958,1226,934,802,1146,1109,1021,1926,5,5,5,0,9.523809432983398,0,5,9.523809432983398,5,0,0,5,5,0,100,10,5,5,5,5,5,0,5,5,5,5,0,0,5,5,0,5,190116.37670898438,218209.3243408203,0,404334891008,8589930496,37775130624,12402688
199,1724800569495,802,944,1403,1447,1039,1199,1373,1306,802,1458,1038,856,991,929,813,876,821,1697,1943,1134,1553,1423,941,812,958,1226,934,802,1146,1109,1021,1926,5,0,5,4.761904716491699,5,0,4.761904716491699,0,0,4.761904716491699,0,5,0,0,100,0,0,0,0,0,0,0,0,0,0,0,0,0,0,0,0,0,190119.16564941406,218216.10998535156,0,404334891008,8589930496,37775130624,12402688
199,1724800569695,802,944,1403,1447,1039,1199,1373,1306,802,1458,1038,856,991,929,813,876,821,1697,1943,1134,1553,1423,941,812,958,1226,934,802,1146,1109,1021,1926,0,4.761904716491699,0,0,0,0,0,4.761904716491699,0,0,0,0,0,0,100,5,0,0,0,0,0,0,0,0,0,0,0,0,5,0,0,4.761904716491699,190121.93768310547,218222.89416503906,0,404334891008,8589930496,37775130624,12402688
199,1724800569895,802,944,1403,1447,1039,1199,1373,1306,802,1458,1038,856,991,929,813,876,821,1697,1943,1134,1553,1423,941,812,958,1226,934,802,1146,1109,1021,1926,0,0,0,0,0,0,0,0,0,0,0,0,0,0,100,0,0,0,0,0,0,0,0,0,0,0,0,0,0,0,0,0,190124.69415283203,218229.68395996094,0,404334891008,8589930496,37775134720,12402688
199,1724800570095,802,944,1403,1447,1039,1199,1373,1306,802,1458,1038,856,991,929,813,876,821,1697,1943,1134,1553,1423,941,812,958,1226,934,802,1146,1109,1021,1926,0,0,0,0,0,0,0,4.761904716491699,0,0,0,0,0,0,100,4.761904716491699,0,0,0,0,0,0,0,0,0,0,0,0,4.761904716491699,0,0,0,190127.47131347656,218236.4375,0,404334891008,8589930496,37775134720,12402688
199,1724800570295,802,944,1403,1447,1039,1199,1373,1306,802,1458,1038,856,991,929,813,876,821,1697,1943,1134,1553,1423,941,812,958,1226,934,802,1146,1109,1021,1926,0,0,0,0,0,0,0,4.761904716491699,0,0,0,0,0,0,100,4.761904716491699,0,0,0,0,0,0,0,0,0,0,0,0,4.761904716491699,0,0,0,190130.2523803711,218243.26287841797,0,404334891008,8589930496,37775134720,12402688
199,1724800570495,802,944,1403,1447,1039,1199,1373,1306,802,1458,1038,856,991,929,813,876,821,1697,1943,1134,1553,1423,941,812,958,1226,934,802,1146,1109,1021,1926,0,0,0,0,0,0,0,0,2.4390242099761963,0,0,0,0,0,100,0,0,0,0,0,0,0,0,0,0,0,0,0,0,0,0,0,190133.03619384766,218250.0267944336,0,404334891008,8589930496,37775134720,12402688
199,1724800570696,802,944,1403,1447,1039,1199,1373,1306,802,1458,1038,856,991,929,813,876,821,1697,1943,1134,1553,1423,941,812,958,1226,934,802,1146,1109,1021,1926,0,0,0,0,0,0,0,0,0,4.761904716491699,5,0,0,0,100,0,0,0,4.761904716491699,0,0,0,0,0,0,0,0,0,9.523809432983398,0,0,0,190135.81494140625,218256.77740478516,0,404334891008,8589930496,37775134720,12402688
199,1724800570896,802,944,1403,1447,1039,1199,1373,1306,802,1458,1038,856,991,929,813,876,821,1697,1943,1134,1553,1423,941,812,958,1226,934,802,1146,1109,1021,1926,0,0,0,0,0,0,0,0,0,5,4.761904716491699,0,0,0,100,0,0,0,0,0,0,0,0,0,0,0,0,0,0,0,0,0,190138.56805419922,218263.55828857422,0,404334891008,8589930496,37775134720,12402688
199,1724800571096,802,944,1403,1447,1039,1199,1373,1306,802,1458,1038,856,991,929,813,876,821,1697,1943,1134,1553,1423,941,812,958,1226,934,802,1146,1109,1021,1926,0,0,4.761904716491699,0,0,0,0,0,0,5,0,0,0,0,100,0,0,0,0,0,0,0,0,0,0,0,0,0,5,0,0,4.761904716491699,190141.36163330078,218270.3286743164,0,404334891008,8589930496,37775134720,12402688
199,1724800571296,802,944,1403,1447,1039,1199,1373,1306,802,1458,1038,856,991,929,813,876,821,1697,1943,1134,1553,1423,941,812,958,1226,934,802,1146,1109,1021,1926,0,0,0,0,4.761904716491699,0,0,0,0,0,0,0,0,0,100,0,0,0,0,0,0,0,0,0,0,0,0,0,0,0,0,0,190144.12377929688,218277.13671875,0,404334891008,8589930496,37775134720,12402688
199,1724800571496,802,944,1403,1447,1039,1199,1373,1306,802,1458,1038,856,991,929,813,876,821,1697,1943,1134,1553,1423,941,812,958,1226,934,802,1146,1109,1021,1926,0,0,0,5,0,5,0,0,0,0,0,0,0,0,100,0,0,0,0,0,0,0,0,0,0,0,0,0,0,0,4.761904716491699,0,190146.90771484375,218283.93096923828,0,404334891008,8589930496,37775134720,12402688
199,1724800571696,802,944,1403,1447,1039,1199,1373,1306,802,1458,1038,856,991,929,813,876,821,1697,1943,1134,1553,1423,941,812,958,1226,934,802,1146,1109,1021,1926,0,0,0,0,0,0,0,0,4.761904716491699,0,0,0,0,0,100,0,0,0,0,0,0,0,0,0,0,0,0,0,0,0,0,0,190149.67236328125,218290.73455810547,0,404334891008,8589930496,37775134720,12402688
199,1724800571896,802,944,1403,1447,1039,1199,1373,1306,802,1458,1038,856,991,929,813,876,821,1697,1943,1134,1553,1423,941,812,958,1226,934,802,1146,1109,1021,1926,0,0,0,0,5,0,0,0,0,0,4.761904716491699,0,0,0,100,0,0,0,0,0,0,0,0,0,0,0,0,0,0,0,0,0,190152.45208740234,218297.5267944336,0,404334891008,8589930496,37775134720,12402688
199,1724800572097,802,944,1403,1447,1039,1199,1373,1306,802,1458,1038,856,991,929,813,876,821,1697,1943,1134,1553,1423,941,812,958,1226,934,802,1146,1109,1021,1926,0,0,4.761904716491699,0,0,0,0,0,0,0,0,0,0,0,100,0,0,0,0,0,0,0,0,0,0,0,0,0,0,0,0,0,190155.21618652344,218304.3355102539,0,404334891008,8589930496,37775134720,12402688
199,1724800572297,802,944,1403,1447,1039,1199,1373,1306,802,1458,1038,856,991,929,813,876,821,1697,1943,1134,1553,1423,941,812,958,1226,934,802,1146,1109,1021,1926,0,0,0,0,5,0,0,0,0,5,0,0,0,0,100,0,0,0,4.761904716491699,0,0,0,0,0,0,0,0,0,0,0,0,4.761904716491699,190158.0245361328,218311.11840820313,0,404334891008,8589930496,37775138816,12402688
199,1724800572497,802,944,1403,1447,1039,1199,1373,1306,802,1458,1038,856,991,929,813,876,821,1697,1943,1134,1553,1423,941,812,958,1226,934,802,1146,1109,1021,1926,5,0,0,0,4.761904716491699,0,0,0,0,4.761904716491699,0,0,0,0,100,0,0,4.761904716491699,0,0,0,0,0,0,0,0,0,0,0,0,0,0,190160.80029296875,218317.92205810547,0,404334891008,8589930496,37775142912,12402688
199,1724800572697,802,944,1403,1447,1039,1199,1373,1306,802,1458,1038,856,991,929,813,876,821,1697,1943,1134,1553,1423,941,812,958,1226,934,802,1146,1109,1021,1926,0,0,0,0,0,0,0,0,0,0,0,4.761904716491699,0,0,100,0,0,0,0,0,0,0,0,0,0,0,4.761904716491699,0,0,0,0,0,190163.5844116211,218324.73754882813,0,404334891008,8589930496,37775142912,12402688
199,1724800572897,802,944,1403,1447,1039,1199,1373,1306,802,1458,1038,856,991,929,813,876,821,1697,1943,1134,1553,1423,941,812,958,1226,934,802,1146,1109,1021,1926,0,0,0,0,0,0,0,0,0,0,0,0,0,0,100,0,0,0,0,0,0,0,0,0,0,0,0,0,0,0,0,0,190166.33947753906,218331.52923583984,0,404334891008,8589930496,37775142912,12402688
199,1724800573097,802,944,1403,1447,1039,1199,1373,1306,802,1458,1038,856,991,929,813,876,821,1697,1943,1134,1553,1423,941,812,958,1226,934,802,1146,1109,1021,1926,0,0,5,0,4.761904716491699,0,0,0,0,0,0,0,0,0,100,0,0,0,0,0,0,0,0,0,0,0,0,0,0,0,0,0,190169.1079711914,218338.28118896484,0,404334891008,8589930496,37775142912,12402688
199,1724800573297,802,944,1403,1447,1039,1199,1373,1306,802,1458,1038,856,991,929,813,876,821,1697,1943,1134,1553,1423,941,812,958,1226,934,802,1146,1109,1021,1926,5,0,0,0,0,0,0,0,0,9.090909004211426,0,0,0,0,100,0,0,0,0,0,0,4.761904716491699,0,0,0,0,0,0,0,0,0,0,190171.8490600586,218345.0723876953,0,404334891008,8589930496,37775147008,12402688
199,1724800573497,802,944,1403,1447,1039,1199,1373,1306,802,1458,1038,856,991,929,813,876,821,1697,1943,1134,1553,1423,941,812,958,1226,934,802,1146,1109,1021,1926,0,0,0,4.761904716491699,0,0,0,0,0,0,0,5,0,0,100,0,0,0,0,0,0,4.761904716491699,0,0,0,4.761904716491699,0,0,0,0,0,0,190174.62646484375,218351.89318847656,0,404334891008,8589930496,37775142912,12402688
199,1724800573698,802,944,1403,1447,1039,1199,1373,1306,802,1458,1038,856,991,929,813,876,821,1697,1943,1134,1553,1423,941,812,958,1226,934,802,1146,1109,1021,1926,0,0,0,0,0,0,0,0,0,0,0,4.761904716491699,0,0,100,0,0,0,0,0,0,0,0,0,0,0,0,0,5,0,0,4.761904716491699,190177.416015625,218358.68981933594,0,404334891008,8589930496,37775142912,12402688
199,1724800573898,802,944,1403,1447,1039,1199,1373,1306,802,1458,1038,856,991,929,813,876,821,1697,1943,1134,1553,1423,941,812,958,1226,934,802,1146,1109,1021,1926,0,0,0,0,0,0,0,0,0,0,0,0,0,0,100,0,0,0,0,0,0,0,0,0,0,0,0,0,0,0,0,0,190180.21704101563,218365.45318603516,0,404334891008,8589930496,37775110144,12402688
199,1724800574098,802,944,1403,1447,1039,1199,1373,1306,802,1458,1038,856,991,929,813,876,821,1697,1943,1134,1553,1423,941,812,958,1226,934,802,1146,1109,1021,1926,0,0,4.761904716491699,0,4.761904716491699,0,0,0,0,0,0,0,0,0,100,0,0,0,10,0,0,0,0,0,0,0,0,0,0,0,0,0,190183.0068359375,218372.26470947266,0,404334891008,8589930496,37775110144,12402688
199,1724800574298,802,944,1403,1447,1039,1199,1373,1306,802,1458,1038,856,991,929,813,876,821,1697,1943,1134,1553,1423,941,812,958,1226,934,802,1146,1109,1021,1926,0,0,0,0,0,0,0,0,0,0,4.761904716491699,0,0,0,100,0,0,0,0,0,0,0,0,0,0,0,0,0,4.761904716491699,0,0,0,190185.75805664063,218379.0977783203,0,404334891008,8589930496,37775110144,12402688
199,1724800574498,802,944,1403,1447,1039,1199,1373,1306,802,1458,1038,856,991,929,813,876,821,1697,1943,1134,1553,1423,941,812,958,1226,934,802,1146,1109,1021,1926,5,0,0,5,0,0,0,0,0,4.761904716491699,4.761904716491699,0,0,0,100,0,0,0,0,0,0,0,0,0,0,0,0,0,0,4.761904716491699,0,0,190188.53009033203,218385.87799072266,0,404334891008,8589930496,37775241216,12402688
199,1724800574698,802,944,1403,1447,1039,1199,1373,1306,802,1458,1038,856,991,929,813,876,821,1697,1943,1134,1553,1423,941,812,958,1226,934,802,1146,1109,1021,1926,0,0,0,0,0,0,0,0,0,5,0,5,0,0,100,0,0,0,0,0,0,4.761904716491699,0,0,0,0,0,0,0,0,0,0,190191.28594970703,218392.66455078125,0,404334891008,8589930496,37775245312,12402688
199,1724800574898,802,944,1403,1447,1039,1199,1373,1306,802,1458,1038,856,991,929,813,876,821,1697,1943,1134,1553,1423,941,812,958,1226,934,802,1146,1109,1021,1926,0,0,0,0,0,0,0,0,4.761904716491699,0,0,0,0,0,100,0,0,0,0,0,0,0,0,0,0,0,0,0,5,0,0,0,190194.03826904297,218399.45574951172,0,404334891008,8589930496,37775245312,12402688
199,1724800575099,802,944,1403,1447,1039,1199,1373,1306,802,1458,1038,856,991,929,813,876,821,1697,1943,1134,1553,1423,941,812,958,1226,934,802,1146,1109,1021,1926,0,4.761904716491699,0,0,0,0,0,0,0,0,0,0,0,0,100,0,0,0,4.761904716491699,0,0,0,0,0,0,0,0,0,0,0,0,0,190196.82806396484,218406.23876953125,0,404334891008,8589930496,37775245312,12402688
199,1724800575299,802,944,1403,1447,1039,1199,1373,1306,802,1458,1038,856,991,929,813,876,821,1697,1943,1134,1553,1423,941,812,958,1226,934,802,1146,1109,1021,1926,0,0,0,0,0,0,0,4.761904716491699,0,5,0,0,0,0,100,0,0,0,0,0,0,0,0,0,0,0,0,0,4.761904716491699,0,0,0,190199.57733154297,218413.02349853516,0,404334891008,8589930496,37775245312,12402688
199,1724800575499,802,944,1403,1447,1039,1199,1373,1306,802,1458,1038,856,991,929,813,876,821,1697,1943,1134,1553,1423,941,812,958,1226,934,802,1146,1109,1021,1926,0,0,0,4.761904716491699,4.761904716491699,0,0,4.761904716491699,0,0,5,5,0,4.761904716491699,100,0,0,0,0,0,0,0,0,0,0,0,0,0,0,0,0,0,190202.33770751953,218419.79327392578,0,404334891008,8589930496,37775249408,12402688
199,1724800575699,802,944,1403,1447,1039,1199,1373,1306,802,1458,1038,856,991,929,813,876,821,1697,1943,1134,1553,1423,941,812,958,1226,934,802,1146,1109,1021,1926,0,0,5,0,0,0,0,0,0,0,4.761904716491699,0,0,5,100,0,0,0,0,0,0,0,4.761904716491699,0,0,5,0,0,4.761904716491699,0,0,0,190205.09698486328,218426.59893798828,0,404334891008,8589930496,37775249408,12402688
199,1724800575899,802,944,1403,1447,1039,1199,1373,1306,802,1458,1038,856,991,929,813,876,821,1697,1943,1134,1553,1423,941,812,958,1226,934,802,1146,1109,1021,1926,0,0,0,0,0,0,0,4.761904716491699,0,0,0,0,0,0,100,0,0,0,0,0,0,0,0,0,0,0,0,0,0,0,0,0,190207.84185791016,218433.39447021484,0,404334891008,8589930496,37775249408,12402688
199,1724800576099,802,944,1403,1447,1039,1199,1373,1306,802,1458,1038,856,991,929,813,876,821,1697,1943,1134,1553,1423,941,812,958,1226,934,802,1146,1109,1021,1926,0,0,0,0,0,0,0,0,0,0,0,0,0,0,100,0,0,0,0,0,0,0,0,0,0,0,0,0,4.761904716491699,0,0,0,190210.59594726563,218440.1873779297,0,404334891008,8589930496,37775282176,12402688
199,1724800576299,802,944,1403,1447,1039,1199,1373,1306,802,1458,1038,856,991,929,813,876,821,1697,1943,1134,1553,1423,941,812,958,1226,934,802,1146,1109,1021,1926,0,0,0,0,0,0,0,0,0,4.761904716491699,0,5,0,0,100,0,0,0,0,0,0,0,0,0,0,0,0,0,0,0,0,0,190213.38696289063,218446.9927368164,0,404334891008,8589930496,37775282176,12402688
199,1724800576499,802,944,1403,1447,1039,1199,1373,1306,802,1458,1038,856,991,929,813,876,821,1697,1943,1134,1553,1423,941,812,958,1226,934,802,1146,1109,1021,1926,0,0,0,0,0,0,0,0,0,0,0,4.761904716491699,0,0,100,0,0,0,0,0,0,0,0,0,0,0,0,0,0,0,0,0,190216.14111328125,218453.77569580078,0,404334891008,8589930496,37775278080,12402688
199,1724800576699,802,944,1403,1447,1039,1199,1373,1306,802,1458,1038,856,991,929,813,876,821,1697,1943,1134,1553,1423,941,812,958,1226,934,802,1146,1109,1021,1926,0,0,0,0,0,0,0,0,0,0,0,4.761904716491699,0,0,100,0,0,0,0,0,0,0,0,0,0,0,0,0,0,0,0,0,190218.9155883789,218460.55694580078,0,404334891008,8589930496,37775278080,12402688
199,1724800576900,802,944,1403,1447,1039,1199,1373,1306,802,1458,1038,856,991,929,813,876,821,1697,1943,1134,1553,1423,941,812,958,1226,934,802,1146,1109,1021,1926,0,0,0,0,0,0,4.761904716491699,0,4.761904716491699,0,0,5,0,0,100,0,0,0,0,0,0,0,0,0,0,0,0,0,5,0,0,0,190221.71563720703,218467.32678222656,0,404334891008,8589930496,37775278080,12402688
199,1724800577100,802,944,1403,1447,1039,1199,1373,1306,802,1458,1038,856,991,929,813,876,821,1697,1943,1134,1553,1423,941,812,958,1226,934,802,1146,1109,1021,1926,0,0,5,0,0,0,0,0,0,0,0,0,0,0,100,0,0,0,0,0,0,0,0,0,0,0,0,0,5,0,0,0,190224.51013183594,218474.1148071289,0,404334891008,8589930496,37775282176,12402688
199,1724800577300,802,944,1403,1447,1039,1199,1373,1306,802,1458,1038,856,991,929,813,876,821,1697,1943,1134,1553,1423,941,812,958,1226,934,802,1146,1109,1021,1926,0,0,0,0,0,0,0,0,0,0,0,0,0,4.761904716491699,100,0,0,0,0,0,0,0,0,0,0,0,0,0,0,0,0,0,190227.33264160156,218480.91088867188,0,404334891008,8589930496,37775282176,12402688
199,1724800577500,802,944,1403,1447,1039,1199,1373,1306,802,1458,1038,856,991,929,813,876,821,1697,1943,1134,1553,1423,941,812,958,1226,934,802,1146,1109,1021,1926,0,0,0,0,0,0,0,0,0,0,0,0,4.761904716491699,0,100,0,0,0,9.090909004211426,0,0,0,0,0,0,0,0,0,0,0,0,0,190230.1304321289,218487.71826171875,0,404334891008,8589930496,37775028224,12402688
199,1724800577700,802,944,1403,1447,1039,1199,1373,1306,802,1458,1038,856,991,929,813,876,821,1697,1943,1134,1553,1423,941,812,958,1226,934,802,1146,1109,1021,1926,0,0,0,0,0,0,0,0,0,0,0,0,4.761904716491699,0,100,0,0,0,9.090909004211426,0,0,0,0,0,0,0,0,0,0,0,0,0,190232.90405273438,218494.45196533203,0,404334891008,8589930496,37775032320,12402688
199,1724800577900,802,944,1403,1447,1039,1199,1373,1306,802,1458,1038,856,991,929,813,876,821,1697,1943,1134,1553,1423,941,812,958,1226,934,802,1146,1109,1021,1926,7.142857551574707,7.500000476837158,2.4390242099761963,2.5641026496887207,0,0,0,0,0,4.878048419952393,4.878048419952393,2.5,0,2.5,100,0,2.4390242099761963,0,2.5,2.4390242099761963,2.5641026496887207,0,0,0,2.5,7.500000476837158,2.5,0,2.4390242099761963,0,0,0,190235.72955322266,218501.4306640625,0,404334891008,8589930496,37775294464,12402688
199,1724800578100,802,944,1403,1447,1039,1199,1373,1306,802,1458,1038,856,991,929,813,876,821,1697,1943,1134,1553,1423,941,812,958,1226,934,802,1146,1109,1021,1926,5,0,10.526315689086914,4.761904716491699,0,0,0,5.263157844543457,0,0,5,5,4.761904716491699,0,100,0,0,4.761904716491699,20,0,0,0,5,0,0,10,0,0,0,5,0,0,190238.54864501953,218508.46905517578,0,404334891008,8589930496,37789917184,12402688
199,1724800578300,802,944,1403,1447,1039,1199,1373,1306,802,1458,1038,856,991,929,813,876,821,1697,1943,1134,1553,1423,941,812,958,1226,934,802,1146,1109,1021,1926,0,0,0,0,0,0,0,0,0,0,0,0,0,0,100,0,0,0,0,0,0,0,0,0,0,0,0,0,0,0,0,5,190241.34967041016,218515.29064941406,0,404334891008,8589930496,37775343616,12402688
199,1724800578500,802,944,1403,1447,1039,1199,1373,1306,802,1458,1038,856,991,929,813,876,821,1697,1943,1134,1553,1423,941,812,958,1226,934,802,1146,1109,1021,1926,0,0,0,0,0,0,0,0,0,0,0,0,0,0,100,0,0,0,0,0,0,0,0,0,0,0,0,0,9.523809432983398,0,0,0,190244.16131591797,218522.07189941406,0,404334891008,8589930496,37775343616,12402688
199,1724800578701,802,944,1403,1447,1039,1199,1373,1306,802,1458,1038,856,991,929,813,876,821,1697,1943,1134,1553,1423,941,812,958,1226,934,802,1146,1109,1021,1926,0,0,0,0,0,0,0,0,0,0,0,0,0,0,100,0,0,0,4.761904716491699,0,0,0,0,0,0,0,0,0,0,0,0,0,190246.97607421875,218528.88787841797,0,404334891008,8589930496,37775343616,12402688
199,1724800578901,802,944,1403,1447,1039,1199,1373,1306,802,1458,1038,856,991,929,813,876,821,1697,1943,1134,1553,1423,941,812,958,1226,934,802,1146,1109,1021,1926,0,0,0,0,0,0,0,0,0,0,0,0,0,0,100,0,0,0,0,0,4.761904716491699,0,0,0,0,0,0,0,0,0,0,0,190249.8130493164,218535.68969726563,0,404334891008,8589930496,37775343616,12402688
199,1724800579101,802,944,1403,1447,1039,1199,1373,1306,802,1458,1038,856,991,929,813,876,821,1697,1943,1134,1553,1423,941,812,958,1226,934,802,1146,1109,1021,1926,5,0,0,0,0,0,0,0,0,0,0,0,0,0,100,0,0,0,0,0,0,0,0,0,0,0,0,0,5,0,0,5,190252.67388916016,218542.52014160156,0,404334891008,8589930496,37775347712,12402688
199,1724800579301,802,944,1403,1447,1039,1199,1373,1306,802,1458,1038,856,991,929,813,876,821,1697,1943,1134,1553,1423,941,812,958,1226,934,802,1146,1109,1021,1926,0,0,0,0,0,0,0,0,0,0,0,0,0,0,100,4.761904716491699,0,0,0,0,0,0,0,0,0,0,0,0,0,0,0,4.761904716491699,190255.4556274414,218549.32135009766,0,404334891008,8589930496,37775351808,12402688
199,1724800579501,802,944,1403,1447,1039,1199,1373,1306,802,1458,1038,856,991,929,813,876,821,1697,1943,1134,1553,1423,941,812,958,1226,934,802,1146,1109,1021,1926,0,0,0,0,0,0,0,0,0,0,0,0,0,5,100,0,0,0,4.761904716491699,0,0,0,0,0,0,0,0,0,0,4.761904716491699,0,0,190258.26495361328,218556.11627197266,0,404334891008,8589930496,37775351808,12402688
199,1724800579701,802,944,1403,1447,1039,1199,1373,1306,802,1458,1038,856,991,929,813,876,821,1697,1943,1134,1553,1423,941,812,958,1226,934,802,1146,1109,1021,1926,0,0,0,0,0,0,0,0,0,0,0,0,0,0,100,0,0,0,0,0,0,0,0,0,0,0,0,0,0,0,0,0,190261.0897216797,218562.89477539063,0,404334891008,8589930496,37775351808,12402688
199,1724800579901,802,944,1403,1447,1039,1199,1373,1306,802,1458,1038,856,991,929,813,876,821,1697,1943,1134,1553,1423,941,812,958,1226,934,802,1146,1109,1021,1926,5,0,0,0,0,0,0,0,0,4.761904716491699,0,0,0,0,100,0,0,0,0,0,0,0,0,0,0,0,0,0,4.761904716491699,0,0,0,190263.90350341797,218569.68548583984,0,404334891008,8589930496,37775351808,12402688
199,1724800580102,802,944,1403,1447,1039,1199,1373,1306,802,1458,1038,856,991,929,813,876,821,1697,1943,1134,1553,1423,941,812,958,1226,934,802,1146,1109,1021,1926,5,0,0,0,0,0,0,0,0,0,0,0,5,0,100,0,0,0,5,0,0,0,0,0,0,0,0,0,0,0,0,4.761904716491699,190266.73468017578,218576.50616455078,0,404334891008,8589930496,37775355904,12402688
199,1724800580302,802,944,1403,1447,1039,1199,1373,1306,802,1458,1038,856,991,929,813,876,821,1697,1943,1134,1553,1423,941,812,958,1226,934,802,1146,1109,1021,1926,5,0,0,0,0,0,0,0,0,0,0,0,5,0,100,0,0,0,5,0,0,0,0,0,0,0,0,0,0,0,0,4.761904716491699,190269.5336303711,218583.31225585938,0,404334891008,8589930496,37775355904,12402688
199,1724800580502,802,944,1403,1447,1039,1199,1373,1306,802,1458,1038,856,991,929,813,876,821,1697,1943,1134,1553,1423,941,812,958,1226,934,802,1146,1109,1021,1926,9.523809432983398,0,0,0,0,0,0,0,0,0,5,0,0,5,100,0,0,0,0,0,0,0,0,0,0,0,0,0,0,0,0,0,190272.30102539063,218590.10443115234,0,404334891008,8589930496,37775355904,12402688
199,1724800580702,802,944,1403,1447,1039,1199,1373,1306,802,1458,1038,856,991,929,813,876,821,1697,1943,1134,1553,1423,941,812,958,1226,934,802,1146,1109,1021,1926,0,0,0,0,0,0,0,0,0,0,4.761904716491699,0,0,0,100,0,0,0,4.761904716491699,0,0,0,0,0,0,0,0,0,0,0,0,5,190275.10021972656,218596.8868408203,0,404334891008,8589930496,37775355904,12402688
199,1724800580902,802,944,1403,1447,1039,1199,1373,1306,802,1458,1038,856,991,929,813,876,821,1697,1943,1134,1553,1423,941,812,958,1226,934,802,1146,1109,1021,1926,0,0,0,0,0,0,0,0,0,0,0,0,0,5,100,0,0,0,0,0,0,0,0,0,0,0,0,0,0,0,0,0,190277.87048339844,218603.6762084961,0,404334891008,8589930496,37775355904,12402688
199,1724800581102,802,944,1403,1447,1039,1199,1373,1306,802,1458,1038,856,991,929,813,876,821,1697,1943,1134,1553,1423,941,812,958,1226,934,802,1146,1109,1021,1926,0,0,0,0,0,0,0,0,0,0,0,0,4.761904716491699,0,100,0,4.761904716491699,0,4.761904716491699,0,0,0,0,0,0,5,0,0,0,0,0,0,190280.6727294922,218610.51928710938,0,404334891008,8589930496,37775233024,12402688
199,1724800581302,802,944,1403,1447,1039,1199,1373,1306,802,1458,1038,856,991,929,813,876,821,1697,1943,1134,1553,1423,941,812,958,1226,934,802,1146,1109,1021,1926,0,0,0,0,0,0,0,0,0,0,0,0,0,0,100,0,0,0,0,0,0,0,0,0,0,0,0,0,9.523809432983398,0,0,0,190283.4697265625,218617.27459716797,0,404334891008,8589930496,37775233024,12402688
199,1724800581502,802,944,1403,1447,1039,1199,1373,1306,802,1458,1038,856,991,929,813,876,821,1697,1943,1134,1553,1423,941,812,958,1226,934,802,1146,1109,1021,1926,0,0,0,0,0,0,0,4.761904716491699,0,0,0,0,0,0,100,0,0,0,0,0,0,0,0,0,0,0,0,0,0,0,0,0,190286.2474975586,218624.05877685547,0,404334891008,8589930496,37775233024,12402688
199,1724800581703,802,944,1403,1447,1039,1199,1373,1306,802,1458,1038,856,991,929,813,876,821,1697,1943,1134,1553,1423,941,812,958,1226,934,802,1146,1109,1021,1926,5,10,5,0,5,4.761904716491699,4.761904716491699,4.761904716491699,4.761904716491699,5,0,4.761904716491699,0,5,100,0,0,5,4.761904716491699,4.761904716491699,4.761904716491699,5,5,5,0,0,5,4.761904716491699,5,0,9.090909004211426,4.761904716491699,190289.07733154297,218630.91918945313,0,404334891008,8589930496,37775237120,12402688
199,1724800581903,802,944,1403,1447,1039,1199,1373,1306,802,1458,1038,856,991,929,813,876,821,1697,1943,1134,1553,1423,941,812,958,1226,934,802,1146,1109,1021,1926,0,0,0,0,0,0,0,4.761904716491699,0,0,0,0,5,0,100,0,0,0,0,0,0,0,0,0,0,0,0,0,0,0,0,5,190291.88348388672,218637.6889038086,0,404334891008,8589930496,37775237120,12402688
199,1724800582103,802,944,1403,1447,1039,1199,1373,1306,802,1458,1038,856,991,929,813,876,821,1697,1943,1134,1553,1423,941,812,958,1226,934,802,1146,1109,1021,1926,0,4.761904716491699,0,0,0,0,0,0,0,0,4.761904716491699,0,4.761904716491699,4.761904716491699,100,0,0,0,4.761904716491699,0,0,0,0,9.090909004211426,0,0,0,0,4.761904716491699,0,0,0,190294.69549560547,218644.5089111328,0,404334891008,8589930496,37775237120,12402688
199,1724800582303,802,944,1403,1447,1039,1199,1373,1306,802,1458,1038,856,991,929,813,876,821,1697,1943,1134,1553,1423,941,812,958,1226,934,802,1146,1109,1021,1926,0,0,0,0,0,0,0,0,0,0,0,0,5.263157844543457,0,100,0,0,0,0,0,0,0,0,0,0,0,0,0,0,0,0,0,190297.48095703125,218651.2876586914,0,404334891008,8589930496,37775237120,12402688
199,1724800582503,802,944,1403,1447,1039,1199,1373,1306,802,1458,1038,856,991,929,813,876,821,1697,1943,1134,1553,1423,941,812,958,1226,934,802,1146,1109,1021,1926,0,0,0,0,0,0,0,0,0,0,0,0,4.761904716491699,0,100,0,0,0,0,0,0,0,0,0,0,0,0,0,0,0,0,0,190300.25927734375,218658.07287597656,0,404334891008,8589930496,37775237120,12402688
199,1724800582703,802,944,1403,1447,1039,1199,1373,1306,802,1458,1038,856,991,929,813,876,821,1697,1943,1134,1553,1423,941,812,958,1226,934,802,1146,1109,1021,1926,0,0,0,0,0,0,0,0,0,0,0,0,0,0,100,0,0,0,0,0,0,0,0,0,0,5,0,0,0,0,0,0,190303.05053710938,218664.89434814453,0,404334891008,8589930496,37775237120,12402688
199,1724800582903,802,944,1403,1447,1039,1199,1373,1306,802,1458,1038,856,991,929,813,876,821,1697,1943,1134,1553,1423,941,812,958,1226,934,802,1146,1109,1021,1926,0,0,0,0,0,0,0,4.761904716491699,0,0,0,0,0,0,100,0,0,0,4.761904716491699,0,0,0,0,0,0,0,0,0,0,0,0,4.761904716491699,190305.88446044922,218671.7091064453,0,404334891008,8589930496,37775237120,12402688
199,1724800583103,802,944,1403,1447,1039,1199,1373,1306,802,1458,1038,856,991,929,813,876,821,1697,1943,1134,1553,1423,941,812,958,1226,934,802,1146,1109,1021,1926,0,0,0,0,0,0,5,0,0,0,0,5,5,0,100,0,0,0,0,0,0,0,0,0,0,0,0,0,0,0,0,0,190308.72094726563,218678.56365966797,0,404334891008,8589930496,37775237120,12402688
199,1724800583304,802,944,1403,1447,1039,1199,1373,1306,802,1458,1038,856,991,929,813,876,821,1697,1943,1134,1553,1423,941,812,958,1226,934,802,1146,1109,1021,1926,4.761904716491699,0,0,0,0,0,0,0,0,0,0,0,0,0,100,0,0,0,4.761904716491699,0,0,0,0,0,0,0,0,0,0,0,0,0,190311.5580444336,218685.36181640625,0,404334891008,8589930496,37775241216,12402688
199,1724800583504,802,944,1403,1447,1039,1199,1373,1306,802,1458,1038,856,991,929,813,876,821,1697,1943,1134,1553,1423,941,812,958,1226,934,802,1146,1109,1021,1926,0,0,0,0,0,0,0,0,0,4.761904716491699,0,0,4.761904716491699,0,100,0,0,0,0,0,0,0,0,0,0,0,0,0,0,0,0,5,190314.35711669922,218692.1611328125,0,404334891008,8589930496,37775241216,12402688
199,1724800583704,802,944,1403,1447,1039,1199,1373,1306,802,1458,1038,856,991,929,813,876,821,1697,1943,1134,1553,1423,941,812,958,1226,934,802,1146,1109,1021,1926,0,0,0,0,0,0,0,4.761904716491699,0,0,0,0,0,0,100,0,0,0,0,0,0,0,0,0,0,0,0,0,9.523809432983398,0,0,0,190317.17944335938,218698.94775390625,0,404334891008,8589930496,37775241216,12402688
199,1724800583904,802,944,1403,1447,1039,1199,1373,1306,802,1458,1038,856,991,929,813,876,821,1697,1943,1134,1553,1423,941,812,958,1226,934,802,1146,1109,1021,1926,0,0,0,0,0,0,0,0,0,0,0,0,0,0,100,0,0,0,0,0,0,0,0,0,0,0,0,0,4.761904716491699,0,0,0,190319.98852539063,218705.76190185547,0,404334891008,8589930496,37775241216,12402688
199,1724800584104,802,944,1403,1447,1039,1199,1373,1306,802,1458,1038,856,991,929,813,876,821,1697,1943,1134,1553,1423,941,812,958,1226,934,802,1146,1109,1021,1926,5.263157844543457,5,5,5,0,5,5,0,5,5,5,5,0,5,100,5,5,4.761904716491699,9.523809432983398,0,0,0,0,0,5,0,5,5,5.263157844543457,5,0,0,190322.85974121094,218712.6201171875,0,404334891008,8589930496,37775249408,12402688
199,1724800584304,802,944,1403,1447,1039,1199,1373,1306,802,1458,1038,856,991,929,813,876,821,1697,1943,1134,1553,1423,941,812,958,1226,934,802,1146,1109,1021,1926,0,0,0,0,0,0,0,5,0,0,0,0,0,0,100,0,0,0,0,0,0,0,0,0,0,0,0,0,0,0,0,0,190325.6951904297,218719.43365478516,0,404334891008,8589930496,37775249408,12402688
199,1724800584504,802,944,1403,1447,1039,1199,1373,1306,802,1458,1038,856,991,929,813,876,821,1697,1943,1134,1553,1423,941,812,958,1226,934,802,1146,1109,1021,1926,0,0,0,4.761904716491699,0,0,0,5,0,0,0,0,0,0,100,0,0,0,0,0,0,0,4.761904716491699,0,0,0,0,0,0,0,0,4.761904716491699,190328.48907470703,218726.2299194336,0,404334891008,8589930496,37775249408,12402688
199,1724800584705,802,944,1403,1447,1039,1199,1373,1306,802,1458,1038,856,991,929,813,876,821,1697,1943,1134,1553,1423,941,812,958,1226,934,802,1146,1109,1021,1926,0,0,0,0,4.761904716491699,0,0,0,0,0,0,0,0,0,100,0,0,0,0,0,0,0,0,0,0,0,0,0,0,0,0,0,190331.29638671875,218733.0380859375,0,404334891008,8589930496,37775249408,12402688
199,1724800584905,802,944,1403,1447,1039,1199,1373,1306,802,1458,1038,856,991,929,813,876,821,1697,1943,1134,1553,1423,941,812,958,1226,934,802,1146,1109,1021,1926,0,5,0,0,0,0,0,0,0,0,0,0,0,0,100,0,0,0,4.761904716491699,0,0,0,0,0,0,9.090909004211426,0,0,0,0,0,0,190334.07110595703,218739.87799072266,0,404334891008,8589930496,37775249408,12402688
199,1724800585105,802,944,1403,1447,1039,1199,1373,1306,802,1458,1038,856,991,929,813,876,821,1697,1943,1134,1553,1423,941,812,958,1226,934,802,1146,1109,1021,1926,0,0,5,0,0,0,5,0,0,0,0,0,0,0,100,0,0,0,0,0,0,0,0,0,0,0,0,0,0,0,0,4.761904716491699,190336.81854248047,218746.69256591797,0,404334891008,8589930496,37775249408,12402688
199,1724800585305,802,944,1403,1447,1039,1199,1373,1306,802,1458,1038,856,991,929,813,876,821,1697,1943,1134,1553,1423,941,812,958,1226,934,802,1146,1109,1021,1926,5,0,0,0,0,0,0,0,0,0,0,0,0,0,55,0,0,0,0,0,0,0,0,5,0,0,0,45,0,0,0,0,190339.5615234375,218753.4718017578,0,404334891008,8589930496,37775249408,12402688
199,1724800585505,802,944,1403,1447,1039,1199,1373,1306,802,1458,1038,856,991,929,813,876,821,1697,1943,1134,1553,1423,941,812,958,1226,934,802,1146,1109,1021,1926,0,0,0,0,5,0,0,0,0,0,0,0,9.523809432983398,0,0,0,0,0,4.761904716491699,0,0,0,0,0,0,0,0,100,0,0,0,0,190342.33966064453,218760.24713134766,0,404334891008,8589930496,37775249408,12402688
199,1724800585705,802,944,1403,1447,1039,1199,1373,1306,802,1458,1038,856,991,929,813,876,821,1697,1943,1134,1553,1423,941,812,958,1226,934,802,1146,1109,1021,1926,0,0,0,0,0,0,0,0,4.761904716491699,0,0,0,5,0,0,0,0,0,0,0,0,0,0,0,0,4.761904716491699,0,100,0,0,0,0,190345.13537597656,218767.04754638672,0,404334891008,8589930496,37775249408,12402688
199,1724800585905,802,944,1403,1447,1039,1199,1373,1306,802,1458,1038,856,991,929,813,876,821,1697,1943,1134,1553,1423,941,812,958,1226,934,802,1146,1109,1021,1926,0,0,0,0,0,0,0,0,0,0,0,0,0,0,0,0,0,0,0,0,0,0,0,4.761904716491699,0,0,0,100,0,0,0,0,190347.91467285156,218773.86346435547,0,404334891008,8589930496,37775249408,12402688
199,1724800586106,802,944,1403,1447,1039,1199,1373,1306,802,1458,1038,856,991,929,813,876,821,1697,1943,1134,1553,1423,941,812,958,1226,934,802,1146,1109,1021,1926,0,0,0,0,0,0,0,0,0,0,0,0,0,0,0,0,0,0,5,0,0,0,0,0,0,0,0,100,0,0,0,4.761904716491699,190350.7163696289,218780.6646118164,0,404334891008,8589930496,37775249408,12402688
199,1724800586306,802,944,1403,1447,1039,1199,1373,1306,802,1458,1038,856,991,929,813,876,821,1697,1943,1134,1553,1423,941,812,958,1226,934,802,1146,1109,1021,1926,0,0,0,0,0,0,0,0,0,0,0,0,0,0,0,0,0,0,5,0,0,0,0,0,0,0,0,100,0,0,0,4.761904716491699,190353.52044677734,218787.40850830078,0,404334891008,8589930496,37775249408,12402688
199,1724800586506,802,944,1403,1447,1039,1199,1373,1306,802,1458,1038,856,991,929,813,876,821,1697,1943,1134,1553,1423,941,812,958,1226,934,802,1146,1109,1021,1926,5,0,0,0,0,0,0,0,0,0,0,0,2.5,0,0,0,2.4390242099761963,0,0,0,0,0,0,4.878048419952393,0,0,2.5,100,0,0,0,0,190356.33905029297,218794.2197265625,0,404334891008,8589930496,37775253504,12402688
199,1724800586706,802,944,1403,1447,1039,1199,1373,1306,802,1458,1038,856,991,929,813,876,821,1697,1943,1134,1553,1423,941,812,958,1226,934,802,1146,1109,1021,1926,0,0,0,0,0,0,0,0,0,0,0,0,4.761904716491699,0,0,0,0,0,4.761904716491699,0,0,0,0,0,0,0,0,100,0,0,4.761904716491699,4.761904716491699,190359.09564208984,218801.00421142578,0,404334891008,8589930496,37775253504,12402688
199,1724800586906,802,944,1403,1447,1039,1199,1373,1306,802,1458,1038,856,991,929,813,876,821,1697,1943,1134,1553,1423,941,812,958,1226,934,802,1146,1109,1021,1926,5,0,0,0,0,0,0,0,0,0,0,0,0,0,0,0,0,0,0,0,0,0,0,0,0,0,0,100,0,0,0,0,190361.82647705078,218807.75390625,0,404334891008,8589930496,37775253504,12402688
199,1724800587106,802,944,1403,1447,1039,1199,1373,1306,802,1458,1038,856,991,929,813,876,821,1697,1943,1134,1553,1423,941,812,958,1226,934,802,1146,1109,1021,1926,5,0,4.761904716491699,4.761904716491699,0,0,0,0,0,0,0,0,0,0,0,0,0,0,0,0,0,0,0,0,0,0,4.761904716491699,100,0,0,0,0,190364.62872314453,218814.52600097656,0,404334891008,8589930496,37775261696,12402688
199,1724800587306,802,944,1403,1447,1039,1199,1373,1306,802,1458,1038,856,991,929,813,876,821,1697,1943,1134,1553,1423,941,812,958,1226,934,802,1146,1109,1021,1926,0,0,0,0,0,0,0,0,0,0,0,0,0,0,0,0,0,0,4.761904716491699,0,0,0,0,0,0,0,0,100,0,0,0,0,190367.45874023438,218821.3193359375,0,404334891008,8589930496,37775261696,12402688
199,1724800587506,802,944,1403,1447,1039,1199,1373,1306,802,1458,1038,856,991,929,813,876,821,1697,1943,1134,1553,1423,941,812,958,1226,934,802,1146,1109,1021,1926,0,0,0,0,0,0,0,0,0,0,0,0,0,0,0,0,0,0,0,0,0,0,0,0,0,0,0,100,0,0,0,0,190370.28448486328,218828.11431884766,0,404334891008,8589930496,37775261696,12402688
199,1724800587707,802,944,1403,1447,1039,1199,1373,1306,802,1458,1038,856,991,929,813,876,821,1697,1943,1134,1553,1423,941,812,958,1226,934,802,1146,1109,1021,1926,0,0,0,0,0,0,0,0,0,0,0,0,4.761904716491699,0,0,0,0,0,0,0,0,0,0,0,0,0,5,100,0,0,0,5,190373.1103515625,218834.96588134766,0,404334891008,8589930496,37775261696,12402688
199,1724800587907,802,944,1403,1447,1039,1199,1373,1306,802,1458,1038,856,991,929,813,876,821,1697,1943,1134,1553,1423,941,812,958,1226,934,802,1146,1109,1021,1926,4.761904716491699,0,0,0,0,0,0,0,4.761904716491699,0,0,0,0,0,0,0,0,0,5,0,0,0,0,0,0,0,0,100,0,0,4.761904716491699,0,190375.9130859375,218841.7384033203,0,404334891008,8589930496,37775228928,12402688
199,1724800588107,802,944,1403,1447,1039,1199,1373,1306,802,1458,1038,856,991,929,813,876,821,1697,1943,1134,1553,1423,941,812,958,1226,934,802,1146,1109,1021,1926,0,0,0,0,0,0,0,0,0,0,0,0,0,0,0,0,0,0,0,0,0,0,0,0,0,0,0,100,0,9.523809432983398,0,4.761904716491699,190378.74438476563,218848.525390625,0,404334891008,8589930496,37774974976,12402688
199,1724800588307,802,944,1403,1447,1039,1199,1373,1306,802,1458,1038,856,991,929,813,876,821,1697,1943,1134,1553,1423,941,812,958,1226,934,802,1146,1109,1021,1926,4.761904716491699,0,5,0,0,0,0,0,0,0,0,0,4.761904716491699,4.761904716491699,0,0,0,9.523809432983398,0,0,0,0,0,0,4.761904716491699,0,0,100,5,0,4.761904716491699,0,190381.54290771484,218855.35052490234,0,404334891008,8589930496,37780082688,12402688
199,1724800588507,802,944,1403,1447,1039,1199,1373,1306,802,1458,1038,856,991,929,813,876,821,1697,1943,1134,1553,1423,941,812,958,1226,934,802,1146,1109,1021,1926,15.000000953674316,0,10.526315689086914,5,5.555555820465088,0,5,0,0,0,5,0,0,5,0,0,0,5,5,0,14.285715103149414,0,10,0,9.523809432983398,15.789472579956055,0,100,0,20,0,0,190384.4037475586,218862.48406982422,0,404334891008,8589930496,37775368192,12402688
199,1724800588707,802,944,1403,1447,1039,1199,1373,1306,802,1458,1038,856,991,929,813,876,821,1697,1943,1134,1553,1423,941,812,958,1226,934,802,1146,1109,1021,1926,15.000000953674316,0,10.526315689086914,5,5.555555820465088,0,5,0,0,0,5,0,0,5,0,0,0,5,5,0,14.285715103149414,0,10,0,9.523809432983398,15.789472579956055,0,100,0,20,0,0,190387.21545410156,218869.33459472656,0,404334891008,8589930496,37775368192,12402688
199,1724800588907,802,944,1403,1447,1039,1199,1373,1306,802,1458,1038,856,991,929,813,876,821,1697,1943,1134,1553,1423,941,812,958,1226,934,802,1146,1109,1021,1926,0,0,0,0,0,0,0,0,0,0,0,0,5,0,0,0,0,0,5,0,0,0,0,0,0,0,0,100,0,0,0,4.761904716491699,190390.0294189453,218876.16815185547,0,404334891008,8589930496,37775372288,12402688
199,1724800589107,802,944,1403,1447,1039,1199,1373,1306,802,1458,1038,856,991,929,813,876,821,1697,1943,1134,1553,1423,941,812,958,1226,934,802,1146,1109,1021,1926,0,0,0,0,0,0,0,0,0,0,0,0,0,0,0,0,0,0,0,0,0,0,0,0,0,0,0,100,0,0,0,0,190392.84405517578,218883.0018310547,0,404334891008,8589930496,37775372288,12402688
199,1724800589308,802,944,1403,1447,1039,1199,1373,1306,802,1458,1038,856,991,929,813,876,821,1697,1943,1134,1553,1423,941,812,958,1226,934,802,1146,1109,1021,1926,0,0,0,0,0,0,0,0,0,4.761904716491699,0,0,0,0,0,0,0,0,5,0,0,0,4.761904716491699,0,0,0,0,100,0,0,0,0,190395.64739990234,218889.8018798828,0,404334891008,8589930496,37775372288,12402688
199,1724800589508,802,944,1403,1447,1039,1199,1373,1306,802,1458,1038,856,991,929,813,876,821,1697,1943,1134,1553,1423,941,812,958,1226,934,802,1146,1109,1021,1926,0,4.761904716491699,0,4.761904716491699,4.761904716491699,0,0,0,0,0,4.761904716491699,9.090909004211426,0,0,0,0,0,0,0,0,0,0,0,0,0,0,0,100,0,0,0,4.761904716491699,190398.44262695313,218896.6060180664,0,404334891008,8589930496,37775368192,12402688
199,1724800589708,802,944,1403,1447,1039,1199,1373,1306,802,1458,1038,856,991,929,813,876,821,1697,1943,1134,1553,1423,941,812,958,1226,934,802,1146,1109,1021,1926,0,4.761904716491699,0,4.761904716491699,4.761904716491699,0,0,0,0,0,4.761904716491699,9.090909004211426,0,0,0,0,0,0,0,0,0,0,0,0,0,0,0,100,0,0,0,4.761904716491699,190401.22052001953,218903.41302490234,0,404334891008,8589930496,37775368192,12402688
199,1724800589908,802,944,1403,1447,1039,1199,1373,1306,802,1458,1038,856,991,929,813,876,821,1697,1943,1134,1553,1423,941,812,958,1226,934,802,1146,1109,1021,1926,0,2.5641026496887207,0,0,0,0,0,0,0,2.4390242099761963,0,0,2.4390242099761963,0,0,0,0,0,2.5,0,0,0,0,0,0,0,0,100,0,0,0,0,190404.0164794922,218910.27478027344,0,404334891008,8589930496,37775368192,12402688
199,1724800590108,802,944,1403,1447,1039,1199,1373,1306,802,1458,1038,856,991,929,813,876,821,1697,1943,1134,1553,1423,941,812,958,1226,934,802,1146,1109,1021,1926,0,0,0,0,4.761904716491699,0,0,0,0,0,0,0,0,0,0,0,0,0,0,0,0,0,0,0,0,0,0,100,0,0,0,0,190406.83056640625,218917.10986328125,0,404334891008,8589930496,37775368192,12402688
199,1724800590308,802,944,1403,1447,1039,1199,1373,1306,802,1458,1038,856,991,929,813,876,821,1697,1943,1134,1553,1423,941,812,958,1226,934,802,1146,1109,1021,1926,0,0,0,0,4.761904716491699,0,0,0,0,0,0,0,0,0,0,0,0,0,0,0,0,0,0,0,0,0,0,100,0,0,0,0,190409.63189697266,218923.8676147461,0,404334891008,8589930496,37775368192,12402688
199,1724800590508,802,944,1403,1447,1039,1199,1373,1306,802,1458,1038,856,991,929,813,876,821,1697,1943,1134,1553,1423,941,812,958,1226,934,802,1146,1109,1021,1926,0,2.5,2.5,0,2.5,0,0,0,0,0,2.5,0,0,0,0,0,0,0,2.4390242099761963,0,0,0,0,0,0,0,0,100,0,0,0,4.878048419952393,190412.49224853516,218930.72485351563,0,404334891008,8589930496,37775368192,12402688
199,1724800590708,802,944,1403,1447,1039,1199,1373,1306,802,1458,1038,856,991,929,813,876,821,1697,1943,1134,1553,1423,941,812,958,1226,934,802,1146,1109,1021,1926,0,0,0,0,0,0,0,0,0,0,4.761904716491699,5,0,0,0,0,0,0,0,0,0,0,0,0,0,0,0,100,0,0,0,0,190415.3048095703,218937.49865722656,0,404334891008,8589930496,37775368192,12402688
199,1724800590908,802,944,1403,1447,1039,1199,1373,1306,802,1458,1038,856,991,929,813,876,821,1697,1943,1134,1553,1423,941,812,958,1226,934,802,1146,1109,1021,1926,0,0,0,0,0,0,4.761904716491699,0,0,0,0,0,0,0,0,0,0,0,0,0,0,0,0,0,0,0,0,100,0,0,0,0,190418.1332397461,218944.30352783203,0,404334891008,8589930496,37775368192,12402688
199,1724800591109,802,944,1403,1447,1039,1199,1373,1306,802,1458,1038,856,991,929,813,876,821,1697,1943,1134,1553,1423,941,812,958,1226,934,802,1146,1109,1021,1926,0,4.761904716491699,0,0,0,0,0,0,0,0,0,0,0,0,0,0,0,0,4.761904716491699,0,0,0,0,0,0,0,4.761904716491699,100,0,0,0,4.761904716491699,190420.96221923828,218951.11260986328,0,404334891008,8589930496,37775372288,12402688
199,1724800591309,802,944,1403,1447,1039,1199,1373,1306,802,1458,1038,856,991,929,813,876,821,1697,1943,1134,1553,1423,941,812,958,1226,934,802,1146,1109,1021,1926,0,0,0,0,0,0,0,0,0,0,0,0,0,4.761904716491699,0,0,0,0,0,0,0,0,0,0,0,0,0,100,0,0,0,0,190423.83123779297,218957.93536376953,0,404334891008,8589930496,37775372288,12402688
199,1724800591509,802,944,1403,1447,1039,1199,1373,1306,802,1458,1038,856,991,929,813,876,821,1697,1943,1134,1553,1423,941,812,958,1226,934,802,1146,1109,1021,1926,0,5,0,5,4.761904716491699,0,0,0,0,0,0,0,0,0,0,0,0,0,0,5,0,0,0,0,0,0,0,100,0,0,0,0,190426.70373535156,218964.76000976563,0,404334891008,8589930496,37775376384,12402688
199,1724800591709,802,944,1403,1447,1039,1199,1373,1306,802,1458,1038,856,991,929,813,876,821,1697,1943,1134,1553,1423,941,812,958,1226,934,802,1146,1109,1021,1926,0,5,0,5,4.761904716491699,0,0,0,0,0,0,0,0,0,0,0,0,0,0,5,0,0,0,0,0,0,0,100,0,0,0,0,190429.5258178711,218971.57849121094,0,404334891008,8589930496,37775380480,12402688
199,1724800591909,802,944,1403,1447,1039,1199,1373,1306,802,1458,1038,856,991,929,813,876,821,1697,1943,1134,1553,1423,941,812,958,1226,934,802,1146,1109,1021,1926,0,0,0,0,0,0,0,0,0,0,0,0,0,0,0,4.761904716491699,0,0,0,0,0,0,0,0,0,0,0,100,0,0,0,0,190432.3428955078,218978.38671875,0,404334891008,8589930496,37775380480,12402688
199,1724800592109,802,944,1403,1447,1039,1199,1373,1306,802,1458,1038,856,991,929,813,876,821,1697,1943,1134,1553,1423,941,812,958,1226,934,802,1146,1109,1021,1926,0,0,0,0,0,0,0,0,0,0,0,0,0,5,0,0,0,0,4.761904716491699,0,0,0,4.761904716491699,0,0,0,0,100,0,0,0,4.761904716491699,190435.1640625,218985.19036865234,0,404334891008,8589930496,37775380480,12402688
199,1724800592309,802,944,1403,1447,1039,1199,1373,1306,802,1458,1038,856,991,929,813,876,821,1697,1943,1134,1553,1423,941,812,958,1226,934,802,1146,1109,1021,1926,0,5,0,0,0,0,0,0,0,0,0,0,0,0,0,0,0,0,0,0,0,0,0,0,0,4.761904716491699,0,100,0,0,0,0,190437.96875,218991.99072265625,0,404334891008,8589930496,37775380480,12402688
199,1724800592510,802,944,1403,1447,1039,1199,1373,1306,802,1458,1038,856,991,929,813,876,821,1697,1943,1134,1553,1423,941,812,958,1226,934,802,1146,1109,1021,1926,0,4.761904716491699,0,4.761904716491699,5,0,0,0,4.761904716491699,0,5,0,0,0,0,0,0,0,5,0,0,0,0,0,0,0,0,100,0,0,0,0,190440.77947998047,218998.81268310547,0,404334891008,8589930496,37775376384,12402688
199,1724800592710,802,944,1403,1447,1039,1199,1373,1306,802,1458,1038,856,991,929,813,876,821,1697,1943,1134,1553,1423,941,812,958,1226,934,802,1146,1109,1021,1926,0,0,0,0,0,0,0,0,0,0,0,0,0,0,0,0,0,0,0,0,0,0,0,0,0,0,0,100,0,0,0,0,190443.5708618164,219005.61950683594,0,404334891008,8589930496,37775376384,12402688
199,1724800592910,802,944,1403,1447,1039,1199,1373,1306,802,1458,1038,856,991,929,813,876,821,1697,1943,1134,1553,1423,941,812,958,1226,934,802,1146,1109,1021,1926,0,0,0,0,0,0,0,0,0,0,4.761904716491699,0,0,0,0,0,0,0,4.761904716491699,0,0,0,0,0,0,0,0,100,0,0,0,0,190446.3735961914,219012.42822265625,0,404334891008,8589930496,37775376384,12402688
199,1724800593110,802,944,1403,1447,1039,1199,1373,1306,802,1458,1038,856,991,929,813,876,821,1697,1943,1134,1553,1423,941,812,958,1226,934,802,1146,1109,1021,1926,0,0,0,0,0,0,0,0,0,0,0,0,5,0,0,0,0,0,5,0,0,0,0,0,0,0,0,100,0,0,0,0,190449.1801147461,219019.23388671875,0,404334891008,8589930496,37775376384,12402688
199,1724800593310,802,944,1403,1447,1039,1199,1373,1306,802,1458,1038,856,991,929,813,876,821,1697,1943,1134,1553,1423,941,812,958,1226,934,802,1146,1109,1021,1926,0,0,0,0,5,0,0,0,0,0,0,0,0,0,0,0,0,0,0,0,0,0,0,0,0,0,0,100,0,0,0,0,190451.97088623047,219026.04119873047,0,404334891008,8589930496,37775376384,12402688
199,1724800593510,802,944,1403,1447,1039,1199,1373,1306,802,1458,1038,856,991,929,813,876,821,1697,1943,1134,1553,1423,941,812,958,1226,934,802,1146,1109,1021,1926,0,0,0,0,0,0,0,0,0,0,0,0,0,0,0,0,0,5,0,0,0,0,0,0,0,0,0,100,4.761904716491699,0,0,9.523809432983398,190454.74237060547,219032.810546875,0,404334891008,8589930496,37775384576,12402688
199,1724800593710,802,944,1403,1447,1039,1199,1373,1306,802,1458,1038,856,991,929,813,876,821,1697,1943,1134,1553,1423,941,812,958,1226,934,802,1146,1109,1021,1926,0,0,0,0,0,0,0,0,0,0,0,0,0,0,0,0,0,5,0,0,0,0,0,0,0,0,0,100,4.761904716491699,0,0,9.523809432983398,190457.5126953125,219039.61651611328,0,404334891008,8589930496,37775384576,12402688
199,1724800593910,802,944,1403,1447,1039,1199,1373,1306,802,1458,1038,856,991,929,813,876,821,1697,1943,1134,1553,1423,941,812,958,1226,934,802,1146,1109,1021,1926,0,0,0,0,0,0,0,0,0,0,0,0,4.761904716491699,0,0,0,0,2.5,0,0,0,0,0,0,0,0,0,100,0,0,2.4390242099761963,0,190460.27026367188,219046.4080810547,0,404334891008,8589930496,37775384576,12402688
199,1724800594111,802,944,1403,1447,1039,1199,1373,1306,802,1458,1038,856,991,929,813,876,821,1697,1943,1134,1553,1423,941,812,958,1226,934,802,1146,1109,1021,1926,0,0,0,0,0,0,0,0,0,0,0,0,5,0,0,0,0,5,10,0,0,0,0,0,0,0,0,100,0,0,0,0,190463.05303955078,219053.21215820313,0,404334891008,8589930496,37775384576,12402688
199,1724800594311,802,944,1403,1447,1039,1199,1373,1306,802,1458,1038,856,991,929,813,876,821,1697,1943,1134,1553,1423,941,812,958,1226,934,802,1146,1109,1021,1926,0,0,0,0,0,0,0,0,0,0,0,0,0,0,0,0,0,5,0,0,0,0,0,0,0,0,4.761904716491699,100,0,0,4.761904716491699,0,190465.82354736328,219060.01147460938,0,404334891008,8589930496,37775384576,12402688
199,1724800594511,802,944,1403,1447,1039,1199,1373,1306,802,1458,1038,856,991,929,813,876,821,1697,1943,1134,1553,1423,941,812,958,1226,934,802,1146,1109,1021,1926,0,0,0,0,5,0,0,0,0,4.761904716491699,0,0,0,0,0,4.761904716491699,4.761904716491699,0,0,0,0,0,0,0,0,0,0,100,0,0,5,0,190468.5590209961,219066.78045654297,0,404334891008,8589930496,37775519744,12402688
199,1724800594711,802,944,1403,1447,1039,1199,1373,1306,802,1458,1038,856,991,929,813,876,821,1697,1943,1134,1553,1423,941,812,958,1226,934,802,1146,1109,1021,1926,0,4.761904716491699,0,0,0,0,0,0,0,0,0,0,0,0,0,0,0,0,0,0,0,0,0,0,0,0,0,100,0,0,0,0,190471.33135986328,219073.61743164063,0,404334891008,8589930496,37775519744,12402688
199,1724800594911,802,944,1403,1447,1039,1199,1373,1306,802,1458,1038,856,991,929,813,876,821,1697,1943,1134,1553,1423,941,812,958,1226,934,802,1146,1109,1021,1926,0,0,0,0,0,0,0,0,0,0,0,0,0,0,0,0,0,0,0,0,0,0,0,0,0,0,0,100,0,0,0,4.761904716491699,190474.072265625,219080.42358398438,0,404334891008,8589930496,37775585280,12402688
199,1724800595111,802,944,1403,1447,1039,1199,1373,1306,802,1458,1038,856,991,929,813,876,821,1697,1943,1134,1553,1423,941,812,958,1226,934,802,1146,1109,1021,1926,0,0,0,0,0,0,0,0,0,0,0,0,0,0,0,0,0,0,0,0,0,0,0,0,0,0,0,100,0,0,4.761904716491699,0,190476.82342529297,219087.22259521484,0,404334891008,8589930496,37775585280,12402688
199,1724800595311,802,944,1403,1447,1039,1199,1373,1306,802,1458,1038,856,991,929,813,876,821,1697,1943,1134,1553,1423,941,812,958,1226,934,802,1146,1109,1021,1926,0,0,0,0,0,0,0,0,0,0,0,0,0,0,0,0,0,0,0,0,0,0,4.761904716491699,0,0,4.761904716491699,0,100,0,0,0,0,190479.55731201172,219093.99249267578,0,404334891008,8589930496,37775585280,12402688
199,1724800595511,802,944,1403,1447,1039,1199,1373,1306,802,1458,1038,856,991,929,813,876,821,1697,1943,1134,1553,1423,941,812,958,1226,934,802,1146,1109,1021,1926,0,0,0,0,0,0,0,0,0,0,0,0,0,0,0,0,0,0,0,0,0,0,4.761904716491699,0,0,4.761904716491699,0,100,0,0,0,0,190482.35626220703,219100.7939453125,0,404334891008,8589930496,37775581184,12402688
199,1724800595712,802,944,1403,1447,1039,1199,1373,1306,802,1458,1038,856,991,929,813,876,821,1697,1943,1134,1553,1423,941,812,958,1226,934,802,1146,1109,1021,1926,0,2.5,4.761904716491699,2.5,0,0,0,0,2.5,2.4390242099761963,0,0,0,0,0,0,0,4.878048419952393,0,0,0,0,0,2.4390242099761963,0,2.5641026496887207,0,100,0,0,0,0,190485.19299316406,219107.6251220703,0,404334891008,8589930496,37775581184,12402688
199,1724800595912,802,944,1403,1447,1039,1199,1373,1306,802,1458,1038,856,991,929,813,876,821,1697,1943,1134,1553,1423,941,812,958,1226,934,802,1146,1109,1021,1926,0,0,0,0,0,0,0,0,0,0,0,0,0,0,0,0,0,0,0,0,4.761904716491699,0,0,0,0,5,0,100,0,0,0,4.761904716491699,190488.00231933594,219114.39111328125,0,404334891008,8589930496,37775650816,12402688
199,1724800596112,802,944,1403,1447,1039,1199,1373,1306,802,1458,1038,856,991,929,813,876,821,1697,1943,1134,1553,1423,941,812,958,1226,934,802,1146,1109,1021,1926,0,0,0,0,0,4.761904716491699,0,0,0,0,0,0,0,0,0,0,0,0,4.761904716491699,0,0,0,0,0,0,4.761904716491699,0,100,0,0,0,0,190490.8104248047,219121.18920898438,0,404334891008,8589930496,37775650816,12402688
199,1724800596312,802,944,1403,1447,1039,1199,1373,1306,802,1458,1038,856,991,929,813,876,821,1697,1943,1134,1553,1423,941,812,958,1226,934,802,1146,1109,1021,1926,0,0,0,0,0,0,0,0,0,0,0,0,4.761904716491699,0,0,0,0,0,0,0,0,0,0,0,0,0,0,100,0,0,0,0,190493.6517944336,219127.97143554688,0,404334891008,8589930496,37775650816,12402688
199,1724800596512,802,944,1403,1447,1039,1199,1373,1306,802,1458,1038,856,991,929,813,876,821,1697,1943,1134,1553,1423,941,812,958,1226,934,802,1146,1109,1021,1926,0,0,4.761904716491699,5,5,0,4.761904716491699,0,0,0,0,0,0,0,0,0,0,5,0,0,0,0,0,0,0,0,0,100,0,0,0,5,190496.4949951172,219134.7686767578,0,404334891008,8589930496,37775650816,12402688
199,1724800596712,802,944,1403,1447,1039,1199,1373,1306,802,1458,1038,856,991,929,813,876,821,1697,1943,1134,1553,1423,941,812,958,1226,934,802,1146,1109,1021,1926,0,0,0,0,0,0,0,0,0,0,0,0,0,0,0,0,0,0,0,0,0,0,0,5,0,0,0,100,0,0,0,0,190499.271484375,219141.56842041016,0,404334891008,8589930496,37775650816,12402688
199,1724800596912,802,944,1403,1447,1039,1199,1373,1306,802,1458,1038,856,991,929,813,876,821,1697,1943,1134,1553,1423,941,812,958,1226,934,802,1146,1109,1021,1926,0,0,0,0,0,0,0,0,0,0,0,0,0,0,0,0,0,0,0,0,0,0,0,9.090909004211426,0,0,0,100,0,0,0,0,190502.0824584961,219148.35565185547,0,404334891008,8589930496,37775650816,12402688
199,1724800597112,802,944,1403,1447,1039,1199,1373,1306,802,1458,1038,856,991,929,813,876,821,1697,1943,1134,1553,1423,941,812,958,1226,934,802,1146,1109,1021,1926,0,0,0,0,0,0,0,0,0,0,0,4.761904716491699,0,0,0,0,0,0,0,0,0,0,0,0,0,0,0,100,0,0,0,0,190504.89318847656,219155.1625366211,0,404334891008,8589930496,37775650816,12402688
199,1724800597313,802,944,1403,1447,1039,1199,1373,1306,802,1458,1038,856,991,929,813,876,821,1697,1943,1134,1553,1423,941,812,958,1226,934,802,1146,1109,1021,1926,5,5,5,5,5,5,5.263157844543457,0,5,5.263157844543457,5,9.523809432983398,10,5,5,10,5,5,5,0,5,5,5,5.263157844543457,0,5,5,100,9.523809432983398,5,5,5,190507.78033447266,219162.0220336914,0,404334891008,8589930496,37775650816,12402688
199,1724800597513,802,944,1403,1447,1039,1199,1373,1306,802,1458,1038,856,991,929,813,876,821,1697,1943,1134,1553,1423,941,812,958,1226,934,802,1146,1109,1021,1926,0,0,0,4.761904716491699,0,0,0,0,0,0,0,0,0,0,0,0,0,0,0,4.761904716491699,0,0,4.761904716491699,0,0,0,0,100,0,0,0,0,190510.6157836914,219168.83294677734,0,404334891008,8589930496,37775577088,12402688
199,1724800597713,802,944,1403,1447,1039,1199,1373,1306,802,1458,1038,856,991,929,813,876,821,1697,1943,1134,1553,1423,941,812,958,1226,934,802,1146,1109,1021,1926,0,0,0,0,0,0,0,0,0,4.761904716491699,0,0,0,0,0,0,5,0,0,0,0,5,0,0,0,0,0,100,0,5,0,0,190513.45794677734,219175.63653564453,0,404334891008,8589930496,37775720448,12402688
199,1724800597913,802,944,1403,1447,1039,1199,1373,1306,802,1458,1038,856,991,929,813,876,821,1697,1943,1134,1553,1423,941,812,958,1226,934,802,1146,1109,1021,1926,0,0,0,0,0,0,0,0,0,0,0,0,0,5,0,0,0,0,0,0,0,0,0,0,0,0,0,100,0,0,0,0,190516.28778076172,219182.43798828125,0,404334891008,8589930496,37775720448,12402688
199,1724800598113,802,944,1403,1447,1039,1199,1373,1306,802,1458,1038,856,991,929,813,876,821,1697,1943,1134,1553,1423,941,812,958,1226,934,802,1146,1109,1021,1926,0,0,0,0,0,0,0,0,0,0,0,0,0,0,0,0,0,0,4.761904716491699,0,0,0,0,0,0,0,0,100,0,0,0,0,190519.09771728516,219189.24835205078,0,404334891008,8589930496,37775720448,12402688
199,1724800598313,802,944,1403,1447,1039,1199,1373,1306,802,1458,1038,856,991,929,813,876,821,1697,1943,1134,1553,1423,941,812,958,1226,934,802,1146,1109,1021,1926,0,0,0,0,0,0,0,0,0,0,0,0,0,0,0,9.523809432983398,0,0,0,0,0,0,0,0,0,0,0,100,0,0,0,0,190521.93237304688,219196.00903320313,0,404334891008,8589930496,37775724544,12402688
199,1724800598513,802,944,1403,1447,1039,1199,1373,1306,802,1458,1038,856,991,929,813,876,821,1697,1943,1134,1553,1423,941,812,958,1226,934,802,1146,1109,1021,1926,0,0,0,0,0,0,0,0,0,0,0,0,0,0,0,0,0,0,0,0,0,9.523809432983398,0,0,0,0,0,100,0,0,0,0,190524.7543334961,219202.82489013672,0,404334891008,8589930496,37775724544,12402688
199,1724800598714,802,944,1403,1447,1039,1199,1373,1306,802,1458,1038,856,991,929,813,876,821,1697,1943,1134,1553,1423,941,812,958,1226,934,802,1146,1109,1021,1926,4.761904716491699,4.761904716491699,0,23.809524536132813,4.761904716491699,0,0,5,0,0,5,0,0,5,9.523809432983398,4.761904716491699,0,0,0,4.761904716491699,0,0,0,4.761904716491699,9.523809432983398,0,0,100,0,0,14.285715103149414,4.761904716491699,190527.60125732422,219209.81372070313,0,404334891008,8589930496,37775478784,12402688
199,1724800598913,802,944,1403,1447,1039,1199,1373,1306,802,1458,1038,856,991,929,813,876,821,1697,1943,1134,1553,1423,941,812,958,1226,934,802,1146,1109,1021,1926,4.761904716491699,4.761904716491699,0,23.809524536132813,4.761904716491699,0,0,5,0,0,5,0,0,5,9.523809432983398,4.761904716491699,0,0,0,4.761904716491699,0,0,0,4.761904716491699,9.523809432983398,0,0,100,0,0,14.285715103149414,4.761904716491699,190530.42456054688,219216.68572998047,0,404334891008,8589930496,37775802368,12402688
199,1724800599114,802,944,1403,1447,1039,1199,1373,1306,802,1458,1038,856,991,929,813,876,821,1697,1943,1134,1553,1423,941,812,958,1226,934,802,1146,1109,1021,1926,0,7.500000476837158,2.5,5,0,5,2.4390242099761963,2.5,0,0,0,2.5,0,0,2.5,0,0,0,0,2.5,0,2.5641026496887207,4.878048419952393,0,7.500000476837158,0,0,100,0,0,5,7.692307949066162,190533.26098632813,219223.67321777344,0,404334891008,8589930496,37775867904,12402688
199,1724800599314,802,944,1403,1447,1039,1199,1373,1306,802,1458,1038,856,991,929,813,876,821,1697,1943,1134,1553,1423,941,812,958,1226,934,802,1146,1109,1021,1926,0,0,0,0,0,0,0,0,0,0,0,0,0,0,0,0,0,0,0,0,0,0,0,0,0,0,0,100,0,0,0,0,190536.0137939453,219230.65216064453,0,404334891008,8589930496,37775867904,12402688
199,1724800599514,802,944,1403,1447,1039,1199,1373,1306,802,1458,1038,856,991,929,813,876,821,1697,1943,1134,1553,1423,941,812,958,1226,934,802,1146,1109,1021,1926,0,0,0,0,0,0,0,4.761904716491699,4.761904716491699,0,0,0,0,0,0,0,0,0,0,4.761904716491699,0,0,0,0,0,0,0,100,0,0,0,0,190538.7666015625,219237.57543945313,0,404334891008,8589930496,37775867904,12402688
199,1724800599714,802,944,1403,1447,1039,1199,1373,1306,802,1458,1038,856,991,929,813,876,821,1697,1943,1134,1553,1423,941,812,958,1226,934,802,1146,1109,1021,1926,4.761904716491699,0,0,0,0,0,0,0,0,0,0,0,0,0,0,0,0,0,0,0,0,0,0,0,0,0,0,100,0,0,0,0,190541.50408935547,219244.4981689453,0,404334891008,8589930496,37775867904,12402688
199,1724800599914,802,944,1403,1447,1039,1199,1373,1306,802,1458,1038,856,991,929,813,876,821,1697,1943,1134,1553,1423,941,812,958,1226,934,802,1146,1109,1021,1926,0,0,0,0,0,0,0,0,0,0,0,0,0,0,0,0,0,0,0,0,0,0,0,0,0,0,0,100,0,0,0,0,190544.22229003906,219251.2801513672,0,404334891008,8589930496,37775867904,12402688
199,1724800600114,802,944,1403,1447,1039,1199,1373,1306,802,1458,1038,856,991,929,813,876,821,1697,1943,1134,1553,1423,941,812,958,1226,934,802,1146,1109,1021,1926,0,0,0,0,0,0,4.761904716491699,5,0,0,4.761904716491699,0,0,0,4.761904716491699,0,0,0,0,0,0,5,0,0,0,0,0,100,0,0,0,0,190546.9755859375,219258.1229248047,0,404334891008,8589930496,37775876096,12402688
199,1724800600315,802,944,1403,1447,1039,1199,1373,1306,802,1458,1038,856,991,929,813,876,821,1697,1943,1134,1553,1423,941,812,958,1226,934,802,1146,1109,1021,1926,0,0,0,0,0,0,4.761904716491699,5,0,0,4.761904716491699,0,0,0,4.761904716491699,0,0,0,0,0,0,5,0,0,0,0,0,100,0,0,0,0,190549.61602783203,219264.8973388672,0,404334891008,8589930496,37775876096,12402688
199,1724800600515,802,944,1403,1447,1039,1199,1373,1306,802,1458,1038,856,991,929,813,876,821,1697,1943,1134,1553,1423,941,812,958,1226,934,802,1146,1109,1021,1926,0,0,0,0,0,2.5,0,0,2.5,0,0,0,0,0,0,0,0,0,0,0,0,0,0,0,0,0,0,100,0,0,0,0,190552.3345336914,219271.68676757813,0,404334891008,8589930496,37775880192,12402688
199,1724800600715,802,944,1403,1447,1039,1199,1373,1306,802,1458,1038,856,991,929,813,876,821,1697,1943,1134,1553,1423,941,812,958,1226,934,802,1146,1109,1021,1926,0,0,0,0,0,0,0,5,0,0,0,0,0,0,0,0,0,0,0,0,0,0,0,0,0,0,0,100,0,0,0,0,190555.06713867188,219278.55145263672,0,404334891008,8589930496,37775880192,12402688
199,1724800600915,802,944,1403,1447,1039,1199,1373,1306,802,1458,1038,856,991,929,813,876,821,1697,1943,1134,1553,1423,941,812,958,1226,934,802,1146,1109,1021,1926,0,0,0,0,0,0,0,0,0,0,0,0,0,0,9.523809432983398,0,0,0,0,0,0,0,0,0,0,0,0,100,0,0,0,0,190557.8197631836,219285.3897705078,0,404334891008,8589930496,37775880192,12402688
199,1724800601115,802,944,1403,1447,1039,1199,1373,1306,802,1458,1038,856,991,929,813,876,821,1697,1943,1134,1553,1423,941,812,958,1226,934,802,1146,1109,1021,1926,4.761904716491699,0,0,0,0,0,0,9.090909004211426,0,0,0,0,0,0,5,0,0,0,4.761904716491699,4.761904716491699,0,0,0,0,0,0,0,100,0,0,0,0,190560.54760742188,219292.20239257813,0,404334891008,8589930496,37775880192,12402688
199,1724800601315,802,944,1403,1447,1039,1199,1373,1306,802,1458,1038,856,991,929,813,876,821,1697,1943,1134,1553,1423,941,812,958,1226,934,802,1146,1109,1021,1926,0,0,0,0,0,0,0,0,0,0,0,0,0,0,4.761904716491699,0,0,0,0,0,0,0,0,0,0,0,0,100,0,0,0,0,190563.30627441406,219299.01049804688,0,404334891008,8589930496,37775880192,12402688
199,1724800601515,802,944,1403,1447,1039,1199,1373,1306,802,1458,1038,856,991,929,813,876,821,1697,1943,1134,1553,1423,941,812,958,1226,934,802,1146,1109,1021,1926,0,0,0,0,0,0,0,4.761904716491699,0,0,0,0,0,4.761904716491699,0,0,0,0,0,0,0,0,0,0,0,0,0,100,0,0,0,0,190566.08660888672,219305.8091430664,0,404334891008,8589930496,37775880192,12402688
199,1724800601715,802,944,1403,1447,1039,1199,1373,1306,802,1458,1038,856,991,929,813,876,821,1697,1943,1134,1553,1423,941,812,958,1226,934,802,1146,1109,1021,1926,0,0,0,0,0,0,0,0,0,0,0,0,0,0,0,0,0,0,0,0,0,0,0,0,0,0,0,100,0,0,0,0,190568.87475585938,219312.60845947266,0,404334891008,8589930496,37775880192,12402688
199,1724800601915,802,944,1403,1447,1039,1199,1373,1306,802,1458,1038,856,991,929,813,876,821,1697,1943,1134,1553,1423,941,812,958,1226,934,802,1146,1109,1021,1926,0,0,0,0,0,0,0,0,0,0,0,0,0,0,4.761904716491699,0,0,0,0,0,0,0,0,0,0,0,0,100,0,0,0,0,190571.6748046875,219319.4136352539,0,404334891008,8589930496,37775880192,12402688
199,1724800602116,802,944,1403,1447,1039,1199,1373,1306,802,1458,1038,856,991,929,813,876,821,1697,1943,1134,1553,1423,941,812,958,1226,934,802,1146,1109,1021,1926,0,0,0,4.761904716491699,0,0,0,4.761904716491699,0,0,0,0,0,5,0,0,0,0,0,4.761904716491699,0,0,0,0,0,0,0,100,0,0,0,0,190574.4835205078,219326.18591308594,0,404334891008,8589930496,37775876096,12402688
199,1724800602316,802,944,1403,1447,1039,1199,1373,1306,802,1458,1038,856,991,929,813,876,821,1697,1943,1134,1553,1423,941,812,958,1226,934,802,1146,1109,1021,1926,0,0,0,0,0,0,0,0,0,0,0,0,0,0,5,0,0,0,0,0,0,0,0,0,0,0,0,100,0,0,0,0,190577.24127197266,219333.03295898438,0,404334891008,8589930496,37775876096,12402688
199,1724800602516,802,944,1403,1447,1039,1199,1373,1306,802,1458,1038,856,991,929,813,876,821,1697,1943,1134,1553,1423,941,812,958,1226,934,802,1146,1109,1021,1926,0,0,0,0,0,0,0,0,0,0,0,0,0,0,0,4.761904716491699,0,0,0,0,0,0,0,0,0,0,0,100,0,0,0,0,190580.00756835938,219339.8416748047,0,404334891008,8589930496,37775876096,12402688
199,1724800602716,802,944,1403,1447,1039,1199,1373,1306,802,1458,1038,856,991,929,813,876,821,1697,1943,1134,1553,1423,941,812,958,1226,934,802,1146,1109,1021,1926,0,0,0,0,0,0,0,0,0,0,0,0,0,0,4.761904716491699,0,0,0,0,0,0,0,0,0,0,0,0,100,0,0,0,0,190582.7412109375,219346.6561279297,0,404334891008,8589930496,37775876096,12402688
199,1724800602916,802,944,1403,1447,1039,1199,1373,1306,802,1458,1038,856,991,929,813,876,821,1697,1943,1134,1553,1423,941,812,958,1226,934,802,1146,1109,1021,1926,0,0,0,0,0,0,0,0,0,0,0,0,0,0,0,0,0,0,0,0,0,0,0,0,0,0,4.761904716491699,100,0,0,0,0,190585.50885009766,219353.46405029297,0,404334891008,8589930496,37775880192,12402688
199,1724800603116,802,944,1403,1447,1039,1199,1373,1306,802,1458,1038,856,991,929,813,876,821,1697,1943,1134,1553,1423,941,812,958,1226,934,802,1146,1109,1021,1926,4.761904716491699,0,0,0,0,0,4.761904716491699,0,0,0,0,0,0,0,0,0,0,4.761904716491699,10,0,0,5,0,0,0,0,0,100,0,0,0,0,190588.30181884766,219360.28643798828,0,404334891008,8589930496,37775880192,12402688
199,1724800603316,802,944,1403,1447,1039,1199,1373,1306,802,1458,1038,856,991,929,813,876,821,1697,1943,1134,1553,1423,941,812,958,1226,934,802,1146,1109,1021,1926,0,0,0,0,0,0,0,0,0,0,0,0,0,0,0,0,0,0,0,0,0,0,0,0,0,0,0,100,0,0,0,0,190591.08197021484,219367.09979248047,0,404334891008,8589930496,37775880192,12402688
199,1724800603516,802,944,1403,1447,1039,1199,1373,1306,802,1458,1038,856,991,929,813,876,821,1697,1943,1134,1553,1423,941,812,958,1226,934,802,1146,1109,1021,1926,0,0,0,0,0,4.761904716491699,4.761904716491699,0,0,0,0,0,0,0,5,0,0,0,0,4.761904716491699,0,0,0,0,0,0,0,100,0,0,0,4.761904716491699,190593.8911743164,219373.89178466797,0,404334891008,8589930496,37775880192,12402688
199,1724800603717,802,944,1403,1447,1039,1199,1373,1306,802,1458,1038,856,991,929,813,876,821,1697,1943,1134,1553,1423,941,812,958,1226,934,802,1146,1109,1021,1926,0,0,0,0,0,0,0,0,0,0,0,0,0,0,0,0,0,0,0,0,0,0,0,0,0,0,0,100,0,0,0,0,190596.6734008789,219380.71716308594,0,404334891008,8589930496,37775880192,12402688
199,1724800603917,802,944,1403,1447,1039,1199,1373,1306,802,1458,1038,856,991,929,813,876,821,1697,1943,1134,1553,1423,941,812,958,1226,934,802,1146,1109,1021,1926,0,0,0,0,0,0,0,0,0,0,0,0,0,0,5,0,0,0,0,0,0,0,0,0,0,0,0,100,0,0,0,0,190599.4522705078,219387.52899169922,0,404334891008,8589930496,37775880192,12402688
199,1724800604117,802,944,1403,1447,1039,1199,1373,1306,802,1458,1038,856,991,929,813,876,821,1697,1943,1134,1553,1423,941,812,958,1226,934,802,1146,1109,1021,1926,0,0,4.761904716491699,0,0,0,0,0,0,0,0,0,0,0,4.761904716491699,0,0,0,4.761904716491699,0,5,4.761904716491699,0,0,0,0,0,100,0,0,0,0,190602.2349243164,219394.34899902344,0,404334891008,8589930496,37775880192,12402688
199,1724800604317,802,944,1403,1447,1039,1199,1373,1306,802,1458,1038,856,991,929,813,876,821,1697,1943,1134,1553,1423,941,812,958,1226,934,802,1146,1109,1021,1926,0,0,0,0,0,4.761904716491699,0,0,0,0,0,0,0,0,0,4.761904716491699,0,0,0,0,0,0,0,0,0,0,0,100,0,0,0,0,190604.98358154297,219401.13330078125,0,404334891008,8589930496,37775880192,12402688
199,1724800604517,802,944,1403,1447,1039,1199,1373,1306,802,1458,1038,856,991,929,813,876,821,1697,1943,1134,1553,1423,941,812,958,1226,934,802,1146,1109,1021,1926,0,0,0,0,0,0,0,0,0,0,0,0,0,0,0,0,0,0,0,0,0,0,0,0,0,0,0,100,0,0,0,0,190607.8057861328,219407.94207763672,0,404334891008,8589930496,37775880192,12402688
199,1724800604717,802,944,1403,1447,1039,1199,1373,1306,802,1458,1038,856,991,929,813,876,821,1697,1943,1134,1553,1423,941,812,958,1226,934,802,1146,1109,1021,1926,0,0,0,0,0,0,0,0,0,0,0,0,0,0,9.523809432983398,0,0,0,0,5,0,0,0,0,0,4.761904716491699,0,100,0,0,0,4.761904716491699,190610.60906982422,219414.76165771484,0,404334891008,8589930496,37775880192,12402688
199,1724800604917,802,944,1403,1447,1039,1199,1373,1306,802,1458,1038,856,991,929,813,876,821,1697,1943,1134,1553,1423,941,812,958,1226,934,802,1146,1109,1021,1926,0,0,0,0,0,4.761904716491699,0,0,0,0,0,0,0,0,0,0,0,0,0,0,0,0,0,0,0,0,0,100,0,0,0,0,190613.4014892578,219421.56744384766,0,404334891008,8589930496,37775880192,12402688
199,1724800605117,802,944,1403,1447,1039,1199,1373,1306,802,1458,1038,856,991,929,813,876,821,1697,1943,1134,1553,1423,941,812,958,1226,934,802,1146,1109,1021,1926,0,0,0,0,0,0,0,0,0,0,0,0,0,0,0,0,0,0,0,0,4.761904716491699,5,0,0,0,0,0,100,0,0,0,0,190616.20959472656,219428.3719482422,0,404334891008,8589930496,37775880192,12402688
199,1724800605318,802,944,1403,1447,1039,1199,1373,1306,802,1458,1038,856,991,929,813,876,821,1697,1943,1134,1553,1423,941,812,958,1226,934,802,1146,1109,1021,1926,0,0,0,0,0,0,0,0,0,0,0,0,0,0,0,0,0,0,0,0,4.761904716491699,5,0,0,0,0,0,100,0,0,0,0,190618.97760009766,219435.17315673828,0,404334891008,8589930496,37775884288,12402688
199,1724800605518,802,944,1403,1447,1039,1199,1373,1306,802,1458,1038,856,991,929,813,876,821,1697,1943,1134,1553,1423,941,812,958,1226,934,802,1146,1109,1021,1926,0,0,0,0,0,0,0,0,2.5,0,0,0,2.4390242099761963,0,2.5,0,0,0,0,0,0,0,0,0,0,0,0,100,0,0,0,0,190621.76135253906,219441.98278808594,0,404334891008,8589930496,37775884288,12402688
199,1724800605718,802,944,1403,1447,1039,1199,1373,1306,802,1458,1038,856,991,929,813,876,821,1697,1943,1134,1553,1423,941,812,958,1226,934,802,1146,1109,1021,1926,0,0,4.761904716491699,0,0,0,0,0,0,0,0,0,0,0,0,0,0,0,0,0,0,0,0,0,0,0,0,100,0,0,0,0,190624.54095458984,219448.80059814453,0,404334891008,8589930496,37775884288,12402688
199,1724800605918,802,944,1403,1447,1039,1199,1373,1306,802,1458,1038,856,991,929,813,876,821,1697,1943,1134,1553,1423,941,812,958,1226,934,802,1146,1109,1021,1926,0,0,0,0,0,0,0,0,0,0,0,0,0,0,9.090909004211426,0,0,0,0,0,0,0,0,0,0,0,0,100,0,0,0,0,190627.3521118164,219455.61346435547,0,404334891008,8589930496,37775884288,12402688
199,1724800606118,802,944,1403,1447,1039,1199,1373,1306,802,1458,1038,856,991,929,813,876,821,1697,1943,1134,1553,1423,941,812,958,1226,934,802,1146,1109,1021,1926,0,0,4.761904716491699,0,0,0,0,0,0,0,0,0,0,0,0,0,9.523809432983398,0,0,5,0,0,5,0,0,0,0,100,0,0,0,4.761904716491699,190630.13677978516,219462.4146118164,0,404334891008,8589930496,37775884288,12402688
199,1724800606318,802,944,1403,1447,1039,1199,1373,1306,802,1458,1038,856,991,929,813,876,821,1697,1943,1134,1553,1423,941,812,958,1226,934,802,1146,1109,1021,1926,0,0,0,0,0,0,0,0,0,0,0,0,0,0,0,0,0,0,0,0,0,0,0,0,0,0,0,100,0,0,0,0,190632.89428710938,219469.21490478516,0,404334891008,8589930496,37775884288,12402688
0,1724800606518,802,944,1403,1447,1039,1199,1373,1306,802,1458,1038,856,991,929,813,876,821,1697,1943,1134,1553,1423,941,812,958,1226,934,802,1146,1109,1021,1926,0,0,0,0,0,0,0,0,0,0,0,0,0,9.090909004211426,0,0,5,0,0,0,0,0,0,0,0,0,0,36.842105865478516,0,0,0,0,190634.33966064453,219474.87091064453,0,404334891008,8589930496,37771800576,12402688
