Delta,Time,CPU_FREQUENCY_0,CPU_FREQUENCY_1,CPU_FREQUENCY_10,CPU_FREQUENCY_11,CPU_FREQUENCY_12,CPU_FREQUENCY_13,CPU_FREQUENCY_14,CPU_FREQUENCY_15,CPU_FREQUENCY_16,CPU_FREQUENCY_17,CPU_FREQUENCY_18,CPU_FREQUENCY_19,CPU_FREQUENCY_2,CPU_FREQUENCY_20,CPU_FREQUENCY_21,CPU_FREQUENCY_22,CPU_FREQUENCY_23,CPU_FREQUENCY_24,CPU_FREQUENCY_25,CPU_FREQUENCY_26,CPU_FREQUENCY_27,CPU_FREQUENCY_28,CPU_FREQUENCY_29,CPU_FREQUENCY_3,CPU_FREQUENCY_30,CPU_FREQUENCY_31,CPU_FREQUENCY_4,CPU_FREQUENCY_5,CPU_FREQUENCY_6,CPU_FREQUENCY_7,CPU_FREQUENCY_8,CPU_FREQUENCY_9,CPU_USAGE_0,CPU_USAGE_1,CPU_USAGE_10,CPU_USAGE_11,CPU_USAGE_12,CPU_USAGE_13,CPU_USAGE_14,CPU_USAGE_15,CPU_USAGE_16,CPU_USAGE_17,CPU_USAGE_18,CPU_USAGE_19,CPU_USAGE_2,CPU_USAGE_20,CPU_USAGE_21,CPU_USAGE_22,CPU_USAGE_23,CPU_USAGE_24,CPU_USAGE_25,CPU_USAGE_26,CPU_USAGE_27,CPU_USAGE_28,CPU_USAGE_29,CPU_USAGE_3,CPU_USAGE_30,CPU_USAGE_31,CPU_USAGE_4,CPU_USAGE_5,CPU_USAGE_6,CPU_USAGE_7,CPU_USAGE_8,CPU_USAGE_9,DRAM_ENERGY (J),PACKAGE_ENERGY (J),PP0_ENERGY (J),PP1_ENERGY (J),TOTAL_MEMORY,TOTAL_SWAP,USED_MEMORY,USED_SWAP
0,1724174547723,1268,1311,800,800,800,800,1920,800,857,894,884,867,1276,800,800,800,864,800,800,800,862,800,889,800,858,800,800,800,800,800,1265,800,0,5.714285850524902,2.857142925262451,2.857142925262451,2.941176414489746,2.941176414489746,5.714285850524902,2.857142925262451,2.941176414489746,5.714285850524902,2.857142925262451,5.714285850524902,2.941176414489746,2.857142925262451,2.941176414489746,0,5.714285850524902,5.714285850524902,2.941176414489746,5.555555820465088,2.941176414489746,5.714285850524902,5.714285850524902,2.857142925262451,2.941176414489746,0,2.941176414489746,2.941176414489746,2.941176414489746,5.714285850524902,8.571429252624512,8.571429252624512,0,15666.223693847656,116689.2412109375,0,67221331968,8589930496,1376067584,462741504
199,1724174547723,1268,1311,800,800,800,800,1920,800,857,894,884,867,1276,800,800,800,864,800,800,800,862,800,889,800,858,800,800,800,800,800,1265,800,0,5.714285850524902,2.857142925262451,2.857142925262451,2.941176414489746,2.941176414489746,5.714285850524902,2.857142925262451,2.941176414489746,5.714285850524902,2.857142925262451,5.714285850524902,2.941176414489746,2.857142925262451,2.941176414489746,0,5.714285850524902,5.714285850524902,2.941176414489746,5.555555820465088,2.941176414489746,5.714285850524902,5.714285850524902,2.857142925262451,2.941176414489746,0,2.941176414489746,2.941176414489746,2.941176414489746,5.714285850524902,8.571429252624512,8.571429252624512,0,15666.231750488281,116689.24255371094,0,67221331968,8589930496,1376067584,462741504
200,1724174547923,1268,1311,800,800,800,800,1920,800,857,894,884,867,1276,800,800,800,864,800,800,800,862,800,889,800,858,800,800,800,800,800,1265,800,0,0,0,0,0,0,0,0,0,0,0,0,0,0,0,0,0,0,0,0,0,0,0,0,0,0,0,0,0,0,95,0,0,15674.852966308594,116696.53973388672,0,67221331968,8589930496,1458126848,462741504
200,1724174548123,1268,1311,800,800,800,800,1920,800,857,894,884,867,1276,800,800,800,864,800,800,800,862,800,889,800,858,800,800,800,800,800,1265,800,0,0,0,0,0,0,0,0,0,0,0,0,0,0,0,0,0,0,0,0,0,0,0,0,0,0,0,0,0,0,100,0,0,15685.528015136719,116705.88891601563,0,67221331968,8589930496,1572700160,462741504
200,1724174548323,1268,1311,800,800,800,800,1920,800,857,894,884,867,1276,800,800,800,864,800,800,800,862,800,889,800,858,800,800,800,800,800,1265,800,0,0,0,0,0,0,0,0,0,0,0,0,0,0,0,0,0,0,0,0,0,0,0,0,0,0,0,0,0,0,100,0,0,15696.231811523438,116715.267578125,0,67221331968,8589930496,1669210112,462741504
200,1724174548523,1268,1311,800,800,800,800,1920,800,857,894,884,867,1276,800,800,800,864,800,800,800,862,800,889,800,858,800,800,800,800,800,1265,800,0,0,0,0,0,0,0,0,0,0,0,0,0,0,0,0,0,0,0,0,0,0,0,0,0,0,0,0,0,0,100,0,0,15706.9599609375,116724.59729003906,0,67221331968,8589930496,1765720064,462741504
200,1724174548723,1268,1311,800,800,800,800,1920,800,857,894,884,867,1276,800,800,800,864,800,800,800,862,800,889,800,858,800,800,800,800,800,1265,800,0,0,0,0,0,0,0,0,0,0,0,0,0,0,0,0,0,0,0,0,0,0,0,0,0,0,0,0,0,0,100,0,0,15717.569946289063,116733.94622802734,0,67221331968,8589930496,1864552448,462741504
200,1724174548923,1268,1311,800,800,800,800,1920,800,857,894,884,867,1276,800,800,800,864,800,800,800,862,800,889,800,858,800,800,800,800,800,1265,800,0,0,0,0,0,0,0,0,0,0,0,0,0,0,0,0,0,0,0,0,0,0,0,0,0,0,0,0,0,0,100,0,0,15728.234252929688,116743.28411865234,0,67221331968,8589930496,1967771648,462741504
200,1724174549123,1268,1311,800,800,800,800,1920,800,857,894,884,867,1276,800,800,800,864,800,800,800,862,800,889,800,858,800,800,800,800,800,1265,800,0,0,0,0,0,0,0,0,0,0,0,0,0,0,0,0,0,0,0,0,0,0,0,0,0,0,0,0,0,0,100,0,0,15738.972534179688,116752.69592285156,0,67221331968,8589930496,2067709952,462741504
200,1724174549324,1268,1311,800,800,800,800,1920,800,857,894,884,867,1276,800,800,800,864,800,800,800,862,800,889,800,858,800,800,800,800,800,1265,800,0,0,0,0,0,0,0,0,0,0,0,0,0,0,0,0,0,0,0,0,0,0,0,0,0,0,0,0,0,0,100,0,0,15749.812072753906,116762.20672607422,0,67221331968,8589930496,2170929152,462741504
200,1724174549524,1268,1311,800,800,800,800,1920,800,857,894,884,867,1276,800,800,800,864,800,800,800,862,800,889,800,858,800,800,800,800,800,1265,800,0,0,0,0,0,0,0,0,0,0,0,0,0,0,0,0,0,0,0,0,0,0,0,0,0,0,0,0,0,0,100,0,0,15760.745910644531,116771.81420898438,0,67221331968,8589930496,2268213248,462741504
200,1724174549724,1268,1311,800,800,800,800,1920,800,857,894,884,867,1276,800,800,800,864,800,800,800,862,800,889,800,858,800,800,800,800,800,1265,800,0,0,0,0,0,0,0,0,0,0,0,0,0,0,0,0,0,0,0,0,0,0,0,0,0,0,0,0,0,0,100,0,0,15771.474975585938,116781.2182006836,0,67221331968,8589930496,2372464640,462741504
200,1724174549924,1268,1311,800,800,800,800,1920,800,857,894,884,867,1276,800,800,800,864,800,800,800,862,800,889,800,858,800,800,800,800,800,1265,800,0,0,0,0,0,0,0,0,0,0,0,0,0,0,0,0,0,0,0,0,0,0,0,0,0,0,0,0,0,0,100,0,0,15782.294311523438,116790.71154785156,0,67221331968,8589930496,2469232640,462741504
200,1724174550124,1268,1311,800,800,800,800,1920,800,857,894,884,867,1276,800,800,800,864,800,800,800,862,800,889,800,858,800,800,800,800,800,1265,800,0,0,0,0,0,0,0,0,0,0,0,0,0,0,0,0,0,0,0,0,0,0,0,0,0,0,0,0,0,0,100,0,0,15793.025756835938,116800.11694335938,0,67221331968,8589930496,2576580608,462741504
200,1724174550324,1268,1311,800,800,800,800,1920,800,857,894,884,867,1276,800,800,800,864,800,800,800,862,800,889,800,858,800,800,800,800,800,1265,800,0,0,0,0,0,0,0,0,0,0,0,0,0,0,0,0,0,0,0,0,0,0,0,0,0,0,0,0,0,0,100,0,0,15803.88525390625,116809.64953613281,0,67221331968,8589930496,2669993984,462741504
200,1724174550524,1268,1311,800,800,800,800,1920,800,857,894,884,867,1276,800,800,800,864,800,800,800,862,800,889,800,858,800,800,800,800,800,1265,800,0,0,0,0,0,0,0,0,0,0,0,0,0,0,0,0,0,0,0,0,0,0,0,0,0,0,0,0,0,0,100,0,0,15814.626037597656,116819.06365966797,0,67221331968,8589930496,2776309760,462741504
200,1724174550724,1268,1311,800,800,800,800,1920,800,857,894,884,867,1276,800,800,800,864,800,800,800,862,800,889,800,858,800,800,800,800,800,1265,800,0,0,0,0,0,0,0,0,0,0,0,0,0,0,0,0,0,0,0,0,0,0,0,0,0,0,0,0,0,0,100,0,0,15825.495666503906,116828.54620361328,0,67221331968,8589930496,2874626048,462741504
200,1724174550924,1268,1311,800,800,800,800,1920,800,857,894,884,867,1276,800,800,800,864,800,800,800,862,800,889,800,858,800,800,800,800,800,1265,800,0,0,0,0,0,0,0,0,0,0,0,0,0,0,0,0,0,0,0,0,0,0,0,0,0,0,0,0,0,0,100,0,0,15836.213134765625,116837.9916381836,0,67221331968,8589930496,2972426240,462741504
200,1724174551124,1268,1311,800,800,800,800,1920,800,857,894,884,867,1276,800,800,800,864,800,800,800,862,800,889,800,858,800,800,800,800,800,1265,800,0,0,0,0,0,0,0,0,0,0,0,0,0,0,0,0,0,0,0,0,0,0,0,0,0,0,0,0,0,0,100,0,0,15847.009948730469,116847.46197509766,0,67221331968,8589930496,3074347008,462741504
200,1724174551325,1268,1311,800,800,800,800,1920,800,857,894,884,867,1276,800,800,800,864,800,800,800,862,800,889,800,858,800,800,800,800,800,1265,800,0,0,0,0,0,0,0,0,0,0,0,0,0,0,0,0,0,0,0,0,0,0,0,0,0,0,0,0,0,0,100,0,0,15857.867126464844,116856.9926147461,0,67221331968,8589930496,3175501824,462741504
200,1724174551525,1268,1311,800,800,800,800,1920,800,857,894,884,867,1276,800,800,800,864,800,800,800,862,800,889,800,858,800,800,800,800,800,1265,800,0,0,0,0,0,0,0,0,0,0,0,0,0,0,0,0,0,0,0,0,0,0,0,0,0,0,0,0,0,0,100,0,0,15868.626525878906,116866.4242553711,0,67221331968,8589930496,3278462976,462741504
200,1724174551725,1268,1311,800,800,800,800,1920,800,857,894,884,867,1276,800,800,800,864,800,800,800,862,800,889,800,858,800,800,800,800,800,1265,800,0,0,0,0,0,0,0,0,0,0,0,0,0,0,0,0,0,0,0,0,0,0,0,0,0,0,0,0,0,0,100,0,0,15879.458923339844,116875.9287109375,0,67221331968,8589930496,3374972928,462741504
200,1724174551925,1268,1311,800,800,800,800,1920,800,857,894,884,867,1276,800,800,800,864,800,800,800,862,800,889,800,858,800,800,800,800,800,1265,800,0,0,0,0,0,0,0,0,0,0,0,0,0,0,0,0,0,0,0,0,0,0,0,0,0,0,0,0,0,0,100,0,0,15890.203552246094,116885.3472290039,0,67221331968,8589930496,3482062848,462741504
200,1724174552125,1268,1311,800,800,800,800,1920,800,857,894,884,867,1276,800,800,800,864,800,800,800,862,800,889,800,858,800,800,800,800,800,1265,800,0,0,0,0,0,0,0,0,0,0,0,0,0,0,0,0,0,0,0,0,0,0,0,0,0,0,0,0,0,0,100,0,0,15900.945495605469,116894.76257324219,0,67221331968,8589930496,3579604992,462741504
200,1724174552325,1268,1311,800,800,800,800,1920,800,857,894,884,867,1276,800,800,800,864,800,800,800,862,800,889,800,858,800,800,800,800,800,1265,800,0,0,0,0,0,0,0,0,0,0,0,0,0,0,0,0,0,0,0,0,0,0,0,0,0,0,0,0,0,0,100,0,0,15911.791931152344,116904.2826538086,0,67221331968,8589930496,3677147136,462741504
200,1724174552525,1268,1311,800,800,800,800,1920,800,857,894,884,867,1276,800,800,800,864,800,800,800,862,800,889,800,858,800,800,800,800,800,1265,800,0,0,0,0,0,0,0,0,0,0,0,0,0,0,0,0,0,0,0,0,0,0,0,0,0,0,0,0,0,0,100,0,0,15922.570495605469,116913.73345947266,0,67221331968,8589930496,3781910528,462741504
200,1724174552725,1268,1311,800,800,800,800,1920,800,857,894,884,867,1276,800,800,800,864,800,800,800,862,800,889,800,858,800,800,800,800,800,1265,800,0,0,0,0,0,0,0,0,0,0,0,0,0,0,0,0,0,0,0,0,0,0,0,0,0,0,0,0,0,0,100,0,0,15933.332702636719,116923.16906738281,0,67221331968,8589930496,3885129728,462741504
200,1724174552925,1268,1311,800,800,800,800,1920,800,857,894,884,867,1276,800,800,800,864,800,800,800,862,800,889,800,858,800,800,800,800,800,1265,800,0,0,0,0,0,0,0,0,0,0,0,0,0,0,0,0,0,0,0,0,0,0,0,0,0,0,0,0,0,0,100,0,0,15944.130920410156,116932.6351928711,0,67221331968,8589930496,3981381632,462741504
200,1724174553125,1268,1311,800,800,800,800,1920,800,857,894,884,867,1276,800,800,800,864,800,800,800,862,800,889,800,858,800,800,800,800,800,1265,800,0,0,0,0,0,0,0,0,0,0,0,0,0,0,0,0,0,0,0,0,0,0,0,0,0,0,0,0,0,0,100,0,0,15954.919738769531,116942.03723144531,0,67221331968,8589930496,4084600832,462741504
200,1724174553325,1268,1311,800,800,800,800,1920,800,857,894,884,867,1276,800,800,800,864,800,800,800,862,800,889,800,858,800,800,800,800,800,1265,800,0,0,0,0,0,0,0,0,0,0,0,0,0,0,0,0,0,0,0,0,0,0,0,0,0,0,0,0,0,0,100,0,0,15965.771118164063,116951.62200927734,0,67221331968,8589930496,4182142976,462741504
200,1724174553526,1268,1311,800,800,800,800,1920,800,857,894,884,867,1276,800,800,800,864,800,800,800,862,800,889,800,858,800,800,800,800,800,1265,800,0,0,0,0,0,0,0,0,0,0,0,0,0,0,0,0,0,0,0,0,0,0,0,0,0,0,0,0,0,0,100,0,0,15976.528869628906,116961.05303955078,0,67221331968,8589930496,4283813888,462741504
200,1724174553726,1268,1311,800,800,800,800,1920,800,857,894,884,867,1276,800,800,800,864,800,800,800,862,800,889,800,858,800,800,800,800,800,1265,800,0,0,0,0,0,0,0,0,0,0,0,0,0,0,0,0,0,0,0,0,0,0,0,0,0,0,0,0,0,0,100,0,0,15987.294067382813,116970.49139404297,0,67221331968,8589930496,4388065280,462741504
200,1724174553926,1268,1311,800,800,800,800,1920,800,857,894,884,867,1276,800,800,800,864,800,800,800,862,800,889,800,858,800,800,800,800,800,1265,800,0,0,0,0,0,0,0,0,0,0,0,0,0,0,0,0,0,0,0,0,0,0,0,0,0,0,0,0,0,0,100,0,0,15998.167419433594,116980.03759765625,0,67221331968,8589930496,4485607424,462741504
200,1724174554126,1268,1311,800,800,800,800,1920,800,857,894,884,867,1276,800,800,800,864,800,800,800,862,800,889,800,858,800,800,800,800,800,1265,800,0,0,0,0,0,0,0,0,0,0,0,0,0,0,0,0,0,0,0,0,0,0,0,0,0,0,0,0,0,0,100,0,0,16009.130615234375,116989.67279052734,0,67221331968,8589930496,4590891008,462741504
200,1724174554326,1268,1311,800,800,800,800,1920,800,857,894,884,867,1276,800,800,800,864,800,800,800,862,800,889,800,858,800,800,800,800,800,1265,800,0,0,0,0,0,0,0,0,0,0,0,0,0,0,0,0,0,0,0,0,0,0,0,0,0,0,0,0,0,0,100,0,0,16019.997619628906,116999.21350097656,0,67221331968,8589930496,4690497536,462741504
200,1724174554526,1268,1311,800,800,800,800,1920,800,857,894,884,867,1276,800,800,800,864,800,800,800,862,800,889,800,858,800,800,800,800,800,1265,800,0,0,0,0,0,0,0,0,0,0,0,0,0,0,0,0,0,0,0,0,0,0,0,0,0,0,0,0,0,0,100,0,0,16030.786560058594,117008.67584228516,0,67221331968,8589930496,4795265024,462741504
200,1724174554726,1268,1311,800,800,800,800,1920,800,857,894,884,867,1276,800,800,800,864,800,800,800,862,800,889,800,858,800,800,800,800,800,1265,800,0,0,0,0,0,0,0,0,0,0,0,0,0,0,0,0,0,0,0,0,0,0,0,0,0,0,0,0,0,0,100,0,0,16041.570983886719,117018.13348388672,0,67221331968,8589930496,4895387648,462741504
200,1724174554926,1268,1311,800,800,800,800,1920,800,857,894,884,867,1276,800,800,800,864,800,800,800,862,800,889,800,858,800,800,800,800,800,1265,800,0,0,0,0,0,0,0,0,0,0,0,0,0,0,0,0,0,0,0,0,0,0,0,0,0,0,0,0,0,0,100,0,0,16052.461303710938,117027.69055175781,0,67221331968,8589930496,4993961984,462741504
200,1724174555126,1268,1311,800,800,800,800,1920,800,857,894,884,867,1276,800,800,800,864,800,800,800,862,800,889,800,858,800,800,800,800,800,1265,800,0,0,0,0,0,0,0,0,0,0,0,0,0,0,0,0,0,0,0,0,0,0,0,0,0,0,0,0,0,0,100,0,0,16063.339721679688,117037.24206542969,0,67221331968,8589930496,5096923136,462741504
200,1724174555326,1268,1311,800,800,800,800,1920,800,857,894,884,867,1276,800,800,800,864,800,800,800,862,800,889,800,858,800,800,800,800,800,1265,800,0,0,0,0,0,0,0,0,0,0,0,0,0,0,0,0,0,0,0,0,0,0,0,0,0,0,0,0,0,0,100,0,0,16074.268371582031,117046.84240722656,0,67221331968,8589930496,5192916992,462741504
200,1724174555527,1268,1311,800,800,800,800,1920,800,857,894,884,867,1276,800,800,800,864,800,800,800,862,800,889,800,858,800,800,800,800,800,1265,800,0,0,0,0,0,0,0,0,0,0,0,0,0,0,0,0,0,0,0,0,0,0,0,0,0,0,0,0,0,0,100,0,0,16085.307922363281,117056.55505371094,0,67221331968,8589930496,5299232768,462741504
200,1724174555727,1268,1311,800,800,800,800,1920,800,857,894,884,867,1276,800,800,800,864,800,800,800,862,800,889,800,858,800,800,800,800,800,1265,800,0,0,0,0,0,0,0,0,0,0,0,0,0,0,0,0,0,0,0,0,0,0,0,0,0,0,0,0,0,0,100,0,0,16096.165466308594,117066.08764648438,0,67221331968,8589930496,5395226624,462741504
200,1724174555927,1268,1311,800,800,800,800,1920,800,857,894,884,867,1276,800,800,800,864,800,800,800,862,800,889,800,858,800,800,800,800,800,1265,800,0,0,0,0,0,0,0,0,0,0,0,0,0,0,0,0,0,0,0,0,0,0,0,0,0,0,0,0,0,0,100,0,0,16107.005981445313,117075.6011352539,0,67221331968,8589930496,5500510208,462741504
200,1724174556127,1268,1311,800,800,800,800,1920,800,857,894,884,867,1276,800,800,800,864,800,800,800,862,800,889,800,858,800,800,800,800,800,1265,800,0,0,0,0,0,0,0,0,0,0,0,0,0,0,0,0,0,0,0,0,0,0,0,0,0,0,0,0,0,0,100,0,0,16117.987915039063,117085.2554321289,0,67221331968,8589930496,5605535744,462741504
200,1724174556327,1268,1311,800,800,800,800,1920,800,857,894,884,867,1276,800,800,800,864,800,800,800,862,800,889,800,858,800,800,800,800,800,1265,800,0,0,0,0,0,0,0,0,0,0,0,0,0,0,0,0,0,0,0,0,0,0,0,0,0,0,0,0,0,0,100,0,0,16128.830078125,117094.77172851563,0,67221331968,8589930496,5711851520,462741504
200,1724174556527,1268,1311,800,800,800,800,1920,800,857,894,884,867,1276,800,800,800,864,800,800,800,862,800,889,800,858,800,800,800,800,800,1265,800,0,0,0,0,0,0,0,0,0,0,0,0,0,0,0,0,0,0,0,0,0,0,0,0,0,0,0,0,0,0,100,0,0,16139.674377441406,117104.2894897461,0,67221331968,8589930496,5809393664,462741504
200,1724174556727,1268,1311,800,800,800,800,1920,800,857,894,884,867,1276,800,800,800,864,800,800,800,862,800,889,800,858,800,800,800,800,800,1265,800,0,0,0,0,0,0,0,0,0,0,0,0,0,0,0,0,0,0,0,0,0,0,0,0,0,0,0,0,0,0,100,0,0,16150.533081054688,117113.82012939453,0,67221331968,8589930496,5907451904,462741504
200,1724174556927,1268,1311,800,800,800,800,1920,800,857,894,884,867,1276,800,800,800,864,800,800,800,862,800,889,800,858,800,800,800,800,800,1265,800,0,0,0,0,0,0,0,0,0,0,0,0,0,0,0,0,0,0,0,0,0,0,0,0,0,0,0,0,0,0,100,0,0,16161.3798828125,117123.3402709961,0,67221331968,8589930496,6009638912,462741504
199,1724174557127,1268,1311,800,800,800,800,1920,800,857,894,884,867,1276,800,800,800,864,800,800,800,862,800,889,800,858,800,800,800,800,800,1265,800,0,0,0,61.904762268066406,0,0,0,0,0,0,0,0,0,0,0,0,0,0,0,0,0,0,0,0,0,0,0,0,0,0,38.095237731933594,0,0,16172.3564453125,117132.93212890625,0,67221331968,8589930496,6116470784,462741504
200,1724174557327,1268,1311,800,800,800,800,1920,800,857,894,884,867,1276,800,800,800,864,800,800,800,862,800,889,800,858,800,800,800,800,800,1265,800,0,0,0,100,0,0,0,0,0,0,0,0,0,0,0,0,0,0,0,0,0,0,0,0,0,0,0,0,0,0,0,0,0,16183.204956054688,117142.50646972656,0,67221331968,8589930496,6222270464,462741504
200,1724174557527,1268,1311,800,800,800,800,1920,800,857,894,884,867,1276,800,800,800,864,800,800,800,862,800,889,800,858,800,800,800,800,800,1265,800,0,0,0,100,0,0,0,0,0,0,0,0,0,0,0,0,0,0,0,0,0,0,0,0,0,0,0,0,0,0,0,0,0,16194.029968261719,117152.00451660156,0,67221331968,8589930496,6320328704,462741504
200,1724174557728,1268,1311,800,800,800,800,1920,800,857,894,884,867,1276,800,800,800,864,800,800,800,862,800,889,800,858,800,800,800,800,800,1265,800,0,0,0,100,0,0,0,0,0,0,0,0,0,0,0,0,0,0,0,0,0,0,0,0,0,0,0,0,0,0,0,0,0,16204.869262695313,117161.51623535156,0,67221331968,8589930496,6426644480,462741504
200,1724174557928,1268,1311,800,800,800,800,1920,800,857,894,884,867,1276,800,800,800,864,800,800,800,862,800,889,800,858,800,800,800,800,800,1265,800,0,0,0,100,0,0,0,0,0,0,0,0,0,0,0,0,0,0,0,0,0,0,0,0,0,0,0,0,0,0,0,0,0,16215.71435546875,117171.0347290039,0,67221331968,8589930496,6525734912,462741504
200,1724174558128,1268,1311,800,800,800,800,1920,800,857,894,884,867,1276,800,800,800,864,800,800,800,862,800,889,800,858,800,800,800,800,800,1265,800,0,0,0,100,0,0,0,0,0,0,0,0,0,0,0,0,0,0,0,0,0,0,0,0,0,0,0,0,0,0,0,0,0,16226.585266113281,117180.57934570313,0,67221331968,8589930496,6621728768,462741504
200,1724174558328,1268,1311,800,800,800,800,1920,800,857,894,884,867,1276,800,800,800,864,800,800,800,862,800,889,800,858,800,800,800,800,800,1265,800,0,0,0,100,0,0,0,0,0,0,0,0,0,0,0,0,0,0,0,0,0,0,0,0,0,0,0,0,0,0,0,0,0,16237.442138671875,117190.10852050781,0,67221331968,8589930496,6727786496,462741504
200,1724174558528,1268,1311,800,800,800,800,1920,800,857,894,884,867,1276,800,800,800,864,800,800,800,862,800,889,800,858,800,800,800,800,800,1265,800,0,0,0,100,0,0,0,0,0,0,0,0,0,0,0,0,0,0,0,0,0,0,0,0,0,0,0,0,0,0,0,0,0,16248.291442871094,117199.63269042969,0,67221331968,8589930496,6824443904,462741504
200,1724174558728,1268,1311,800,800,800,800,1920,800,857,894,884,867,1276,800,800,800,864,800,800,800,862,800,889,800,858,800,800,800,800,800,1265,800,0,0,0,100,0,0,0,0,0,0,0,0,0,0,0,0,0,0,0,0,0,0,0,0,0,0,0,0,0,0,0,0,0,16259.162170410156,117209.17559814453,0,67221331968,8589930496,6924566528,462741504
200,1724174558928,1268,1311,800,800,800,800,1920,800,857,894,884,867,1276,800,800,800,864,800,800,800,862,800,889,800,858,800,800,800,800,800,1265,800,0,0,0,100,0,0,0,0,0,0,0,0,0,0,0,0,0,0,0,0,0,0,0,0,0,0,0,0,0,0,0,0,0,16270.028198242188,117218.71472167969,0,67221331968,8589930496,7027785728,462741504
200,1724174559128,1268,1311,800,800,800,800,1920,800,857,894,884,867,1276,800,800,800,864,800,800,800,862,800,889,800,858,800,800,800,800,800,1265,800,0,0,0,100,0,0,0,0,0,0,0,0,0,0,0,0,0,0,0,0,0,0,0,0,0,0,0,0,0,0,0,0,0,16280.97509765625,117228.3344116211,0,67221331968,8589930496,7126876160,462741504
200,1724174559328,1268,1311,800,800,800,800,1920,800,857,894,884,867,1276,800,800,800,864,800,800,800,862,800,889,800,858,800,800,800,800,800,1265,800,0,0,0,100,0,0,0,0,0,0,0,0,0,0,0,0,0,0,0,0,0,0,0,0,0,0,0,0,0,0,0,0,0,16291.927673339844,117237.95892333984,0,67221331968,8589930496,7232159744,462741504
200,1724174559528,1268,1311,800,800,800,800,1920,800,857,894,884,867,1276,800,800,800,864,800,800,800,862,800,889,800,858,800,800,800,800,800,1265,800,0,0,0,100,0,0,0,0,0,0,0,0,0,0,0,0,0,0,0,0,0,0,0,0,0,0,0,0,0,0,0,0,0,16302.814086914063,117247.51904296875,0,67221331968,8589930496,7332798464,462741504
200,1724174559728,1268,1311,800,800,800,800,1920,800,857,894,884,867,1276,800,800,800,864,800,800,800,862,800,889,800,858,800,800,800,800,800,1265,800,0,0,0,100,0,0,0,0,0,0,0,0,0,0,0,0,0,0,0,0,0,0,0,0,0,0,0,0,0,0,0,0,0,16313.692260742188,117257.07116699219,0,67221331968,8589930496,7437565952,462741504
200,1724174559928,1268,1311,800,800,800,800,1920,800,857,894,884,867,1276,800,800,800,864,800,800,800,862,800,889,800,858,800,800,800,800,800,1265,800,0,0,0,100,0,0,0,0,0,0,0,0,0,0,0,0,0,0,0,0,0,0,0,0,0,0,0,0,0,0,0,0,0,16324.57666015625,117266.6279296875,0,67221331968,8589930496,7536656384,462741504
200,1724174560128,1268,1311,800,800,800,800,1920,800,857,894,884,867,1276,800,800,800,864,800,800,800,862,800,889,800,858,800,800,800,800,800,1265,800,0,0,0,100,0,0,0,0,0,0,0,0,0,0,0,0,0,0,0,0,0,0,0,0,0,0,0,0,0,0,0,0,0,16335.517761230469,117276.23596191406,0,67221331968,8589930496,7635484672,462741504
200,1724174560328,1268,1311,800,800,800,800,1920,800,857,894,884,867,1276,800,800,800,864,800,800,800,862,800,889,800,858,800,800,800,800,800,1265,800,0,0,0,100,0,0,0,0,0,0,0,0,0,0,0,0,0,0,0,0,0,0,0,0,0,0,0,0,0,0,0,0,0,16346.355346679688,117285.75183105469,0,67221331968,8589930496,7740768256,462741504
200,1724174560528,1268,1311,800,800,800,800,1920,800,857,894,884,867,1276,800,800,800,864,800,800,800,862,800,889,800,858,800,800,800,800,800,1265,800,0,0,0,100,0,0,0,0,0,0,0,0,0,0,0,0,0,0,0,0,0,0,0,0,0,0,0,0,0,0,0,0,0,16357.216125488281,117295.28625488281,0,67221331968,8589930496,7846903808,462741504
200,1724174560728,1268,1311,800,800,800,800,1920,800,857,894,884,867,1276,800,800,800,864,800,800,800,862,800,889,800,858,800,800,800,800,800,1265,800,4.761904716491699,0,0,100,0,0,0,0,0,0,0,0,0,0,0,0,0,0,0,0,0,0,0,0,0,0,0,0,0,0,0,0,0,16368.186340332031,117304.92303466797,0,67221331968,8589930496,7944962048,462741504
200,1724174560928,1268,1311,800,800,800,800,1920,800,857,894,884,867,1276,800,800,800,864,800,800,800,862,800,889,800,858,800,800,800,800,800,1265,800,0,0,0,100,0,0,0,0,0,0,0,0,0,0,0,0,0,0,0,0,0,0,0,0,0,0,0,0,0,0,0,0,0,16379.046936035156,117314.45764160156,0,67221331968,8589930496,8050503680,462741504
200,1724174561129,1268,1311,800,800,800,800,1920,800,857,894,884,867,1276,800,800,800,864,800,800,800,862,800,889,800,858,800,800,800,800,800,1265,800,0,0,0,100,0,0,0,0,0,0,0,0,0,0,0,0,0,0,0,0,0,0,0,0,0,0,0,0,0,0,0,0,0,16389.941284179688,117324.02362060547,0,67221331968,8589930496,8147529728,462741504
200,1724174561329,1268,1311,800,800,800,800,1920,800,857,894,884,867,1276,800,800,800,864,800,800,800,862,800,889,800,858,800,800,800,800,800,1265,800,0,0,0,100,0,0,5,0,0,0,0,0,0,0,0,0,0,0,0,0,0,0,0,0,0,0,0,0,0,0,0,0,0,16400.89630126953,117333.65356445313,0,67221331968,8589930496,8246620160,462741504
200,1724174561529,1268,1311,800,800,800,800,1920,800,857,894,884,867,1276,800,800,800,864,800,800,800,862,800,889,800,858,800,800,800,800,800,1265,800,0,0,0,100,0,0,0,0,0,0,0,0,0,0,0,0,0,0,0,0,0,0,0,0,0,0,0,0,0,0,0,0,0,16411.843139648438,117343.27374267578,0,67221331968,8589930496,8351903744,462741504
200,1724174561729,1268,1311,800,800,800,800,1920,800,857,894,884,867,1276,800,800,800,864,800,800,800,862,800,889,800,858,800,800,800,800,800,1265,800,0,0,0,100,0,0,0,0,0,0,0,0,0,0,0,0,0,0,0,0,0,0,0,0,0,0,0,0,0,0,0,0,0,16422.71221923828,117352.81512451172,0,67221331968,8589930496,8449961984,462741504
200,1724174561929,1268,1311,800,800,800,800,1920,800,857,894,884,867,1276,800,800,800,864,800,800,800,862,800,889,800,858,800,800,800,800,800,1265,800,0,0,0,100,0,0,0,0,0,0,0,0,0,0,0,0,0,0,0,0,0,0,0,0,0,0,0,0,0,0,0,0,0,16433.576599121094,117362.35186767578,0,67221331968,8589930496,8554729472,462741504
200,1724174562129,1268,1311,800,800,800,800,1920,800,857,894,884,867,1276,800,800,800,864,800,800,800,862,800,889,800,858,800,800,800,800,800,1265,800,0,0,0,100,0,0,0,0,0,0,0,0,0,0,0,0,0,0,0,0,0,0,0,0,0,0,0,0,0,0,0,0,0,16444.423461914063,117371.8726196289,0,67221331968,8589930496,8656400384,462741504
200,1724174562329,1268,1311,800,800,800,800,1920,800,857,894,884,867,1276,800,800,800,864,800,800,800,862,800,889,800,858,800,800,800,800,800,1265,800,0,0,4.761904716491699,100,0,0,0,0,0,0,0,0,0,0,0,0,0,0,0,0,0,0,0,0,0,0,0,0,0,0,0,0,0,16455.471313476563,117381.5922241211,0,67221331968,8589930496,8755748864,462741504
200,1724174562529,1268,1311,800,800,800,800,1920,800,857,894,884,867,1276,800,800,800,864,800,800,800,862,800,889,800,858,800,800,800,800,800,1265,800,0,0,0,100,0,0,0,0,0,0,0,0,0,0,0,0,0,0,0,0,0,0,0,0,0,0,0,0,0,0,0,0,0,16466.5478515625,117391.34112548828,0,67221331968,8589930496,8854749184,462741504
200,1724174562729,1268,1311,800,800,800,800,1920,800,857,894,884,867,1276,800,800,800,864,800,800,800,862,800,889,800,858,800,800,800,800,800,1265,800,0,0,0,100,0,0,0,0,0,0,0,0,0,0,0,0,0,0,0,0,0,0,0,0,0,0,0,0,0,0,0,0,0,16477.430297851563,117400.89501953125,0,67221331968,8589930496,8953839616,462741504
200,1724174562929,1268,1311,800,800,800,800,1920,800,857,894,884,867,1276,800,800,800,864,800,800,800,862,800,889,800,858,800,800,800,800,800,1265,800,0,0,0,100,0,0,0,0,0,0,0,0,0,0,0,0,0,0,0,0,0,0,0,0,0,0,0,0,0,0,0,0,0,16488.290466308594,117410.42864990234,0,67221331968,8589930496,9058091008,462741504
200,1724174563129,1268,1311,800,800,800,800,1920,800,857,894,884,867,1276,800,800,800,864,800,800,800,862,800,889,800,858,800,800,800,800,800,1265,800,0,0,0,100,0,0,0,0,0,0,0,0,0,0,0,0,0,0,0,0,0,0,0,0,0,0,0,0,0,0,0,0,0,16499.253173828125,117420.06433105469,0,67221331968,8589930496,9156149248,462741504
200,1724174563329,1268,1311,800,800,800,800,1920,800,857,894,884,867,1276,800,800,800,864,800,800,800,862,800,889,800,858,800,800,800,800,800,1265,800,0,0,0,100,0,0,0,0,0,0,0,0,0,0,0,0,0,0,0,0,0,0,0,0,0,0,0,0,0,0,0,0,0,16510.25830078125,117429.7396850586,0,67221331968,8589930496,9263497216,462741504
200,1724174563529,1268,1311,800,800,800,800,1920,800,857,894,884,867,1276,800,800,800,864,800,800,800,862,800,889,800,858,800,800,800,800,800,1265,800,0,0,0,100,0,0,0,0,0,0,0,0,0,0,0,0,0,0,0,0,0,0,0,0,0,0,0,0,0,0,0,0,0,16521.263671875,117439.41040039063,0,67221331968,8589930496,9360007168,462741504
200,1724174563730,1268,1311,800,800,800,800,1920,800,857,894,884,867,1276,800,800,800,864,800,800,800,862,800,889,800,858,800,800,800,800,800,1265,800,0,0,0,100,0,0,0,0,0,0,0,0,0,0,0,0,0,0,0,0,0,0,0,0,0,0,0,0,0,0,0,0,0,16532.134338378906,117448.95385742188,0,67221331968,8589930496,9467355136,462741504
200,1724174563930,1268,1311,800,800,800,800,1920,800,857,894,884,867,1276,800,800,800,864,800,800,800,862,800,889,800,858,800,800,800,800,800,1265,800,0,0,0,100,0,0,0,0,0,0,0,0,0,0,0,0,0,0,0,0,0,0,0,0,0,0,0,0,0,0,0,0,0,16542.994079589844,117458.4873046875,0,67221331968,8589930496,9565929472,462741504
200,1724174564130,1268,1311,800,800,800,800,1920,800,857,894,884,867,1276,800,800,800,864,800,800,800,862,800,889,800,858,800,800,800,800,800,1265,800,0,0,0,100,0,0,0,0,0,0,0,0,0,0,0,0,0,0,0,0,0,0,0,0,0,0,0,0,0,0,0,0,0,16553.86297607422,117468.02978515625,0,67221331968,8589930496,9664503808,462741504
200,1724174564330,1268,1311,800,800,800,800,1920,800,857,894,884,867,1276,800,800,800,864,800,800,800,862,800,889,800,858,800,800,800,800,800,1265,800,0,0,0,100,0,0,0,0,0,0,0,0,0,0,0,0,0,0,0,0,0,0,0,0,0,0,0,0,0,0,0,0,0,16564.739501953125,117477.57879638672,0,67221331968,8589930496,9762820096,462741504
200,1724174564530,1268,1311,800,800,800,800,1920,800,857,894,884,867,1276,800,800,800,864,800,800,800,862,800,889,800,858,800,800,800,800,800,1265,800,0,0,0,100,0,0,0,0,0,0,0,0,0,0,0,0,0,0,0,0,0,0,0,0,0,0,0,0,0,0,0,0,0,16575.619018554688,117487.13061523438,0,67221331968,8589930496,9869135872,462741504
200,1724174564730,1268,1311,800,800,800,800,1920,800,857,894,884,867,1276,800,800,800,864,800,800,800,862,800,889,800,858,800,800,800,800,800,1265,800,0,0,0,100,0,0,0,0,0,0,0,0,0,0,0,0,0,0,0,0,0,0,0,0,0,0,0,0,0,0,0,0,0,16586.61553955078,117496.80102539063,0,67221331968,8589930496,9966034944,462741504
200,1724174564930,1268,1311,800,800,800,800,1920,800,857,894,884,867,1276,800,800,800,864,800,800,800,862,800,889,800,858,800,800,800,800,800,1265,800,0,0,0,100,0,0,0,0,0,0,0,0,0,0,0,0,0,0,0,0,0,0,0,0,0,0,0,0,0,0,0,0,0,16597.483947753906,117506.34295654297,0,67221331968,8589930496,10072350720,462741504
200,1724174565130,1268,1311,800,800,800,800,1920,800,857,894,884,867,1276,800,800,800,864,800,800,800,862,800,889,800,858,800,800,800,800,800,1265,800,0,0,0,100,0,0,0,0,0,0,0,0,0,0,0,0,0,0,0,0,0,0,0,0,0,0,0,0,0,0,0,0,0,16608.370056152344,117515.90130615234,0,67221331968,8589930496,10171441152,462741504
200,1724174565330,1268,1311,800,800,800,800,1920,800,857,894,884,867,1276,800,800,800,864,800,800,800,862,800,889,800,858,800,800,800,800,800,1265,800,0,0,0,100,0,0,0,0,0,0,0,0,0,0,0,0,0,0,0,0,0,0,0,0,0,0,0,0,0,0,0,0,0,16619.32696533203,117525.53192138672,0,67221331968,8589930496,10269499392,462741504
200,1724174565530,1268,1311,800,800,800,800,1920,800,857,894,884,867,1276,800,800,800,864,800,800,800,862,800,889,800,858,800,800,800,800,800,1265,800,0,0,0,100,0,0,0,0,0,0,0,0,0,0,0,0,0,0,0,0,0,0,0,0,0,0,0,0,0,0,0,0,0,16630.260620117188,117535.13159179688,0,67221331968,8589930496,10374782976,462741504
200,1724174565730,1268,1311,800,800,800,800,1920,800,857,894,884,867,1276,800,800,800,864,800,800,800,862,800,889,800,858,800,800,800,800,800,1265,800,0,0,0,100,0,0,0,0,0,0,0,0,0,0,0,0,0,0,0,0,0,0,0,0,0,0,0,0,0,0,0,0,0,16641.160888671875,117544.71118164063,0,67221331968,8589930496,10472841216,462741504
200,1724174565931,1268,1311,800,800,800,800,1920,800,857,894,884,867,1276,800,800,800,864,800,800,800,862,800,889,800,858,800,800,800,800,800,1265,800,0,0,0,100,0,0,0,0,0,0,0,0,0,0,0,0,0,0,0,0,0,0,0,0,0,0,0,0,0,0,0,0,0,16652.024475097656,117554.24822998047,0,67221331968,8589930496,10571673600,462741504
200,1724174566131,1268,1311,800,800,800,800,1920,800,857,894,884,867,1276,800,800,800,864,800,800,800,862,800,889,800,858,800,800,800,800,800,1265,800,0,0,0,100,0,0,0,0,0,0,0,0,0,0,0,0,0,0,0,0,0,0,0,0,0,0,0,0,0,0,0,0,0,16662.940490722656,117563.83081054688,0,67221331968,8589930496,10677989376,462741504
200,1724174566331,1268,1311,800,800,800,800,1920,800,857,894,884,867,1276,800,800,800,864,800,800,800,862,800,889,800,858,800,800,800,800,800,1265,800,0,0,0,100,0,0,0,0,0,0,0,0,0,0,0,0,0,0,0,0,0,0,0,0,0,0,0,0,0,0,0,0,0,16673.799560546875,117573.36315917969,0,67221331968,8589930496,10774757376,462741504
200,1724174566531,1268,1311,800,800,800,800,1920,800,857,894,884,867,1276,800,800,800,864,800,800,800,862,800,889,800,858,800,800,800,800,800,1265,800,0,0,0,100,0,0,0,0,0,0,0,0,0,0,0,0,0,0,0,0,0,0,0,0,0,0,0,0,0,0,0,0,0,16684.662719726563,117582.89971923828,0,67221331968,8589930496,10880815104,462741504
200,1724174566731,1268,1311,800,800,800,800,1920,800,857,894,884,867,1276,800,800,800,864,800,800,800,862,800,889,800,858,800,800,800,800,800,1265,800,0,0,0,100,0,0,0,0,0,0,0,0,0,0,0,0,0,0,0,0,0,0,0,0,0,0,0,0,0,0,0,0,0,16695.67724609375,117592.58660888672,0,67221331968,8589930496,10978873344,462741504
200,1724174566931,1268,1311,800,800,800,800,1920,800,857,894,884,867,1276,800,800,800,864,800,800,800,862,800,889,800,858,800,800,800,800,800,1265,800,0,0,0,100,0,0,0,0,0,0,0,0,0,0,0,0,0,0,0,0,0,0,0,0,0,0,0,0,0,0,0,0,0,16706.613708496094,117602.19494628906,0,67221331968,8589930496,11084156928,462741504
200,1724174567131,1268,1311,800,800,800,800,1920,800,857,894,884,867,1276,800,800,800,864,800,800,800,862,800,889,800,858,800,800,800,800,800,1265,800,0,0,0,100,0,0,0,0,0,0,0,0,0,0,0,0,0,0,0,0,0,0,0,0,0,0,0,0,0,0,0,0,0,16717.472106933594,117611.7269897461,0,67221331968,8589930496,11181182976,462741504
200,1724174567331,1268,1311,800,800,800,800,1920,800,857,894,884,867,1276,800,800,800,864,800,800,800,862,800,889,800,858,800,800,800,800,800,1265,800,0,0,0,100,0,0,0,0,0,0,0,0,0,0,0,0,0,0,0,0,0,0,0,0,0,0,0,0,0,0,0,0,0,16728.477416992188,117621.40515136719,0,67221331968,8589930496,11280273408,462741504
200,1724174567531,1268,1311,800,800,800,800,1920,800,857,894,884,867,1276,800,800,800,864,800,800,800,862,800,889,800,858,800,800,800,800,800,1265,800,0,0,0,100,0,0,0,0,0,0,0,0,0,0,0,0,0,0,0,0,0,0,0,0,0,0,0,0,0,0,0,0,0,16739.347717285156,117630.947265625,0,67221331968,8589930496,11386589184,462741504
200,1724174567731,1268,1311,800,800,800,800,1920,800,857,894,884,867,1276,800,800,800,864,800,800,800,862,800,889,800,858,800,800,800,800,800,1265,800,0,0,0,100,0,0,0,0,0,0,0,0,0,0,0,0,0,0,0,0,0,0,0,0,0,0,0,0,0,0,0,0,0,16750.20458984375,117640.47766113281,0,67221331968,8589930496,11483099136,462741504
200,1724174567932,1268,1311,800,800,800,800,1920,800,857,894,884,867,1276,800,800,800,864,800,800,800,862,800,889,800,858,800,800,800,800,800,1265,800,0,0,0,100,0,0,0,0,0,0,0,0,0,0,0,0,0,0,0,0,0,0,0,0,0,0,0,0,0,0,0,0,0,16761.126953125,117650.06689453125,0,67221331968,8589930496,11589414912,462741504
200,1724174568132,1268,1311,800,800,800,800,1920,800,857,894,884,867,1276,800,800,800,864,800,800,800,862,800,889,800,858,800,800,800,800,800,1265,800,0,0,0,100,0,0,0,0,0,0,0,0,0,0,0,0,0,0,0,0,0,0,0,0,0,0,0,0,0,0,0,0,0,16771.988159179688,117659.60180664063,0,67221331968,8589930496,11688501248,462741504
200,1724174568332,1268,1311,800,800,800,800,1920,800,857,894,884,867,1276,800,800,800,864,800,800,800,862,800,889,800,858,800,800,800,800,800,1265,800,0,0,0,100,0,0,0,0,0,0,0,0,0,0,0,0,0,0,0,0,0,0,0,0,0,0,0,0,0,0,0,0,0,16782.856384277344,117669.14282226563,0,67221331968,8589930496,11786559488,462741504
200,1724174568532,1268,1311,800,800,800,800,1920,800,857,894,884,867,1276,800,800,800,864,800,800,800,862,800,889,800,858,800,800,800,800,800,1265,800,0,0,0,100,0,0,0,0,0,0,0,0,0,0,0,0,0,0,0,0,0,0,0,0,0,0,0,0,0,0,0,0,0,16793.728942871094,117678.6879272461,0,67221331968,8589930496,11892101120,462741504
200,1724174568732,1268,1311,800,800,800,800,1920,800,857,894,884,867,1276,800,800,800,864,800,800,800,862,800,889,800,858,800,800,800,800,800,1265,800,0,0,0,100,0,0,0,0,0,0,0,0,0,0,0,0,0,0,0,0,0,0,0,0,0,0,0,0,0,0,0,0,0,16804.59796142578,117688.2299194336,0,67221331968,8589930496,11998158848,462741504
200,1724174568932,1268,1311,800,800,800,800,1920,800,857,894,884,867,1276,800,800,800,864,800,800,800,862,800,889,800,858,800,800,800,800,800,1265,800,0,0,0,100,0,0,0,0,0,0,0,0,0,0,0,0,0,0,0,0,0,0,0,0,0,0,0,0,0,0,0,0,0,16815.51092529297,117697.81744384766,0,67221331968,8589930496,12097249280,462741504
200,1724174569132,1268,1311,800,800,800,800,1920,800,857,894,884,867,1276,800,800,800,864,800,800,800,862,800,889,800,858,800,800,800,800,800,1265,800,0,0,0,100,0,0,0,0,0,0,0,0,0,0,0,0,0,0,0,0,0,0,0,0,0,0,0,0,0,0,0,0,0,16826.404357910156,117707.3822631836,0,67221331968,8589930496,12204597248,462741504
200,1724174569332,1268,1311,800,800,800,800,1920,800,857,894,884,867,1276,800,800,800,864,800,800,800,862,800,889,800,858,800,800,800,800,800,1265,800,0,0,0,100,0,0,0,0,0,0,0,0,0,0,0,0,0,0,0,0,0,0,0,0,0,0,0,0,0,0,0,0,0,16837.355102539063,117717.0054321289,0,67221331968,8589930496,12303171584,462741504
200,1724174569532,1268,1311,800,800,800,800,1920,800,857,894,884,867,1276,800,800,800,864,800,800,800,862,800,889,800,858,800,800,800,800,800,1265,800,0,0,0,100,0,0,0,0,0,0,0,0,0,0,0,0,0,0,0,0,0,0,0,0,0,0,0,0,0,0,0,0,0,16848.225524902344,117726.5498046875,0,67221331968,8589930496,12402262016,462741504
200,1724174569732,1268,1311,800,800,800,800,1920,800,857,894,884,867,1276,800,800,800,864,800,800,800,862,800,889,800,858,800,800,800,800,800,1265,800,0,0,0,100,0,0,0,0,0,0,0,0,0,0,0,0,0,0,0,0,0,0,0,0,0,0,0,0,0,0,0,0,0,16859.096069335938,117736.09204101563,0,67221331968,8589930496,12501352448,462741504
200,1724174569932,1268,1311,800,800,800,800,1920,800,857,894,884,867,1276,800,800,800,864,800,800,800,862,800,889,800,858,800,800,800,800,800,1265,800,0,0,0,100,0,0,0,0,0,0,0,0,0,0,0,0,0,0,0,0,0,0,0,0,0,0,0,0,0,0,0,0,0,16870.068603515625,117745.73760986328,0,67221331968,8589930496,12608700416,462741504
200,1724174570133,1268,1311,800,800,800,800,1920,800,857,894,884,867,1276,800,800,800,864,800,800,800,862,800,889,800,858,800,800,800,800,800,1265,800,0,0,0,100,0,0,0,0,0,0,0,0,0,0,0,0,0,0,0,0,0,0,0,0,0,0,0,0,0,0,0,0,0,16880.99151611328,117755.328125,0,67221331968,8589930496,12705726464,462741504
200,1724174570333,1268,1311,800,800,800,800,1920,800,857,894,884,867,1276,800,800,800,864,800,800,800,862,800,889,800,858,800,800,800,800,800,1265,800,0,0,0,100,0,0,0,0,0,0,0,0,0,0,0,0,0,0,0,0,0,0,0,0,0,0,0,0,0,0,0,0,0,16891.86248779297,117764.87115478516,0,67221331968,8589930496,12812042240,462741504
200,1724174570533,1268,1311,800,800,800,800,1920,800,857,894,884,867,1276,800,800,800,864,800,800,800,862,800,889,800,858,800,800,800,800,800,1265,800,0,0,0,100,0,0,0,0,0,0,0,0,0,0,0,0,0,0,0,0,0,0,0,0,0,0,0,0,0,0,0,0,0,16902.854553222656,117774.53723144531,0,67221331968,8589930496,12910100480,462741504
200,1724174570733,1268,1311,800,800,800,800,1920,800,857,894,884,867,1276,800,800,800,864,800,800,800,862,800,889,800,858,800,800,800,800,800,1265,800,0,0,0,100,0,0,0,0,0,0,0,0,0,0,0,0,0,0,0,0,0,0,0,0,0,0,0,0,0,0,0,0,0,16913.812866210938,117784.16827392578,0,67221331968,8589930496,13008932864,462741504
200,1724174570933,1268,1311,800,800,800,800,1920,800,857,894,884,867,1276,800,800,800,864,800,800,800,862,800,889,800,858,800,800,800,800,800,1265,800,0,0,0,100,0,0,0,0,0,0,0,0,0,0,0,0,0,0,0,0,0,0,0,0,0,0,0,0,0,0,0,0,0,16924.80059814453,117793.82696533203,0,67221331968,8589930496,13115248640,462741504
200,1724174571133,1268,1311,800,800,800,800,1920,800,857,894,884,867,1276,800,800,800,864,800,800,800,862,800,889,800,858,800,800,800,800,800,1265,800,0,0,0,100,0,0,0,0,0,0,0,0,0,0,0,0,0,0,0,0,0,0,0,0,0,0,0,0,0,0,0,0,0,16935.643310546875,117803.34399414063,0,67221331968,8589930496,13213048832,462741504
200,1724174571333,1268,1311,800,800,800,800,1920,800,857,894,884,867,1276,800,800,800,864,800,800,800,862,800,889,800,858,800,800,800,800,800,1265,800,0,0,0,100,0,0,0,0,0,0,0,0,0,0,0,0,0,0,0,0,0,0,0,0,0,0,0,0,0,0,0,0,0,16946.63555908203,117813.00860595703,0,67221331968,8589930496,13318074368,462741504
200,1724174571533,1268,1311,800,800,800,800,1920,800,857,894,884,867,1276,800,800,800,864,800,800,800,862,800,889,800,858,800,800,800,800,800,1265,800,0,0,0,100,0,0,0,0,0,0,0,0,0,0,0,0,0,0,0,0,0,0,0,0,0,0,0,0,0,0,0,0,0,16957.471618652344,117822.51763916016,0,67221331968,8589930496,13416132608,462741504
200,1724174571733,1268,1311,800,800,800,800,1920,800,857,894,884,867,1276,800,800,800,864,800,800,800,862,800,889,800,858,800,800,800,800,800,1265,800,0,0,0,100,0,0,0,0,0,0,0,0,0,0,0,0,0,0,0,0,0,0,0,0,0,0,0,0,0,0,0,0,0,16968.329467773438,117832.04821777344,0,67221331968,8589930496,13513158656,462741504
200,1724174571933,1268,1311,800,800,800,800,1920,800,857,894,884,867,1276,800,800,800,864,800,800,800,862,800,889,800,858,800,800,800,800,800,1265,800,0,0,0,100,0,0,0,0,0,0,0,0,0,0,0,0,0,0,0,0,0,0,0,0,0,0,0,0,0,0,0,0,0,16979.226928710938,117841.61828613281,0,67221331968,8589930496,13619986432,462741504
200,1724174572134,1268,1311,800,800,800,800,1920,800,857,894,884,867,1276,800,800,800,864,800,800,800,862,800,889,800,858,800,800,800,800,800,1265,800,0,0,0,100,0,0,0,0,0,0,0,0,0,0,0,0,0,0,0,0,0,0,0,0,0,0,0,0,0,0,0,0,0,16990.178588867188,117851.24395751953,0,67221331968,8589930496,13718044672,462741504
200,1724174572334,1268,1311,800,800,800,800,1920,800,857,894,884,867,1276,800,800,800,864,800,800,800,862,800,889,800,858,800,800,800,800,800,1265,800,0,0,0,100,0,0,0,0,0,0,0,0,0,0,0,0,0,0,0,0,0,0,0,0,0,0,0,0,0,0,0,0,0,17001.109252929688,117860.84149169922,0,67221331968,8589930496,13816102912,462741504
200,1724174572534,1268,1311,800,800,800,800,1920,800,857,894,884,867,1276,800,800,800,864,800,800,800,862,800,889,800,858,800,800,800,800,800,1265,800,0,0,0,100,0,0,0,0,0,0,0,0,0,0,0,0,0,0,0,0,0,0,0,0,0,0,0,0,0,0,0,0,0,17011.92803955078,117870.33947753906,0,67221331968,8589930496,13923450880,462741504
200,1724174572734,1268,1311,800,800,800,800,1920,800,857,894,884,867,1276,800,800,800,864,800,800,800,862,800,889,800,858,800,800,800,800,800,1265,800,0,0,0,100,0,0,0,0,0,0,0,0,0,0,0,0,0,0,0,0,0,0,0,0,0,0,0,0,0,0,0,0,0,17022.83544921875,117879.9140625,0,67221331968,8589930496,14022541312,462741504
200,1724174572934,1268,1311,800,800,800,800,1920,800,857,894,884,867,1276,800,800,800,864,800,800,800,862,800,889,800,858,800,800,800,800,800,1265,800,0,0,0,100,0,0,0,0,0,0,0,0,0,0,0,0,0,0,0,0,0,0,0,0,0,0,0,0,0,0,0,0,0,17033.69598388672,117889.44750976563,0,67221331968,8589930496,14120599552,462741504
200,1724174573134,1268,1311,800,800,800,800,1920,800,857,894,884,867,1276,800,800,800,864,800,800,800,862,800,889,800,858,800,800,800,800,800,1265,800,0,0,0,100,0,0,0,0,0,0,0,0,0,0,0,0,0,0,0,0,0,0,0,0,0,0,0,0,0,0,0,0,0,17044.665161132813,117899.08947753906,0,67221331968,8589930496,14226657280,462741504
200,1724174573334,1268,1311,800,800,800,800,1920,800,857,894,884,867,1276,800,800,800,864,800,800,800,862,800,889,800,858,800,800,800,800,800,1265,800,0,0,0,100,0,0,0,0,0,0,0,0,0,0,0,0,0,0,0,0,0,0,0,0,0,0,0,0,0,0,0,0,0,17055.7998046875,117908.8970336914,0,67221331968,8589930496,14324715520,462741504
200,1724174573534,1268,1311,800,800,800,800,1920,800,857,894,884,867,1276,800,800,800,864,800,800,800,862,800,889,800,858,800,800,800,800,800,1265,800,0,0,0,100,0,0,0,0,0,0,0,0,0,0,0,0,0,0,0,0,0,0,0,0,0,0,0,0,0,0,0,0,0,17066.6513671875,117918.42236328125,0,67221331968,8589930496,14423805952,462741504
200,1724174573734,1268,1311,800,800,800,800,1920,800,857,894,884,867,1276,800,800,800,864,800,800,800,862,800,889,800,858,800,800,800,800,800,1265,800,0,0,0,100,0,0,0,0,0,0,0,0,0,0,0,0,0,0,0,0,0,0,0,0,0,0,0,0,0,0,0,0,0,17077.50146484375,117927.94580078125,0,67221331968,8589930496,14530895872,462741504
200,1724174573934,1268,1311,800,800,800,800,1920,800,857,894,884,867,1276,800,800,800,864,800,800,800,862,800,889,800,858,800,800,800,800,800,1265,800,0,0,0,100,0,0,0,0,0,0,0,0,0,0,0,0,0,0,0,0,0,0,0,0,0,0,0,0,0,0,0,0,0,17088.378967285156,117937.49584960938,0,67221331968,8589930496,14629212160,462741504
200,1724174574135,1268,1311,800,800,800,800,1920,800,857,894,884,867,1276,800,800,800,864,800,800,800,862,800,889,800,858,800,800,800,800,800,1265,800,0,0,0,100,0,0,0,0,0,0,0,0,0,0,0,0,0,0,0,0,0,0,0,0,0,0,0,0,0,0,0,0,0,17099.270080566406,117947.05462646484,0,67221331968,8589930496,14734495744,462741504
200,1724174574335,1268,1311,800,800,800,800,1920,800,857,894,884,867,1276,800,800,800,864,800,800,800,862,800,889,800,858,800,800,800,800,800,1265,800,0,0,0,100,0,0,0,0,0,0,0,0,0,0,0,0,0,0,0,0,0,0,0,0,0,0,0,0,0,0,0,0,0,17110.088256835938,117956.55200195313,0,67221331968,8589930496,14832295936,462741504
200,1724174574535,1268,1311,800,800,800,800,1920,800,857,894,884,867,1276,800,800,800,864,800,800,800,862,800,889,800,858,800,800,800,800,800,1265,800,0,0,0,100,0,0,0,0,0,0,0,0,0,0,0,0,0,0,0,0,0,0,0,0,0,0,0,0,0,0,0,0,0,17121.08319091797,117966.21301269531,0,67221331968,8589930496,14931386368,462741504
200,1724174574735,1268,1311,800,800,800,800,1920,800,857,894,884,867,1276,800,800,800,864,800,800,800,862,800,889,800,858,800,800,800,800,800,1265,800,0,0,0,100,0,0,0,0,0,0,0,0,0,0,0,0,0,0,0,0,0,0,0,0,0,0,0,0,0,0,0,0,0,17131.936279296875,117975.73864746094,0,67221331968,8589930496,15036669952,462741504
200,1724174574935,1268,1311,800,800,800,800,1920,800,857,894,884,867,1276,800,800,800,864,800,800,800,862,800,889,800,858,800,800,800,800,800,1265,800,0,0,0,100,0,0,0,0,0,0,0,0,0,0,0,0,0,0,0,0,0,0,0,0,0,0,0,0,0,0,0,0,0,17142.774536132813,117985.25103759766,0,67221331968,8589930496,15135244288,462741504
199,1724174575135,1268,1311,800,800,800,800,1920,800,857,894,884,867,1276,800,800,800,864,800,800,800,862,800,889,800,858,800,800,800,800,800,1265,800,0,0,0,100,0,0,0,0,0,0,0,0,0,0,0,0,0,0,0,0,0,0,0,0,0,0,0,0,0,0,0,0,0,17153.742126464844,117994.89178466797,0,67221331968,8589930496,15234334720,462741504
200,1724174575335,1268,1311,800,800,800,800,1920,800,857,894,884,867,1276,800,800,800,864,800,800,800,862,800,889,800,858,800,800,800,800,800,1265,800,0,0,0,100,0,0,0,0,0,0,0,0,0,0,0,0,0,0,0,0,0,0,0,0,0,0,0,0,0,0,0,0,0,17164.717895507813,118004.53234863281,0,67221331968,8589930496,15340134400,462741504
200,1724174575535,1268,1311,800,800,800,800,1920,800,857,894,884,867,1276,800,800,800,864,800,800,800,862,800,889,800,858,800,800,800,800,800,1265,800,0,0,0,100,0,0,0,0,0,0,0,0,0,0,0,0,0,0,0,0,0,0,0,0,0,0,0,0,0,0,0,0,0,17175.582153320313,118014.06994628906,0,67221331968,8589930496,15439224832,462741504
200,1724174575735,1268,1311,800,800,800,800,1920,800,857,894,884,867,1276,800,800,800,864,800,800,800,862,800,889,800,858,800,800,800,800,800,1265,800,0,0,0,100,0,0,0,0,0,0,0,0,0,0,0,0,0,0,0,0,0,0,0,0,0,0,0,0,0,0,0,0,0,17186.432678222656,118023.59484863281,0,67221331968,8589930496,15538315264,462741504
200,1724174575935,1268,1311,800,800,800,800,1920,800,857,894,884,867,1276,800,800,800,864,800,800,800,862,800,889,800,858,800,800,800,800,800,1265,800,0,0,0,100,0,0,0,0,0,0,0,0,0,0,0,0,0,0,0,0,0,0,0,0,0,0,0,0,0,0,0,0,0,17197.28497314453,118033.12048339844,0,67221331968,8589930496,15644631040,462741504
200,1724174576135,1268,1311,800,800,800,800,1920,800,857,894,884,867,1276,800,800,800,864,800,800,800,862,800,889,800,858,800,800,800,800,800,1265,800,0,0,0,100,0,0,0,0,0,0,0,0,0,0,0,0,0,0,0,0,0,0,0,0,0,0,0,0,0,0,0,0,0,17208.162109375,118042.6693725586,0,67221331968,8589930496,15742173184,462741504
200,1724174576335,1268,1311,800,800,800,800,1920,800,857,894,884,867,1276,800,800,800,864,800,800,800,862,800,889,800,858,800,800,800,800,800,1265,800,0,0,0,100,0,0,0,0,0,0,0,0,0,0,0,0,0,0,0,0,0,0,0,0,0,0,0,0,0,0,0,0,0,17219.039611816406,118052.22039794922,0,67221331968,8589930496,15841263616,462741504
200,1724174576536,1268,1311,800,800,800,800,1920,800,857,894,884,867,1276,800,800,800,864,800,800,800,862,800,889,800,858,800,800,800,800,800,1265,800,0,0,0,100,0,0,0,0,0,0,0,0,0,0,0,0,0,0,0,0,0,0,0,0,0,0,0,0,0,0,0,0,0,17230.008239746094,118061.86254882813,0,67221331968,8589930496,15947579392,462741504
200,1724174576736,1268,1311,800,800,800,800,1920,800,857,894,884,867,1276,800,800,800,864,800,800,800,862,800,889,800,858,800,800,800,800,800,1265,800,0,0,0,100,0,0,0,0,0,0,0,0,0,0,0,0,0,0,0,0,0,0,0,0,0,0,0,0,0,0,0,0,0,17240.916625976563,118071.4370727539,0,67221331968,8589930496,16046669824,462741504
200,1724174576936,1268,1311,800,800,800,800,1920,800,857,894,884,867,1276,800,800,800,864,800,800,800,862,800,889,800,858,800,800,800,800,800,1265,800,0,0,0,100,0,0,0,0,0,0,0,0,0,0,0,0,0,0,0,0,0,0,0,0,0,0,0,0,0,0,0,0,0,17251.783081054688,118080.97528076172,0,67221331968,8589930496,16143695872,462741504
200,1724174577136,1268,1311,800,800,800,800,1920,800,857,894,884,867,1276,800,800,800,864,800,800,800,862,800,889,800,858,800,800,800,800,800,1265,800,0,0,0,100,0,0,0,0,0,0,0,0,0,0,0,0,0,0,0,0,0,0,0,0,0,0,0,0,0,0,0,0,0,17262.65118408203,118090.51647949219,0,67221331968,8589930496,16253108224,462741504
200,1724174577336,1268,1311,800,800,800,800,1920,800,857,894,884,867,1276,800,800,800,864,800,800,800,862,800,889,800,858,800,800,800,800,800,1265,800,0,0,0,100,0,0,0,0,0,0,0,0,0,0,0,0,0,0,0,0,0,0,0,0,0,0,0,0,0,0,0,0,0,17273.5029296875,118100.0419921875,0,67221331968,8589930496,16355037184,462741504
200,1724174577536,1268,1311,800,800,800,800,1920,800,857,894,884,867,1276,800,800,800,864,800,800,800,862,800,889,800,858,800,800,800,800,800,1265,800,0,0,0,100,0,0,0,0,0,0,0,0,0,0,0,0,0,0,0,0,0,0,0,0,0,0,0,0,0,0,0,0,0,17284.553161621094,118109.76440429688,0,67221331968,8589930496,16456192000,462741504
200,1724174577736,1268,1311,800,800,800,800,1920,800,857,894,884,867,1276,800,800,800,864,800,800,800,862,800,889,800,858,800,800,800,800,800,1265,800,0,0,0,100,0,0,0,0,0,0,0,0,0,0,0,0,0,0,0,0,0,0,0,0,0,0,0,0,0,0,0,0,0,17295.402404785156,118119.28680419922,0,67221331968,8589930496,16558120960,462741504
200,1724174577936,1268,1311,800,800,800,800,1920,800,857,894,884,867,1276,800,800,800,864,800,800,800,862,800,889,800,858,800,800,800,800,800,1265,800,0,0,0,100,0,0,0,0,0,0,0,0,0,0,0,0,0,0,0,0,0,0,0,0,0,0,0,0,0,0,0,0,0,17306.263244628906,118128.82049560547,0,67221331968,8589930496,16665468928,462741504
200,1724174578136,1268,1311,800,800,800,800,1920,800,857,894,884,867,1276,800,800,800,864,800,800,800,862,800,889,800,858,800,800,800,800,800,1265,800,4.761904716491699,0,0,100,0,0,0,0,0,0,0,0,0,0,0,0,0,0,0,0,0,0,0,0,0,0,0,0,0,0,0,0,0,17317.21728515625,118138.44848632813,0,67221331968,8589930496,16764559360,462741504
200,1724174578336,1268,1311,800,800,800,800,1920,800,857,894,884,867,1276,800,800,800,864,800,800,800,862,800,889,800,858,800,800,800,800,800,1265,800,0,0,0,100,0,0,0,0,0,0,0,0,0,0,0,0,0,0,0,0,0,0,0,0,0,0,0,0,0,0,0,0,0,17328.080932617188,118147.98425292969,0,67221331968,8589930496,16863133696,462741504
200,1724174578536,1268,1311,800,800,800,800,1920,800,857,894,884,867,1276,800,800,800,864,800,800,800,862,800,889,800,858,800,800,800,800,800,1265,800,0,0,0,100,0,0,0,0,0,0,0,0,0,0,0,0,0,0,0,0,0,0,0,0,0,0,0,0,0,0,0,0,0,17339.105712890625,118157.68170166016,0,67221331968,8589930496,16962224128,462741504
200,1724174578736,1268,1311,800,800,800,800,1920,800,857,894,884,867,1276,800,800,800,864,800,800,800,862,800,889,800,858,800,800,800,800,800,1265,800,0,0,0,100,0,0,0,0,0,0,0,0,0,0,0,0,0,0,0,0,0,0,0,0,0,0,0,0,0,0,0,0,0,17350.00421142578,118167.25134277344,0,67221331968,8589930496,17061830656,462741504
200,1724174578937,1268,1311,800,800,800,800,1920,800,857,894,884,867,1276,800,800,800,864,800,800,800,862,800,889,800,858,800,800,800,800,800,1265,800,0,0,0,100,0,0,0,0,0,0,0,0,0,0,0,0,0,0,0,0,0,0,0,0,0,0,0,0,0,0,0,0,0,17360.84881591797,118176.77001953125,0,67221331968,8589930496,17167114240,462741504
200,1724174579137,1268,1311,800,800,800,800,1920,800,857,894,884,867,1276,800,800,800,864,800,800,800,862,800,889,800,858,800,800,800,800,800,1265,800,0,0,0,100,0,0,0,0,0,0,0,0,0,0,0,0,0,0,0,0,0,0,0,0,0,0,0,0,0,0,0,0,0,17371.71746826172,118186.31140136719,0,67221331968,8589930496,17265664000,462741504
200,1724174579337,1268,1311,800,800,800,800,1920,800,857,894,884,867,1276,800,800,800,864,800,800,800,862,800,889,800,858,800,800,800,800,800,1265,800,0,0,0,100,0,0,0,0,0,0,0,0,0,0,0,0,0,0,0,0,0,0,0,0,0,0,0,0,0,0,0,0,0,17382.63702392578,118195.89794921875,0,67221331968,8589930496,17371979776,462741504
200,1724174579537,1268,1311,800,800,800,800,1920,800,857,894,884,867,1276,800,800,800,864,800,800,800,862,800,889,800,858,800,800,800,800,800,1265,800,0,0,0,100,0,0,0,0,0,0,0,0,0,0,0,0,0,0,0,0,0,0,0,0,0,0,0,0,0,0,0,0,0,17393.520629882813,118205.45294189453,0,67221331968,8589930496,17471070208,462741504
200,1724174579737,1268,1311,800,800,800,800,1920,800,857,894,884,867,1276,800,800,800,864,800,800,800,862,800,889,800,858,800,800,800,800,800,1265,800,0,0,0,100,0,0,0,0,0,0,0,0,0,0,0,0,0,0,0,0,0,0,0,0,0,0,0,0,0,0,0,0,0,17404.439514160156,118215.04656982422,0,67221331968,8589930496,17568612352,462741504
200,1724174579937,1268,1311,800,800,800,800,1920,800,857,894,884,867,1276,800,800,800,864,800,800,800,862,800,889,800,858,800,800,800,800,800,1265,800,0,0,0,100,0,0,0,0,0,0,0,0,0,0,0,0,0,0,0,0,0,0,0,0,0,0,0,0,0,0,0,0,0,17415.382873535156,118224.66192626953,0,67221331968,8589930496,17673236480,462741504
200,1724174580137,1268,1311,800,800,800,800,1920,800,857,894,884,867,1276,800,800,800,864,800,800,800,862,800,889,800,858,800,800,800,800,800,1265,800,0,0,0,100,0,0,0,0,0,0,0,0,0,0,0,0,0,0,0,0,0,0,0,0,0,0,0,0,0,0,0,0,0,17426.397216796875,118234.3500366211,0,67221331968,8589930496,17772326912,462741504
200,1724174580337,1268,1311,800,800,800,800,1920,800,857,894,884,867,1276,800,800,800,864,800,800,800,862,800,889,800,858,800,800,800,800,800,1265,800,0,0,0,100,0,0,0,0,0,0,0,0,0,0,0,0,0,0,0,0,0,0,0,0,0,0,0,0,0,0,0,0,0,17437.274353027344,118243.89978027344,0,67221331968,8589930496,17871417344,462741504
200,1724174580537,1268,1311,800,800,800,800,1920,800,857,894,884,867,1276,800,800,800,864,800,800,800,862,800,889,800,858,800,800,800,800,800,1265,800,0,0,0,100,0,0,0,0,0,0,0,0,0,0,0,0,0,0,0,0,0,0,0,0,0,0,0,0,0,0,0,0,0,17448.15594482422,118253.45196533203,0,67221331968,8589930496,17970507776,462741504
200,1724174580737,1268,1311,800,800,800,800,1920,800,857,894,884,867,1276,800,800,800,864,800,800,800,862,800,889,800,858,800,800,800,800,800,1265,800,4.761904716491699,0,0,100,0,0,0,0,0,0,0,0,0,0,0,0,0,0,0,0,0,0,0,0,0,0,0,0,0,0,0,0,0,17459.05224609375,118263.02215576172,0,67221331968,8589930496,18076823552,462741504
200,1724174580937,1268,1311,800,800,800,800,1920,800,857,894,884,867,1276,800,800,800,864,800,800,800,862,800,889,800,858,800,800,800,800,800,1265,800,0,0,0,100,0,0,0,0,0,0,0,0,0,0,0,0,0,0,0,0,0,0,0,0,0,0,0,0,0,0,0,0,0,17469.971252441406,118272.615234375,0,67221331968,8589930496,18174881792,462741504
200,1724174581138,1268,1311,800,800,800,800,1920,800,857,894,884,867,1276,800,800,800,864,800,800,800,862,800,889,800,858,800,800,800,800,800,1265,800,0,0,0,100,0,0,0,0,0,0,0,0,0,0,0,0,0,0,0,0,0,0,0,0,0,0,0,0,0,0,0,0,0,17480.85089111328,118282.16748046875,0,67221331968,8589930496,18279202816,462741504
200,1724174581338,1268,1311,800,800,800,800,1920,800,857,894,884,867,1276,800,800,800,864,800,800,800,862,800,889,800,858,800,800,800,800,800,1265,800,0,0,0,100,0,0,0,0,0,0,0,0,0,0,0,0,0,0,0,0,0,0,0,0,0,0,0,0,0,0,0,0,0,17491.763305664063,118291.7465209961,0,67221331968,8589930496,18376744960,462741504
200,1724174581538,1268,1311,800,800,800,800,1920,800,857,894,884,867,1276,800,800,800,864,800,800,800,862,800,889,800,858,800,800,800,800,800,1265,800,0,0,0,100,0,0,0,0,0,0,0,0,0,0,0,0,0,0,0,0,0,0,0,0,0,0,0,0,0,0,0,0,0,17502.70281982422,118301.35888671875,0,67221331968,8589930496,18475835392,462741504
200,1724174581738,1268,1311,800,800,800,800,1920,800,857,894,884,867,1276,800,800,800,864,800,800,800,862,800,889,800,858,800,800,800,800,800,1265,800,0,0,0,100,0,0,0,0,0,0,0,0,0,0,0,0,0,0,0,0,0,0,0,0,0,0,0,0,0,0,0,0,0,17513.57745361328,118310.90625,0,67221331968,8589930496,18582151168,462741504
200,1724174581938,1268,1311,800,800,800,800,1920,800,857,894,884,867,1276,800,800,800,864,800,800,800,862,800,889,800,858,800,800,800,800,800,1265,800,0,0,0,100,0,0,0,0,0,0,0,0,0,0,0,0,0,0,0,0,0,0,0,0,0,0,0,0,0,0,0,0,0,17524.49835205078,118320.50170898438,0,67221331968,8589930496,18679947264,462741504
200,1724174582138,1268,1311,800,800,800,800,1920,800,857,894,884,867,1276,800,800,800,864,800,800,800,862,800,889,800,858,800,800,800,800,800,1265,800,0,0,0,100,0,0,0,0,0,0,0,0,0,0,0,0,0,0,0,0,0,0,0,0,0,0,0,0,0,0,0,0,0,17535.344116210938,118330.0205078125,0,67221331968,8589930496,18778005504,462741504
200,1724174582338,1268,1311,800,800,800,800,1920,800,857,894,884,867,1276,800,800,800,864,800,800,800,862,800,889,800,858,800,800,800,800,800,1265,800,0,0,0,100,0,0,0,0,0,0,0,0,0,0,0,0,0,0,0,0,0,0,0,0,0,0,0,0,0,0,0,0,0,17546.207885742188,118339.5562133789,0,67221331968,8589930496,18884321280,462741504
200,1724174582538,1268,1311,800,800,800,800,1920,800,857,894,884,867,1276,800,800,800,864,800,800,800,862,800,889,800,858,800,800,800,800,800,1265,800,0,0,0,100,0,0,0,0,0,0,0,0,0,0,0,0,0,0,0,0,0,0,0,0,0,0,0,0,0,0,0,0,0,17557.055603027344,118349.07781982422,0,67221331968,8589930496,18982379520,462741504
200,1724174582738,1268,1311,800,800,800,800,1920,800,857,894,884,867,1276,800,800,800,864,800,800,800,862,800,889,800,858,800,800,800,800,800,1265,800,0,0,0,100,0,0,0,0,0,0,0,0,0,0,0,0,0,0,0,0,0,0,0,0,0,0,0,0,0,0,0,0,0,17567.915588378906,118358.60961914063,0,67221331968,8589930496,19080437760,462741504
200,1724174582938,1268,1311,800,800,800,800,1920,800,857,894,884,867,1276,800,800,800,864,800,800,800,862,800,889,800,858,800,800,800,800,800,1265,800,0,0,0,100,0,0,0,0,0,0,0,0,0,0,0,0,0,0,0,0,0,0,0,0,0,0,0,0,0,0,0,0,0,17578.75372314453,118368.12194824219,0,67221331968,8589930496,19187785728,462741504
200,1724174583139,1268,1311,800,800,800,800,1920,800,857,894,884,867,1276,800,800,800,864,800,800,800,862,800,889,800,858,800,800,800,800,800,1265,800,0,0,0,100,0,0,0,0,0,0,0,0,0,0,0,0,0,0,0,0,0,0,0,0,0,0,0,0,0,0,0,0,0,17589.6044921875,118377.64538574219,0,67221331968,8589930496,19285745664,462741504
200,1724174583339,1268,1311,800,800,800,800,1920,800,857,894,884,867,1276,800,800,800,864,800,800,800,862,800,889,800,858,800,800,800,800,800,1265,800,0,0,0,100,0,0,0,0,0,0,0,0,0,0,0,0,0,0,0,0,0,0,0,0,0,0,0,0,0,0,0,0,0,17600.61700439453,118387.32989501953,0,67221331968,8589930496,19383803904,462741504
200,1724174583539,1268,1311,800,800,800,800,1920,800,857,894,884,867,1276,800,800,800,864,800,800,800,862,800,889,800,858,800,800,800,800,800,1265,800,0,0,0,100,0,0,0,0,0,0,0,0,0,0,0,0,0,0,0,0,0,0,0,0,0,0,0,0,0,0,0,0,0,17611.511474609375,118396.89227294922,0,67221331968,8589930496,19489087488,462741504
200,1724174583739,1268,1311,800,800,800,800,1920,800,857,894,884,867,1276,800,800,800,864,800,800,800,862,800,889,800,858,800,800,800,800,800,1265,800,0,0,0,100,0,0,0,0,0,0,0,0,0,0,0,0,0,0,0,0,0,0,0,0,0,0,0,0,0,0,0,0,0,17622.308349609375,118406.36798095703,0,67221331968,8589930496,19588177920,462741504
200,1724174583939,1268,1311,800,800,800,800,1920,800,857,894,884,867,1276,800,800,800,864,800,800,800,862,800,889,800,858,800,800,800,800,800,1265,800,0,0,0,100,0,0,0,0,0,0,0,0,0,0,0,0,0,0,0,0,0,0,0,0,0,0,0,0,0,0,0,0,0,17633.193908691406,118415.92108154297,0,67221331968,8589930496,19686236160,462741504
200,1724174584139,1268,1311,800,800,800,800,1920,800,857,894,884,867,1276,800,800,800,864,800,800,800,862,800,889,800,858,800,800,800,800,800,1265,800,0,0,0,100,0,0,0,0,0,0,0,0,0,0,0,0,0,0,0,0,0,0,0,0,0,0,0,0,0,0,0,0,0,17644.16680908203,118425.56787109375,0,67221331968,8589930496,19792588800,462741504
200,1724174584339,1268,1311,800,800,800,800,1920,800,857,894,884,867,1276,800,800,800,864,800,800,800,862,800,889,800,858,800,800,800,800,800,1265,800,0,0,0,100,0,0,0,0,0,0,0,0,0,0,0,0,0,0,0,0,0,0,0,0,0,0,0,0,0,0,0,0,0,17655.041870117188,118435.11517333984,0,67221331968,8589930496,19891679232,462741504
200,1724174584539,1268,1311,800,800,800,800,1920,800,857,894,884,867,1276,800,800,800,864,800,800,800,862,800,889,800,858,800,800,800,800,800,1265,800,0,0,0,100,0,0,0,0,0,0,0,0,0,0,0,0,0,0,0,0,0,0,0,0,0,0,0,0,0,0,0,0,0,17665.902282714844,118444.64758300781,0,67221331968,8589930496,19989221376,462741504
200,1724174584739,1268,1311,800,800,800,800,1920,800,857,894,884,867,1276,800,800,800,864,800,800,800,862,800,889,800,858,800,800,800,800,800,1265,800,0,0,0,100,0,0,0,0,0,0,0,0,0,0,0,0,0,0,0,0,0,0,0,0,0,0,0,0,0,0,0,0,0,17676.759765625,118454.17169189453,0,67221331968,8589930496,20088311808,462741504
200,1724174584939,1268,1311,800,800,800,800,1920,800,857,894,884,867,1276,800,800,800,864,800,800,800,862,800,889,800,858,800,800,800,800,800,1265,800,0,0,0,100,0,0,0,0,0,0,0,0,0,0,0,0,0,0,0,0,0,0,0,0,0,0,0,0,0,0,0,0,0,17687.601684570313,118463.68078613281,0,67221331968,8589930496,20193595392,462741504
200,1724174585140,1268,1311,800,800,800,800,1920,800,857,894,884,867,1276,800,800,800,864,800,800,800,862,800,889,800,858,800,800,800,800,800,1265,800,0,0,0,100,0,0,0,0,0,0,0,0,0,0,0,0,0,0,0,0,0,0,0,0,0,0,0,0,0,0,0,0,0,17698.47296142578,118473.22534179688,0,67221331968,8589930496,20290527232,462741504
200,1724174585340,1268,1311,800,800,800,800,1920,800,857,894,884,867,1276,800,800,800,864,800,800,800,862,800,889,800,858,800,800,800,800,800,1265,800,0,0,0,100,0,0,0,0,0,0,0,0,0,0,0,0,0,0,0,0,0,0,0,0,0,0,0,0,0,0,0,0,0,17709.491455078125,118482.91015625,0,67221331968,8589930496,20397875200,462741504
200,1724174585540,1268,1311,800,800,800,800,1920,800,857,894,884,867,1276,800,800,800,864,800,800,800,862,800,889,800,858,800,800,800,800,800,1265,800,0,0,0,100,0,0,0,0,0,0,0,0,0,0,0,0,0,0,0,0,0,0,0,0,0,0,0,0,0,0,0,0,0,17720.56036376953,118492.65106201172,0,67221331968,8589930496,20503674880,462741504
200,1724174585740,1268,1311,800,800,800,800,1920,800,857,894,884,867,1276,800,800,800,864,800,800,800,862,800,889,800,858,800,800,800,800,800,1265,800,0,0,0,100,0,0,0,0,0,0,0,0,0,0,0,0,0,0,0,0,0,0,0,0,0,0,0,0,0,0,0,0,0,17731.402282714844,118502.16589355469,0,67221331968,8589930496,20601733120,462741504
200,1724174585940,1268,1311,800,800,800,800,1920,800,857,894,884,867,1276,800,800,800,864,800,800,800,862,800,889,800,858,800,800,800,800,800,1265,800,0,0,0,100,0,0,0,0,0,0,0,0,0,0,0,0,0,0,0,0,0,0,0,0,0,0,0,0,0,0,0,0,0,17742.268493652344,118511.70397949219,0,67221331968,8589930496,20701097984,462741504
200,1724174586140,1268,1311,800,800,800,800,1920,800,857,894,884,867,1276,800,800,800,864,800,800,800,862,800,889,800,858,800,800,800,800,800,1265,800,0,0,0,100,0,0,0,0,0,0,0,0,0,0,0,0,0,0,0,0,0,0,0,0,0,0,0,0,0,0,0,0,0,17753.23468017578,118521.34381103516,0,67221331968,8589930496,20805349376,462741504
200,1724174586340,1268,1311,800,800,800,800,1920,800,857,894,884,867,1276,800,800,800,864,800,800,800,862,800,889,800,858,800,800,800,800,800,1265,800,0,0,0,100,0,0,0,0,0,0,0,0,0,0,0,0,0,0,0,0,0,0,0,0,0,0,0,0,0,0,0,0,0,17764.09942626953,118530.880859375,0,67221331968,8589930496,20903407616,462741504
200,1724174586540,1268,1311,800,800,800,800,1920,800,857,894,884,867,1276,800,800,800,864,800,800,800,862,800,889,800,858,800,800,800,800,800,1265,800,0,0,0,100,0,0,0,0,0,0,0,0,0,0,0,0,0,0,0,0,0,0,0,0,0,0,0,0,0,0,0,0,0,17774.948486328125,118540.4028930664,0,67221331968,8589930496,21010239488,462741504
200,1724174586740,1268,1311,800,800,800,800,1920,800,857,894,884,867,1276,800,800,800,864,800,800,800,862,800,889,800,858,800,800,800,800,800,1265,800,0,0,0,100,0,0,0,0,0,0,0,0,0,0,0,0,0,0,0,0,0,0,0,0,0,0,0,0,0,0,0,0,0,17785.7978515625,118549.92681884766,0,67221331968,8589930496,21109329920,462741504
200,1724174586940,1268,1311,800,800,800,800,1920,800,857,894,884,867,1276,800,800,800,864,800,800,800,862,800,889,800,858,800,800,800,800,800,1265,800,0,0,0,100,0,0,0,0,0,0,0,0,0,0,0,0,0,0,0,0,0,0,0,0,0,0,0,0,0,0,0,0,0,17796.66925048828,118559.46942138672,0,67221331968,8589930496,21208420352,462741504
200,1724174587141,1268,1311,800,800,800,800,1920,800,857,894,884,867,1276,800,800,800,864,800,800,800,862,800,889,800,858,800,800,800,800,800,1265,800,0,0,0,100,0,0,0,0,0,0,0,0,0,0,0,0,0,0,0,0,0,0,0,0,0,0,0,0,0,0,0,0,0,17807.521362304688,118568.99462890625,0,67221331968,8589930496,21314588672,462741504
200,1724174587341,1268,1311,800,800,800,800,1920,800,857,894,884,867,1276,800,800,800,864,800,800,800,862,800,889,800,858,800,800,800,800,800,1265,800,0,0,0,100,0,0,4.761904716491699,0,0,0,0,0,0,0,0,0,0,0,0,0,0,0,0,0,0,0,0,0,0,0,0,0,0,17818.472412109375,118578.61889648438,0,67221331968,8589930496,21413679104,462741504
200,1724174587541,1268,1311,800,800,800,800,1920,800,857,894,884,867,1276,800,800,800,864,800,800,800,862,800,889,800,858,800,800,800,800,800,1265,800,0,0,0,100,0,0,0,0,0,0,0,0,0,0,0,0,0,0,0,0,0,0,0,0,0,0,0,0,0,0,0,0,0,17829.379638671875,118588.19366455078,0,67221331968,8589930496,21512769536,462741504
200,1724174587741,1268,1311,800,800,800,800,1920,800,857,894,884,867,1276,800,800,800,864,800,800,800,862,800,889,800,858,800,800,800,800,800,1265,800,0,0,0,100,0,0,0,0,0,0,0,0,0,0,0,0,0,0,0,0,0,0,0,0,0,0,0,0,0,0,0,0,0,17840.18280029297,118597.67547607422,0,67221331968,8589930496,21611859968,462741504
200,1724174587941,1268,1311,800,800,800,800,1920,800,857,894,884,867,1276,800,800,800,864,800,800,800,862,800,889,800,858,800,800,800,800,800,1265,800,0,0,0,100,0,0,0,0,0,0,0,0,0,0,0,0,0,0,0,0,0,0,0,0,0,0,0,0,0,0,0,0,0,17851.065795898438,118607.22662353516,0,67221331968,8589930496,21718695936,462741504
200,1724174588141,1268,1311,800,800,800,800,1920,800,857,894,884,867,1276,800,800,800,864,800,800,800,862,800,889,800,858,800,800,800,800,800,1265,800,0,0,0,100,0,0,0,0,0,0,0,0,0,0,0,0,0,0,0,0,0,0,0,0,0,0,0,0,0,0,0,0,0,17862.111450195313,118616.94506835938,0,67221331968,8589930496,21815721984,462741504
200,1724174588341,1268,1311,800,800,800,800,1920,800,857,894,884,867,1276,800,800,800,864,800,800,800,862,800,889,800,858,800,800,800,800,800,1265,800,0,0,0,100,0,0,0,0,0,0,0,0,0,0,0,0,0,0,0,0,0,0,0,0,0,0,0,0,0,0,0,0,0,17872.975341796875,118626.48114013672,0,67221331968,8589930496,21922037760,462741504
200,1724174588541,1268,1311,800,800,800,800,1920,800,857,894,884,867,1276,800,800,800,864,800,800,800,862,800,889,800,858,800,800,800,800,800,1265,800,0,0,0,100,0,0,0,0,0,0,0,0,0,0,0,0,0,0,0,0,0,0,0,0,0,0,0,0,0,0,0,0,0,17883.83526611328,118636.01306152344,0,67221331968,8589930496,22021128192,462741504
200,1724174588741,1268,1311,800,800,800,800,1920,800,857,894,884,867,1276,800,800,800,864,800,800,800,862,800,889,800,858,800,800,800,800,800,1265,800,0,0,0,100,0,0,0,0,0,0,0,0,0,0,0,0,0,0,0,0,0,0,0,0,0,0,0,0,0,0,0,0,0,17894.69512939453,118645.54620361328,0,67221331968,8589930496,22120218624,462741504
200,1724174588941,1268,1311,800,800,800,800,1920,800,857,894,884,867,1276,800,800,800,864,800,800,800,862,800,889,800,858,800,800,800,800,800,1265,800,0,0,0,100,0,0,0,0,0,0,0,0,0,0,0,0,0,0,0,0,0,0,0,0,0,0,0,0,0,0,0,0,0,17905.554931640625,118655.0791015625,0,67221331968,8589930496,22219296768,462741504
200,1724174589142,1268,1311,800,800,800,800,1920,800,857,894,884,867,1276,800,800,800,864,800,800,800,862,800,889,800,858,800,800,800,800,800,1265,800,0,0,0,100,0,0,0,0,0,0,0,0,0,0,0,0,0,0,0,0,0,0,0,0,0,0,0,0,0,0,0,0,0,17916.47735595703,118664.67529296875,0,67221331968,8589930496,22325354496,462741504
200,1724174589342,1268,1311,800,800,800,800,1920,800,857,894,884,867,1276,800,800,800,864,800,800,800,862,800,889,800,858,800,800,800,800,800,1265,800,0,0,0,100,0,0,0,0,0,0,0,0,0,0,0,0,0,0,0,0,0,0,0,0,0,0,0,0,0,0,0,0,0,17927.438415527344,118674.3101196289,0,67221331968,8589930496,22424444928,462741504
200,1724174589542,1268,1311,800,800,800,800,1920,800,857,894,884,867,1276,800,800,800,864,800,800,800,862,800,889,800,858,800,800,800,800,800,1265,800,0,0,0,100,0,0,0,0,0,0,0,0,0,0,0,0,0,0,0,0,0,0,0,0,0,0,0,0,0,0,0,0,0,17938.29998779297,118683.84411621094,0,67221331968,8589930496,22523535360,462741504
200,1724174589742,1268,1311,800,800,800,800,1920,800,857,894,884,867,1276,800,800,800,864,800,800,800,862,800,889,800,858,800,800,800,800,800,1265,800,0,0,0,100,0,0,0,0,0,0,0,0,0,0,0,0,0,0,0,0,0,0,0,0,0,0,0,0,0,0,0,0,0,17949.215087890625,118693.42590332031,0,67221331968,8589930496,22630109184,462741504
200,1724174589942,1268,1311,800,800,800,800,1920,800,857,894,884,867,1276,800,800,800,864,800,800,800,862,800,889,800,858,800,800,800,800,800,1265,800,0,0,0,100,0,0,0,0,0,0,0,0,0,0,0,0,0,0,0,0,0,0,0,0,0,0,0,0,0,0,0,0,0,17960.093505859375,118702.97747802734,0,67221331968,8589930496,22727135232,462741504
200,1724174590142,1268,1311,800,800,800,800,1920,800,857,894,884,867,1276,800,800,800,864,800,800,800,862,800,889,800,858,800,800,800,800,800,1265,800,0,0,0,100,0,0,0,0,0,0,0,0,0,0,0,0,0,0,0,0,0,0,0,0,0,0,0,0,0,0,0,0,0,17971.041931152344,118712.59979248047,0,67221331968,8589930496,22826225664,462741504
200,1724174590342,1268,1311,800,800,800,800,1920,800,857,894,884,867,1276,800,800,800,864,800,800,800,862,800,889,800,858,800,800,800,800,800,1265,800,0,0,0,100,0,0,0,0,0,0,0,0,0,0,0,0,0,0,0,0,0,0,0,0,0,0,0,0,0,0,0,0,0,17981.9140625,118722.14453125,0,67221331968,8589930496,22932283392,462741504
200,1724174590542,1268,1311,800,800,800,800,1920,800,857,894,884,867,1276,800,800,800,864,800,800,800,862,800,889,800,858,800,800,800,800,800,1265,800,0,0,0,100,0,0,0,0,0,0,0,0,0,0,0,0,0,0,0,0,0,0,0,0,0,0,0,0,0,0,0,0,0,17992.768676757813,118731.67346191406,0,67221331968,8589930496,23031373824,462741504
200,1724174590742,1268,1311,800,800,800,800,1920,800,857,894,884,867,1276,800,800,800,864,800,800,800,862,800,889,800,858,800,800,800,800,800,1265,800,0,0,4.761904716491699,100,0,0,0,0,0,0,0,0,0,0,0,0,0,0,0,0,0,0,0,0,0,0,0,0,0,0,0,0,0,18003.779296875,118741.35363769531,0,67221331968,8589930496,23130464256,462741504
200,1724174590942,1268,1311,800,800,800,800,1920,800,857,894,884,867,1276,800,800,800,864,800,800,800,862,800,889,800,858,800,800,800,800,800,1265,800,0,0,0,100,0,0,0,0,0,0,0,0,0,0,0,0,0,0,0,0,0,0,0,0,0,0,0,0,0,0,0,0,0,18014.61376953125,118750.86303710938,0,67221331968,8589930496,23229554688,462741504
200,1724174591142,1268,1311,800,800,800,800,1920,800,857,894,884,867,1276,800,800,800,864,800,800,800,862,800,889,800,858,800,800,800,800,800,1265,800,0,0,0,100,0,0,0,0,0,0,0,0,0,0,0,0,0,0,0,0,0,0,0,0,0,0,0,0,0,0,0,0,0,18025.461975097656,118760.38470458984,0,67221331968,8589930496,23336386560,462741504
200,1724174591343,1268,1311,800,800,800,800,1920,800,857,894,884,867,1276,800,800,800,864,800,800,800,862,800,889,800,858,800,800,800,800,800,1265,800,0,0,0,100,0,0,0,0,0,0,0,0,0,0,0,0,0,0,0,0,0,0,0,0,0,0,0,0,0,0,0,0,0,18036.46466064453,118770.05944824219,0,67221331968,8589930496,23435476992,462741504
200,1724174591543,1268,1311,800,800,800,800,1920,800,857,894,884,867,1276,800,800,800,864,800,800,800,862,800,889,800,858,800,800,800,800,800,1265,800,0,0,0,100,0,0,0,0,0,0,0,0,0,0,0,0,0,0,0,0,0,0,0,0,0,0,0,0,0,0,0,0,0,18047.338623046875,118779.60516357422,0,67221331968,8589930496,23534567424,462741504
200,1724174591743,1268,1311,800,800,800,800,1920,800,857,894,884,867,1276,800,800,800,864,800,800,800,862,800,889,800,858,800,800,800,800,800,1265,800,0,0,0,100,0,0,0,0,0,0,0,0,0,0,0,0,0,0,0,0,0,0,0,0,0,0,0,0,0,0,0,0,0,18058.241149902344,118789.17504882813,0,67221331968,8589930496,23640883200,462741504
200,1724174591943,1268,1311,800,800,800,800,1920,800,857,894,884,867,1276,800,800,800,864,800,800,800,862,800,889,800,858,800,800,800,800,800,1265,800,0,0,0,100,0,0,0,0,0,0,0,0,0,0,0,0,0,0,0,0,0,0,0,0,0,0,0,0,0,0,0,0,0,18069.101501464844,118798.708984375,0,67221331968,8589930496,23738941440,462741504
200,1724174592143,1268,1311,800,800,800,800,1920,800,857,894,884,867,1276,800,800,800,864,800,800,800,862,800,889,800,858,800,800,800,800,800,1265,800,0,0,0,100,0,0,0,0,0,0,0,0,0,0,0,0,0,0,0,0,0,0,0,0,0,0,0,0,0,0,0,0,0,18080.072204589844,118808.35357666016,0,67221331968,8589930496,23838031872,462741504
200,1724174592343,1268,1311,800,800,800,800,1920,800,857,894,884,867,1276,800,800,800,864,800,800,800,862,800,889,800,858,800,800,800,800,800,1265,800,0,0,0,100,0,0,0,0,0,0,0,0,0,0,0,0,0,0,0,0,0,0,0,0,0,0,0,0,0,0,0,0,0,18091.067810058594,118818.02178955078,0,67221331968,8589930496,23945379840,462741504
200,1724174592543,1268,1311,800,800,800,800,1920,800,857,894,884,867,1276,800,800,800,864,800,800,800,862,800,889,800,858,800,800,800,800,800,1265,800,0,0,0,100,0,0,0,0,0,0,0,0,0,0,0,0,0,0,0,0,0,0,0,0,0,0,0,0,0,0,0,0,0,18102.02294921875,118827.64874267578,0,67221331968,8589930496,24044470272,462741504
200,1724174592743,1268,1311,800,800,800,800,1920,800,857,894,884,867,1276,800,800,800,864,800,800,800,862,800,889,800,858,800,800,800,800,800,1265,800,0,0,0,100,0,0,0,0,0,0,0,0,0,0,0,0,0,0,0,0,0,0,0,0,0,0,0,0,0,0,0,0,0,18113.041564941406,118837.33990478516,0,67221331968,8589930496,24142528512,462741504
200,1724174592943,1268,1311,800,800,800,800,1920,800,857,894,884,867,1276,800,800,800,864,800,800,800,862,800,889,800,858,800,800,800,800,800,1265,800,0,0,0,100,0,0,0,0,0,0,0,0,0,0,0,0,0,0,0,0,0,0,0,0,0,0,0,0,0,0,0,0,0,18123.904663085938,118846.87585449219,0,67221331968,8589930496,24241618944,462741504
200,1724174593143,1268,1311,800,800,800,800,1920,800,857,894,884,867,1276,800,800,800,864,800,800,800,862,800,889,800,858,800,800,800,800,800,1265,800,0,0,0,100,0,0,0,0,0,0,0,0,0,0,0,0,0,0,0,0,0,0,0,0,0,0,0,0,0,0,0,0,0,18134.789794921875,118856.43347167969,0,67221331968,8589930496,24345870336,462741504
200,1724174593344,1268,1311,800,800,800,800,1920,800,857,894,884,867,1276,800,800,800,864,800,800,800,862,800,889,800,858,800,800,800,800,800,1265,800,0,0,0,100,0,0,0,0,0,0,0,0,0,0,0,0,0,0,0,0,0,0,0,0,0,0,0,0,0,0,0,0,0,18145.662658691406,118865.97967529297,0,67221331968,8589930496,24444960768,462741504
200,1724174593544,1268,1311,800,800,800,800,1920,800,857,894,884,867,1276,800,800,800,864,800,800,800,862,800,889,800,858,800,800,800,800,800,1265,800,0,0,0,100,0,0,0,0,0,0,0,0,0,0,0,0,0,0,0,0,0,0,0,0,0,0,0,0,0,0,0,0,0,18156.74041748047,118875.72802734375,0,67221331968,8589930496,24552308736,462741504
200,1724174593744,1268,1311,800,800,800,800,1920,800,857,894,884,867,1276,800,800,800,864,800,800,800,862,800,889,800,858,800,800,800,800,800,1265,800,0,0,0,100,0,0,0,0,0,0,0,0,0,0,0,0,0,0,0,0,0,0,0,0,0,0,0,0,0,0,0,0,0,18167.728088378906,118885.38317871094,0,67221331968,8589930496,24650366976,462741504
200,1724174593944,1268,1311,800,800,800,800,1920,800,857,894,884,867,1276,800,800,800,864,800,800,800,862,800,889,800,858,800,800,800,800,800,1265,800,0,0,0,100,0,0,0,0,0,0,0,0,0,0,0,0,0,0,0,0,0,0,0,0,0,0,0,0,0,0,0,0,0,18178.669189453125,118894.9974975586,0,67221331968,8589930496,24757714944,462741504
200,1724174594144,1268,1311,800,800,800,800,1920,800,857,894,884,867,1276,800,800,800,864,800,800,800,862,800,889,800,858,800,800,800,800,800,1265,800,0,0,0,100,0,0,0,0,0,0,0,0,0,0,0,0,0,0,0,0,0,0,0,0,0,0,0,0,0,0,0,0,0,18189.704223632813,118904.70581054688,0,67221331968,8589930496,24856805376,462741504
200,1724174594344,1268,1311,800,800,800,800,1920,800,857,894,884,867,1276,800,800,800,864,800,800,800,862,800,889,800,858,800,800,800,800,800,1265,800,0,0,0,100,0,0,0,0,0,0,0,0,0,0,0,0,0,0,0,0,0,0,0,0,0,0,0,0,0,0,0,0,0,18200.67547607422,118914.34942626953,0,67221331968,8589930496,24963121152,462741504
200,1724174594544,1268,1311,800,800,800,800,1920,800,857,894,884,867,1276,800,800,800,864,800,800,800,862,800,889,800,858,800,800,800,800,800,1265,800,0,0,0,100,0,0,0,0,0,0,0,0,0,0,0,0,0,0,0,0,0,0,0,0,0,0,0,0,0,0,0,0,0,18211.71142578125,118924.05841064453,0,67221331968,8589930496,25062211584,462741504
200,1724174594744,1268,1311,800,800,800,800,1920,800,857,894,884,867,1276,800,800,800,864,800,800,800,862,800,889,800,858,800,800,800,800,800,1265,800,0,0,0,100,0,0,0,0,0,0,0,0,0,0,0,0,0,0,0,0,0,0,0,0,0,0,0,0,0,0,0,0,0,18222.583068847656,118933.60278320313,0,67221331968,8589930496,25161302016,462741504
200,1724174594944,1268,1311,800,800,800,800,1920,800,857,894,884,867,1276,800,800,800,864,800,800,800,862,800,889,800,858,800,800,800,800,800,1265,800,0,0,0,100,0,0,0,0,0,0,0,0,0,0,0,0,0,0,0,0,0,0,0,0,0,0,0,0,0,0,0,0,0,18233.453491210938,118943.14599609375,0,67221331968,8589930496,25267359744,462741504
200,1724174595144,1268,1311,800,800,800,800,1920,800,857,894,884,867,1276,800,800,800,864,800,800,800,862,800,889,800,858,800,800,800,800,800,1265,800,0,0,0,100,0,0,0,0,0,0,0,0,0,0,0,0,0,0,0,0,0,0,0,0,0,0,0,0,0,0,0,0,0,18244.318725585938,118952.68530273438,0,67221331968,8589930496,25365417984,462741504
200,1724174595344,1268,1311,800,800,800,800,1920,800,857,894,884,867,1276,800,800,800,864,800,800,800,862,800,889,800,858,800,800,800,800,800,1265,800,0,0,0,100,0,0,0,0,0,0,0,0,0,0,0,0,0,0,0,0,0,0,0,0,0,0,0,0,0,0,0,0,0,18255.197021484375,118962.23596191406,0,67221331968,8589930496,25463476224,462741504
200,1724174595545,1268,1311,800,800,800,800,1920,800,857,894,884,867,1276,800,800,800,864,800,800,800,862,800,889,800,858,800,800,800,800,800,1265,800,0,0,0,100,0,0,0,0,0,0,0,0,0,0,0,0,0,0,0,0,0,0,0,0,0,0,0,0,0,0,0,0,0,18266.086791992188,118971.79675292969,0,67221331968,8589930496,25569275904,462741504
200,1724174595745,1268,1311,800,800,800,800,1920,800,857,894,884,867,1276,800,800,800,864,800,800,800,862,800,889,800,858,800,800,800,800,800,1265,800,0,0,0,100,0,0,0,0,0,0,0,0,0,0,0,0,0,0,0,0,0,0,0,0,0,0,0,0,0,0,0,0,0,18277.035522460938,118981.40576171875,0,67221331968,8589930496,25667334144,462741504
200,1724174595945,1268,1311,800,800,800,800,1920,800,857,894,884,867,1276,800,800,800,864,800,800,800,862,800,889,800,858,800,800,800,800,800,1265,800,0,0,0,100,0,0,0,0,0,0,0,0,0,0,0,0,0,0,0,0,0,0,0,0,0,0,0,0,0,0,0,0,0,18287.882202148438,118990.91729736328,0,67221331968,8589930496,25774682112,462741504
200,1724174596145,1268,1311,800,800,800,800,1920,800,857,894,884,867,1276,800,800,800,864,800,800,800,862,800,889,800,858,800,800,800,800,800,1265,800,0,0,0,100,0,0,0,0,0,0,0,0,0,0,0,0,0,0,0,0,0,0,0,0,0,0,0,0,0,0,0,0,0,18298.804138183594,119000.50549316406,0,67221331968,8589930496,25872740352,462741504
200,1724174596345,1268,1311,800,800,800,800,1920,800,857,894,884,867,1276,800,800,800,864,800,800,800,862,800,889,800,858,800,800,800,800,800,1265,800,0,0,0,100,0,0,0,0,0,0,0,0,0,0,0,0,0,0,0,0,0,0,0,0,0,0,0,0,0,0,0,0,0,18309.667114257813,119010.04113769531,0,67221331968,8589930496,25971830784,462741504
200,1724174596545,1268,1311,800,800,800,800,1920,800,857,894,884,867,1276,800,800,800,864,800,800,800,862,800,889,800,858,800,800,800,800,800,1265,800,0,0,0,100,0,0,0,0,0,0,0,0,0,0,0,0,0,0,0,0,0,0,0,0,0,0,0,0,0,0,0,0,0,18320.67919921875,119019.72650146484,0,67221331968,8589930496,26078146560,462741504
200,1724174596745,1268,1311,800,800,800,800,1920,800,857,894,884,867,1276,800,800,800,864,800,800,800,862,800,889,800,858,800,800,800,800,800,1265,800,0,0,0,100,0,0,0,0,0,0,0,0,0,0,0,0,0,0,0,0,0,0,0,0,0,0,0,0,0,0,0,0,0,18331.514770507813,119029.23596191406,0,67221331968,8589930496,26176720896,462741504
200,1724174596945,1268,1311,800,800,800,800,1920,800,857,894,884,867,1276,800,800,800,864,800,800,800,862,800,889,800,858,800,800,800,800,800,1265,800,0,0,0,100,0,0,0,0,0,0,0,0,0,0,0,0,0,0,0,0,0,0,0,0,0,0,0,0,0,0,0,0,0,18342.38494873047,119038.77893066406,0,67221331968,8589930496,26274779136,462741504
200,1724174597145,1268,1311,800,800,800,800,1920,800,857,894,884,867,1276,800,800,800,864,800,800,800,862,800,889,800,858,800,800,800,800,800,1265,800,0,0,0,100,0,0,0,0,0,0,0,0,0,0,0,0,0,0,0,0,0,0,0,0,0,0,0,0,0,0,0,0,0,18353.236755371094,119048.3041381836,0,67221331968,8589930496,26382127104,462741504
200,1724174597345,1268,1311,800,800,800,800,1920,800,857,894,884,867,1276,800,800,800,864,800,800,800,862,800,889,800,858,800,800,800,800,800,1265,800,0,0,0,100,0,0,0,0,0,0,0,0,0,0,0,0,0,0,0,0,0,0,0,0,0,0,0,0,0,0,0,0,0,18364.104858398438,119057.84436035156,0,67221331968,8589930496,26480701440,462741504
200,1724174597546,1268,1311,800,800,800,800,1920,800,857,894,884,867,1276,800,800,800,864,800,800,800,862,800,889,800,858,800,800,800,800,800,1265,800,0,0,0,100,0,0,0,0,0,0,0,0,0,0,0,0,0,0,0,0,0,0,0,0,0,0,0,0,0,0,0,0,0,18374.94805908203,119067.36047363281,0,67221331968,8589930496,26579791872,462741504
200,1724174597746,1268,1311,800,800,800,800,1920,800,857,894,884,867,1276,800,800,800,864,800,800,800,862,800,889,800,858,800,800,800,800,800,1265,800,0,0,0,100,0,0,0,0,0,0,0,0,0,0,0,0,0,0,0,0,0,0,0,0,0,0,0,0,0,0,0,0,0,18385.780151367188,119076.86724853516,0,67221331968,8589930496,26678882304,462741504
200,1724174597946,1268,1311,800,800,800,800,1920,800,857,894,884,867,1276,800,800,800,864,800,800,800,862,800,889,800,858,800,800,800,800,800,1265,800,0,0,0,100,0,0,0,0,0,0,0,0,0,0,0,0,0,0,0,0,0,0,0,0,0,0,0,0,0,0,0,0,0,18396.63409423828,119086.39343261719,0,67221331968,8589930496,26786230272,462741504
200,1724174598146,1268,1311,800,800,800,800,1920,800,857,894,884,867,1276,800,800,800,864,800,800,800,862,800,889,800,858,800,800,800,800,800,1265,800,0,0,0,100,0,0,0,0,0,0,0,0,0,0,0,0,0,0,0,0,0,0,0,0,0,0,0,0,0,0,0,0,0,18407.48602294922,119095.91845703125,0,67221331968,8589930496,26885320704,462741504
200,1724174598346,1268,1311,800,800,800,800,1920,800,857,894,884,867,1276,800,800,800,864,800,800,800,862,800,889,800,858,800,800,800,800,800,1265,800,0,0,0,100,0,0,0,0,0,0,0,0,0,0,0,0,0,0,0,0,0,0,0,0,0,0,0,0,0,0,0,0,0,18418.34490966797,119105.44934082031,0,67221331968,8589930496,26983378944,462741504
200,1724174598546,1268,1311,800,800,800,800,1920,800,857,894,884,867,1276,800,800,800,864,800,800,800,862,800,889,800,858,800,800,800,800,800,1265,800,0,0,0,100,0,0,0,0,0,0,0,0,0,0,0,0,0,0,0,0,0,0,0,0,0,0,0,0,0,0,0,0,0,18429.3525390625,119115.12377929688,0,67221331968,8589930496,27090726912,462741504
200,1724174598746,1268,1311,800,800,800,800,1920,800,857,894,884,867,1276,800,800,800,864,800,800,800,862,800,889,800,858,800,800,800,800,800,1265,800,0,0,0,100,0,0,0,0,0,0,0,0,0,0,0,0,0,0,0,0,0,0,0,0,0,0,0,0,0,0,0,0,0,18440.372985839844,119124.81567382813,0,67221331968,8589930496,27188785152,462741504
200,1724174598946,1268,1311,800,800,800,800,1920,800,857,894,884,867,1276,800,800,800,864,800,800,800,862,800,889,800,858,800,800,800,800,800,1265,800,0,0,0,100,0,0,0,0,0,0,0,0,0,0,0,0,0,0,0,0,0,0,0,0,0,0,0,0,0,0,0,0,0,18451.21746826172,119134.33306884766,0,67221331968,8589930496,27287875584,462741504
200,1724174599146,1268,1311,800,800,800,800,1920,800,857,894,884,867,1276,800,800,800,864,800,800,800,862,800,889,800,858,800,800,800,800,800,1265,800,0,0,0,100,0,0,0,0,0,0,0,0,0,0,0,0,0,0,0,0,0,0,0,0,0,0,0,0,0,0,0,0,0,18462.1220703125,119143.91131591797,0,67221331968,8589930496,27394191360,462741504
200,1724174599346,1268,1311,800,800,800,800,1920,800,857,894,884,867,1276,800,800,800,864,800,800,800,862,800,889,800,858,800,800,800,800,800,1265,800,0,0,0,100,0,0,0,0,0,0,0,0,0,0,0,0,0,0,0,0,0,0,0,0,0,0,0,0,0,0,0,0,0,18473.01104736328,119153.47290039063,0,67221331968,8589930496,27492765696,462741504
200,1724174599546,1268,1311,800,800,800,800,1920,800,857,894,884,867,1276,800,800,800,864,800,800,800,862,800,889,800,858,800,800,800,800,800,1265,800,0,0,0,100,0,0,0,0,0,0,0,0,0,0,0,0,0,0,0,0,0,0,0,0,0,0,0,0,0,0,0,0,0,18483.87109375,119163.00573730469,0,67221331968,8589930496,27591856128,462741504
200,1724174599747,1268,1311,800,800,800,800,1920,800,857,894,884,867,1276,800,800,800,864,800,800,800,862,800,889,800,858,800,800,800,800,800,1265,800,0,0,0,100,0,0,0,0,0,0,0,0,0,0,0,0,0,0,0,0,0,0,0,0,0,0,0,0,0,0,0,0,0,18494.716064453125,119172.52423095703,0,67221331968,8589930496,27690946560,462741504
200,1724174599947,1268,1311,800,800,800,800,1920,800,857,894,884,867,1276,800,800,800,864,800,800,800,862,800,889,800,858,800,800,800,800,800,1265,800,0,0,0,100,0,0,0,0,0,0,0,0,0,0,0,0,0,0,0,0,0,0,0,0,0,0,0,0,0,0,0,0,0,18505.572387695313,119182.05401611328,0,67221331968,8589930496,27797262336,462741504
200,1724174600147,1268,1311,800,800,800,800,1920,800,857,894,884,867,1276,800,800,800,864,800,800,800,862,800,889,800,858,800,800,800,800,800,1265,800,0,0,0,100,0,0,0,0,0,0,0,0,0,0,0,0,0,0,0,0,0,0,0,0,0,0,0,0,0,0,0,0,0,18516.435302734375,119191.58972167969,0,67221331968,8589930496,27895308288,462741504
200,1724174600347,1268,1311,800,800,800,800,1920,800,857,894,884,867,1276,800,800,800,864,800,800,800,862,800,889,800,858,800,800,800,800,800,1265,800,0,0,0,100,0,0,0,0,0,0,0,0,0,0,0,0,0,0,0,0,0,0,0,0,0,0,0,0,0,0,0,0,0,18527.35467529297,119201.17529296875,0,67221331968,8589930496,27994398720,462741504
200,1724174600547,1268,1311,800,800,800,800,1920,800,857,894,884,867,1276,800,800,800,864,800,800,800,862,800,889,800,858,800,800,800,800,800,1265,800,0,0,0,100,0,0,0,0,0,0,0,0,0,0,0,0,0,0,0,0,0,0,0,0,0,0,0,0,0,0,0,0,0,18538.40313720703,119210.89556884766,0,67221331968,8589930496,28100714496,462741504
200,1724174600747,1268,1311,800,800,800,800,1920,800,857,894,884,867,1276,800,800,800,864,800,800,800,862,800,889,800,858,800,800,800,800,800,1265,800,0,0,0,100,0,0,0,0,0,0,0,0,0,0,0,0,0,0,0,0,0,0,0,0,0,0,0,0,0,0,0,0,0,18549.258911132813,119220.42462158203,0,67221331968,8589930496,28199288832,462741504
200,1724174600947,1268,1311,800,800,800,800,1920,800,857,894,884,867,1276,800,800,800,864,800,800,800,862,800,889,800,858,800,800,800,800,800,1265,800,0,0,0,100,0,0,0,0,0,0,0,0,0,0,0,0,0,0,0,0,0,0,0,0,0,0,0,0,0,0,0,0,0,18560.103881835938,119229.94409179688,0,67221331968,8589930496,28297863168,462741504
200,1724174601147,1268,1311,800,800,800,800,1920,800,857,894,884,867,1276,800,800,800,864,800,800,800,862,800,889,800,858,800,800,800,800,800,1265,800,0,0,0,100,4.761904716491699,0,0,0,0,0,0,0,0,0,0,0,0,0,0,0,0,0,0,0,0,0,0,0,0,0,0,0,0,18571.087036132813,119239.59844970703,0,67221331968,8589930496,28404178944,462741504
200,1724174601347,1268,1311,800,800,800,800,1920,800,857,894,884,867,1276,800,800,800,864,800,800,800,862,800,889,800,858,800,800,800,800,800,1265,800,0,0,0,100,0,0,0,0,0,0,0,0,0,0,0,0,0,0,0,0,0,0,0,0,0,0,0,0,0,0,0,0,0,18581.928283691406,119249.11444091797,0,67221331968,8589930496,28503269376,462741504
200,1724174601547,1268,1311,800,800,800,800,1920,800,857,894,884,867,1276,800,800,800,864,800,800,800,862,800,889,800,858,800,800,800,800,800,1265,800,0,0,0,100,0,0,0,0,0,0,0,0,0,0,0,0,0,0,0,0,0,0,0,0,0,0,0,0,0,0,0,0,0,18592.79620361328,119258.65545654297,0,67221331968,8589930496,28608036864,462741504
200,1724174601747,1268,1311,800,800,800,800,1920,800,857,894,884,867,1276,800,800,800,864,800,800,800,862,800,889,800,858,800,800,800,800,800,1265,800,0,0,0,100,0,0,0,0,0,0,0,0,0,0,0,0,0,0,0,0,0,0,0,0,0,0,0,0,0,0,0,0,0,18603.65740966797,119268.18811035156,0,67221331968,8589930496,28707127296,462741504
200,1724174601948,1268,1311,800,800,800,800,1920,800,857,894,884,867,1276,800,800,800,864,800,800,800,862,800,889,800,858,800,800,800,800,800,1265,800,0,0,0,100,0,0,0,0,0,0,0,0,0,0,0,0,0,0,0,0,0,0,0,0,0,0,0,0,0,0,0,0,0,18614.48907470703,119277.6943359375,0,67221331968,8589930496,28806217728,462741504
200,1724174602148,1268,1311,800,800,800,800,1920,800,857,894,884,867,1276,800,800,800,864,800,800,800,862,800,889,800,858,800,800,800,800,800,1265,800,0,0,0,100,0,0,0,4.761904716491699,0,0,0,0,0,0,0,0,0,0,0,0,0,0,0,0,0,0,0,0,0,0,0,0,0,18625.492614746094,119287.36944580078,0,67221331968,8589930496,28912533504,462741504
200,1724174602348,1268,1311,800,800,800,800,1920,800,857,894,884,867,1276,800,800,800,864,800,800,800,862,800,889,800,858,800,800,800,800,800,1265,800,0,0,0,100,0,0,0,0,0,0,0,0,0,0,0,0,0,0,0,0,0,0,0,0,0,0,0,0,0,0,0,0,0,18636.410034179688,119296.95434570313,0,67221331968,8589930496,29010591744,462741504
200,1724174602548,1268,1311,800,800,800,800,1920,800,857,894,884,867,1276,800,800,800,864,800,800,800,862,800,889,800,858,800,800,800,800,800,1265,800,4.761904716491699,0,0,100,0,0,0,0,0,0,0,0,0,0,0,0,0,0,0,0,0,0,0,0,0,0,0,0,0,0,0,0,0,18647.259887695313,119306.4775390625,0,67221331968,8589930496,29117939712,462741504
200,1724174602748,1268,1311,800,800,800,800,1920,800,857,894,884,867,1276,800,800,800,864,800,800,800,862,800,889,800,858,800,800,800,800,800,1265,800,0,0,0,100,0,0,0,0,0,0,0,0,0,0,0,0,0,0,0,0,0,0,0,0,0,0,0,0,0,0,0,0,0,18658.221801757813,119316.11151123047,0,67221331968,8589930496,29215997952,462741504
200,1724174602948,1268,1311,800,800,800,800,1920,800,857,894,884,867,1276,800,800,800,864,800,800,800,862,800,889,800,858,800,800,800,800,800,1265,800,0,0,0,100,0,0,0,0,0,0,0,0,0,0,0,0,0,0,0,0,0,0,0,0,0,0,0,0,0,0,0,0,0,18669.08038330078,119325.6439819336,0,67221331968,8589930496,29314572288,462741504
200,1724174603148,1268,1311,800,800,800,800,1920,800,857,894,884,867,1276,800,800,800,864,800,800,800,862,800,889,800,858,800,800,800,800,800,1265,800,0,0,0,100,0,0,0,0,0,0,0,0,0,0,0,0,0,0,0,0,0,0,0,0,0,0,0,0,0,0,0,0,0,18679.931579589844,119335.16833496094,0,67221331968,8589930496,29421920256,462741504
200,1724174603348,1268,1311,800,800,800,800,1920,800,857,894,884,867,1276,800,800,800,864,800,800,800,862,800,889,800,858,800,800,800,800,800,1265,800,0,0,0,100,0,0,0,0,0,0,0,0,0,0,0,0,0,0,0,0,0,0,0,0,0,0,0,0,0,0,0,0,0,18690.818298339844,119344.72680664063,0,67221331968,8589930496,29521010688,462741504
200,1724174603548,1268,1311,800,800,800,800,1920,800,857,894,884,867,1276,800,800,800,864,800,800,800,862,800,889,800,858,800,800,800,800,800,1265,800,0,0,0,100,0,0,0,0,0,0,0,0,0,0,0,0,0,0,0,0,0,0,0,0,0,0,0,0,0,0,0,0,0,18701.677368164063,119354.25927734375,0,67221331968,8589930496,29619585024,462741504
200,1724174603748,1268,1311,800,800,800,800,1920,800,857,894,884,867,1276,800,800,800,864,800,800,800,862,800,889,800,858,800,800,800,800,800,1265,800,0,0,0,100,0,0,0,0,0,0,0,0,0,0,0,0,0,0,0,0,0,0,0,0,0,0,0,0,0,0,0,0,0,18712.536193847656,119363.79089355469,0,67221331968,8589930496,29718675456,462741504
200,1724174603948,1268,1311,800,800,800,800,1920,800,857,894,884,867,1276,800,800,800,864,800,800,800,862,800,889,800,858,800,800,800,800,800,1265,800,0,0,0,100,0,0,0,0,0,0,0,0,0,0,0,0,0,0,0,0,0,0,0,0,0,0,0,0,0,0,0,0,0,18723.4013671875,119373.32843017578,0,67221331968,8589930496,29826023424,462741504
200,1724174604149,1268,1311,800,800,800,800,1920,800,857,894,884,867,1276,800,800,800,864,800,800,800,862,800,889,800,858,800,800,800,800,800,1265,800,0,0,0,100,0,0,0,0,0,0,0,0,0,0,0,0,0,0,0,0,0,0,0,0,0,0,0,0,0,0,0,0,0,18734.248413085938,119382.84924316406,0,67221331968,8589930496,29925113856,462741504
200,1724174604349,1268,1311,800,800,800,800,1920,800,857,894,884,867,1276,800,800,800,864,800,800,800,862,800,889,800,858,800,800,800,800,800,1265,800,0,0,0,100,0,0,0,0,0,0,0,0,0,0,0,0,0,0,0,0,0,0,0,0,0,0,0,0,0,0,0,0,0,18745.19500732422,119392.46984863281,0,67221331968,8589930496,30024204288,462741504
200,1724174604549,1268,1311,800,800,800,800,1920,800,857,894,884,867,1276,800,800,800,864,800,800,800,862,800,889,800,858,800,800,800,800,800,1265,800,0,0,0,100,0,0,0,0,0,0,0,0,0,0,0,0,0,0,0,0,0,0,0,0,0,0,0,0,0,0,0,0,0,18756.052490234375,119402.0005493164,0,67221331968,8589930496,30124326912,462741504
200,1724174604749,1268,1311,800,800,800,800,1920,800,857,894,884,867,1276,800,800,800,864,800,800,800,862,800,889,800,858,800,800,800,800,800,1265,800,0,0,0,100,0,0,0,0,0,0,0,0,0,0,0,0,0,0,0,0,0,0,0,0,0,0,0,0,0,0,0,0,0,18766.97393798828,119411.58807373047,0,67221331968,8589930496,30231158784,462741504
200,1724174604949,1268,1311,800,800,800,800,1920,800,857,894,884,867,1276,800,800,800,864,800,800,800,862,800,889,800,858,800,800,800,800,800,1265,800,0,0,0,100,0,0,0,0,0,0,0,0,0,0,0,0,0,0,0,0,0,0,0,0,0,0,0,0,0,0,0,0,0,18777.92608642578,119421.2192993164,0,67221331968,8589930496,30329733120,462741504
200,1724174605149,1268,1311,800,800,800,800,1920,800,857,894,884,867,1276,800,800,800,864,800,800,800,862,800,889,800,858,800,800,800,800,800,1265,800,0,0,0,100,0,0,0,0,0,0,0,0,0,0,0,0,0,0,0,0,0,0,0,0,0,0,0,0,0,0,0,0,0,18788.839965820313,119430.8002319336,0,67221331968,8589930496,30427791360,462741504
200,1724174605349,1268,1311,800,800,800,800,1920,800,857,894,884,867,1276,800,800,800,864,800,800,800,862,800,889,800,858,800,800,800,800,800,1265,800,0,0,0,100,0,0,0,0,0,0,0,0,0,0,0,0,0,0,0,0,0,0,0,0,0,0,0,0,0,0,0,0,0,18799.69207763672,119440.32543945313,0,67221331968,8589930496,30535139328,462741504
200,1724174605549,1268,1311,800,800,800,800,1920,800,857,894,884,867,1276,800,800,800,864,800,800,800,862,800,889,800,858,800,800,800,800,800,1265,800,0,0,0,100,0,0,0,0,0,0,0,0,0,0,0,0,0,0,0,0,0,0,0,0,0,0,0,0,0,0,0,0,0,18810.525756835938,119449.83349609375,0,67221331968,8589930496,30634229760,462741504
200,1724174605749,1268,1311,800,800,800,800,1920,800,857,894,884,867,1276,800,800,800,864,800,800,800,862,800,889,800,858,800,800,800,800,800,1265,800,0,0,0,100,0,0,0,0,0,0,0,0,0,0,0,0,0,0,0,0,0,0,0,0,0,0,0,0,0,0,0,0,0,18821.41717529297,119459.39630126953,0,67221331968,8589930496,30732800000,462741504
200,1724174605949,1268,1311,800,800,800,800,1920,800,857,894,884,867,1276,800,800,800,864,800,800,800,862,800,889,800,858,800,800,800,800,800,1265,800,0,0,0,100,0,0,0,0,0,0,0,0,0,0,0,0,0,0,0,0,0,0,0,0,0,0,0,0,0,0,0,0,0,18832.287109375,119468.9379272461,0,67221331968,8589930496,30831890432,462741504
200,1724174606149,1268,1311,800,800,800,800,1920,800,857,894,884,867,1276,800,800,800,864,800,800,800,862,800,889,800,858,800,800,800,800,800,1265,800,0,0,0,100,0,0,0,0,0,0,0,0,0,0,0,0,0,0,0,0,0,0,0,0,0,0,0,0,0,0,0,0,0,18843.135009765625,119478.46081542969,0,67221331968,8589930496,30939238400,462741504
200,1724174606350,1268,1311,800,800,800,800,1920,800,857,894,884,867,1276,800,800,800,864,800,800,800,862,800,889,800,858,800,800,800,800,800,1265,800,0,0,0,100,0,0,0,0,0,0,0,0,0,0,0,0,0,0,0,0,0,0,0,0,0,0,0,0,0,0,0,0,0,18854.101196289063,119488.10021972656,0,67221331968,8589930496,31046586368,462741504
200,1724174606550,1268,1311,800,800,800,800,1920,800,857,894,884,867,1276,800,800,800,864,800,800,800,862,800,889,800,858,800,800,800,800,800,1265,800,0,0,0,100,0,0,0,0,0,0,0,0,0,0,0,0,0,0,0,0,0,0,0,0,0,0,0,0,0,0,0,0,0,18864.946533203125,119497.61901855469,0,67221331968,8589930496,31143612416,462741504
200,1724174606750,1268,1311,800,800,800,800,1920,800,857,894,884,867,1276,800,800,800,864,800,800,800,862,800,889,800,858,800,800,800,800,800,1265,800,0,0,0,100,0,0,0,0,0,0,0,0,0,0,0,0,0,0,0,0,0,0,0,0,0,0,0,0,0,0,0,0,0,18875.785766601563,119507.13146972656,0,67221331968,8589930496,31250960384,462741504
200,1724174606950,1268,1311,800,800,800,800,1920,800,857,894,884,867,1276,800,800,800,864,800,800,800,862,800,889,800,858,800,800,800,800,800,1265,800,0,0,0,100,0,0,0,0,0,0,0,0,0,0,0,0,0,0,0,0,0,0,0,0,0,0,0,0,0,0,0,0,0,18886.639099121094,119516.65802001953,0,67221331968,8589930496,31350050816,462741504
200,1724174607150,1268,1311,800,800,800,800,1920,800,857,894,884,867,1276,800,800,800,864,800,800,800,862,800,889,800,858,800,800,800,800,800,1265,800,0,0,0,100,0,0,0,0,0,0,0,0,0,0,0,0,0,0,0,0,0,0,0,0,0,0,0,0,0,0,0,0,0,18897.572021484375,119526.2632446289,0,67221331968,8589930496,31448625152,462741504
200,1724174607350,1268,1311,800,800,800,800,1920,800,857,894,884,867,1276,800,800,800,864,800,800,800,862,800,889,800,858,800,800,800,800,800,1265,800,0,0,0,100,0,0,0,0,0,0,0,0,0,0,0,0,0,0,0,0,0,0,0,0,0,0,0,0,0,0,0,0,0,18908.509887695313,119535.86798095703,0,67221331968,8589930496,31554682880,462741504
200,1724174607550,1268,1311,800,800,800,800,1920,800,857,894,884,867,1276,800,800,800,864,800,800,800,862,800,889,800,858,800,800,800,800,800,1265,800,0,0,0,100,0,0,0,0,0,0,0,0,0,0,0,0,0,0,0,0,0,0,0,0,0,0,0,0,0,0,0,0,0,18919.375732421875,119545.4066772461,0,67221331968,8589930496,31653257216,462741504
200,1724174607750,1268,1311,800,800,800,800,1920,800,857,894,884,867,1276,800,800,800,864,800,800,800,862,800,889,800,858,800,800,800,800,800,1265,800,0,0,0,100,0,0,0,0,0,0,0,0,0,0,0,0,0,0,0,0,0,0,0,0,0,0,0,0,0,0,0,0,0,18930.244262695313,119554.94757080078,0,67221331968,8589930496,31752347648,462741504
200,1724174607950,1268,1311,800,800,800,800,1920,800,857,894,884,867,1276,800,800,800,864,800,800,800,862,800,889,800,858,800,800,800,800,800,1265,800,0,0,0,100,0,0,0,0,0,0,0,0,0,0,0,0,0,0,0,0,0,0,0,0,0,0,0,0,0,0,0,0,0,18941.099853515625,119564.4755859375,0,67221331968,8589930496,31858663424,462741504
200,1724174608150,1268,1311,800,800,800,800,1920,800,857,894,884,867,1276,800,800,800,864,800,800,800,862,800,889,800,858,800,800,800,800,800,1265,800,0,0,0,100,0,0,0,0,0,0,0,0,0,0,0,0,0,0,0,0,0,0,0,0,0,0,0,0,0,0,0,0,0,18951.948364257813,119573.9976196289,0,67221331968,8589930496,31956721664,462741504
200,1724174608351,1268,1311,800,800,800,800,1920,800,857,894,884,867,1276,800,800,800,864,800,800,800,862,800,889,800,858,800,800,800,800,800,1265,800,0,0,0,100,0,0,0,0,0,0,0,0,0,0,0,0,0,0,0,0,0,0,0,0,0,0,0,0,0,0,0,0,0,18962.88983154297,119583.61315917969,0,67221331968,8589930496,32055812096,462741504
200,1724174608551,1268,1311,800,800,800,800,1920,800,857,894,884,867,1276,800,800,800,864,800,800,800,862,800,889,800,858,800,800,800,800,800,1265,800,0,0,0,100,0,0,0,0,0,0,0,0,0,0,0,0,0,0,0,0,0,0,0,0,0,0,0,0,0,0,0,0,0,18973.785278320313,119593.17810058594,0,67221331968,8589930496,32163160064,462741504
200,1724174608751,1268,1311,800,800,800,800,1920,800,857,894,884,867,1276,800,800,800,864,800,800,800,862,800,889,800,858,800,800,800,800,800,1265,800,0,0,0,100,0,0,0,0,0,0,0,0,0,0,0,0,0,0,0,0,0,0,0,0,0,0,0,0,0,0,0,0,0,18984.75360107422,119602.81896972656,0,67221331968,8589930496,32262250496,462741504
200,1724174608951,1268,1311,800,800,800,800,1920,800,857,894,884,867,1276,800,800,800,864,800,800,800,862,800,889,800,858,800,800,800,800,800,1265,800,0,0,0,100,0,0,0,0,0,0,0,0,0,0,0,0,0,0,0,0,0,0,0,0,0,0,0,0,0,0,0,0,0,18995.587036132813,119612.3267211914,0,67221331968,8589930496,32360308736,462741504
200,1724174609151,1268,1311,800,800,800,800,1920,800,857,894,884,867,1276,800,800,800,864,800,800,800,862,800,889,800,858,800,800,800,800,800,1265,800,0,0,0,100,0,0,0,0,0,0,0,0,0,0,0,0,0,0,0,0,0,0,0,0,0,0,0,0,0,0,0,0,0,19006.618041992188,119622.03009033203,0,67221331968,8589930496,32459399168,462741504
200,1724174609351,1268,1311,800,800,800,800,1920,800,857,894,884,867,1276,800,800,800,864,800,800,800,862,800,889,800,858,800,800,800,800,800,1265,800,0,0,0,100,0,0,0,0,0,0,0,0,0,0,0,0,0,0,0,0,0,0,0,0,0,0,0,0,0,0,0,0,0,19017.572875976563,119631.65814208984,0,67221331968,8589930496,32566747136,462741504
200,1724174609551,1268,1311,800,800,800,800,1920,800,857,894,884,867,1276,800,800,800,864,800,800,800,862,800,889,800,858,800,800,800,800,800,1265,800,0,0,0,100,0,0,0,0,0,0,0,0,0,0,0,0,0,0,0,0,0,0,0,0,0,0,0,0,0,0,0,0,0,19028.48858642578,119641.24029541016,0,67221331968,8589930496,32665837568,462741504
200,1724174609751,1268,1311,800,800,800,800,1920,800,857,894,884,867,1276,800,800,800,864,800,800,800,862,800,889,800,858,800,800,800,800,800,1265,800,0,0,0,100,0,0,0,0,0,0,0,0,0,0,0,0,0,0,0,0,0,0,0,0,0,0,0,0,0,0,0,0,0,19039.353271484375,119650.77752685547,0,67221331968,8589930496,32763895808,462741504
200,1724174609951,1268,1311,800,800,800,800,1920,800,857,894,884,867,1276,800,800,800,864,800,800,800,862,800,889,800,858,800,800,800,800,800,1265,800,0,0,0,100,0,0,0,0,0,0,0,0,0,0,0,0,0,0,0,0,0,0,0,0,0,0,0,0,0,0,0,0,0,19050.201171875,119660.29821777344,0,67221331968,8589930496,32871243776,462741504
200,1724174610151,1268,1311,800,800,800,800,1920,800,857,894,884,867,1276,800,800,800,864,800,800,800,862,800,889,800,858,800,800,800,800,800,1265,800,0,0,0,100,0,0,0,0,0,0,0,0,0,0,0,0,0,0,0,0,0,0,0,0,0,0,0,0,0,0,0,0,0,19061.04913330078,119669.8207397461,0,67221331968,8589930496,32970334208,462741504
200,1724174610352,1268,1311,800,800,800,800,1920,800,857,894,884,867,1276,800,800,800,864,800,800,800,862,800,889,800,858,800,800,800,800,800,1265,800,0,0,0,100,0,0,0,0,0,0,0,0,0,0,0,0,0,0,0,0,0,0,0,0,0,0,0,0,0,0,0,0,0,19071.912170410156,119679.35577392578,0,67221331968,8589930496,33068392448,462741504
200,1724174610552,1268,1311,800,800,800,800,1920,800,857,894,884,867,1276,800,800,800,864,800,800,800,862,800,889,800,858,800,800,800,800,800,1265,800,0,0,0,100,0,0,0,0,0,0,0,0,0,0,0,0,0,0,0,0,0,0,0,0,0,0,0,0,0,0,0,0,0,19082.78936767578,119688.90307617188,0,67221331968,8589930496,33174708224,462741504
200,1724174610752,1268,1311,800,800,800,800,1920,800,857,894,884,867,1276,800,800,800,864,800,800,800,862,800,889,800,858,800,800,800,800,800,1265,800,0,0,0,100,0,0,0,0,0,0,0,0,0,0,0,0,0,0,0,0,0,0,0,0,0,0,0,0,0,0,0,0,0,19093.641723632813,119698.42974853516,0,67221331968,8589930496,33273798656,462741504
200,1724174610952,1268,1311,800,800,800,800,1920,800,857,894,884,867,1276,800,800,800,864,800,800,800,862,800,889,800,858,800,800,800,800,800,1265,800,0,0,0,100,0,0,0,0,0,0,0,0,0,0,0,0,0,0,0,0,0,0,0,0,0,0,0,0,0,0,0,0,0,19104.492309570313,119707.95196533203,0,67221331968,8589930496,33372614656,462741504
200,1724174611152,1268,1311,800,800,800,800,1920,800,857,894,884,867,1276,800,800,800,864,800,800,800,862,800,889,800,858,800,800,800,800,800,1265,800,4.761904716491699,0,0,100,0,0,0,0,0,0,0,0,0,0,0,0,0,0,0,0,0,0,0,0,0,0,0,0,0,0,0,0,0,19115.438354492188,119717.57232666016,0,67221331968,8589930496,33471705088,462741504
200,1724174611352,1268,1311,800,800,800,800,1920,800,857,894,884,867,1276,800,800,800,864,800,800,800,862,800,889,800,858,800,800,800,800,800,1265,800,0,0,0,100,0,0,0,0,0,0,0,0,0,0,0,0,0,0,0,0,0,0,0,0,0,0,0,0,0,0,0,0,0,19126.38104248047,119727.18811035156,0,67221331968,8589930496,33579053056,462741504
200,1724174611552,1268,1311,800,800,800,800,1920,800,857,894,884,867,1276,800,800,800,864,800,800,800,862,800,889,800,858,800,800,800,800,800,1265,800,0,0,0,100,0,0,0,0,0,0,0,0,0,0,0,0,0,0,0,0,0,0,0,0,0,0,0,0,0,0,0,0,0,19137.279174804688,119736.751953125,0,67221331968,8589930496,33678143488,462741504
200,1724174611752,1268,1311,800,800,800,800,1920,800,857,894,884,867,1276,800,800,800,864,800,800,800,862,800,889,800,858,800,800,800,800,800,1265,800,0,0,0,100,0,0,0,0,0,0,0,0,0,0,0,0,0,0,0,0,0,0,0,0,0,0,0,0,0,0,0,0,0,19148.12420654297,119746.2685546875,0,67221331968,8589930496,33777233920,462741504
200,1724174611952,1268,1311,800,800,800,800,1920,800,857,894,884,867,1276,800,800,800,864,800,800,800,862,800,889,800,858,800,800,800,800,800,1265,800,0,0,0,100,0,0,0,0,0,0,0,0,0,0,0,0,0,0,0,0,0,0,0,0,0,0,0,0,0,0,0,0,0,19158.96710205078,119755.78442382813,0,67221331968,8589930496,33876324352,462741504
200,1724174612152,1268,1311,800,800,800,800,1920,800,857,894,884,867,1276,800,800,800,864,800,800,800,862,800,889,800,858,800,800,800,800,800,1265,800,0,0,0,100,0,0,0,0,0,0,0,0,0,0,0,0,0,0,0,0,0,0,0,0,0,0,0,0,0,0,0,0,0,19169.81964111328,119765.30981445313,0,67221331968,8589930496,33982640128,462741504
200,1724174612352,1268,1311,800,800,800,800,1920,800,857,894,884,867,1276,800,800,800,864,800,800,800,862,800,889,800,858,800,800,800,800,800,1265,800,0,0,0,100,0,0,0,0,0,0,0,0,0,0,0,0,0,0,0,0,0,0,0,0,0,0,0,0,0,0,0,0,0,19180.75408935547,119774.91821289063,0,67221331968,8589930496,34080698368,462741504
200,1724174612553,1268,1311,800,800,800,800,1920,800,857,894,884,867,1276,800,800,800,864,800,800,800,862,800,889,800,858,800,800,800,800,800,1265,800,0,0,0,100,0,0,0,0,0,0,0,0,0,0,0,0,0,0,0,0,0,0,0,0,0,0,0,0,0,0,0,0,0,19191.604553222656,119784.44219970703,0,67221331968,8589930496,34179788800,462741504
200,1724174612753,1268,1311,800,800,800,800,1920,800,857,894,884,867,1276,800,800,800,864,800,800,800,862,800,889,800,858,800,800,800,800,800,1265,800,0,0,0,100,0,0,0,0,0,0,0,0,0,0,0,0,0,0,0,0,0,0,0,0,0,0,0,0,0,0,0,0,0,19202.46453857422,119793.97381591797,0,67221331968,8589930496,34286104576,462741504
200,1724174612953,1268,1311,800,800,800,800,1920,800,857,894,884,867,1276,800,800,800,864,800,800,800,862,800,889,800,858,800,800,800,800,800,1265,800,0,0,0,100,0,0,0,0,0,0,0,0,0,0,0,0,0,0,0,0,0,0,0,0,0,0,0,0,0,0,0,0,0,19213.301330566406,119803.4838256836,0,67221331968,8589930496,34384162816,462741504
200,1724174613153,1268,1311,800,800,800,800,1920,800,857,894,884,867,1276,800,800,800,864,800,800,800,862,800,889,800,858,800,800,800,800,800,1265,800,0,0,0,100,0,0,0,0,0,0,0,0,0,0,0,0,0,0,0,0,0,0,0,0,0,0,0,0,0,0,0,0,0,19224.15850830078,119813.01342773438,0,67221331968,8589930496,34483253248,462741504
200,1724174613353,1268,1311,800,800,800,800,1920,800,857,894,884,867,1276,800,800,800,864,800,800,800,862,800,889,800,858,800,800,800,800,800,1265,800,0,0,0,100,0,0,0,0,0,0,0,0,0,0,0,0,0,0,0,0,0,0,0,0,0,0,0,0,0,0,0,0,0,19235.08721923828,119822.61499023438,0,67221331968,8589930496,34590601216,462741504
200,1724174613553,1268,1311,800,800,800,800,1920,800,857,894,884,867,1276,800,800,800,864,800,800,800,862,800,889,800,858,800,800,800,800,800,1265,800,0,0,0,100,0,0,0,0,0,0,0,0,0,0,0,0,0,0,0,0,0,0,0,0,0,0,0,0,0,0,0,0,0,19246.06622314453,119832.26086425781,0,67221331968,8589930496,34689691648,462741504
200,1724174613753,1268,1311,800,800,800,800,1920,800,857,894,884,867,1276,800,800,800,864,800,800,800,862,800,889,800,858,800,800,800,800,800,1265,800,0,0,0,100,0,0,0,4.761904716491699,0,0,0,0,0,0,0,0,0,0,0,0,0,0,0,0,0,0,0,0,0,0,0,0,0,19256.917846679688,119841.78546142578,0,67221331968,8589930496,34788782080,462741504
200,1724174613953,1268,1311,800,800,800,800,1920,800,857,894,884,867,1276,800,800,800,864,800,800,800,862,800,889,800,858,800,800,800,800,800,1265,800,0,0,0,100,0,0,0,0,0,0,0,0,0,0,0,0,0,0,0,0,0,0,0,0,0,0,0,0,0,0,0,0,0,19268.002197265625,119851.54217529297,0,67221331968,8589930496,34886840320,462741504
200,1724174614153,1268,1311,800,800,800,800,1920,800,857,894,884,867,1276,800,800,800,864,800,800,800,862,800,889,800,858,800,800,800,800,800,1265,800,0,0,0,100,0,0,0,0,0,0,0,0,0,0,0,0,0,0,0,0,0,0,0,0,0,0,0,0,0,0,0,0,0,19278.842163085938,119861.05505371094,0,67221331968,8589930496,34994188288,462741504
200,1724174614353,1268,1311,800,800,800,800,1920,800,857,894,884,867,1276,800,800,800,864,800,800,800,862,800,889,800,858,800,800,800,800,800,1265,800,0,0,0,100,0,0,0,0,0,0,0,0,0,0,0,0,0,0,0,0,0,0,0,0,0,0,0,0,0,0,0,0,0,19289.790771484375,119870.67669677734,0,67221331968,8589930496,35093536768,462741504
200,1724174614553,1268,1311,800,800,800,800,1920,800,857,894,884,867,1276,800,800,800,864,800,800,800,862,800,889,800,858,800,800,800,800,800,1265,800,0,0,0,100,0,0,0,0,0,0,0,0,0,0,0,0,0,0,0,0,0,0,0,0,0,0,0,0,0,0,0,0,0,19300.719482421875,119880.27746582031,0,67221331968,8589930496,35191595008,462741504
200,1724174614754,1268,1311,800,800,800,800,1920,800,857,894,884,867,1276,800,800,800,864,800,800,800,862,800,889,800,858,800,800,800,800,800,1265,800,0,0,0,100,0,0,0,0,0,0,0,0,0,0,0,0,0,0,0,0,0,0,0,0,0,0,0,0,0,0,0,0,0,19311.560607910156,119889.7914428711,0,67221331968,8589930496,35305910272,462741504
200,1724174614954,1268,1311,800,800,800,800,1920,800,857,894,884,867,1276,800,800,800,864,800,800,800,862,800,889,800,858,800,800,800,800,800,1265,800,0,0,0,100,0,0,0,0,0,0,0,0,0,0,0,0,0,0,0,0,0,0,0,0,0,0,0,0,0,0,0,0,0,19322.4228515625,119899.3267211914,0,67221331968,8589930496,35404996608,462741504
200,1724174615154,1268,1311,800,800,800,800,1920,800,857,894,884,867,1276,800,800,800,864,800,800,800,862,800,889,800,858,800,800,800,800,800,1265,800,0,0,0,100,0,0,0,0,0,0,0,0,0,0,0,0,0,0,0,0,0,0,0,0,0,0,0,0,0,0,0,0,0,19333.436767578125,119909.01318359375,0,67221331968,8589930496,35503054848,462741504
200,1724174615354,1268,1311,800,800,800,800,1920,800,857,894,884,867,1276,800,800,800,864,800,800,800,862,800,889,800,858,800,800,800,800,800,1265,800,0,0,0,100,0,0,0,0,0,0,0,0,0,0,0,0,0,0,0,0,0,0,0,0,0,0,0,0,0,0,0,0,0,19344.31134033203,119918.56024169922,0,67221331968,8589930496,35609370624,462741504
200,1724174615554,1268,1311,800,800,800,800,1920,800,857,894,884,867,1276,800,800,800,864,800,800,800,862,800,889,800,858,800,800,800,800,800,1265,800,0,0,0,100,0,0,0,0,0,0,0,0,0,0,0,0,0,0,0,0,0,0,0,0,0,0,0,0,0,0,0,0,0,19355.201293945313,119928.12377929688,0,67221331968,8589930496,35708461056,462741504
200,1724174615754,1268,1311,800,800,800,800,1920,800,857,894,884,867,1276,800,800,800,864,800,800,800,862,800,889,800,858,800,800,800,800,800,1265,800,0,0,0,100,0,0,0,0,0,0,0,0,0,0,0,0,0,0,0,0,0,0,0,0,0,0,0,0,0,0,0,0,0,19366.06121826172,119937.65563964844,0,67221331968,8589930496,35807293440,462741504
200,1724174615954,1268,1311,800,800,800,800,1920,800,857,894,884,867,1276,800,800,800,864,800,800,800,862,800,889,800,858,800,800,800,800,800,1265,800,0,0,0,100,0,0,0,0,0,0,0,0,0,0,0,0,0,0,0,0,0,0,0,0,0,0,0,0,0,0,0,0,0,19376.953857421875,119947.2162475586,0,67221331968,8589930496,35913609216,462741504
200,1724174616154,1268,1311,800,800,800,800,1920,800,857,894,884,867,1276,800,800,800,864,800,800,800,862,800,889,800,858,800,800,800,800,800,1265,800,0,0,0,100,0,0,0,0,0,0,0,0,0,0,0,0,0,0,0,0,0,0,0,0,0,0,0,0,0,0,0,0,0,19387.80389404297,119956.73889160156,0,67221331968,8589930496,36012699648,462741504
200,1724174616354,1268,1311,800,800,800,800,1920,800,857,894,884,867,1276,800,800,800,864,800,800,800,862,800,889,800,858,800,800,800,800,800,1265,800,0,0,0,100,0,0,0,0,0,0,0,0,0,0,0,0,0,0,0,0,0,0,0,0,0,0,0,0,0,0,0,0,0,19398.755432128906,119966.3637084961,0,67221331968,8589930496,36111790080,462741504
200,1724174616554,1268,1311,800,800,800,800,1920,800,857,894,884,867,1276,800,800,800,864,800,800,800,862,800,889,800,858,800,800,800,800,800,1265,800,0,0,0,100,0,0,0,0,0,0,0,0,0,0,0,0,0,0,0,0,0,0,0,0,0,0,0,0,0,0,0,0,0,19409.73681640625,119976.0166015625,0,67221331968,8589930496,36210880512,462741504
200,1724174616755,1268,1311,800,800,800,800,1920,800,857,894,884,867,1276,800,800,800,864,800,800,800,862,800,889,800,858,800,800,800,800,800,1265,800,0,0,0,100,0,0,0,0,0,0,0,0,0,0,0,0,0,0,0,0,0,0,0,0,0,0,0,0,0,0,0,0,0,19420.578125,119985.53143310547,0,67221331968,8589930496,36318228480,462741504
200,1724174616955,1268,1311,800,800,800,800,1920,800,857,894,884,867,1276,800,800,800,864,800,800,800,862,800,889,800,858,800,800,800,800,800,1265,800,0,0,0,100,0,0,0,0,0,0,0,0,0,0,0,0,0,0,0,0,0,0,0,0,0,0,0,0,0,0,0,0,0,19431.431091308594,119995.0580444336,0,67221331968,8589930496,36417318912,462741504
200,1724174617155,1268,1311,800,800,800,800,1920,800,857,894,884,867,1276,800,800,800,864,800,800,800,862,800,889,800,858,800,800,800,800,800,1265,800,0,0,0,100,0,0,0,0,0,0,0,0,0,0,0,0,0,0,0,0,0,0,0,0,0,0,0,0,0,0,0,0,0,19442.301635742188,120004.60174560547,0,67221331968,8589930496,36515893248,462741504
200,1724174617355,1268,1311,800,800,800,800,1920,800,857,894,884,867,1276,800,800,800,864,800,800,800,862,800,889,800,858,800,800,800,800,800,1265,800,0,0,0,100,0,0,0,0,0,0,0,0,0,0,0,0,0,0,0,0,0,0,0,0,0,0,0,0,0,0,0,0,0,19453.153564453125,120014.12701416016,0,67221331968,8589930496,36615499776,462741504
199,1724174617555,1268,1311,800,800,800,800,1920,800,857,894,884,867,1276,800,800,800,864,800,800,800,862,800,889,800,858,800,800,800,800,800,1265,800,0,0,0,100,0,0,0,0,0,0,0,0,0,0,0,0,0,0,0,0,0,0,0,0,0,0,0,0,0,0,0,0,0,19464.07684326172,120023.72351074219,0,67221331968,8589930496,36721815552,462741504
200,1724174617755,1268,1311,800,800,800,800,1920,800,857,894,884,867,1276,800,800,800,864,800,800,800,862,800,889,800,858,800,800,800,800,800,1265,800,0,0,0,100,0,0,0,0,0,0,0,0,0,0,0,0,0,0,0,0,0,0,0,0,0,0,0,0,0,0,0,0,0,19474.930541992188,120033.25012207031,0,67221331968,8589930496,36820905984,462741504
200,1724174617955,1268,1311,800,800,800,800,1920,800,857,894,884,867,1276,800,800,800,864,800,800,800,862,800,889,800,858,800,800,800,800,800,1265,800,0,0,0,100,0,0,0,0,0,0,0,0,0,0,0,0,0,0,0,0,0,0,0,0,0,0,0,0,0,0,0,0,0,19485.781799316406,120042.77355957031,0,67221331968,8589930496,36919996416,462741504
200,1724174618155,1268,1311,800,800,800,800,1920,800,857,894,884,867,1276,800,800,800,864,800,800,800,862,800,889,800,858,800,800,800,800,800,1265,800,0,0,0,100,0,0,0,0,0,0,0,0,0,0,0,0,0,0,0,0,0,0,0,0,0,0,0,0,0,0,0,0,0,19496.67333984375,120052.3330078125,0,67221331968,8589930496,37027344384,462741504
200,1724174618355,1268,1311,800,800,800,800,1920,800,857,894,884,867,1276,800,800,800,864,800,800,800,862,800,889,800,858,800,800,800,800,800,1265,800,0,0,0,100,0,0,0,0,0,0,0,0,0,0,0,0,0,0,0,0,0,0,0,0,0,0,0,0,0,0,0,0,0,19507.652954101563,120061.98553466797,0,67221331968,8589930496,37126434816,462741504
200,1724174618555,1268,1311,800,800,800,800,1920,800,857,894,884,867,1276,800,800,800,864,800,800,800,862,800,889,800,858,800,800,800,800,800,1265,800,0,0,0,100,0,0,0,0,0,0,0,0,0,0,0,0,0,0,0,0,0,0,0,0,0,0,0,0,0,0,0,0,0,19518.51220703125,120071.51794433594,0,67221331968,8589930496,37225525248,462741504
200,1724174618755,1268,1311,800,800,800,800,1920,800,857,894,884,867,1276,800,800,800,864,800,800,800,862,800,889,800,858,800,800,800,800,800,1265,800,0,0,0,100,0,0,0,0,0,0,0,0,0,0,0,0,0,0,0,0,0,0,0,0,0,0,0,0,0,0,0,0,0,19529.3720703125,120081.04962158203,0,67221331968,8589930496,37324615680,462741504
200,1724174618956,1268,1311,800,800,800,800,1920,800,857,894,884,867,1276,800,800,800,864,800,800,800,862,800,889,800,858,800,800,800,800,800,1265,800,0,0,0,100,0,0,0,0,0,0,0,0,0,0,0,0,0,0,0,0,0,0,0,0,0,0,0,0,0,0,0,0,0,19540.22137451172,120090.57275390625,0,67221331968,8589930496,37431963648,462741504
200,1724174619156,1268,1311,800,800,800,800,1920,800,857,894,884,867,1276,800,800,800,864,800,800,800,862,800,889,800,858,800,800,800,800,800,1265,800,0,0,0,100,0,0,0,0,0,0,0,0,0,0,0,0,0,0,0,0,0,0,0,0,0,0,0,0,0,0,0,0,0,19551.05487060547,120100.07897949219,0,67221331968,8589930496,37531054080,462741504
200,1724174619356,1268,1311,800,800,800,800,1920,800,857,894,884,867,1276,800,800,800,864,800,800,800,862,800,889,800,858,800,800,800,800,800,1265,800,0,0,0,100,0,0,0,0,0,0,0,0,0,0,0,0,0,0,0,0,0,0,0,0,0,0,0,0,0,0,0,0,0,19561.91064453125,120109.60931396484,0,67221331968,8589930496,37630144512,462741504
200,1724174619556,1268,1311,800,800,800,800,1920,800,857,894,884,867,1276,800,800,800,864,800,800,800,862,800,889,800,858,800,800,800,800,800,1265,800,0,0,0,100,0,0,0,0,0,0,0,0,0,0,0,0,0,0,0,0,0,0,0,0,0,0,0,0,0,0,0,0,0,19572.765502929688,120119.13653564453,0,67221331968,8589930496,37729234944,462741504
200,1724174619756,1268,1311,800,800,800,800,1920,800,857,894,884,867,1276,800,800,800,864,800,800,800,862,800,889,800,858,800,800,800,800,800,1265,800,0,0,0,100,0,0,0,0,0,0,0,0,0,0,0,0,0,0,0,0,0,0,0,0,0,0,0,0,0,0,0,0,0,19583.72900390625,120128.77362060547,0,67221331968,8589930496,37836066816,462741504
200,1724174619956,1268,1311,800,800,800,800,1920,800,857,894,884,867,1276,800,800,800,864,800,800,800,862,800,889,800,858,800,800,800,800,800,1265,800,0,0,0,100,0,0,0,0,0,0,0,0,0,0,0,0,0,0,0,0,0,0,0,0,0,0,0,0,0,0,0,0,0,19594.62567138672,120138.33728027344,0,67221331968,8589930496,37935157248,462741504
200,1724174620156,1268,1311,800,800,800,800,1920,800,857,894,884,867,1276,800,800,800,864,800,800,800,862,800,889,800,858,800,800,800,800,800,1265,800,0,0,0,100,0,0,0,0,0,0,0,0,0,0,0,0,0,0,0,0,0,0,0,0,0,0,0,0,0,0,0,0,0,19605.426391601563,120147.8169555664,0,67221331968,8589930496,38034247680,462741504
200,1724174620356,1268,1311,800,800,800,800,1920,800,857,894,884,867,1276,800,800,800,864,800,800,800,862,800,889,800,858,800,800,800,800,800,1265,800,0,0,0,100,0,0,0,0,0,0,0,0,0,0,0,0,0,0,0,0,0,0,0,0,0,0,0,0,0,0,0,0,0,19616.435485839844,120157.49157714844,0,67221331968,8589930496,38139531264,462741504
200,1724174620556,1268,1311,800,800,800,800,1920,800,857,894,884,867,1276,800,800,800,864,800,800,800,862,800,889,800,858,800,800,800,800,800,1265,800,0,0,0,100,0,0,0,0,0,0,0,0,0,0,0,0,0,0,0,0,0,0,0,0,0,0,0,0,0,0,0,0,0,19627.281005859375,120167.009765625,0,67221331968,8589930496,38238621696,462741504
200,1724174620756,1268,1311,800,800,800,800,1920,800,857,894,884,867,1276,800,800,800,864,800,800,800,862,800,889,800,858,800,800,800,800,800,1265,800,0,0,0,100,0,0,0,0,0,0,0,0,0,0,0,0,0,0,0,0,0,0,0,0,0,0,0,0,0,0,0,0,0,19638.118041992188,120176.5209350586,0,67221331968,8589930496,38337712128,462741504
200,1724174620956,1268,1311,800,800,800,800,1920,800,857,894,884,867,1276,800,800,800,864,800,800,800,862,800,889,800,858,800,800,800,800,800,1265,800,0,0,0,100,0,0,0,0,0,0,0,0,0,0,0,0,0,0,0,0,0,0,0,0,0,0,0,0,0,0,0,0,0,19648.978393554688,120186.05303955078,0,67221331968,8589930496,38445060096,462741504
200,1724174621157,1268,1311,800,800,800,800,1920,800,857,894,884,867,1276,800,800,800,864,800,800,800,862,800,889,800,858,800,800,800,800,800,1265,800,0,0,0,100,0,0,0,0,0,0,0,0,0,0,0,0,0,0,0,0,0,0,0,0,0,0,0,0,0,0,0,0,0,19659.841064453125,120195.58837890625,0,67221331968,8589930496,38544666624,462741504
200,1724174621357,1268,1311,800,800,800,800,1920,800,857,894,884,867,1276,800,800,800,864,800,800,800,862,800,889,800,858,800,800,800,800,800,1265,800,0,0,0,100,0,0,0,0,0,0,0,0,0,0,0,0,0,0,0,0,0,0,0,0,0,0,0,0,0,0,0,0,0,19670.69464111328,120205.1162109375,0,67221331968,8589930496,38643757056,462741504
200,1724174621557,1268,1311,800,800,800,800,1920,800,857,894,884,867,1276,800,800,800,864,800,800,800,862,800,889,800,858,800,800,800,800,800,1265,800,0,0,0,100,0,0,0,0,0,0,0,0,0,0,0,0,0,0,0,0,0,0,0,0,0,0,0,0,0,0,0,0,0,19681.544372558594,120214.63830566406,0,67221331968,8589930496,38742847488,462741504
200,1724174621757,1268,1311,800,800,800,800,1920,800,857,894,884,867,1276,800,800,800,864,800,800,800,862,800,889,800,858,800,800,800,800,800,1265,800,0,0,0,100,0,0,0,0,0,0,0,0,0,0,0,0,0,0,0,0,0,0,0,0,0,0,0,0,0,0,0,0,0,19692.396850585938,120224.1640625,0,67221331968,8589930496,38850195456,462741504
200,1724174621957,1268,1311,800,800,800,800,1920,800,857,894,884,867,1276,800,800,800,864,800,800,800,862,800,889,800,858,800,800,800,800,800,1265,800,0,0,0,100,0,0,0,0,0,0,0,0,0,0,0,0,0,0,0,0,0,0,0,0,0,0,0,0,0,0,0,0,0,19703.26092529297,120233.70001220703,0,67221331968,8589930496,38949285888,462741504
200,1724174622157,1268,1311,800,800,800,800,1920,800,857,894,884,867,1276,800,800,800,864,800,800,800,862,800,889,800,858,800,800,800,800,800,1265,800,0,0,0,100,0,0,0,0,0,0,0,0,0,0,0,0,0,0,0,0,0,0,0,0,0,0,0,0,0,0,0,0,0,19714.2392578125,120243.35235595703,0,67221331968,8589930496,39046828032,462741504
200,1724174622357,1268,1311,800,800,800,800,1920,800,857,894,884,867,1276,800,800,800,864,800,800,800,862,800,889,800,858,800,800,800,800,800,1265,800,0,0,0,100,0,0,4.761904716491699,0,0,0,0,0,0,0,0,0,0,0,0,0,0,0,0,0,0,0,0,0,0,0,0,0,0,19725.249267578125,120253.02850341797,0,67221331968,8589930496,39145918464,462741504
200,1724174622557,1268,1311,800,800,800,800,1920,800,857,894,884,867,1276,800,800,800,864,800,800,800,862,800,889,800,858,800,800,800,800,800,1265,800,0,0,0,100,0,0,0,0,0,0,0,0,0,0,0,0,0,0,0,0,0,0,0,0,0,0,0,0,0,0,0,0,0,19736.11346435547,120262.56524658203,0,67221331968,8589930496,39253266432,462741504
200,1724174622757,1268,1311,800,800,800,800,1920,800,857,894,884,867,1276,800,800,800,864,800,800,800,862,800,889,800,858,800,800,800,800,800,1265,800,0,0,0,100,0,0,0,0,0,0,0,0,0,0,0,0,0,0,0,0,0,0,0,0,0,0,0,0,0,0,0,0,0,19747.07208251953,120272.19616699219,0,67221331968,8589930496,39352356864,462741504
200,1724174622957,1268,1311,800,800,800,800,1920,800,857,894,884,867,1276,800,800,800,864,800,800,800,862,800,889,800,858,800,800,800,800,800,1265,800,0,0,0,100,0,0,0,0,0,0,0,0,0,0,0,0,0,0,0,0,0,0,0,0,0,0,0,0,0,0,0,0,0,19758.001953125,120281.79852294922,0,67221331968,8589930496,39459188736,462741504
200,1724174623157,1268,1311,800,800,800,800,1920,800,857,894,884,867,1276,800,800,800,864,800,800,800,862,800,889,800,858,800,800,800,800,800,1265,800,0,0,0,100,0,0,0,0,0,0,0,0,0,0,0,0,0,0,0,0,0,0,0,0,0,0,0,0,0,0,0,0,0,19768.851989746094,120291.32318115234,0,67221331968,8589930496,39566020608,462741504
200,1724174623358,1268,1311,800,800,800,800,1920,800,857,894,884,867,1276,800,800,800,864,800,800,800,862,800,889,800,858,800,800,800,800,800,1265,800,0,0,0,100,0,0,0,0,0,0,0,0,0,0,0,0,0,0,0,0,0,0,0,0,0,0,0,0,0,0,0,0,0,19779.742309570313,120300.88446044922,0,67221331968,8589930496,39665111040,462741504
200,1724174623558,1268,1311,800,800,800,800,1920,800,857,894,884,867,1276,800,800,800,864,800,800,800,862,800,889,800,858,800,800,800,800,800,1265,800,0,0,0,100,0,0,0,0,0,0,0,0,0,0,0,0,0,0,0,0,0,0,0,0,0,0,0,0,0,0,0,0,0,19790.70635986328,120310.52062988281,0,67221331968,8589930496,39763685376,462741504
200,1724174623758,1268,1311,800,800,800,800,1920,800,857,894,884,867,1276,800,800,800,864,800,800,800,862,800,889,800,858,800,800,800,800,800,1265,800,0,0,0,100,0,0,0,0,0,0,0,0,0,0,0,0,0,0,0,0,0,0,0,0,0,0,0,0,0,0,0,0,0,19801.536254882813,120320.02410888672,0,67221331968,8589930496,39862775808,462741504
200,1724174623958,1268,1311,800,800,800,800,1920,800,857,894,884,867,1276,800,800,800,864,800,800,800,862,800,889,800,858,800,800,800,800,800,1265,800,0,0,0,100,0,0,0,0,0,0,0,0,0,0,0,0,0,0,0,0,0,0,0,0,0,0,0,0,0,0,0,0,0,19812.381591796875,120329.54119873047,0,67221331968,8589930496,39970123776,462741504
200,1724174624158,1268,1311,800,800,800,800,1920,800,857,894,884,867,1276,800,800,800,864,800,800,800,862,800,889,800,858,800,800,800,800,800,1265,800,0,0,0,100,0,0,0,0,0,0,0,0,0,0,0,0,0,0,0,0,0,0,0,0,0,0,0,0,0,0,0,0,0,19823.316162109375,120339.1488647461,0,67221331968,8589930496,40068956160,462741504
200,1724174624358,1268,1311,800,800,800,800,1920,800,857,894,884,867,1276,800,800,800,864,800,800,800,862,800,889,800,858,800,800,800,800,800,1265,800,0,0,0,100,0,0,0,0,0,0,0,0,0,0,0,0,0,0,0,0,0,0,0,0,0,0,0,0,0,0,0,0,0,19834.41455078125,120348.9204711914,0,67221331968,8589930496,40167014400,462741504
200,1724174624558,1268,1311,800,800,800,800,1920,800,857,894,884,867,1276,800,800,800,864,800,800,800,862,800,889,800,858,800,800,800,800,800,1265,800,0,0,0,100,0,0,0,0,0,0,0,0,0,0,0,0,0,0,0,0,0,0,0,0,0,0,0,0,0,0,0,0,0,19845.250610351563,120358.42877197266,0,67221331968,8589930496,40274362368,462741504
200,1724174624758,1268,1311,800,800,800,800,1920,800,857,894,884,867,1276,800,800,800,864,800,800,800,862,800,889,800,858,800,800,800,800,800,1265,800,0,0,0,100,0,0,0,0,0,0,0,0,0,0,0,0,0,0,0,0,0,0,0,0,0,0,0,0,0,0,0,0,0,19856.14013671875,120367.98541259766,0,67221331968,8589930496,40373452800,462741504
200,1724174624958,1268,1311,800,800,800,800,1920,800,857,894,884,867,1276,800,800,800,864,800,800,800,862,800,889,800,858,800,800,800,800,800,1265,800,0,0,0,100,0,0,0,0,0,0,0,0,0,0,0,0,0,0,0,0,0,0,0,0,0,0,0,0,0,0,0,0,0,19866.92236328125,120377.44610595703,0,67221331968,8589930496,40472543232,462741504
200,1724174625158,1268,1311,800,800,800,800,1920,800,857,894,884,867,1276,800,800,800,864,800,800,800,862,800,889,800,858,800,800,800,800,800,1265,800,0,0,0,100,0,0,0,0,0,0,0,0,0,0,0,0,0,0,0,0,0,0,0,0,0,0,0,0,0,0,0,0,0,19877.833129882813,120387.02313232422,0,67221331968,8589930496,40571633664,462741504
200,1724174625358,1268,1311,800,800,800,800,1920,800,857,894,884,867,1276,800,800,800,864,800,800,800,862,800,889,800,858,800,800,800,800,800,1265,800,0,0,0,100,0,0,0,0,0,0,0,0,0,0,0,0,0,0,0,0,0,0,0,0,0,0,0,0,0,0,0,0,0,19888.68719482422,120396.5503540039,0,67221331968,8589930496,40678981632,462741504
200,1724174625559,1268,1311,800,800,800,800,1920,800,857,894,884,867,1276,800,800,800,864,800,800,800,862,800,889,800,858,800,800,800,800,800,1265,800,0,0,0,100,0,0,0,0,0,0,0,0,0,0,0,0,0,0,0,0,0,0,0,0,0,0,0,0,0,0,0,0,0,19899.611938476563,120406.14569091797,0,67221331968,8589930496,40778072064,462741504
200,1724174625759,1268,1311,800,800,800,800,1920,800,857,894,884,867,1276,800,800,800,864,800,800,800,862,800,889,800,858,800,800,800,800,800,1265,800,0,0,0,100,0,0,0,0,0,0,0,0,0,0,0,0,0,0,0,0,0,0,0,0,0,0,0,0,0,0,0,0,0,19910.42108154297,120415.63018798828,0,67221331968,8589930496,40877162496,462741504
200,1724174625959,1268,1311,800,800,800,800,1920,800,857,894,884,867,1276,800,800,800,864,800,800,800,862,800,889,800,858,800,800,800,800,800,1265,800,0,0,0,100,0,0,0,0,0,0,0,0,0,0,0,0,0,0,0,0,0,0,0,0,0,0,0,0,0,0,0,0,0,19921.26629638672,120425.14721679688,0,67221331968,8589930496,40976252928,462741504
200,1724174626159,1268,1311,800,800,800,800,1920,800,857,894,884,867,1276,800,800,800,864,800,800,800,862,800,889,800,858,800,800,800,800,800,1265,800,0,0,0,100,0,0,0,0,0,0,0,0,0,0,0,0,0,0,0,0,0,0,0,0,0,0,0,0,0,0,0,0,0,19932.09979248047,120434.65399169922,0,67221331968,8589930496,41082568704,462741504
200,1724174626359,1268,1311,800,800,800,800,1920,800,857,894,884,867,1276,800,800,800,864,800,800,800,862,800,889,800,858,800,800,800,800,800,1265,800,0,0,0,100,0,0,0,0,0,0,0,0,0,0,0,0,0,0,0,0,0,0,0,0,0,0,0,0,0,0,0,0,0,19942.951293945313,120444.17822265625,0,67221331968,8589930496,41181659136,462741504
200,1724174626559,1268,1311,800,800,800,800,1920,800,857,894,884,867,1276,800,800,800,864,800,800,800,862,800,889,800,858,800,800,800,800,800,1265,800,0,0,0,100,0,0,0,0,0,0,0,0,0,0,0,0,0,0,0,0,0,0,0,0,0,0,0,0,0,0,0,0,0,19953.969848632813,120453.86889648438,0,67221331968,8589930496,41279717376,462741504
200,1724174626759,1268,1311,800,800,800,800,1920,800,857,894,884,867,1276,800,800,800,864,800,800,800,862,800,889,800,858,800,800,800,800,800,1265,800,0,0,0,100,0,0,0,0,0,0,0,0,0,0,0,0,0,0,0,0,0,0,0,0,0,0,0,0,0,0,0,0,0,19964.79669189453,120463.36901855469,0,67221331968,8589930496,41387065344,462741504
200,1724174626959,1268,1311,800,800,800,800,1920,800,857,894,884,867,1276,800,800,800,864,800,800,800,862,800,889,800,858,800,800,800,800,800,1265,800,0,0,0,100,0,0,0,0,0,0,0,0,0,0,0,0,0,0,0,0,0,0,0,0,0,0,0,0,0,0,0,0,0,19975.68048095703,120472.91943359375,0,67221331968,8589930496,41486155776,462741504
200,1724174627159,1268,1311,800,800,800,800,1920,800,857,894,884,867,1276,800,800,800,864,800,800,800,862,800,889,800,858,800,800,800,800,800,1265,800,0,0,0,100,0,0,0,0,0,0,0,0,0,0,0,0,0,0,0,0,0,0,0,0,0,0,0,0,0,0,0,0,0,19986.517517089844,120482.42901611328,0,67221331968,8589930496,41584730112,462741504
200,1724174627359,1268,1311,800,800,800,800,1920,800,857,894,884,867,1276,800,800,800,864,800,800,800,862,800,889,800,858,800,800,800,800,800,1265,800,0,0,0,100,0,0,0,0,0,0,0,0,0,0,0,0,0,0,0,0,0,0,0,0,0,0,0,0,0,0,0,0,0,19997.370178222656,120491.95532226563,0,67221331968,8589930496,41683820544,462741504
200,1724174627560,1268,1311,800,800,800,800,1920,800,857,894,884,867,1276,800,800,800,864,800,800,800,862,800,889,800,858,800,800,800,800,800,1265,800,0,0,0,100,0,0,0,0,0,0,0,0,0,0,0,0,0,0,0,0,0,0,0,0,0,0,0,0,0,0,0,0,0,20008.233947753906,120501.49060058594,0,67221331968,8589930496,41791168512,462741504
200,1724174627760,1268,1311,800,800,800,800,1920,800,857,894,884,867,1276,800,800,800,864,800,800,800,862,800,889,800,858,800,800,800,800,800,1265,800,0,0,0,100,0,0,0,0,0,0,0,0,0,0,0,0,0,0,0,0,0,0,0,0,0,0,0,0,0,0,0,0,0,20019.08624267578,120511.01684570313,0,67221331968,8589930496,41890242560,462741504
200,1724174627960,1268,1311,800,800,800,800,1920,800,857,894,884,867,1276,800,800,800,864,800,800,800,862,800,889,800,858,800,800,800,800,800,1265,800,0,0,0,100,0,0,0,0,0,0,0,0,0,0,0,0,0,0,0,0,0,0,0,0,0,0,0,0,0,0,0,0,0,20029.942443847656,120520.54559326172,0,67221331968,8589930496,41989332992,462741504
200,1724174628160,1268,1311,800,800,800,800,1920,800,857,894,884,867,1276,800,800,800,864,800,800,800,862,800,889,800,858,800,800,800,800,800,1265,800,0,0,0,100,0,0,0,0,0,0,0,0,0,0,0,0,0,0,0,0,0,0,0,0,0,0,0,0,0,0,0,0,0,20040.80108642578,120530.07678222656,0,67221331968,8589930496,42088423424,462741504
200,1724174628360,1268,1311,800,800,800,800,1920,800,857,894,884,867,1276,800,800,800,864,800,800,800,862,800,889,800,858,800,800,800,800,800,1265,800,0,0,0,100,0,0,0,0,0,0,0,0,0,0,0,0,0,0,0,0,0,0,0,0,0,0,0,0,0,0,0,0,0,20051.754760742188,120539.70300292969,0,67221331968,8589930496,42195771392,462741504
200,1724174628560,1268,1311,800,800,800,800,1920,800,857,894,884,867,1276,800,800,800,864,800,800,800,862,800,889,800,858,800,800,800,800,800,1265,800,0,0,0,100,0,0,0,0,0,0,0,0,0,0,0,0,0,0,0,0,0,0,0,0,0,0,0,0,0,0,0,0,0,20062.78839111328,120549.41094970703,0,67221331968,8589930496,42294861824,462741504
200,1724174628760,1268,1311,800,800,800,800,1920,800,857,894,884,867,1276,800,800,800,864,800,800,800,862,800,889,800,858,800,800,800,800,800,1265,800,0,0,0,100,0,0,0,0,0,0,0,0,0,0,0,0,0,0,0,0,0,0,0,0,0,0,0,0,0,0,0,0,0,20073.62872314453,120558.92413330078,0,67221331968,8589930496,42392920064,462741504
200,1724174628960,1268,1311,800,800,800,800,1920,800,857,894,884,867,1276,800,800,800,864,800,800,800,862,800,889,800,858,800,800,800,800,800,1265,800,0,0,0,100,0,0,0,0,0,0,0,0,0,0,0,0,0,0,0,0,0,0,0,0,0,0,0,0,0,0,0,0,0,20084.529235839844,120568.49114990234,0,67221331968,8589930496,42500268032,462741504
200,1724174629160,1268,1311,800,800,800,800,1920,800,857,894,884,867,1276,800,800,800,864,800,800,800,862,800,889,800,858,800,800,800,800,800,1265,800,0,0,0,100,0,0,0,0,0,0,0,0,0,0,0,0,0,0,0,0,0,0,0,0,0,0,0,0,0,0,0,0,0,20095.351318359375,120577.9873046875,0,67221331968,8589930496,42599358464,462741504
200,1724174629360,1268,1311,800,800,800,800,1920,800,857,894,884,867,1276,800,800,800,864,800,800,800,862,800,889,800,858,800,800,800,800,800,1265,800,0,0,0,100,0,0,0,0,0,0,0,0,0,0,0,0,0,0,0,0,0,0,0,0,0,0,0,0,0,0,0,0,0,20106.299926757813,120587.6083984375,0,67221331968,8589930496,42696384512,462741504
200,1724174629561,1268,1311,800,800,800,800,1920,800,857,894,884,867,1276,800,800,800,864,800,800,800,862,800,889,800,858,800,800,800,800,800,1265,800,0,0,0,100,0,0,0,0,0,0,0,0,0,0,0,0,0,0,0,0,0,0,0,0,0,0,0,0,0,0,0,0,0,20117.169555664063,120597.1489868164,0,67221331968,8589930496,42803732480,462741504
200,1724174629761,1268,1311,800,800,800,800,1920,800,857,894,884,867,1276,800,800,800,864,800,800,800,862,800,889,800,858,800,800,800,800,800,1265,800,0,0,0,100,0,0,0,0,0,0,0,0,0,0,0,0,0,0,0,0,0,0,0,0,0,0,0,0,0,0,0,0,0,20128.003662109375,120606.65728759766,0,67221331968,8589930496,42902822912,462741504
200,1724174629961,1268,1311,800,800,800,800,1920,800,857,894,884,867,1276,800,800,800,864,800,800,800,862,800,889,800,858,800,800,800,800,800,1265,800,0,0,0,100,0,0,0,0,0,0,0,0,0,0,0,0,0,0,0,0,0,0,0,0,0,0,0,0,0,0,0,0,0,20138.864196777344,120616.19018554688,0,67221331968,8589930496,43001913344,462741504
200,1724174630161,1268,1311,800,800,800,800,1920,800,857,894,884,867,1276,800,800,800,864,800,800,800,862,800,889,800,858,800,800,800,800,800,1265,800,0,0,0,100,0,0,0,0,0,0,0,0,0,0,0,0,0,0,0,0,0,0,0,0,0,0,0,0,0,0,0,0,0,20149.71661376953,120625.71594238281,0,67221331968,8589930496,43101003776,462741504
200,1724174630361,1268,1311,800,800,800,800,1920,800,857,894,884,867,1276,800,800,800,864,800,800,800,862,800,889,800,858,800,800,800,800,800,1265,800,0,0,0,100,0,0,0,0,0,0,0,0,0,0,0,0,0,0,0,0,0,0,0,0,0,0,0,0,0,0,0,0,0,20160.57208251953,120635.24542236328,0,67221331968,8589930496,43207835648,462741504
200,1724174630561,1268,1311,800,800,800,800,1920,800,857,894,884,867,1276,800,800,800,864,800,800,800,862,800,889,800,858,800,800,800,800,800,1265,800,0,0,0,100,0,0,0,0,0,0,0,0,0,0,0,0,0,0,0,0,0,0,0,0,0,0,0,0,0,0,0,0,0,20171.541870117188,120644.8861694336,0,67221331968,8589930496,43306926080,462741504
200,1724174630761,1268,1311,800,800,800,800,1920,800,857,894,884,867,1276,800,800,800,864,800,800,800,862,800,889,800,858,800,800,800,800,800,1265,800,0,0,0,100,0,0,0,0,0,0,0,0,0,0,0,0,0,0,0,0,0,0,0,0,0,0,0,0,0,0,0,0,0,20182.38702392578,120654.404296875,0,67221331968,8589930496,43406016512,462741504
200,1724174630961,1268,1311,800,800,800,800,1920,800,857,894,884,867,1276,800,800,800,864,800,800,800,862,800,889,800,858,800,800,800,800,800,1265,800,0,0,0,100,0,0,0,0,0,0,0,0,0,0,0,0,0,0,0,0,0,0,0,0,0,0,0,0,0,0,0,0,0,20193.228759765625,120663.91973876953,0,67221331968,8589930496,43513364480,462741504
200,1724174631161,1268,1311,800,800,800,800,1920,800,857,894,884,867,1276,800,800,800,864,800,800,800,862,800,889,800,858,800,800,800,800,800,1265,800,0,0,0,100,0,0,0,0,0,0,0,0,0,0,0,0,0,0,0,0,0,0,0,0,0,0,0,0,0,0,0,0,0,20204.071716308594,120673.43585205078,0,67221331968,8589930496,43612454912,462741504
200,1724174631361,1268,1311,800,800,800,800,1920,800,857,894,884,867,1276,800,800,800,864,800,800,800,862,800,889,800,858,800,800,800,800,800,1265,800,0,0,0,100,0,0,0,0,0,0,0,0,0,0,0,0,0,0,0,0,0,0,0,0,0,0,0,0,0,0,0,0,0,20215.077026367188,120683.11389160156,0,67221331968,8589930496,43718770688,462741504
200,1724174631561,1268,1311,800,800,800,800,1920,800,857,894,884,867,1276,800,800,800,864,800,800,800,862,800,889,800,858,800,800,800,800,800,1265,800,0,0,0,100,0,0,0,0,0,0,0,0,0,0,0,0,0,0,0,0,0,0,0,0,0,0,0,0,0,0,0,0,0,20225.97314453125,120692.67565917969,0,67221331968,8589930496,43817861120,462741504
200,1724174631762,1268,1311,800,800,800,800,1920,800,857,894,884,867,1276,800,800,800,864,800,800,800,862,800,889,800,858,800,800,800,800,800,1265,800,0,0,0,100,0,0,0,0,0,0,0,0,0,0,0,0,0,0,0,0,0,0,0,0,0,0,0,0,0,0,0,0,0,20236.92742919922,120702.30334472656,0,67221331968,8589930496,43925209088,462741504
200,1724174631962,1268,1311,800,800,800,800,1920,800,857,894,884,867,1276,800,800,800,864,800,800,800,862,800,889,800,858,800,800,800,800,800,1265,800,0,0,0,100,0,0,0,0,0,0,0,0,0,0,0,0,0,0,0,0,0,0,0,0,0,0,0,0,0,0,0,0,0,20247.75537109375,120711.80548095703,0,67221331968,8589930496,44024299520,462741504
200,1724174632162,1268,1311,800,800,800,800,1920,800,857,894,884,867,1276,800,800,800,864,800,800,800,862,800,889,800,858,800,800,800,800,800,1265,800,0,0,0,100,0,0,0,0,0,0,0,0,0,0,0,0,0,0,0,0,0,0,0,0,0,0,0,0,0,0,0,0,0,20258.59246826172,120721.31555175781,0,67221331968,8589930496,44123389952,462741504
200,1724174632362,1268,1311,800,800,800,800,1920,800,857,894,884,867,1276,800,800,800,864,800,800,800,862,800,889,800,858,800,800,800,800,800,1265,800,0,0,0,100,0,0,0,0,0,0,0,0,0,0,0,0,0,0,0,0,0,0,0,0,0,0,0,0,0,0,0,0,0,20269.544372558594,120730.94012451172,0,67221331968,8589930496,44229705728,462741504
200,1724174632562,1268,1311,800,800,800,800,1920,800,857,894,884,867,1276,800,800,800,864,800,800,800,862,800,889,800,858,800,800,800,800,800,1265,800,0,0,0,100,0,0,0,0,0,0,0,0,0,0,0,0,0,0,0,0,0,0,0,0,0,0,0,0,0,0,0,0,0,20280.490234375,120740.55755615234,0,67221331968,8589930496,44328796160,462741504
200,1724174632762,1268,1311,800,800,800,800,1920,800,857,894,884,867,1276,800,800,800,864,800,800,800,862,800,889,800,858,800,800,800,800,800,1265,800,0,0,0,100,0,0,0,0,0,0,0,0,0,0,0,0,0,0,0,0,0,0,0,0,0,0,0,0,0,0,0,0,0,20291.41729736328,120750.15936279297,0,67221331968,8589930496,44427886592,462741504
200,1724174632962,1268,1311,800,800,800,800,1920,800,857,894,884,867,1276,800,800,800,864,800,800,800,862,800,889,800,858,800,800,800,800,800,1265,800,0,0,0,100,0,0,0,0,0,0,0,0,0,0,0,0,0,0,0,0,0,0,0,0,0,0,0,0,0,0,0,0,0,20302.304138183594,120759.71325683594,0,67221331968,8589930496,44534198272,462741504
200,1724174633162,1268,1311,800,800,800,800,1920,800,857,894,884,867,1276,800,800,800,864,800,800,800,862,800,889,800,858,800,800,800,800,800,1265,800,0,0,0,100,0,0,0,0,0,0,0,0,0,0,0,0,0,0,0,0,0,0,0,0,0,0,0,0,0,0,0,0,0,20313.157958984375,120769.23974609375,0,67221331968,8589930496,44632256512,462741504
200,1724174633362,1268,1311,800,800,800,800,1920,800,857,894,884,867,1276,800,800,800,864,800,800,800,862,800,889,800,858,800,800,800,800,800,1265,800,0,0,0,100,0,0,0,0,0,0,0,0,0,0,0,0,0,0,0,0,0,0,0,0,0,0,0,0,0,0,0,0,0,20324.08642578125,120778.84161376953,0,67221331968,8589930496,44731346944,462741504
200,1724174633562,1268,1311,800,800,800,800,1920,800,857,894,884,867,1276,800,800,800,864,800,800,800,862,800,889,800,858,800,800,800,800,800,1265,800,0,0,0,100,0,0,0,0,0,0,0,0,0,0,0,0,0,0,0,0,0,0,0,0,0,0,0,0,0,0,0,0,0,20334.945068359375,120788.37200927734,0,67221331968,8589930496,44830437376,462741504
200,1724174633763,1268,1311,800,800,800,800,1920,800,857,894,884,867,1276,800,800,800,864,800,800,800,862,800,889,800,858,800,800,800,800,800,1265,800,0,0,0,100,0,0,0,0,0,0,0,0,0,0,0,0,0,0,0,0,0,0,0,0,0,0,0,0,0,0,0,0,0,20345.76678466797,120797.86853027344,0,67221331968,8589930496,44937527296,462741504
200,1724174633963,1268,1311,800,800,800,800,1920,800,857,894,884,867,1276,800,800,800,864,800,800,800,862,800,889,800,858,800,800,800,800,800,1265,800,0,0,0,100,0,0,0,0,0,0,0,0,0,0,0,0,0,0,0,0,0,0,0,0,0,0,0,0,0,0,0,0,0,20356.62322998047,120807.39758300781,0,67221331968,8589930496,45036617728,462741504
200,1724174634163,1268,1311,800,800,800,800,1920,800,857,894,884,867,1276,800,800,800,864,800,800,800,862,800,889,800,858,800,800,800,800,800,1265,800,0,0,0,100,0,0,0,0,0,0,0,0,0,0,0,0,0,0,0,0,0,0,0,0,0,0,0,0,0,0,0,0,0,20367.463806152344,120816.91186523438,0,67221331968,8589930496,45135708160,462741504
200,1724174634363,1268,1311,800,800,800,800,1920,800,857,894,884,867,1276,800,800,800,864,800,800,800,862,800,889,800,858,800,800,800,800,800,1265,800,0,0,0,100,0,0,0,0,0,0,0,0,0,0,0,0,0,0,0,0,0,0,0,0,0,0,0,0,0,0,0,0,0,20378.343017578125,120826.46282958984,0,67221331968,8589930496,45243056128,462741504
199,1724174634563,1268,1311,800,800,800,800,1920,800,857,894,884,867,1276,800,800,800,864,800,800,800,862,800,889,800,858,800,800,800,800,800,1265,800,0,0,0,100,0,0,0,0,0,0,0,0,0,0,0,0,0,0,0,0,0,0,0,0,0,0,0,0,0,0,0,0,0,20389.29541015625,120836.08917236328,0,67221331968,8589930496,45342146560,462741504
200,1724174634763,1268,1311,800,800,800,800,1920,800,857,894,884,867,1276,800,800,800,864,800,800,800,862,800,889,800,858,800,800,800,800,800,1265,800,0,0,0,100,0,0,0,0,0,0,0,0,0,0,0,0,0,0,0,0,0,0,0,0,0,0,0,0,0,0,0,0,0,20400.23846435547,120845.70623779297,0,67221331968,8589930496,45440204800,462741504
200,1724174634963,1268,1311,800,800,800,800,1920,800,857,894,884,867,1276,800,800,800,864,800,800,800,862,800,889,800,858,800,800,800,800,800,1265,800,0,0,0,100,0,0,0,0,0,0,0,0,0,0,0,0,0,0,0,0,0,0,0,0,0,0,0,0,0,0,0,0,0,20411.075317382813,120855.21557617188,0,67221331968,8589930496,45539295232,462741504
200,1724174635163,1268,1311,800,800,800,800,1920,800,857,894,884,867,1276,800,800,800,864,800,800,800,862,800,889,800,858,800,800,800,800,800,1265,800,0,0,0,100,0,0,0,0,0,0,0,0,0,0,0,0,0,0,0,0,0,0,0,0,0,0,0,0,0,0,0,0,0,20421.921875,120864.73547363281,0,67221331968,8589930496,45645611008,462741504
200,1724174635363,1268,1311,800,800,800,800,1920,800,857,894,884,867,1276,800,800,800,864,800,800,800,862,800,889,800,858,800,800,800,800,800,1265,800,0,0,0,100,0,0,0,0,0,0,0,0,0,0,0,0,0,0,0,0,0,0,0,0,0,0,0,0,0,0,0,0,0,20432.93426513672,120874.41320800781,0,67221331968,8589930496,45744701440,462741504
200,1724174635563,1268,1311,800,800,800,800,1920,800,857,894,884,867,1276,800,800,800,864,800,800,800,862,800,889,800,858,800,800,800,800,800,1265,800,0,0,0,100,0,0,0,0,0,0,0,0,0,0,0,0,0,0,0,0,0,0,0,0,0,0,0,0,0,0,0,0,0,20443.763793945313,120883.91589355469,0,67221331968,8589930496,45843275776,462741504
200,1724174635763,1268,1311,800,800,800,800,1920,800,857,894,884,867,1276,800,800,800,864,800,800,800,862,800,889,800,858,800,800,800,800,800,1265,800,0,0,0,100,0,0,0,0,0,0,0,0,0,0,0,0,0,0,0,0,0,0,0,0,0,0,0,0,0,0,0,0,0,20454.66925048828,120893.49407958984,0,67221331968,8589930496,45950623744,462741504
200,1724174635964,1268,1311,800,800,800,800,1920,800,857,894,884,867,1276,800,800,800,864,800,800,800,862,800,889,800,858,800,800,800,800,800,1265,800,0,0,0,100,0,0,0,0,0,0,0,0,0,0,0,0,0,0,0,0,0,0,0,0,0,0,0,0,0,0,0,0,0,20465.517578125,120903.01544189453,0,67221331968,8589930496,46049193984,462741504
200,1724174636164,1268,1311,800,800,800,800,1920,800,857,894,884,867,1276,800,800,800,864,800,800,800,862,800,889,800,858,800,800,800,800,800,1265,800,0,0,0,100,0,0,0,0,0,0,0,0,0,0,0,0,0,0,0,0,0,0,0,0,0,0,0,0,0,0,0,0,0,20476.36962890625,120912.5400390625,0,67221331968,8589930496,46148284416,462741504
200,1724174636364,1268,1311,800,800,800,800,1920,800,857,894,884,867,1276,800,800,800,864,800,800,800,862,800,889,800,858,800,800,800,800,800,1265,800,0,0,0,100,0,0,4.761904716491699,0,0,0,0,0,0,0,0,0,0,0,0,0,0,0,0,0,0,0,0,0,0,0,0,0,0,20487.327880859375,120922.171875,0,67221331968,8589930496,46247374848,462741504
200,1724174636564,1268,1311,800,800,800,800,1920,800,857,894,884,867,1276,800,800,800,864,800,800,800,862,800,889,800,858,800,800,800,800,800,1265,800,0,0,0,100,0,0,0,0,0,0,0,0,0,0,0,0,0,0,0,0,0,0,0,0,0,0,0,0,0,0,0,0,0,20498.170532226563,120931.68817138672,0,67221331968,8589930496,46354722816,462741504
199,1724174636764,1268,1311,800,800,800,800,1920,800,857,894,884,867,1276,800,800,800,864,800,800,800,862,800,889,800,858,800,800,800,800,800,1265,800,0,0,0,100,0,0,0,0,0,0,0,0,0,0,0,0,0,0,0,0,0,0,0,0,0,0,0,0,0,0,0,0,0,20509.101806640625,120941.29119873047,0,67221331968,8589930496,46453813248,462741504
200,1724174636964,1268,1311,800,800,800,800,1920,800,857,894,884,867,1276,800,800,800,864,800,800,800,862,800,889,800,858,800,800,800,800,800,1265,800,0,0,0,100,0,0,0,0,0,0,0,0,0,0,0,0,0,0,0,0,0,0,0,0,0,0,0,0,0,0,0,0,0,20520.187561035156,120951.05084228516,0,67221331968,8589930496,46552903680,462741504
200,1724174637164,1268,1311,800,800,800,800,1920,800,857,894,884,867,1276,800,800,800,864,800,800,800,862,800,889,800,858,800,800,800,800,800,1265,800,0,0,0,100,0,0,0,0,0,0,0,0,0,0,0,0,0,0,0,0,0,0,0,0,0,0,0,0,0,0,0,0,0,20531.034240722656,120960.57165527344,0,67221331968,8589930496,46659735552,462741504
200,1724174637364,1268,1311,800,800,800,800,1920,800,857,894,884,867,1276,800,800,800,864,800,800,800,862,800,889,800,858,800,800,800,800,800,1265,800,0,0,0,100,0,0,0,0,0,0,0,0,0,0,0,0,0,0,0,0,0,0,0,0,0,0,0,0,0,0,0,0,0,20541.92352294922,120970.13208007813,0,67221331968,8589930496,46758825984,462741504
200,1724174637564,1268,1311,800,800,800,800,1920,800,857,894,884,867,1276,800,800,800,864,800,800,800,862,800,889,800,858,800,800,800,800,800,1265,800,0,0,0,100,0,0,0,0,0,0,0,0,0,0,0,0,0,0,0,0,0,0,0,0,0,0,0,0,0,0,0,0,0,20552.765380859375,120979.64837646484,0,67221331968,8589930496,46857916416,462741504
200,1724174637764,1268,1311,800,800,800,800,1920,800,857,894,884,867,1276,800,800,800,864,800,800,800,862,800,889,800,858,800,800,800,800,800,1265,800,0,0,0,100,0,0,0,0,0,0,0,0,0,0,0,0,0,0,0,0,0,0,0,0,0,0,0,0,0,0,0,0,0,20563.641479492188,120989.19622802734,0,67221331968,8589930496,46957006848,462741504
200,1724174637964,1268,1311,800,800,800,800,1920,800,857,894,884,867,1276,800,800,800,864,800,800,800,862,800,889,800,858,800,800,800,800,800,1265,800,0,0,0,100,0,0,0,0,0,0,0,0,0,0,0,0,0,0,0,0,0,0,0,0,0,0,0,0,0,0,0,0,0,20574.54229736328,120998.76452636719,0,67221331968,8589930496,47064354816,462741504
200,1724174638165,1268,1311,800,800,800,800,1920,800,857,894,884,867,1276,800,800,800,864,800,800,800,862,800,889,800,858,800,800,800,800,800,1265,800,0,0,0,100,0,0,0,0,0,0,0,0,0,0,0,0,0,0,0,0,0,0,0,0,0,0,0,0,0,0,0,0,0,20585.3974609375,121008.29302978516,0,67221331968,8589930496,47163445248,462741504
200,1724174638365,1268,1311,800,800,800,800,1920,800,857,894,884,867,1276,800,800,800,864,800,800,800,862,800,889,800,858,800,800,800,800,800,1265,800,0,0,0,100,0,0,0,0,0,0,0,0,0,0,0,0,0,0,0,0,0,0,0,0,0,0,0,0,0,0,0,0,0,20596.265991210938,121017.83416748047,0,67221331968,8589930496,47262535680,462741504
200,1724174638565,1268,1311,800,800,800,800,1920,800,857,894,884,867,1276,800,800,800,864,800,800,800,862,800,889,800,858,800,800,800,800,800,1265,800,0,0,0,100,0,0,0,0,0,0,0,0,0,0,4.761904716491699,0,0,0,0,0,0,0,0,0,0,0,0,0,0,0,0,0,0,20607.265747070313,121027.49884033203,0,67221331968,8589930496,47361884160,462741504
200,1724174638765,1268,1311,800,800,800,800,1920,800,857,894,884,867,1276,800,800,800,864,800,800,800,862,800,889,800,858,800,800,800,800,800,1265,800,0,0,0,100,0,0,0,0,0,0,0,0,0,0,0,0,0,0,0,0,0,0,0,0,0,0,0,0,0,0,0,0,0,20618.11639404297,121037.02325439453,0,67221331968,8589930496,47469232128,462741504
200,1724174638965,1268,1311,800,800,800,800,1920,800,857,894,884,867,1276,800,800,800,864,800,800,800,862,800,889,800,858,800,800,800,800,800,1265,800,0,0,0,100,0,0,0,0,0,0,0,0,0,0,0,0,0,0,0,0,0,0,0,0,0,0,0,0,0,0,0,0,0,20629.094604492188,121046.6752319336,0,67221331968,8589930496,47568322560,462741504
200,1724174639165,1268,1311,800,800,800,800,1920,800,857,894,884,867,1276,800,800,800,864,800,800,800,862,800,889,800,858,800,800,800,800,800,1265,800,0,0,0,100,0,0,0,0,0,0,0,0,0,0,0,0,0,0,0,0,0,0,0,0,0,0,0,0,0,0,0,0,0,20639.968627929688,121056.22052001953,0,67221331968,8589930496,47667412992,462741504
200,1724174639365,1268,1311,800,800,800,800,1920,800,857,894,884,867,1276,800,800,800,864,800,800,800,862,800,889,800,858,800,800,800,800,800,1265,800,0,0,0,100,0,0,0,0,0,0,0,0,0,0,0,0,0,0,0,0,0,0,0,0,0,0,0,0,0,0,0,0,0,20650.957092285156,121065.88208007813,0,67221331968,8589930496,47765471232,462741504
200,1724174639565,1268,1311,800,800,800,800,1920,800,857,894,884,867,1276,800,800,800,864,800,800,800,862,800,889,800,858,800,800,800,800,800,1265,800,0,0,0,100,0,0,0,0,0,0,0,0,0,0,0,0,0,0,0,0,0,0,0,0,0,0,0,0,0,0,0,0,0,20661.80224609375,121075.40057373047,0,67221331968,8589930496,47872819200,462741504
200,1724174639765,1268,1311,800,800,800,800,1920,800,857,894,884,867,1276,800,800,800,864,800,800,800,862,800,889,800,858,800,800,800,800,800,1265,800,0,0,0,100,0,0,0,0,0,0,0,0,0,0,0,0,0,0,0,0,0,0,0,0,0,0,0,0,0,0,0,0,0,20672.668395996094,121084.93841552734,0,67221331968,8589930496,47980167168,462741504
200,1724174639965,1268,1311,800,800,800,800,1920,800,857,894,884,867,1276,800,800,800,864,800,800,800,862,800,889,800,858,800,800,800,800,800,1265,800,0,0,0,100,0,0,0,0,0,0,0,0,0,0,0,0,0,0,0,0,0,0,0,0,0,0,0,0,0,0,0,0,0,20683.579467773438,121094.517578125,0,67221331968,8589930496,48079257600,462741504
200,1724174640166,1268,1311,800,800,800,800,1920,800,857,894,884,867,1276,800,800,800,864,800,800,800,862,800,889,800,858,800,800,800,800,800,1265,800,0,0,0,100,0,0,0,0,0,0,0,0,0,0,0,0,0,0,0,0,0,0,0,0,0,0,0,0,0,0,0,0,0,20694.544860839844,121104.1558227539,0,67221331968,8589930496,48177823744,462479360
200,1724174640366,1268,1311,800,800,800,800,1920,800,857,894,884,867,1276,800,800,800,864,800,800,800,862,800,889,800,858,800,800,800,800,800,1265,800,0,0,0,100,0,0,0,0,0,0,0,0,0,0,0,0,0,0,0,0,0,0,0,0,0,0,0,0,0,0,0,0,0,20705.547424316406,121113.83129882813,0,67221331968,8589930496,48285171712,462479360
200,1724174640566,1268,1311,800,800,800,800,1920,800,857,894,884,867,1276,800,800,800,864,800,800,800,862,800,889,800,858,800,800,800,800,800,1265,800,0,0,0,100,0,0,0,0,0,0,0,0,0,0,0,0,0,0,0,0,0,0,0,0,0,0,0,0,0,0,0,0,0,20716.431640625,121123.38641357422,0,67221331968,8589930496,48383746048,462479360
200,1724174640766,1268,1311,800,800,800,800,1920,800,857,894,884,867,1276,800,800,800,864,800,800,800,862,800,889,800,858,800,800,800,800,800,1265,800,0,0,0,100,0,0,0,0,0,0,0,0,0,0,0,0,0,0,0,0,0,0,0,0,0,0,0,0,0,0,0,0,0,20727.294799804688,121132.92315673828,0,67221331968,8589930496,48482836480,462479360
200,1724174640966,1268,1311,800,800,800,800,1920,800,857,894,884,867,1276,800,800,800,864,800,800,800,862,800,889,800,858,800,800,800,800,800,1265,800,4.761904716491699,0,0,100,0,0,0,0,0,0,0,0,0,0,0,0,0,0,0,0,0,0,0,0,0,0,0,0,0,0,0,0,0,20738.256225585938,121142.55682373047,0,67221331968,8589930496,48590184448,462479360
200,1724174641166,1268,1311,800,800,800,800,1920,800,857,894,884,867,1276,800,800,800,864,800,800,800,862,800,889,800,858,800,800,800,800,800,1265,800,0,0,0,100,0,0,0,0,0,0,0,0,0,0,0,0,0,0,0,0,0,0,0,0,0,0,0,0,0,0,0,0,0,20749.216064453125,121152.18951416016,0,67221331968,8589930496,48689274880,462479360
200,1724174641366,1268,1311,800,800,800,800,1920,800,857,894,884,867,1276,800,800,800,864,800,800,800,862,800,889,800,858,800,800,800,800,800,1265,800,0,0,0,100,0,0,0,0,0,0,0,0,0,0,0,0,0,0,0,0,0,0,0,0,0,0,0,0,0,0,0,0,0,20760.07305908203,121161.71984863281,0,67221331968,8589930496,48788365312,462479360
200,1724174641566,1268,1311,800,800,800,800,1920,800,857,894,884,867,1276,800,800,800,864,800,800,800,862,800,889,800,858,800,800,800,800,800,1265,800,0,0,0,100,0,0,0,0,0,0,0,0,0,0,0,0,0,0,0,0,0,0,0,0,0,0,0,0,0,0,0,0,0,20770.951721191406,121171.26934814453,0,67221331968,8589930496,48887455744,462479360
200,1724174641766,1268,1311,800,800,800,800,1920,800,857,894,884,867,1276,800,800,800,864,800,800,800,862,800,889,800,858,800,800,800,800,800,1265,800,0,0,0,100,0,0,0,0,0,0,0,0,0,0,0,0,0,0,0,0,0,0,0,0,0,0,0,0,0,0,0,0,0,20781.80419921875,121180.79479980469,0,67221331968,8589930496,48994287616,462479360
200,1724174641966,1268,1311,800,800,800,800,1920,800,857,894,884,867,1276,800,800,800,864,800,800,800,862,800,889,800,858,800,800,800,800,800,1265,800,0,0,0,100,0,0,0,0,0,0,0,0,0,0,0,0,0,0,0,0,0,0,0,0,0,0,0,0,0,0,0,0,0,20792.659057617188,121190.32373046875,0,67221331968,8589930496,49092345856,462479360
200,1724174642166,1268,1311,800,800,800,800,1920,800,857,894,884,867,1276,800,800,800,864,800,800,800,862,800,889,800,858,800,800,800,800,800,1265,800,0,0,0,100,0,0,0,0,0,0,0,0,0,0,0,0,0,0,0,0,0,0,0,0,0,0,0,0,0,0,0,0,0,20803.71160888672,121200.04345703125,0,67221331968,8589930496,49191436288,462479360
200,1724174642367,1268,1311,800,800,800,800,1920,800,857,894,884,867,1276,800,800,800,864,800,800,800,862,800,889,800,858,800,800,800,800,800,1265,800,0,0,0,100,0,0,0,0,0,0,0,0,0,0,0,0,0,0,0,0,0,0,0,0,0,0,0,0,0,0,0,0,0,20814.57257080078,121209.57598876953,0,67221331968,8589930496,49298784256,462479360
200,1724174642567,1268,1311,800,800,800,800,1920,800,857,894,884,867,1276,800,800,800,864,800,800,800,862,800,889,800,858,800,800,800,800,800,1265,800,0,0,0,100,0,0,0,0,0,0,0,0,0,0,0,0,0,0,0,0,0,0,0,0,0,0,0,0,0,0,0,0,0,20825.423889160156,121219.09997558594,0,67221331968,8589930496,49397874688,462479360
200,1724174642767,1268,1311,800,800,800,800,1920,800,857,894,884,867,1276,800,800,800,864,800,800,800,862,800,889,800,858,800,800,800,800,800,1265,800,0,0,0,100,0,0,0,0,0,0,0,0,0,0,0,0,0,0,0,0,0,0,0,0,0,0,0,0,0,0,0,0,0,20836.250610351563,121228.6010131836,0,67221331968,8589930496,49495932928,462479360
200,1724174642967,1268,1311,800,800,800,800,1920,800,857,894,884,867,1276,800,800,800,864,800,800,800,862,800,889,800,858,800,800,800,800,800,1265,800,0,0,0,100,0,0,0,0,0,0,0,0,0,0,0,0,0,0,0,0,0,0,0,0,0,0,0,0,0,0,0,0,0,20847.18719482422,121238.20965576172,0,67221331968,8589930496,49602248704,462479360
200,1724174643167,1268,1311,800,800,800,800,1920,800,857,894,884,867,1276,800,800,800,864,800,800,800,862,800,889,800,858,800,800,800,800,800,1265,800,0,0,0,100,0,0,0,0,0,0,0,0,0,0,0,0,0,0,0,0,0,0,0,0,0,0,0,0,0,0,0,0,0,20858.050231933594,121247.74542236328,0,67221331968,8589930496,49701081088,462479360
200,1724174643367,1268,1311,800,800,800,800,1920,800,857,894,884,867,1276,800,800,800,864,800,800,800,862,800,889,800,858,800,800,800,800,800,1265,800,0,0,0,100,0,0,0,0,0,0,0,0,0,0,0,0,0,0,0,0,0,0,0,0,0,0,0,0,0,0,0,0,0,20868.97821044922,121257.34143066406,0,67221331968,8589930496,49800171520,462479360
200,1724174643567,1268,1311,800,800,800,800,1920,800,857,894,884,867,1276,800,800,800,864,800,800,800,862,800,889,800,858,800,800,800,800,800,1265,800,0,0,0,100,0,0,0,0,0,0,0,0,0,0,0,0,0,0,0,0,0,0,0,0,0,0,0,0,0,0,0,0,0,20879.831787109375,121266.86712646484,0,67221331968,8589930496,49898745856,462479360
200,1724174643767,1268,1311,800,800,800,800,1920,800,857,894,884,867,1276,800,800,800,864,800,800,800,862,800,889,800,858,800,800,800,800,800,1265,800,0,0,0,100,0,0,0,0,0,0,0,0,0,0,0,0,0,0,0,0,0,0,0,0,0,0,0,0,0,0,0,0,0,20890.67840576172,121276.38745117188,0,67221331968,8589930496,50006093824,462479360
200,1724174643967,1268,1311,800,800,800,800,1920,800,857,894,884,867,1276,800,800,800,864,800,800,800,862,800,889,800,858,800,800,800,800,800,1265,800,0,0,0,100,0,0,0,0,0,0,0,0,0,0,0,0,0,0,0,0,0,0,0,0,0,0,0,0,0,0,0,0,0,20901.520568847656,121285.90234375,0,67221331968,8589930496,50105184256,462479360
200,1724174644167,1268,1311,800,800,800,800,1920,800,857,894,884,867,1276,800,800,800,864,800,800,800,862,800,889,800,858,800,800,800,800,800,1265,800,0,0,0,100,0,0,0,0,0,0,0,0,0,0,0,0,0,0,0,0,0,0,0,0,0,0,0,0,0,0,0,0,0,20912.396911621094,121295.45098876953,0,67221331968,8589930496,50204270592,462479360
200,1724174644367,1268,1311,800,800,800,800,1920,800,857,894,884,867,1276,800,800,800,864,800,800,800,862,800,889,800,858,800,800,800,800,800,1265,800,0,0,0,100,0,0,0,0,0,0,0,0,0,0,0,0,0,0,0,0,0,0,0,0,0,0,0,0,0,0,0,0,0,20923.315673828125,121305.03637695313,0,67221331968,8589930496,50304135168,462479360
200,1724174644568,1268,1311,800,800,800,800,1920,800,857,894,884,867,1276,800,800,800,864,800,800,800,862,800,889,800,858,800,800,800,800,800,1265,800,0,0,0,100,0,0,0,0,0,0,0,0,0,0,0,0,0,0,0,0,0,0,0,0,0,0,0,0,0,0,0,0,0,20934.161010742188,121314.55444335938,0,67221331968,8589930496,50409418752,462479360
200,1724174644768,1268,1311,800,800,800,800,1920,800,857,894,884,867,1276,800,800,800,864,800,800,800,862,800,889,800,858,800,800,800,800,800,1265,800,0,0,0,100,0,0,0,0,0,0,0,0,0,0,0,0,0,0,0,0,0,0,0,0,0,0,0,0,0,0,0,0,0,20944.993225097656,121324.06024169922,0,67221331968,8589930496,50508509184,462479360
200,1724174644968,1268,1311,800,800,800,800,1920,800,857,894,884,867,1276,800,800,800,864,800,800,800,862,800,889,800,858,800,800,800,800,800,1265,800,0,0,0,100,0,0,0,0,0,0,0,0,0,0,0,0,0,0,0,0,0,0,0,0,0,0,0,0,0,0,0,0,0,20955.838317871094,121333.57745361328,0,67221331968,8589930496,50607599616,462479360
200,1724174645168,1268,1311,800,800,800,800,1920,800,857,894,884,867,1276,800,800,800,864,800,800,800,862,800,889,800,858,800,800,800,800,800,1265,800,0,0,0,100,0,0,0,0,0,0,0,0,0,0,0,0,0,0,0,0,0,0,0,0,0,0,0,0,0,0,0,0,0,20966.694091796875,121343.10656738281,0,67221331968,8589930496,50714947584,462479360
200,1724174645368,1268,1311,800,800,800,800,1920,800,857,894,884,867,1276,800,800,800,864,800,800,800,862,800,889,800,858,800,800,800,800,800,1265,800,0,0,0,100,0,0,0,0,0,0,0,0,0,0,0,0,0,0,0,0,0,0,0,0,0,0,0,0,0,0,0,0,0,20977.651977539063,121352.73840332031,0,67221331968,8589930496,50813779968,462479360
200,1724174645568,1268,1311,800,800,800,800,1920,800,857,894,884,867,1276,800,800,800,864,800,800,800,862,800,889,800,858,800,800,800,800,800,1265,800,0,0,0,100,0,0,0,0,0,0,0,0,0,0,0,0,0,0,0,0,0,0,0,0,0,0,0,0,0,0,0,0,0,20988.63153076172,121362.38793945313,0,67221331968,8589930496,50912870400,462479360
200,1724174645768,1268,1311,800,800,800,800,1920,800,857,894,884,867,1276,800,800,800,864,800,800,800,862,800,889,800,858,800,800,800,800,800,1265,800,0,0,0,100,0,0,0,0,0,0,0,0,0,0,0,0,0,0,0,0,0,0,0,0,0,0,0,0,0,0,0,0,0,20999.47918701172,121371.90856933594,0,67221331968,8589930496,51011960832,462479360
200,1724174645968,1268,1311,800,800,800,800,1920,800,857,894,884,867,1276,800,800,800,864,800,800,800,862,800,889,800,858,800,800,800,800,800,1265,800,0,0,0,100,0,0,0,0,0,0,0,0,0,0,0,0,0,0,0,0,0,0,0,0,0,0,0,0,0,0,0,0,0,21010.33477783203,121381.43811035156,0,67221331968,8589930496,51118276608,462479360
200,1724174646168,1268,1311,800,800,800,800,1920,800,857,894,884,867,1276,800,800,800,864,800,800,800,862,800,889,800,858,800,800,800,800,800,1265,800,0,0,0,100,0,0,0,0,0,0,0,0,0,0,0,0,0,0,0,0,0,0,0,0,0,0,0,0,0,0,0,0,0,21021.239318847656,121391.00915527344,0,67221331968,8589930496,51217367040,462479360
200,1724174646368,1268,1311,800,800,800,800,1920,800,857,894,884,867,1276,800,800,800,864,800,800,800,862,800,889,800,858,800,800,800,800,800,1265,800,0,0,0,100,0,0,0,0,0,0,0,0,0,0,0,0,0,0,0,0,0,0,0,0,0,0,0,0,0,0,0,0,0,21032.097900390625,121400.5396118164,0,67221331968,8589930496,51324715008,462479360
200,1724174646568,1268,1311,800,800,800,800,1920,800,857,894,884,867,1276,800,800,800,864,800,800,800,862,800,889,800,858,800,800,800,800,800,1265,800,0,0,0,100,0,0,0,0,0,0,0,0,0,0,0,0,0,0,0,0,0,0,0,0,0,0,0,0,0,0,0,0,0,21042.91650390625,121410.03686523438,0,67221331968,8589930496,51423805440,462479360
200,1724174646769,1268,1311,800,800,800,800,1920,800,857,894,884,867,1276,800,800,800,864,800,800,800,862,800,889,800,858,800,800,800,800,800,1265,800,0,0,0,100,0,0,0,0,0,0,0,0,0,0,0,0,0,0,0,0,0,0,0,0,0,0,0,0,0,0,0,0,0,21053.75390625,121419.54791259766,0,67221331968,8589930496,51522895872,462479360
200,1724174646969,1268,1311,800,800,800,800,1920,800,857,894,884,867,1276,800,800,800,864,800,800,800,862,800,889,800,858,800,800,800,800,800,1265,800,0,0,0,100,0,0,0,0,0,0,0,0,0,0,0,0,0,0,0,0,0,0,0,0,0,0,0,0,0,0,0,0,0,21064.666259765625,121429.12591552734,0,67221331968,8589930496,51620954112,462479360
200,1724174647169,1268,1311,800,800,800,800,1920,800,857,894,884,867,1276,800,800,800,864,800,800,800,862,800,889,800,858,800,800,800,800,800,1265,800,0,0,0,100,0,0,0,0,0,0,0,0,0,0,0,0,0,0,0,0,0,0,0,0,0,0,0,0,0,0,0,0,0,21075.502502441406,121438.63513183594,0,67221331968,8589930496,51728302080,462479360
200,1724174647369,1268,1311,800,800,800,800,1920,800,857,894,884,867,1276,800,800,800,864,800,800,800,862,800,889,800,858,800,800,800,800,800,1265,800,0,0,0,100,0,0,0,0,0,0,0,0,0,0,0,0,0,0,0,0,0,0,0,0,0,0,0,0,0,0,0,0,0,21086.37139892578,121448.17797851563,0,67221331968,8589930496,51827392512,462479360
200,1724174647569,1268,1311,800,800,800,800,1920,800,857,894,884,867,1276,800,800,800,864,800,800,800,862,800,889,800,858,800,800,800,800,800,1265,800,4.761904716491699,0,0,100,0,0,0,0,0,0,0,0,0,0,0,0,0,0,0,0,0,0,0,0,0,0,0,0,0,0,0,0,0,21097.226623535156,121457.70623779297,0,67221331968,8589930496,51926482944,462479360
200,1724174647769,1268,1311,800,800,800,800,1920,800,857,894,884,867,1276,800,800,800,864,800,800,800,862,800,889,800,858,800,800,800,800,800,1265,800,0,0,0,100,0,0,0,0,0,0,0,0,0,0,0,0,0,0,0,0,0,0,0,0,0,0,0,0,0,0,0,0,0,21108.19024658203,121467.34295654297,0,67221331968,8589930496,52033830912,462479360
200,1724174647969,1268,1311,800,800,800,800,1920,800,857,894,884,867,1276,800,800,800,864,800,800,800,862,800,889,800,858,800,800,800,800,800,1265,800,0,0,0,100,0,0,0,0,0,0,0,0,0,0,0,0,0,0,0,0,0,0,0,0,0,0,0,0,0,0,0,0,0,21119.041564941406,121476.8671875,0,67221331968,8589930496,52141178880,462479360
200,1724174648169,1268,1311,800,800,800,800,1920,800,857,894,884,867,1276,800,800,800,864,800,800,800,862,800,889,800,858,800,800,800,800,800,1265,800,0,0,0,100,0,0,0,0,0,0,0,0,0,0,0,0,0,0,0,0,0,0,0,0,0,0,0,0,0,0,0,0,0,21130.00860595703,121486.50769042969,0,67221331968,8589930496,52240269312,462479360
200,1724174648369,1268,1311,800,800,800,800,1920,800,857,894,884,867,1276,800,800,800,864,800,800,800,862,800,889,800,858,800,800,800,800,800,1265,800,0,0,0,100,0,0,0,0,0,0,0,0,0,0,0,0,0,0,0,0,0,0,0,0,0,0,0,0,0,0,0,0,0,21140.9716796875,121496.14324951172,0,67221331968,8589930496,52339359744,462479360
200,1724174648569,1268,1311,800,800,800,800,1920,800,857,894,884,867,1276,800,800,800,864,800,800,800,862,800,889,800,858,800,800,800,800,800,1265,800,0,0,0,100,0,0,0,0,0,0,0,0,0,0,0,0,0,0,0,0,0,0,0,0,0,0,0,0,0,0,0,0,0,21151.875610351563,121505.71453857422,0,67221331968,8589930496,52446707712,462479360
200,1724174648770,1268,1311,800,800,800,800,1920,800,857,894,884,867,1276,800,800,800,864,800,800,800,862,800,889,800,858,800,800,800,800,800,1265,800,0,0,0,100,0,0,0,0,0,0,0,0,0,0,0,0,0,0,0,0,0,0,0,0,0,0,0,0,0,0,0,0,0,21162.743713378906,121515.25518798828,0,67221331968,8589930496,52545798144,462479360
200,1724174648970,1268,1311,800,800,800,800,1920,800,857,894,884,867,1276,800,800,800,864,800,800,800,862,800,889,800,858,800,800,800,800,800,1265,800,0,0,0,100,0,0,0,0,0,0,0,0,0,0,0,0,0,0,0,0,0,0,0,0,0,0,0,0,0,0,0,0,0,21173.605407714844,121524.79040527344,0,67221331968,8589930496,52644888576,462479360
200,1724174649170,1268,1311,800,800,800,800,1920,800,857,894,884,867,1276,800,800,800,864,800,800,800,862,800,889,800,858,800,800,800,800,800,1265,800,0,0,0,100,0,0,0,0,0,0,0,0,0,0,0,0,0,0,0,0,0,0,0,0,0,0,0,0,0,0,0,0,0,21184.488891601563,121534.3461303711,0,67221331968,8589930496,52743979008,462479360
200,1724174649370,1268,1311,800,800,800,800,1920,800,857,894,884,867,1276,800,800,800,864,800,800,800,862,800,889,800,858,800,800,800,800,800,1265,800,0,0,0,100,0,0,0,0,0,0,0,0,0,0,0,0,0,0,0,0,0,0,0,0,0,0,0,0,0,0,0,0,0,21195.48065185547,121544.01123046875,0,67221331968,8589930496,52851326976,462479360
200,1724174649570,1268,1311,800,800,800,800,1920,800,857,894,884,867,1276,800,800,800,864,800,800,800,862,800,889,800,858,800,800,800,800,800,1265,800,0,0,0,100,0,0,0,0,0,0,0,0,0,0,0,0,0,0,0,0,0,0,0,0,0,0,0,0,0,0,0,0,0,21206.323852539063,121553.52856445313,0,67221331968,8589930496,52950417408,462479360
200,1724174649770,1268,1311,800,800,800,800,1920,800,857,894,884,867,1276,800,800,800,864,800,800,800,862,800,889,800,858,800,800,800,800,800,1265,800,0,0,0,100,0,0,0,0,0,0,0,0,0,0,0,0,0,0,0,0,0,0,0,0,0,0,0,0,0,0,0,0,0,21217.295043945313,121563.17248535156,0,67221331968,8589930496,53049507840,462479360
200,1724174649970,1268,1311,800,800,800,800,1920,800,857,894,884,867,1276,800,800,800,864,800,800,800,862,800,889,800,858,800,800,800,800,800,1265,800,0,0,0,100,0,0,0,0,0,0,0,0,0,0,0,0,0,0,0,0,0,0,0,0,0,0,0,0,0,0,0,0,0,21228.151794433594,121572.7036743164,0,67221331968,8589930496,53148598272,462479360
200,1724174650170,1268,1311,800,800,800,800,1920,800,857,894,884,867,1276,800,800,800,864,800,800,800,862,800,889,800,858,800,800,800,800,800,1265,800,0,0,0,100,0,0,0,0,0,0,0,0,0,0,0,0,0,0,0,0,0,0,0,0,0,0,0,0,0,0,0,0,0,21239.03009033203,121582.25390625,0,67221331968,8589930496,53255430144,462479360
200,1724174650370,1268,1311,800,800,800,800,1920,800,857,894,884,867,1276,800,800,800,864,800,800,800,862,800,889,800,858,800,800,800,800,800,1265,800,0,0,0,100,0,0,0,0,0,0,0,0,0,0,0,0,0,0,0,0,0,0,0,0,0,0,0,0,0,0,0,0,0,21249.91778564453,121591.81567382813,0,67221331968,8589930496,53354520576,462479360
200,1724174650570,1268,1311,800,800,800,800,1920,800,857,894,884,867,1276,800,800,800,864,800,800,800,862,800,889,800,858,800,800,800,800,800,1265,800,0,0,0,100,0,0,0,0,0,0,0,0,0,0,0,0,0,0,0,0,0,0,0,0,0,0,0,0,0,0,0,0,0,21260.907348632813,121601.47723388672,0,67221331968,8589930496,53453611008,462479360
200,1724174650770,1268,1311,800,800,800,800,1920,800,857,894,884,867,1276,800,800,800,864,800,800,800,862,800,889,800,858,800,800,800,800,800,1265,800,0,0,0,100,0,0,0,0,0,0,0,0,0,0,0,0,0,0,0,0,0,0,0,0,0,0,0,0,0,0,0,0,0,21271.91778564453,121611.15905761719,0,67221331968,8589930496,53552701440,462479360
200,1724174650971,1268,1311,800,800,800,800,1920,800,857,894,884,867,1276,800,800,800,864,800,800,800,862,800,889,800,858,800,800,800,800,800,1265,800,0,0,0,100,0,0,0,0,0,0,0,0,0,0,0,0,0,0,0,0,0,0,0,0,0,0,0,0,0,0,0,0,0,21282.828369140625,121620.73754882813,0,67221331968,8589930496,53659017216,462479360
200,1724174651171,1268,1311,800,800,800,800,1920,800,857,894,884,867,1276,800,800,800,864,800,800,800,862,800,889,800,858,800,800,800,800,800,1265,800,0,0,0,100,0,0,0,0,0,0,0,0,0,0,0,0,0,0,0,0,0,0,0,0,0,0,0,0,0,0,0,0,0,21293.78643798828,121630.36865234375,0,67221331968,8589930496,53758107648,462479360
200,1724174651371,1268,1311,800,800,800,800,1920,800,857,894,884,867,1276,800,800,800,864,800,800,800,862,800,889,800,858,800,800,800,800,800,1265,800,0,0,0,100,0,0,0,0,0,0,0,0,0,0,0,0,0,0,0,0,0,0,0,0,0,0,0,0,0,0,0,0,0,21304.768920898438,121640.0238647461,0,67221331968,8589930496,53857198080,462479360
200,1724174651571,1268,1311,800,800,800,800,1920,800,857,894,884,867,1276,800,800,800,864,800,800,800,862,800,889,800,858,800,800,800,800,800,1265,800,0,0,0,100,0,0,0,0,0,0,0,0,0,0,0,0,0,0,0,0,0,0,0,0,0,0,0,0,0,0,0,0,0,21315.64031982422,121649.56768798828,0,67221331968,8589930496,53964546048,462479360
200,1724174651771,1268,1311,800,800,800,800,1920,800,857,894,884,867,1276,800,800,800,864,800,800,800,862,800,889,800,858,800,800,800,800,800,1265,800,0,0,0,100,0,0,0,0,0,0,0,0,0,0,0,0,0,0,0,0,0,0,0,0,0,0,0,0,0,0,0,0,0,21326.50360107422,121659.10418701172,0,67221331968,8589930496,54063120384,462479360
200,1724174651971,1268,1311,800,800,800,800,1920,800,857,894,884,867,1276,800,800,800,864,800,800,800,862,800,889,800,858,800,800,800,800,800,1265,800,0,0,0,100,0,0,0,0,0,0,0,0,0,0,0,0,0,0,0,0,0,0,0,0,0,0,0,0,0,0,0,0,0,21337.4765625,121668.75012207031,0,67221331968,8589930496,54162210816,462479360
200,1724174652171,1268,1311,800,800,800,800,1920,800,857,894,884,867,1276,800,800,800,864,800,800,800,862,800,889,800,858,800,800,800,800,800,1265,800,0,0,0,100,0,0,0,0,0,0,0,0,0,0,0,0,0,0,0,0,0,0,0,0,0,0,0,0,0,0,0,0,0,21348.328979492188,121678.27612304688,0,67221331968,8589930496,54260785152,462479360
200,1724174652371,1268,1311,800,800,800,800,1920,800,857,894,884,867,1276,800,800,800,864,800,800,800,862,800,889,800,858,800,800,800,800,800,1265,800,0,0,0,100,0,0,0,0,0,0,0,0,0,0,0,0,0,0,0,0,0,0,0,0,0,0,0,0,0,0,0,0,0,21359.20819091797,121687.82739257813,0,67221331968,8589930496,54368133120,462479360
200,1724174652571,1268,1311,800,800,800,800,1920,800,857,894,884,867,1276,800,800,800,864,800,800,800,862,800,889,800,858,800,800,800,800,800,1265,800,0,0,0,100,0,0,0,0,0,0,0,0,0,0,0,0,0,0,0,0,0,0,0,0,0,0,0,0,0,0,0,0,0,21370.053344726563,121697.3452758789,0,67221331968,8589930496,54467223552,462479360
200,1724174652771,1268,1311,800,800,800,800,1920,800,857,894,884,867,1276,800,800,800,864,800,800,800,862,800,889,800,858,800,800,800,800,800,1265,800,0,0,0,100,0,0,0,0,0,0,0,0,0,0,0,0,0,0,0,0,0,0,0,0,0,0,0,0,0,0,0,0,0,21380.962768554688,121706.921875,0,67221331968,8589930496,54566313984,462479360
200,1724174652972,1268,1311,800,800,800,800,1920,800,857,894,884,867,1276,800,800,800,864,800,800,800,862,800,889,800,858,800,800,800,800,800,1265,800,0,0,0,100,0,0,0,0,0,0,0,0,0,0,0,0,0,0,0,0,0,0,0,0,0,0,0,0,0,0,0,0,0,21391.860717773438,121716.49816894531,0,67221331968,8589930496,54665404416,462479360
200,1724174653172,1268,1311,800,800,800,800,1920,800,857,894,884,867,1276,800,800,800,864,800,800,800,862,800,889,800,858,800,800,800,800,800,1265,800,0,0,0,100,0,0,0,0,0,0,0,0,0,0,0,0,0,0,0,0,0,0,0,0,0,0,0,0,0,0,0,0,0,21402.87042236328,121726.1742553711,0,67221331968,8589930496,54772752384,462479360
200,1724174653372,1268,1311,800,800,800,800,1920,800,857,894,884,867,1276,800,800,800,864,800,800,800,862,800,889,800,858,800,800,800,800,800,1265,800,0,0,0,100,0,0,0,0,0,0,0,0,0,0,0,0,0,0,0,0,0,0,0,0,0,0,0,0,0,0,0,0,0,21413.730529785156,121735.7080078125,0,67221331968,8589930496,54871842816,462479360
200,1724174653572,1268,1311,800,800,800,800,1920,800,857,894,884,867,1276,800,800,800,864,800,800,800,862,800,889,800,858,800,800,800,800,800,1265,800,0,0,0,100,0,0,0,0,0,0,0,0,0,0,0,0,0,0,0,0,0,0,0,0,0,0,0,0,0,0,0,0,0,21424.606323242188,121745.25366210938,0,67221331968,8589930496,54971707392,462479360
200,1724174653772,1268,1311,800,800,800,800,1920,800,857,894,884,867,1276,800,800,800,864,800,800,800,862,800,889,800,858,800,800,800,800,800,1265,800,0,0,0,100,0,0,0,0,0,0,0,0,0,0,0,0,0,0,0,0,0,0,0,0,0,0,0,0,0,0,0,0,0,21435.45263671875,121754.77209472656,0,67221331968,8589930496,55070797824,462479360
200,1724174653972,1268,1311,800,800,800,800,1920,800,857,894,884,867,1276,800,800,800,864,800,800,800,862,800,889,800,858,800,800,800,800,800,1265,800,0,0,0,100,0,0,0,0,0,0,0,0,0,0,0,0,0,0,0,0,0,0,0,0,0,0,0,0,0,0,0,0,0,21446.413452148438,121764.40649414063,0,67221331968,8589930496,55178145792,462479360
200,1724174654172,1268,1311,800,800,800,800,1920,800,857,894,884,867,1276,800,800,800,864,800,800,800,862,800,889,800,858,800,800,800,800,800,1265,800,0,0,0,100,0,0,0,0,0,0,0,0,0,0,0,0,0,0,0,0,0,0,0,0,0,0,0,0,0,0,0,0,0,21457.358337402344,121774.025390625,0,67221331968,8589930496,55277236224,462479360
200,1724174654372,1268,1311,800,800,800,800,1920,800,857,894,884,867,1276,800,800,800,864,800,800,800,862,800,889,800,858,800,800,800,800,800,1265,800,0,0,0,100,0,0,0,0,0,0,0,0,0,0,0,0,0,0,0,0,0,0,0,0,0,0,0,0,0,0,0,0,0,21468.224243164063,121783.56457519531,0,67221331968,8589930496,55376326656,462479360
200,1724174654572,1268,1311,800,800,800,800,1920,800,857,894,884,867,1276,800,800,800,864,800,800,800,862,800,889,800,858,800,800,800,800,800,1265,800,0,0,0,100,0,0,0,0,0,0,0,0,0,0,0,0,0,0,0,0,0,0,0,0,0,0,0,0,0,0,0,0,0,21479.09326171875,121793.10577392578,0,67221331968,8589930496,55475417088,462479360
200,1724174654772,1268,1311,800,800,800,800,1920,800,857,894,884,867,1276,800,800,800,864,800,800,800,862,800,889,800,858,800,800,800,800,800,1265,800,0,0,0,100,0,0,0,0,0,0,0,0,0,0,0,0,0,0,0,0,0,0,0,0,0,0,0,0,0,0,0,0,0,21489.963134765625,121802.64709472656,0,67221331968,8589930496,55581732864,462479360
200,1724174654972,1268,1311,800,800,800,800,1920,800,857,894,884,867,1276,800,800,800,864,800,800,800,862,800,889,800,858,800,800,800,800,800,1265,800,0,0,0,100,0,0,0,0,0,0,0,0,0,0,0,0,0,0,0,0,0,0,0,0,0,0,0,0,0,0,0,0,0,21500.883239746094,121812.23504638672,0,67221331968,8589930496,55680307200,462479360
200,1724174655173,1268,1311,800,800,800,800,1920,800,857,894,884,867,1276,800,800,800,864,800,800,800,862,800,889,800,858,800,800,800,800,800,1265,800,0,0,0,100,0,0,0,0,0,0,0,0,0,0,0,0,0,0,0,0,0,0,0,0,0,0,0,0,0,0,0,0,0,21511.868408203125,121821.89245605469,0,67221331968,8589930496,55779368960,462479360
200,1724174655373,1268,1311,800,800,800,800,1920,800,857,894,884,867,1276,800,800,800,864,800,800,800,862,800,889,800,858,800,800,800,800,800,1265,800,0,0,0,100,0,0,0,0,0,0,0,0,0,0,0,0,0,0,0,0,0,0,0,0,0,0,0,0,0,0,0,0,0,21522.741638183594,121831.43835449219,0,67221331968,8589930496,55886716928,462479360
200,1724174655573,1268,1311,800,800,800,800,1920,800,857,894,884,867,1276,800,800,800,864,800,800,800,862,800,889,800,858,800,800,800,800,800,1265,800,0,0,0,100,0,0,0,0,0,0,0,0,0,0,0,0,0,0,0,0,0,0,0,0,0,0,0,0,0,0,0,0,0,21533.69940185547,121841.06927490234,0,67221331968,8589930496,55984775168,462479360
200,1724174655773,1268,1311,800,800,800,800,1920,800,857,894,884,867,1276,800,800,800,864,800,800,800,862,800,889,800,858,800,800,800,800,800,1265,800,0,0,0,100,0,0,0,0,0,0,0,0,0,0,0,0,0,0,0,0,0,0,0,0,0,0,0,0,0,0,0,0,0,21544.558044433594,121850.60076904297,0,67221331968,8589930496,56083865600,462479360
199,1724174655973,1268,1311,800,800,800,800,1920,800,857,894,884,867,1276,800,800,800,864,800,800,800,862,800,889,800,858,800,800,800,800,800,1265,800,0,0,0,100,0,0,0,0,0,0,0,0,0,0,0,0,0,0,0,0,0,0,0,0,0,0,0,0,0,0,0,0,0,21555.531188964844,121860.24639892578,0,67221331968,8589930496,56190181376,462479360
200,1724174656173,1268,1311,800,800,800,800,1920,800,857,894,884,867,1276,800,800,800,864,800,800,800,862,800,889,800,858,800,800,800,800,800,1265,800,0,0,0,100,0,0,0,0,0,0,0,0,0,0,0,0,0,0,0,0,0,0,0,0,0,0,0,0,0,0,0,0,0,21566.4921875,121869.88201904297,0,67221331968,8589930496,56289271808,462479360
200,1724174656373,1268,1311,800,800,800,800,1920,800,857,894,884,867,1276,800,800,800,864,800,800,800,862,800,889,800,858,800,800,800,800,800,1265,800,0,0,0,100,0,0,0,0,0,0,0,0,0,0,0,0,0,0,0,0,0,0,0,0,0,0,0,0,0,0,0,0,0,21577.45880126953,121879.52087402344,0,67221331968,8589930496,56396619776,462479360
200,1724174656573,1268,1311,800,800,800,800,1920,800,857,894,884,867,1276,800,800,800,864,800,800,800,862,800,889,800,858,800,800,800,800,800,1265,800,0,0,0,100,0,0,0,0,0,0,0,0,0,0,0,0,0,0,0,0,0,0,0,0,0,0,0,0,0,0,0,0,0,21588.4208984375,121889.15515136719,0,67221331968,8589930496,56495452160,462479360
200,1724174656773,1268,1311,800,800,800,800,1920,800,857,894,884,867,1276,800,800,800,864,800,800,800,862,800,889,800,858,800,800,800,800,800,1265,800,0,0,0,100,0,0,0,0,0,0,0,0,0,0,0,0,0,0,0,0,0,0,0,0,0,0,0,0,0,0,0,0,0,21599.30224609375,121898.70880126953,0,67221331968,8589930496,56601767936,462479360
200,1724174656973,1268,1311,800,800,800,800,1920,800,857,894,884,867,1276,800,800,800,864,800,800,800,862,800,889,800,858,800,800,800,800,800,1265,800,0,0,0,100,0,0,0,0,0,0,0,0,0,0,0,0,0,0,0,0,0,0,0,0,0,0,0,0,0,0,0,0,0,21610.15155029297,121908.23315429688,0,67221331968,8589930496,56700858368,462479360
200,1724174657173,1268,1311,800,800,800,800,1920,800,857,894,884,867,1276,800,800,800,864,800,800,800,862,800,889,800,858,800,800,800,800,800,1265,800,0,0,0,100,0,0,0,0,0,0,0,0,0,0,0,0,0,0,0,0,0,0,0,0,0,0,0,0,0,0,0,0,0,21621.117736816406,121917.87139892578,0,67221331968,8589930496,56799948800,462479360
200,1724174657374,1268,1311,800,800,800,800,1920,800,857,894,884,867,1276,800,800,800,864,800,800,800,862,800,889,800,858,800,800,800,800,800,1265,800,0,0,0,100,0,0,0,0,0,0,0,0,0,0,0,0,0,0,0,0,0,0,0,0,0,0,0,0,0,0,0,0,0,21631.986938476563,121927.41424560547,0,67221331968,8589930496,56899039232,462479360
200,1724174657574,1268,1311,800,800,800,800,1920,800,857,894,884,867,1276,800,800,800,864,800,800,800,862,800,889,800,858,800,800,800,800,800,1265,800,0,0,0,100,0,0,0,0,0,0,0,0,0,0,0,0,0,0,0,0,0,0,0,0,0,0,0,0,0,0,0,0,0,21642.892700195313,121936.98712158203,0,67221331968,8589930496,57006387200,462479360
200,1724174657774,1268,1311,800,800,800,800,1920,800,857,894,884,867,1276,800,800,800,864,800,800,800,862,800,889,800,858,800,800,800,800,800,1265,800,0,0,0,100,0,0,0,0,0,0,0,0,0,0,0,0,0,0,0,0,0,0,0,0,0,0,0,0,0,0,0,0,0,21653.76251220703,121946.53039550781,0,67221331968,8589930496,57105477632,462479360
200,1724174657974,1268,1311,800,800,800,800,1920,800,857,894,884,867,1276,800,800,800,864,800,800,800,862,800,889,800,858,800,800,800,800,800,1265,800,0,0,0,100,0,0,0,0,0,0,0,0,0,0,0,0,0,0,0,0,0,0,0,0,0,0,0,0,0,0,0,0,0,21664.619567871094,121956.0610961914,0,67221331968,8589930496,57203535872,462479360
200,1724174658174,1268,1311,800,800,800,800,1920,800,857,894,884,867,1276,800,800,800,864,800,800,800,862,800,889,800,858,800,800,800,800,800,1265,800,0,0,0,100,0,0,0,0,0,0,0,0,0,0,0,0,0,0,0,0,0,0,0,0,0,0,0,0,0,0,0,0,0,21675.61212158203,121965.72595214844,0,67221331968,8589930496,57309851648,462479360
200,1724174658374,1268,1311,800,800,800,800,1920,800,857,894,884,867,1276,800,800,800,864,800,800,800,862,800,889,800,858,800,800,800,800,800,1265,800,0,0,0,100,0,0,0,0,0,0,0,0,0,0,0,0,0,0,0,0,0,0,0,0,0,0,0,0,0,0,0,0,0,21686.636108398438,121975.423828125,0,67221331968,8589930496,57408942080,462479360
200,1724174658574,1268,1311,800,800,800,800,1920,800,857,894,884,867,1276,800,800,800,864,800,800,800,862,800,889,800,858,800,800,800,800,800,1265,800,0,0,0,100,0,0,0,0,0,0,0,0,0,0,0,0,0,0,0,0,0,0,0,0,0,0,0,0,0,0,0,0,0,21697.51239013672,121984.97241210938,0,67221331968,8589930496,57508032512,462479360
200,1724174658774,1268,1311,800,800,800,800,1920,800,857,894,884,867,1276,800,800,800,864,800,800,800,862,800,889,800,858,800,800,800,800,800,1265,800,0,0,0,100,0,0,0,0,0,0,0,0,0,0,0,0,0,0,0,0,0,0,0,0,0,0,0,0,0,0,0,0,0,21708.3681640625,121994.50280761719,0,67221331968,8589930496,57607122944,462479360
200,1724174658974,1268,1311,800,800,800,800,1920,800,857,894,884,867,1276,800,800,800,864,800,800,800,862,800,889,800,858,800,800,800,800,800,1265,800,0,0,0,100,0,0,0,0,0,0,0,0,0,0,0,0,0,0,0,0,0,0,0,0,0,0,0,0,0,0,0,0,0,21719.229125976563,122004.03619384766,0,67221331968,8589930496,57713438720,462479360
200,1724174659174,1268,1311,800,800,800,800,1920,800,857,894,884,867,1276,800,800,800,864,800,800,800,862,800,889,800,858,800,800,800,800,800,1265,800,0,0,0,100,0,0,0,0,0,0,0,0,0,0,0,0,0,0,0,0,0,0,0,0,0,0,0,0,0,0,0,0,0,21730.077697753906,122013.55908203125,0,67221331968,8589930496,57812529152,462479360
200,1724174659374,1268,1311,800,800,800,800,1920,800,857,894,884,867,1276,800,800,800,864,800,800,800,862,800,889,800,858,800,800,800,800,800,1265,800,0,0,0,100,0,0,0,0,0,0,0,0,0,0,0,0,0,0,0,0,0,0,0,0,0,0,0,0,0,0,0,0,0,21740.958557128906,122023.11248779297,0,67221331968,8589930496,57911103488,462479360
200,1724174659575,1268,1311,800,800,800,800,1920,800,857,894,884,867,1276,800,800,800,864,800,800,800,862,800,889,800,858,800,800,800,800,800,1265,800,0,0,0,100,0,0,0,0,0,4.761904716491699,0,0,0,0,0,0,0,0,0,0,0,0,0,0,0,0,0,0,0,0,0,0,0,21752.022583007813,122032.84191894531,0,67221331968,8589930496,58018451456,462479360
200,1724174659775,1268,1311,800,800,800,800,1920,800,857,894,884,867,1276,800,800,800,864,800,800,800,862,800,889,800,858,800,800,800,800,800,1265,800,0,0,0,100,0,0,0,0,0,0,0,0,0,0,0,0,0,0,0,0,0,0,0,0,0,0,0,0,0,0,0,0,0,21762.900756835938,122042.39282226563,0,67221331968,8589930496,58116509696,462479360
200,1724174659975,1268,1311,800,800,800,800,1920,800,857,894,884,867,1276,800,800,800,864,800,800,800,862,800,889,800,858,800,800,800,800,800,1265,800,0,0,0,100,0,0,0,0,0,0,0,0,0,0,0,0,0,0,0,0,0,0,0,0,0,0,0,0,0,0,0,0,0,21773.766479492188,122051.93225097656,0,67221331968,8589930496,58215600128,462479360
200,1724174660175,1268,1311,800,800,800,800,1920,800,857,894,884,867,1276,800,800,800,864,800,800,800,862,800,889,800,858,800,800,800,800,800,1265,800,0,0,0,100,0,0,0,0,0,0,0,0,0,0,0,0,0,0,0,0,0,0,0,0,0,0,0,0,0,0,0,0,0,21784.734619140625,122061.57427978516,0,67221331968,8589930496,58322948096,462479360
200,1724174660375,1268,1311,800,800,800,800,1920,800,857,894,884,867,1276,800,800,800,864,800,800,800,862,800,889,800,858,800,800,800,800,800,1265,800,0,0,0,100,0,0,0,0,0,0,0,0,0,0,0,0,0,0,0,0,0,0,0,0,0,0,0,0,0,0,0,0,0,21795.845092773438,122071.35766601563,0,67221331968,8589930496,58422038528,462479360
200,1724174660575,1268,1311,800,800,800,800,1920,800,857,894,884,867,1276,800,800,800,864,800,800,800,862,800,889,800,858,800,800,800,800,800,1265,800,0,0,0,100,0,0,0,0,0,0,0,0,0,0,0,0,0,0,0,0,0,0,0,0,0,0,0,0,0,0,0,0,0,21806.745544433594,122080.92919921875,0,67221331968,8589930496,58521128960,462479360
200,1724174660775,1268,1311,800,800,800,800,1920,800,857,894,884,867,1276,800,800,800,864,800,800,800,862,800,889,800,858,800,800,800,800,800,1265,800,0,0,0,100,0,0,0,0,0,0,0,0,0,0,0,0,0,0,0,0,0,0,0,0,0,0,0,0,0,0,0,0,0,21817.61865234375,122090.4751586914,0,67221331968,8589930496,58620219392,462479360
200,1724174660975,1268,1311,800,800,800,800,1920,800,857,894,884,867,1276,800,800,800,864,800,800,800,862,800,889,800,858,800,800,800,800,800,1265,800,0,0,0,100,0,0,0,0,0,0,0,0,0,0,0,0,0,0,0,0,0,0,0,0,0,0,0,0,0,0,0,0,0,21828.49267578125,122100.02258300781,0,67221331968,8589930496,58719563776,462479360
200,1724174661175,1268,1311,800,800,800,800,1920,800,857,894,884,867,1276,800,800,800,864,800,800,800,862,800,889,800,858,800,800,800,800,800,1265,800,0,0,0,100,0,0,0,0,0,0,0,0,0,0,0,0,0,0,0,0,0,0,0,0,0,0,0,0,0,0,0,0,0,21839.35321044922,122109.55712890625,0,67221331968,8589930496,58826911744,462479360
200,1724174661375,1268,1311,800,800,800,800,1920,800,857,894,884,867,1276,800,800,800,864,800,800,800,862,800,889,800,858,800,800,800,800,800,1265,800,0,0,0,100,0,0,0,0,0,0,0,0,0,0,0,0,0,0,0,0,0,0,0,0,0,0,0,0,0,0,0,0,0,21850.220581054688,122119.09680175781,0,67221331968,8589930496,58926002176,462479360
200,1724174661576,1268,1311,800,800,800,800,1920,800,857,894,884,867,1276,800,800,800,864,800,800,800,862,800,889,800,858,800,800,800,800,800,1265,800,0,0,0,100,0,0,0,0,0,0,0,0,0,0,0,0,0,0,0,0,0,0,0,0,0,0,0,0,0,0,0,0,0,21861.088134765625,122128.6376953125,0,67221331968,8589930496,59025092608,462479360
200,1724174661776,1268,1311,800,800,800,800,1920,800,857,894,884,867,1276,800,800,800,864,800,800,800,862,800,889,800,858,800,800,800,800,800,1265,800,0,0,0,100,0,0,0,0,0,0,0,0,0,0,0,0,0,0,0,0,0,0,0,0,0,0,0,0,0,0,0,0,0,21872.00518798828,122138.22143554688,0,67221331968,8589930496,59132440576,462479360
200,1724174661976,1268,1311,800,800,800,800,1920,800,857,894,884,867,1276,800,800,800,864,800,800,800,862,800,889,800,858,800,800,800,800,800,1265,800,0,0,0,100,0,0,0,0,0,0,0,0,0,0,0,0,0,0,0,0,0,0,0,0,0,0,0,0,0,0,0,0,0,21882.869506835938,122147.75988769531,0,67221331968,8589930496,59231531008,462479360
200,1724174662176,1268,1311,800,800,800,800,1920,800,857,894,884,867,1276,800,800,800,864,800,800,800,862,800,889,800,858,800,800,800,800,800,1265,800,0,0,0,100,0,0,0,0,0,0,0,0,0,0,0,0,0,0,0,0,0,0,0,0,0,0,0,0,0,0,0,0,0,21893.732055664063,122157.29565429688,0,67221331968,8589930496,59330621440,462479360
200,1724174662376,1268,1311,800,800,800,800,1920,800,857,894,884,867,1276,800,800,800,864,800,800,800,862,800,889,800,858,800,800,800,800,800,1265,800,0,0,0,100,0,0,4.761904716491699,0,0,0,0,0,0,0,0,0,0,0,0,0,0,0,0,0,0,0,0,0,0,0,0,0,0,21904.8623046875,122167.09881591797,0,67221331968,8589930496,59429711872,462479360
200,1724174662576,1268,1311,800,800,800,800,1920,800,857,894,884,867,1276,800,800,800,864,800,800,800,862,800,889,800,858,800,800,800,800,800,1265,800,0,0,0,100,0,0,0,0,0,0,0,0,0,0,0,0,0,0,0,0,0,0,0,0,0,0,0,0,0,0,0,0,0,21915.833618164063,122176.74279785156,0,67221331968,8589930496,59537059840,462479360
200,1724174662776,1268,1311,800,800,800,800,1920,800,857,894,884,867,1276,800,800,800,864,800,800,800,862,800,889,800,858,800,800,800,800,800,1265,800,0,0,0,100,0,0,0,0,0,0,0,0,0,0,0,0,0,0,0,0,0,0,0,0,0,0,0,0,0,0,0,0,0,21926.690002441406,122186.27209472656,0,67221331968,8589930496,59636150272,462479360
200,1724174662976,1268,1311,800,800,800,800,1920,800,857,894,884,867,1276,800,800,800,864,800,800,800,862,800,889,800,858,800,800,800,800,800,1265,800,0,0,0,100,0,0,0,0,0,0,0,0,0,0,0,0,0,0,0,0,0,0,0,0,0,0,0,0,0,0,0,0,0,21937.544982910156,122195.80041503906,0,67221331968,8589930496,59734208512,462479360
200,1724174663176,1268,1311,800,800,800,800,1920,800,857,894,884,867,1276,800,800,800,864,800,800,800,862,800,889,800,858,800,800,800,800,800,1265,800,0,0,0,100,0,0,0,0,0,0,0,0,0,0,0,0,0,0,0,0,0,0,0,0,0,0,0,0,0,0,0,0,0,21948.41680908203,122205.34454345703,0,67221331968,8589930496,59841556480,462479360
200,1724174663376,1268,1311,800,800,800,800,1920,800,857,894,884,867,1276,800,800,800,864,800,800,800,862,800,889,800,858,800,800,800,800,800,1265,800,0,0,0,100,0,0,0,0,0,0,0,0,0,0,0,0,0,0,0,0,0,0,0,0,0,0,0,0,0,0,0,0,0,21959.29656982422,122214.89709472656,0,67221331968,8589930496,59940646912,462479360
200,1724174663576,1268,1311,800,800,800,800,1920,800,857,894,884,867,1276,800,800,800,864,800,800,800,862,800,889,800,858,800,800,800,800,800,1265,800,0,0,0,100,0,0,0,0,0,0,0,0,0,0,0,0,0,0,0,0,0,0,0,0,0,0,0,0,0,0,0,0,0,21970.207397460938,122224.4755859375,0,67221331968,8589930496,60038705152,462479360
200,1724174663777,1268,1311,800,800,800,800,1920,800,857,894,884,867,1276,800,800,800,864,800,800,800,862,800,889,800,858,800,800,800,800,800,1265,800,0,0,0,100,0,0,0,0,0,0,0,0,0,0,0,0,0,0,0,0,0,0,0,0,0,0,0,0,0,0,0,0,0,21981.065368652344,122234.00610351563,0,67221331968,8589930496,60145020928,462479360
200,1724174663977,1268,1311,800,800,800,800,1920,800,857,894,884,867,1276,800,800,800,864,800,800,800,862,800,889,800,858,800,800,800,800,800,1265,800,0,0,0,100,0,0,0,0,0,0,0,0,0,0,0,0,0,0,0,0,0,0,0,0,0,0,0,0,0,0,0,0,0,21991.944091796875,122243.55657958984,0,67221331968,8589930496,60243079168,462479360
200,1724174664177,1268,1311,800,800,800,800,1920,800,857,894,884,867,1276,800,800,800,864,800,800,800,862,800,889,800,858,800,800,800,800,800,1265,800,0,0,0,100,0,0,0,0,0,0,0,0,0,0,0,0,0,0,0,0,0,0,0,0,0,0,0,0,0,0,0,0,0,22002.80194091797,122253.08697509766,0,67221331968,8589930496,60342169600,462479360
200,1724174664377,1268,1311,800,800,800,800,1920,800,857,894,884,867,1276,800,800,800,864,800,800,800,862,800,889,800,858,800,800,800,800,800,1265,800,0,0,0,100,0,0,0,0,0,0,0,0,0,0,0,0,0,0,0,0,0,0,0,0,0,0,0,0,0,0,0,0,0,22013.7529296875,122262.71209716797,0,67221331968,8589930496,60441260032,462479360
200,1724174664577,1268,1311,800,800,800,800,1920,800,857,894,884,867,1276,800,800,800,864,800,800,800,862,800,889,800,858,800,800,800,800,800,1265,800,0,0,0,100,0,0,0,0,0,0,0,0,0,0,0,0,0,0,0,0,0,0,0,0,0,0,0,0,0,0,0,0,0,22024.702880859375,122272.3345336914,0,67221331968,8589930496,60548608000,462479360
200,1724174664777,1268,1311,800,800,800,800,1920,800,857,894,884,867,1276,800,800,800,864,800,800,800,862,800,889,800,858,800,800,800,800,800,1265,800,0,0,0,100,0,0,0,0,0,0,0,0,0,0,0,0,0,0,0,0,0,0,0,0,0,0,0,0,0,0,0,0,0,22035.56561279297,122281.8705444336,0,67221331968,8589930496,60655955968,462479360
200,1724174664977,1268,1311,800,800,800,800,1920,800,857,894,884,867,1276,800,800,800,864,800,800,800,862,800,889,800,858,800,800,800,800,800,1265,800,0,0,0,100,0,0,0,0,0,0,0,0,0,0,0,0,0,0,0,0,0,0,0,0,0,0,0,0,0,0,0,0,0,22046.411010742188,122291.38995361328,0,67221331968,8589930496,60755046400,462479360
200,1724174665177,1268,1311,800,800,800,800,1920,800,857,894,884,867,1276,800,800,800,864,800,800,800,862,800,889,800,858,800,800,800,800,800,1265,800,0,0,0,100,0,0,0,0,0,0,0,0,0,0,0,0,0,0,0,0,0,0,0,0,0,0,0,0,0,0,0,0,0,22057.288940429688,122300.94091796875,0,67221331968,8589930496,60860329984,462479360
200,1724174665377,1268,1311,800,800,800,800,1920,800,857,894,884,867,1276,800,800,800,864,800,800,800,862,800,889,800,858,800,800,800,800,800,1265,800,0,0,0,100,0,0,0,0,0,0,0,0,0,0,0,0,0,0,0,0,0,0,0,0,0,0,0,0,0,0,0,0,0,22068.161254882813,122310.48553466797,0,67221331968,8589930496,60959420416,462479360
200,1724174665577,1268,1311,800,800,800,800,1920,800,857,894,884,867,1276,800,800,800,864,800,800,800,862,800,889,800,858,800,800,800,800,800,1265,800,0,0,0,100,0,0,0,0,0,0,0,0,0,0,0,0,0,0,0,0,0,0,0,0,0,0,0,0,0,0,0,0,0,22079.118591308594,122320.11682128906,0,67221331968,8589930496,61058510848,462479360
200,1724174665778,1268,1311,800,800,800,800,1920,800,857,894,884,867,1276,800,800,800,864,800,800,800,862,800,889,800,858,800,800,800,800,800,1265,800,0,0,0,100,0,0,0,0,0,0,0,0,0,0,0,0,0,0,0,0,0,0,0,0,0,0,0,0,0,0,0,0,0,22089.972045898438,122329.64379882813,0,67221331968,8589930496,61157601280,462479360
200,1724174665978,1268,1311,800,800,800,800,1920,800,857,894,884,867,1276,800,800,800,864,800,800,800,862,800,889,800,858,800,800,800,800,800,1265,800,0,0,0,100,0,0,0,0,0,0,0,0,0,0,0,0,0,0,0,0,0,0,0,0,0,0,0,0,0,0,0,0,0,22100.905639648438,122339.24334716797,0,67221331968,8589930496,61264949248,462479360
200,1724174666178,1268,1311,800,800,800,800,1920,800,857,894,884,867,1276,800,800,800,864,800,800,800,862,800,889,800,858,800,800,800,800,800,1265,800,0,0,0,100,0,0,0,0,0,0,0,0,0,0,0,0,0,0,0,0,0,0,0,0,0,0,0,0,0,0,0,0,0,22111.783752441406,122348.79406738281,0,67221331968,8589930496,61364039680,462479360
200,1724174666378,1268,1311,800,800,800,800,1920,800,857,894,884,867,1276,800,800,800,864,800,800,800,862,800,889,800,858,800,800,800,800,800,1265,800,0,0,0,100,0,0,0,0,0,0,0,0,0,0,0,0,0,0,0,0,0,0,0,0,0,0,0,0,0,0,0,0,0,22122.833557128906,122358.51727294922,0,67221331968,8589930496,61463130112,462479360
200,1724174666578,1268,1311,800,800,800,800,1920,800,857,894,884,867,1276,800,800,800,864,800,800,800,862,800,889,800,858,800,800,800,800,800,1265,800,0,0,0,100,0,0,0,0,0,0,0,0,0,0,0,0,0,0,0,0,0,0,0,0,0,0,0,0,0,0,0,0,0,22133.740173339844,122368.09692382813,0,67221331968,8589930496,61562220544,462479360
200,1724174666778,1268,1311,800,800,800,800,1920,800,857,894,884,867,1276,800,800,800,864,800,800,800,862,800,889,800,858,800,800,800,800,800,1265,800,0,0,0,100,0,0,0,0,0,0,0,0,0,0,0,0,0,0,0,0,0,0,0,0,0,0,0,0,0,0,0,0,0,22144.672119140625,122377.7026977539,0,67221331968,8589930496,61668536320,462479360
200,1724174666978,1268,1311,800,800,800,800,1920,800,857,894,884,867,1276,800,800,800,864,800,800,800,862,800,889,800,858,800,800,800,800,800,1265,800,0,0,0,100,0,0,0,0,0,0,0,0,0,0,0,0,0,0,0,0,0,0,0,0,0,0,0,0,0,0,0,0,0,22155.544372558594,122387.2466430664,0,67221331968,8589930496,61767626752,462479360
200,1724174667178,1268,1311,800,800,800,800,1920,800,857,894,884,867,1276,800,800,800,864,800,800,800,862,800,889,800,858,800,800,800,800,800,1265,800,0,0,0,100,0,0,0,0,0,0,0,0,0,0,0,0,0,0,0,0,0,0,0,0,0,0,0,0,0,0,0,0,0,22166.405883789063,122396.78204345703,0,67221331968,8589930496,61866717184,462479360
200,1724174667378,1268,1311,800,800,800,800,1920,800,857,894,884,867,1276,800,800,800,864,800,800,800,862,800,889,800,858,800,800,800,800,800,1265,800,0,0,0,100,0,0,0,0,0,0,0,0,0,0,0,0,0,0,0,0,0,0,0,0,0,0,0,0,0,0,0,0,0,22177.26776123047,122406.31719970703,0,67221331968,8589930496,61974065152,462479360
200,1724174667578,1268,1311,800,800,800,800,1920,800,857,894,884,867,1276,800,800,800,864,800,800,800,862,800,889,800,858,800,800,800,800,800,1265,800,0,0,0,100,0,0,0,0,0,0,0,0,0,0,0,0,0,0,0,0,0,0,0,0,0,0,0,0,0,0,0,0,0,22188.12646484375,122415.84881591797,0,67221331968,8589930496,62073155584,462479360
200,1724174667779,1268,1311,800,800,800,800,1920,800,857,894,884,867,1276,800,800,800,864,800,800,800,862,800,889,800,858,800,800,800,800,800,1265,800,0,0,0,100,0,0,0,0,0,0,0,0,0,0,0,0,0,0,0,0,0,0,0,0,0,0,0,0,0,0,0,0,0,22199.258239746094,122425.65209960938,0,67221331968,8589930496,62172241920,462479360
200,1724174667979,1268,1311,800,800,800,800,1920,800,857,894,884,867,1276,800,800,800,864,800,800,800,862,800,889,800,858,800,800,800,800,800,1265,800,0,0,0,100,0,0,0,0,0,0,0,0,0,0,0,0,0,0,0,0,0,0,0,0,0,0,0,0,0,0,0,0,0,22210.098510742188,122435.16650390625,0,67221331968,8589930496,62271332352,462479360
200,1724174668179,1268,1311,800,800,800,800,1920,800,857,894,884,867,1276,800,800,800,864,800,800,800,862,800,889,800,858,800,800,800,800,800,1265,800,0,0,0,100,0,0,0,0,0,0,0,0,0,0,0,0,0,0,0,0,0,0,0,0,0,0,0,0,0,0,0,0,0,22220.996826171875,122444.73107910156,0,67221331968,8589930496,62378680320,462479360
200,1724174668379,1268,1311,800,800,800,800,1920,800,857,894,884,867,1276,800,800,800,864,800,800,800,862,800,889,800,858,800,800,800,800,800,1265,800,0,0,0,100,0,0,0,0,0,0,0,0,0,0,0,0,0,0,0,0,0,0,0,0,0,0,0,0,0,0,0,0,0,22231.8720703125,122454.27868652344,0,67221331968,8589930496,62477254656,462479360
200,1724174668579,1268,1311,800,800,800,800,1920,800,857,894,884,867,1276,800,800,800,864,800,800,800,862,800,889,800,858,800,800,800,800,800,1265,800,0,0,0,100,0,0,0,0,0,0,0,0,0,0,0,0,0,0,0,0,0,0,0,0,0,0,0,0,0,0,0,0,0,22242.74151611328,122463.81903076172,0,67221331968,8589930496,62576345088,462479360
200,1724174668779,1268,1311,800,800,800,800,1920,800,857,894,884,867,1276,800,800,800,864,800,800,800,862,800,889,800,858,800,800,800,800,800,1265,800,0,0,0,100,0,0,0,0,0,0,0,0,0,0,0,0,0,0,0,0,0,0,0,0,0,0,0,0,0,0,0,0,0,22253.724609375,122473.47442626953,0,67221331968,8589930496,62675435520,462479360
200,1724174668979,1268,1311,800,800,800,800,1920,800,857,894,884,867,1276,800,800,800,864,800,800,800,862,800,889,800,858,800,800,800,800,800,1265,800,0,0,0,100,0,0,0,0,0,0,0,0,0,0,0,0,0,0,0,0,0,0,0,0,0,0,0,0,0,0,0,0,0,22264.58770751953,122483.0103149414,0,67221331968,8589930496,62782267392,462479360
200,1724174669179,1268,1311,800,800,800,800,1920,800,857,894,884,867,1276,800,800,800,864,800,800,800,862,800,889,800,858,800,800,800,800,800,1265,800,0,0,0,100,0,0,0,0,0,0,0,0,0,0,0,0,0,0,0,0,0,0,0,0,0,0,0,0,0,0,0,0,0,22275.438842773438,122492.53576660156,0,67221331968,8589930496,62881357824,462479360
200,1724174669379,1268,1311,800,800,800,800,1920,800,857,894,884,867,1276,800,800,800,864,800,800,800,862,800,889,800,858,800,800,800,800,800,1265,800,0,0,0,100,0,0,0,0,0,0,0,0,0,0,0,0,0,0,0,0,0,0,0,0,0,0,0,0,0,0,0,0,0,22286.323303222656,122502.09185791016,0,67221331968,8589930496,62980448256,462479360
200,1724174669579,1268,1311,800,800,800,800,1920,800,857,894,884,867,1276,800,800,800,864,800,800,800,862,800,889,800,858,800,800,800,800,800,1265,800,0,0,0,100,0,0,0,0,0,0,0,0,0,0,0,0,0,0,0,0,0,0,0,0,0,0,0,0,0,0,0,0,0,22297.276123046875,122511.71691894531,0,67221331968,8589930496,63079796736,462479360
200,1724174669779,1268,1311,800,800,800,800,1920,800,857,894,884,867,1276,800,800,800,864,800,800,800,862,800,889,800,858,800,800,800,800,800,1265,800,0,0,0,100,0,0,0,0,0,0,0,0,0,0,0,0,0,0,0,0,0,0,0,0,0,0,0,0,0,0,0,0,0,22308.139526367188,122521.25268554688,0,67221331968,8589930496,63187144704,462479360
200,1724174669980,1268,1311,800,800,800,800,1920,800,857,894,884,867,1276,800,800,800,864,800,800,800,862,800,889,800,858,800,800,800,800,800,1265,800,0,0,0,100,0,0,0,0,0,0,0,0,0,0,0,0,0,0,0,0,0,0,0,0,0,0,0,0,0,0,0,0,0,22319.03839111328,122530.81982421875,0,67221331968,8589930496,63285202944,462479360
200,1724174670180,1268,1311,800,800,800,800,1920,800,857,894,884,867,1276,800,800,800,864,800,800,800,862,800,889,800,858,800,800,800,800,800,1265,800,0,0,0,100,0,0,0,0,0,0,0,0,0,0,0,0,0,0,0,0,0,0,0,0,0,0,0,0,0,0,0,0,0,22330.05059814453,122540.50469970703,0,67221331968,8589930496,63384035328,462479360
200,1724174670380,1268,1311,800,800,800,800,1920,800,857,894,884,867,1276,800,800,800,864,800,800,800,862,800,889,800,858,800,800,800,800,800,1265,800,0,0,0,100,0,0,0,0,0,0,0,0,0,0,0,0,0,0,0,0,0,0,0,0,0,0,0,0,0,0,0,0,0,22340.90155029297,122550.02819824219,0,67221331968,8589930496,63491383296,462479360
200,1724174670580,1268,1311,800,800,800,800,1920,800,857,894,884,867,1276,800,800,800,864,800,800,800,862,800,889,800,858,800,800,800,800,800,1265,800,0,0,0,100,0,0,0,0,0,0,0,0,0,0,0,0,0,0,0,0,0,0,0,0,0,0,0,0,0,0,0,0,0,22351.76007080078,122559.55950927734,0,67221331968,8589930496,63590473728,462479360
200,1724174670780,1268,1311,800,800,800,800,1920,800,857,894,884,867,1276,800,800,800,864,800,800,800,862,800,889,800,858,800,800,800,800,800,1265,800,0,0,0,100,0,0,0,0,0,0,0,0,0,0,0,0,0,0,0,0,0,0,0,0,0,0,0,0,0,0,0,0,0,22362.619018554688,122569.09130859375,0,67221331968,8589930496,63689564160,462479360
200,1724174670980,1268,1311,800,800,800,800,1920,800,857,894,884,867,1276,800,800,800,864,800,800,800,862,800,889,800,858,800,800,800,800,800,1265,800,0,0,0,100,0,0,0,0,0,0,0,0,0,0,0,0,0,0,0,0,0,0,0,0,0,0,0,0,0,0,0,0,0,22373.581970214844,122578.72827148438,0,67221331968,8589930496,63788654592,462479360
200,1724174671180,1268,1311,800,800,800,800,1920,800,857,894,884,867,1276,800,800,800,864,800,800,800,862,800,889,800,858,800,800,800,800,800,1265,800,0,0,0,100,0,0,0,0,0,0,0,0,0,0,0,0,0,0,0,0,0,0,0,0,0,0,0,0,0,0,0,0,0,22384.444396972656,122588.26379394531,0,67221331968,8589930496,63895998464,462479360
200,1724174671380,1268,1311,800,800,800,800,1920,800,857,894,884,867,1276,800,800,800,864,800,800,800,862,800,889,800,858,800,800,800,800,800,1265,800,0,0,0,100,0,0,0,0,0,0,0,0,0,0,0,0,0,0,0,0,0,0,0,0,0,0,0,0,0,0,0,0,0,22395.362060546875,122597.85400390625,0,67221331968,8589930496,63995088896,462479360
200,1724174671580,1268,1311,800,800,800,800,1920,800,857,894,884,867,1276,800,800,800,864,800,800,800,862,800,889,800,858,800,800,800,800,800,1265,800,0,0,0,100,0,0,0,0,0,0,0,0,0,0,0,0,0,0,0,0,0,0,0,0,0,0,0,0,0,0,0,0,0,22406.33575439453,122607.49932861328,0,67221331968,8589930496,64094179328,462479360
200,1724174671780,1268,1311,800,800,800,800,1920,800,857,894,884,867,1276,800,800,800,864,800,800,800,862,800,889,800,858,800,800,800,800,800,1265,800,0,0,0,100,0,0,0,0,0,0,0,0,0,0,4.761904716491699,0,0,0,0,0,0,0,0,0,0,0,0,0,0,0,0,0,0,22417.259826660156,122617.09661865234,0,67221331968,8589930496,64193269760,462479360
200,1724174671980,1268,1311,800,800,800,800,1920,800,857,894,884,867,1276,800,800,800,864,800,800,800,862,800,889,800,858,800,800,800,800,800,1265,800,0,0,0,100,0,0,0,0,0,0,0,0,0,0,0,0,0,0,0,0,0,0,0,0,0,0,0,0,0,0,0,0,0,22428.105041503906,122626.61608886719,0,67221331968,8589930496,64299585536,462479360
200,1724174672181,1268,1311,800,800,800,800,1920,800,857,894,884,867,1276,800,800,800,864,800,800,800,862,800,889,800,858,800,800,800,800,800,1265,800,0,0,0,100,0,0,0,0,0,0,0,0,0,0,0,0,0,0,0,0,0,0,0,0,0,0,0,0,0,0,0,0,0,22438.9853515625,122636.16955566406,0,67221331968,8589930496,64398675968,462479360
200,1724174672381,1268,1311,800,800,800,800,1920,800,857,894,884,867,1276,800,800,800,864,800,800,800,862,800,889,800,858,800,800,800,800,800,1265,800,0,0,0,100,0,0,0,0,0,0,0,0,0,0,0,0,0,0,0,0,0,0,0,0,0,0,0,0,0,0,0,0,0,22449.903686523438,122645.7533569336,0,67221331968,8589930496,64497766400,462479360
200,1724174672581,1268,1311,800,800,800,800,1920,800,857,894,884,867,1276,800,800,800,864,800,800,800,862,800,889,800,858,800,800,800,800,800,1265,800,0,0,0,100,0,0,0,0,0,0,0,0,0,0,0,0,0,0,0,0,0,0,0,0,0,0,0,0,0,0,0,0,0,22460.709228515625,122655.23901367188,0,67221331968,8589930496,64605114368,462479360
200,1724174672781,1268,1311,800,800,800,800,1920,800,857,894,884,867,1276,800,800,800,864,800,800,800,862,800,889,800,858,800,800,800,800,800,1265,800,4.761904716491699,0,0,100,0,0,0,0,0,0,0,0,0,0,0,0,0,0,0,0,0,0,0,0,0,0,0,0,0,0,0,0,0,22471.708557128906,122664.9048461914,0,67221331968,8589930496,64703172608,462479360
199,1724174672981,1268,1311,800,800,800,800,1920,800,857,894,884,867,1276,800,800,800,864,800,800,800,862,800,889,800,858,800,800,800,800,800,1265,800,0,0,0,100,0,0,0,0,0,0,0,0,0,0,0,0,0,0,0,0,0,0,0,0,0,0,0,0,0,0,0,0,0,22482.725646972656,122674.59503173828,0,67221331968,8589930496,64810520576,462479360
200,1724174673181,1268,1311,800,800,800,800,1920,800,857,894,884,867,1276,800,800,800,864,800,800,800,862,800,889,800,858,800,800,800,800,800,1265,800,0,0,0,100,0,0,0,0,0,0,0,0,0,0,0,0,0,0,0,0,0,0,0,0,0,0,0,0,0,0,0,0,0,22493.615783691406,122684.15759277344,0,67221331968,8589930496,64917352448,462479360
200,1724174673381,1268,1311,800,800,800,800,1920,800,857,894,884,867,1276,800,800,800,864,800,800,800,862,800,889,800,858,800,800,800,800,800,1265,800,0,0,0,100,0,0,0,0,0,0,0,0,0,0,0,0,0,0,0,0,0,0,0,0,0,0,0,0,0,0,0,0,0,22504.55303955078,122693.76721191406,0,67221331968,8589930496,65016442880,462479360
200,1724174673581,1268,1311,800,800,800,800,1920,800,857,894,884,867,1276,800,800,800,864,800,800,800,862,800,889,800,858,800,800,800,800,800,1265,800,0,0,0,100,0,0,0,0,0,0,0,0,0,0,0,0,0,0,0,0,0,0,0,0,0,0,0,0,0,0,0,0,0,22515.401123046875,122703.2894897461,0,67221331968,8589930496,65115533312,462479360
200,1724174673781,1268,1311,800,800,800,800,1920,800,857,894,884,867,1276,800,800,800,864,800,800,800,862,800,889,800,858,800,800,800,800,800,1265,800,0,0,0,100,0,0,0,0,0,0,0,0,0,0,0,0,0,0,0,0,0,0,0,0,0,0,0,0,0,0,0,0,0,22526.274047851563,122712.83422851563,0,67221331968,8589930496,65213591552,462479360
200,1724174673981,1268,1311,800,800,800,800,1920,800,857,894,884,867,1276,800,800,800,864,800,800,800,862,800,889,800,858,800,800,800,800,800,1265,800,0,0,0,100,0,0,0,0,0,0,0,0,0,0,0,0,0,0,0,0,0,0,0,0,0,0,0,0,0,0,0,0,0,22537.12469482422,122722.35931396484,0,67221331968,8589930496,65320939520,462479360
200,1724174674181,1268,1311,800,800,800,800,1920,800,857,894,884,867,1276,800,800,800,864,800,800,800,862,800,889,800,858,800,800,800,800,800,1265,800,0,0,0,100,0,0,0,0,0,0,0,0,0,0,0,0,0,0,0,0,0,0,0,0,0,0,0,0,0,0,0,0,0,22547.981811523438,122731.89056396484,0,67221331968,8589930496,65423618048,462479360
200,1724174674382,1268,1311,800,800,800,800,1920,800,857,894,884,867,1276,800,800,800,864,800,800,800,862,800,889,800,858,800,800,800,800,800,1265,800,0,0,0,100,0,0,0,0,0,0,0,0,0,0,0,0,0,0,0,0,0,0,0,0,0,0,0,0,0,0,0,0,0,22558.856506347656,122741.43743896484,0,67221331968,8589930496,65529892864,462479360
200,1724174674582,1268,1311,800,800,800,800,1920,800,857,894,884,867,1276,800,800,800,864,800,800,800,862,800,889,800,858,800,800,800,800,800,1265,800,0,0,0,100,0,0,0,0,0,0,0,0,0,0,0,0,0,0,0,0,0,0,0,0,0,0,0,0,0,0,0,0,0,22569.726013183594,122750.97845458984,0,67221331968,8589930496,65632104448,462479360
200,1724174674782,1268,1311,800,800,800,800,1920,800,857,894,884,867,1276,800,800,800,864,800,800,800,862,800,889,800,858,800,800,800,800,800,1265,800,0,0,0,100,0,0,0,0,0,0,0,0,0,0,0,0,0,0,0,0,0,0,0,0,0,0,0,0,0,0,0,0,0,22580.62384033203,122760.54412841797,0,67221331968,8589930496,65734209536,462479360
200,1724174674982,1268,1311,800,800,800,800,1920,800,857,894,884,867,1276,800,800,800,864,800,800,800,862,800,889,800,858,800,800,800,800,800,1265,800,0,0,0,100,0,0,0,0,0,0,0,0,0,0,0,0,0,0,0,0,0,0,0,0,0,0,0,0,0,0,0,0,0,22591.49334716797,122770.08630371094,0,67221331968,8589930496,65833369600,462479360
200,1724174675182,1268,1311,800,800,800,800,1920,800,857,894,884,867,1276,800,800,800,864,800,800,800,862,800,889,800,858,800,800,800,800,800,1265,800,0,0,0,100,0,0,0,0,0,0,0,0,0,0,0,0,0,0,0,0,0,0,0,0,0,0,0,0,0,0,0,0,0,22602.460021972656,122779.72686767578,0,67221331968,8589930496,65933860864,462479360
200,1724174675382,1268,1311,800,800,800,800,1920,800,857,894,884,867,1276,800,800,800,864,800,800,800,862,800,889,800,858,800,800,800,800,800,1265,800,0,0,0,100,0,0,0,0,0,0,0,0,0,0,0,0,0,0,0,0,0,0,0,0,0,0,0,0,0,0,0,0,0,22613.427490234375,122789.3662109375,0,67221331968,8589930496,66037686272,462479360
200,1724174675582,1268,1311,800,800,800,800,1920,800,857,894,884,867,1276,800,800,800,864,800,800,800,862,800,889,800,858,800,800,800,800,800,1265,800,0,0,0,100,0,0,0,0,0,0,0,0,0,0,0,0,0,0,0,0,0,0,0,0,0,0,0,0,0,0,0,0,0,22624.416259765625,122799.0269165039,0,67221331968,8589930496,66138300416,462479360
200,1724174675782,1268,1311,800,800,800,800,1920,800,857,894,884,867,1276,800,800,800,864,800,800,800,862,800,889,800,858,800,800,800,800,800,1265,800,0,0,0,100,0,0,0,0,0,0,0,0,0,0,0,0,0,0,0,0,0,0,0,0,0,0,0,0,0,0,0,0,0,22635.265502929688,122808.55072021484,0,67221331968,8589930496,66237620224,462479360
200,1724174675982,1268,1311,800,800,800,800,1920,800,857,894,884,867,1276,800,800,800,864,800,800,800,862,800,889,800,858,800,800,800,800,800,1265,800,0,0,0,100,0,0,0,0,0,0,0,0,0,0,0,0,0,0,0,0,0,0,0,0,0,0,0,0,0,0,0,0,0,22646.12158203125,122818.07989501953,0,67221331968,8589930496,66338574336,462479360
200,1724174676182,1268,1311,800,800,800,800,1920,800,857,894,884,867,1276,800,800,800,864,800,800,800,862,800,889,800,858,800,800,800,800,800,1265,800,0,0,0,100,0,0,0,0,0,0,0,0,0,0,0,0,0,0,0,0,0,0,0,0,0,0,0,0,0,0,0,0,0,22656.975219726563,122827.60626220703,0,67221331968,8589930496,66441355264,462479360
200,1724174676383,1268,1311,800,800,800,800,1920,800,857,894,884,867,1276,800,800,800,864,800,800,800,862,800,889,800,858,800,800,800,800,800,1265,800,0,0,0,100,0,0,0,0,0,0,0,0,0,0,0,0,0,0,0,0,0,0,0,0,0,0,0,0,0,0,0,0,0,22667.969360351563,122837.27362060547,0,67221331968,8589930496,66540605440,462479360
200,1724174676583,1268,1311,800,800,800,800,1920,800,857,894,884,867,1276,800,800,800,864,800,800,800,862,800,889,800,858,800,800,800,800,800,1265,800,0,0,0,100,0,0,0,0,0,0,0,0,0,0,0,0,0,0,0,0,0,0,0,0,0,0,0,0,0,0,0,0,0,22678.89337158203,122846.87091064453,0,67221331968,8589930496,66644533248,462479360
200,1724174676783,1268,1311,800,800,800,800,1920,800,857,894,884,867,1276,800,800,800,864,800,800,800,862,800,889,800,858,800,800,800,800,800,1265,800,0,0,0,100,0,0,0,0,0,0,0,0,0,0,0,0,0,0,0,0,0,0,0,0,0,0,0,0,0,0,0,0,0,22689.767211914063,122856.41772460938,0,67221331968,8589930496,66744303616,462479360
200,1724174676983,1268,1311,800,800,800,800,1920,800,857,894,884,867,1276,800,800,800,864,800,800,800,862,800,889,800,858,800,800,800,800,800,1265,800,0,0,0,100,0,0,0,0,0,0,0,0,0,0,0,0,0,0,0,0,0,0,0,0,0,0,0,0,0,0,0,0,0,22700.78857421875,122866.11151123047,0,67221331968,8589930496,66848284672,462479360
200,1724174677183,1268,1311,800,800,800,800,1920,800,857,894,884,867,1276,800,800,800,864,800,800,800,862,800,889,800,858,800,800,800,800,800,1265,800,0,0,0,85,20,4.761904716491699,0,0,0,0,0,0,0,0,0,0,0,0,0,0,0,0,0,0,0,0,0,0,0,0,0,0,0,22711.16717529297,122875.1411743164,0,67221331968,8589930496,66903330816,462479360
200,1724174677383,1268,1311,800,800,800,800,1920,800,857,894,884,867,1276,800,800,800,864,800,800,800,862,800,889,800,858,800,800,800,800,800,1265,800,0,0,0,100,10,55,0,0,0,0,0,0,0,0,0,0,0,0,0,0,0,0,0,0,0,0,0,0,0,0,0,0,0,22722.885009765625,122885.4945678711,0,67221331968,8589930496,66807988224,619765760
199,1724174677583,1268,1311,800,800,800,800,1920,800,857,894,884,867,1276,800,800,800,864,800,800,800,862,800,889,800,858,800,800,800,800,800,1265,800,0,0,0,100,10,55,0,0,0,0,0,0,0,0,0,0,0,0,0,0,0,0,0,0,0,0,0,0,0,0,0,0,0,22734.101135253906,122895.38360595703,0,67221331968,8589930496,66907078656,619765760
199,1724174677783,1268,1311,800,800,800,800,1920,800,857,894,884,867,1276,800,800,800,864,800,800,800,862,800,889,800,858,800,800,800,800,800,1265,800,0,0,0,100,0,2.5641026496887207,0,0,0,0,0,0,0,0,0,0,0,0,0,0,0,0,0,0,0,0,0,0,0,0,17.5,0,0,22745.70001220703,122905.62915039063,0,67221331968,8589930496,66884796416,729604096
199,1724174677983,1268,1311,800,800,800,800,1920,800,857,894,884,867,1276,800,800,800,864,800,800,800,862,800,889,800,858,800,800,800,800,800,1265,800,0,0,0,100,0,0,0,0,0,0,0,0,0,0,0,0,0,0,0,0,0,0,0,0,0,0,0,0,0,0,31.57894515991211,0,0,22757.272399902344,122915.85809326172,0,67221331968,8589930496,66891833344,811917312
199,1724174678183,1268,1311,800,800,800,800,1920,800,857,894,884,867,1276,800,800,800,864,800,800,800,862,800,889,800,858,800,800,800,800,800,1265,800,0,0,0,100,0,0,0,0,0,0,0,0,0,0,0,0,0,0,0,0,0,0,0,0,0,0,0,0,0,0,31.57894515991211,0,0,22768.869567871094,122926.1089477539,0,67221331968,8589930496,66908049408,894230528
199,1724174678383,1268,1311,800,800,800,800,1920,800,857,894,884,867,1276,800,800,800,864,800,800,800,862,800,889,800,858,800,800,800,800,800,1265,800,0,0,0,100,0,0,0,0,0,0,0,0,0,0,0,0,0,0,0,0,0,0,0,0,0,0,0,0,0,0,32.5,0,0,22780.65771484375,122936.55279541016,0,67221331968,8589930496,66916048896,976805888
200,1724174678583,1268,1311,800,800,800,800,1920,800,857,894,884,867,1276,800,800,800,864,800,800,800,862,800,889,800,858,800,800,800,800,800,1265,800,0,0,0,100,0,0,0,0,0,0,0,0,0,0,0,0,0,0,0,0,0,0,0,0,0,0,0,0,0,0,47.619049072265625,0,0,22792.3525390625,122946.8950805664,0,67221331968,8589930496,66884288512,1098702848
200,1724174678784,1268,1311,800,800,800,800,1920,800,857,894,884,867,1276,800,800,800,864,800,800,800,862,800,889,800,858,800,800,800,800,800,1265,800,0,0,0,100,0,0,0,0,0,0,0,0,0,0,0,0,0,0,0,0,0,0,0,0,0,0,0,0,0,0,26.3157901763916,0,0,22803.981872558594,122957.18145751953,0,67221331968,8589930496,66904719360,1168695296
200,1724174678984,1268,1311,800,800,800,800,1920,800,857,894,884,867,1276,800,800,800,864,800,800,800,862,800,889,800,858,800,800,800,800,800,1265,800,0,0,0,100,0,0,0,0,0,0,0,0,0,0,0,0,0,0,0,0,0,0,0,0,0,0,0,0,0,0,33.333335876464844,0,0,22815.539184570313,122967.3949584961,0,67221331968,8589930496,66920734720,1250746368
200,1724174679184,1268,1311,800,800,800,800,1920,800,857,894,884,867,1276,800,800,800,864,800,800,800,862,800,889,800,858,800,800,800,800,800,1265,800,0,0,0,100,0,0,0,0,0,0,0,0,0,0,0,0,0,0,0,0,0,0,0,0,0,0,0,0,0,0,31.57894515991211,0,0,22827.27752685547,122977.78564453125,0,67221331968,8589930496,66921766912,1340661760
200,1724174679384,1268,1311,800,800,800,800,1920,800,857,894,884,867,1276,800,800,800,864,800,800,800,862,800,889,800,858,800,800,800,800,800,1265,800,0,0,0,100,0,0,0,0,0,0,0,0,0,0,0,0,0,0,0,0,0,0,0,0,0,0,0,0,0,0,50,0,0,22839.09735107422,122988.25378417969,0,67221331968,8589930496,66888478720,1463607296
200,1724174679584,1268,1311,800,800,800,800,1920,800,857,894,884,867,1276,800,800,800,864,800,800,800,862,800,889,800,858,800,800,800,800,800,1265,800,0,0,0,100,0,0,0,0,0,0,0,0,0,0,0,0,0,0,0,0,0,0,0,0,0,0,0,0,0,0,35,0,0,22850.93243408203,122998.73620605469,0,67221331968,8589930496,66890747904,1552474112
199,1724174679784,1268,1311,800,800,800,800,1920,800,857,894,884,867,1276,800,800,800,864,800,800,800,862,800,889,800,858,800,800,800,800,800,1265,800,0,0,0,100,0,0,0,0,0,0,0,0,0,0,0,0,0,0,0,0,0,0,0,0,0,0,0,0,0,0,30.000001907348633,0,0,22862.500366210938,123008.9585571289,0,67221331968,8589930496,66898747392,1634787328
200,1724174679984,1268,1311,800,800,800,800,1920,800,857,894,884,867,1276,800,800,800,864,800,800,800,862,800,889,800,858,800,800,800,800,800,1265,800,0,0,0,100,0,0,0,0,0,0,0,0,0,0,0,0,0,0,0,0,0,0,0,0,0,0,0,0,0,0,30.000001907348633,0,0,22874.31573486328,123019.431640625,0,67221331968,8589930496,66924609536,1708187648
200,1724174680184,1268,1311,800,800,800,800,1920,800,857,894,884,867,1276,800,800,800,864,800,800,800,862,800,889,800,858,800,800,800,800,800,1265,800,0,0,0,100,25,0,0,0,0,0,0,0,0,0,0,0,0,0,0,0,0,0,0,0,0,0,0,0,0,0,25,0,0,22886.348205566406,123030.11120605469,0,67221331968,8589930496,66886811648,1830346752
200,1724174680384,1268,1311,800,800,800,800,1920,800,857,894,884,867,1276,800,800,800,864,800,800,800,862,800,889,800,858,800,800,800,800,800,1265,800,0,0,0,100,25,0,0,0,0,0,0,0,0,0,0,0,0,0,0,0,0,0,0,0,0,0,0,0,0,0,5,0,0,22898.06005859375,123040.47930908203,0,67221331968,8589930496,66905894912,1909514240
200,1724174680584,1268,1311,800,800,800,800,1920,800,857,894,884,867,1276,800,800,800,864,800,800,800,862,800,889,800,858,800,800,800,800,800,1265,800,0,0,0,100,0,0,0,0,0,0,0,0,0,0,0,0,0,0,0,0,0,0,0,0,0,0,0,0,0,0,33.333335876464844,0,0,22909.704345703125,123050.78015136719,0,67221331968,8589930496,66914914304,1991827456
200,1724174680784,1268,1311,800,800,800,800,1920,800,857,894,884,867,1276,800,800,800,864,800,800,800,862,800,889,800,858,800,800,800,800,800,1265,800,0,0,0,100,0,0,0,0,0,0,0,0,0,0,0,0,0,0,0,0,0,0,0,0,0,0,0,0,0,0,31.57894515991211,0,0,22921.366943359375,123061.09631347656,0,67221331968,8589930496,66922655744,2074140672
200,1724174680984,1268,1311,800,800,800,800,1920,800,857,894,884,867,1276,800,800,800,864,800,800,800,862,800,889,800,858,800,800,800,800,800,1265,800,0,0,0,95,0,0,0,0,0,0,0,0,0,0,0,0,0,0,0,0,0,0,0,0,0,0,0,0,0,0,30.000001907348633,0,0,22931.383911132813,123069.70947265625,0,67221331968,8589930496,66872492032,2156453888
200,1724174681184,1268,1311,800,800,800,800,1920,800,857,894,884,867,1276,800,800,800,864,800,800,800,862,800,889,800,858,800,800,800,800,800,1265,800,0,0,0,73.68421173095703,0,0,0,0,0,0,0,0,0,0,0,0,0,0,0,0,0,0,0,0,0,0,0,0,0,0,0,0,0,22938.3154296875,123075.263671875,0,67221331968,8589930496,66912997376,2156453888
200,1724174681385,1268,1311,800,800,800,800,1920,800,857,894,884,867,1276,800,800,800,864,800,800,800,862,800,889,800,858,800,800,800,800,800,1265,800,0,0,0,60.000003814697266,0,0,0,0,0,0,0,0,0,0,0,0,0,0,0,0,0,0,0,0,0,0,0,0,0,0,15.000000953674316,0,0,22945.197631835938,123080.8081665039,0,67221331968,8589930496,66925383680,2188697600
200,1724174681585,1268,1311,800,800,800,800,1920,800,857,894,884,867,1276,800,800,800,864,800,800,800,862,800,889,800,858,800,800,800,800,800,1265,800,0,0,0,57.894737243652344,0,0,0,0,0,0,0,0,0,0,0,0,0,0,0,0,0,0,0,0,0,0,0,0,0,0,45,0,0,22953.23272705078,123087.48602294922,0,67221331968,8589930496,66863452160,2300370944
200,1724174681785,1268,1311,800,800,800,800,1920,800,857,894,884,867,1276,800,800,800,864,800,800,800,862,800,889,800,858,800,800,800,800,800,1265,800,0,0,0,60.000003814697266,0,0,0,0,0,0,0,0,0,0,0,0,0,0,0,0,0,0,0,0,0,0,0,0,0,0,0,0,0,22959.616577148438,123092.53137207031,0,67221331968,8589930496,66912997376,2300370944
200,1724174681985,1268,1311,800,800,800,800,1920,800,857,894,884,867,1276,800,800,800,864,800,800,800,862,800,889,800,858,800,800,800,800,800,1265,800,0,0,0,68.42105102539063,0,0,0,0,0,0,0,0,0,0,0,0,0,0,0,0,0,0,0,0,0,0,0,0,0,0,0,0,0,22966.391723632813,123097.9457397461,0,67221331968,8589930496,66954022912,2300370944
200,1724174682185,1268,1311,800,800,800,800,1920,800,857,894,884,867,1276,800,800,800,864,800,800,800,862,800,889,800,858,800,800,800,800,800,1265,800,0,0,0,100,0,0,0,0,0,0,0,0,0,0,0,0,0,0,0,0,0,0,0,0,0,0,0,0,0,0,0,0,0,22974.070251464844,123104.19079589844,0,67221331968,8589930496,66954022912,2300370944
200,1724174682385,1268,1311,800,800,800,800,1920,800,857,894,884,867,1276,800,800,800,864,800,800,800,862,800,889,800,858,800,800,800,800,800,1265,800,0,0,0,100,0,0,0,0,0,0,0,0,0,0,0,0,0,0,0,0,0,0,0,0,0,0,0,0,0,0,0,0,0,22981.872680664063,123110.55291748047,0,67221331968,8589930496,66954022912,2300370944
199,1724174682585,1268,1311,800,800,800,800,1920,800,857,894,884,867,1276,800,800,800,864,800,800,800,862,800,889,800,858,800,800,800,800,800,1265,800,0,0,0,100,0,0,0,0,0,0,0,0,0,0,0,0,0,0,0,0,0,0,0,0,0,0,0,0,0,0,0,0,0,22990.341186523438,123117.501953125,0,67221331968,8589930496,66954022912,2300370944
200,1724174682785,1268,1311,800,800,800,800,1920,800,857,894,884,867,1276,800,800,800,864,800,800,800,862,800,889,800,858,800,800,800,800,800,1265,800,0,0,0,57.894737243652344,0,0,0,0,0,0,0,0,0,0,0,0,0,0,0,0,0,0,0,0,0,0,0,0,0,0,80,0,0,22998.637329101563,123124.37896728516,0,67221331968,8589930496,66973073408,2320293888
200,1724174682985,1268,1311,800,800,800,800,1920,800,857,894,884,867,1276,800,800,800,864,800,800,800,862,800,889,800,858,800,800,800,800,800,1265,800,0,0,0,69.56521606445313,0,0,0,0,0,0,0,0,0,0,0,0,0,0,0,0,0,0,0,0,0,0,0,0,0,0,55,0,0,23006.3427734375,123130.7095336914,0,67221331968,8589930496,66875080704,2456608768
199,1724174683185,1268,1311,800,800,800,800,1920,800,857,894,884,867,1276,800,800,800,864,800,800,800,862,800,889,800,858,800,800,800,800,800,1265,800,0,0,0,68.42105102539063,0,0,0,0,0,0,0,0,0,0,0,0,0,0,0,0,0,0,0,0,0,0,0,0,0,0,0,0,0,23012.014404296875,123135.02856445313,0,67221331968,8589930496,66924625920,2456608768
199,1724174683385,1268,1311,800,800,800,800,1920,800,857,894,884,867,1276,800,800,800,864,800,800,800,862,800,889,800,858,800,800,800,800,800,1265,800,0,0,0,66.66667175292969,0,0,5,0,0,0,0,0,0,0,0,0,0,0,0,0,0,0,0,0,0,0,0,0,0,0,15.000000953674316,0,0,23018.52508544922,123140.17803955078,0,67221331968,8589930496,66924261376,2495930368
200,1724174683585,1268,1311,800,800,800,800,1920,800,857,894,884,867,1276,800,800,800,864,800,800,800,862,800,889,800,858,800,800,800,800,800,1265,800,0,0,0,68.18181610107422,0,0,0,0,0,0,0,0,0,0,0,0,0,0,0,0,0,0,0,0,0,0,0,0,0,0,30.000001907348633,0,0,23025.626708984375,123145.91107177734,0,67221331968,8589930496,66890747904,2568019968
200,1724174683786,1268,1311,800,800,800,800,1920,800,857,894,884,867,1276,800,800,800,864,800,800,800,862,800,889,800,858,800,800,800,800,800,1265,800,0,0,0,68.18181610107422,0,0,0,0,0,0,0,0,0,0,0,0,0,0,0,0,0,0,0,0,0,0,0,0,0,0,0,0,0,23031.424865722656,123150.36041259766,0,67221331968,8589930496,66940293120,2568019968
200,1724174683986,1268,1311,800,800,800,800,1920,800,857,894,884,867,1276,800,800,800,864,800,800,800,862,800,889,800,858,800,800,800,800,800,1265,800,0,0,0,68.18181610107422,0,0,0,0,0,0,0,0,0,0,0,0,0,0,0,0,0,0,0,0,0,0,0,0,0,0,30.000001907348633,0,0,23038.535095214844,123156.10723876953,0,67221331968,8589930496,66904412160,2642731008
200,1724174684186,1268,1311,800,800,800,800,1920,800,857,894,884,867,1276,800,800,800,864,800,800,800,862,800,889,800,858,800,800,800,800,800,1265,800,0,0,0,66.66667175292969,15.000000953674316,0,0,0,0,0,0,0,0,0,0,0,0,0,0,0,0,0,0,0,0,0,0,0,0,0,0,0,0,23045.58837890625,123161.79602050781,0,67221331968,8589930496,66906030080,2689392640
199,1724174684386,1268,1311,800,800,800,800,1920,800,857,894,884,867,1276,800,800,800,864,800,800,800,862,800,889,800,858,800,800,800,800,800,1265,800,0,0,25,78.94737243652344,10,0,0,0,0,0,0,0,0,0,0,0,0,0,0,0,0,0,0,0,0,0,0,0,0,0,0,0,0,23053.407958984375,123168.23522949219,0,67221331968,8589930496,66865491968,2754404352
200,1724174684586,1268,1311,800,800,800,800,1920,800,857,894,884,867,1276,800,800,800,864,800,800,800,862,800,889,800,858,800,800,800,800,800,1265,800,0,0,0,100,0,0,0,0,0,0,0,0,0,0,4.761904716491699,0,0,0,0,0,0,0,0,0,0,0,0,0,0,0,0,0,0,23060.44903564453,123173.90545654297,0,67221331968,8589930496,66865737728,2754404352
200,1724174684786,1268,1311,800,800,800,800,1920,800,857,894,884,867,1276,800,800,800,864,800,800,800,862,800,889,800,858,800,800,800,800,800,1265,800,0,0,0,100,0,0,0,0,0,0,0,0,0,0,0,0,0,0,0,0,0,0,0,0,0,0,0,0,0,0,0,0,0,23067.83074951172,123179.8759765625,0,67221331968,8589930496,66865737728,2754404352
200,1724174684986,1268,1311,800,800,800,800,1920,800,857,894,884,867,1276,800,800,800,864,800,800,800,862,800,889,800,858,800,800,800,800,800,1265,800,0,0,0,100,0,0,0,0,0,0,0,0,0,0,0,0,0,0,0,0,0,0,0,0,0,0,0,0,0,0,0,0,0,23075.50372314453,123186.11401367188,0,67221331968,8589930496,66865487872,2754404352
200,1724174685186,1268,1311,800,800,800,800,1920,800,857,894,884,867,1276,800,800,800,864,800,800,800,862,800,889,800,858,800,800,800,800,800,1265,800,0,0,0,100,0,0,0,0,0,0,0,0,0,0,0,0,0,0,0,0,0,0,0,0,0,0,0,0,0,0,0,0,0,23083.52978515625,123192.6381225586,0,67221331968,8589930496,66865487872,2754404352
200,1724174685386,1268,1311,800,800,800,800,1920,800,857,894,884,867,1276,800,800,800,864,800,800,800,862,800,889,800,858,800,800,800,800,800,1265,800,0,0,0,100,0,0,0,0,0,0,0,0,0,0,0,0,0,0,0,0,0,0,0,0,0,0,0,0,0,0,0,0,0,23091.44512939453,123199.06079101563,0,67221331968,8589930496,66865487872,2754404352
200,1724174685586,1268,1311,800,800,800,800,1920,800,857,894,884,867,1276,800,800,800,864,800,800,800,862,800,889,800,858,800,800,800,800,800,1265,800,0,0,0,100,0,0,0,0,0,0,0,0,0,0,0,0,0,0,0,0,0,0,0,0,0,0,0,0,0,0,0,0,0,23099.458923339844,123205.5908203125,0,67221331968,8589930496,66865438720,2754404352
200,1724174685786,1268,1311,800,800,800,800,1920,800,857,894,884,867,1276,800,800,800,864,800,800,800,862,800,889,800,858,800,800,800,800,800,1265,800,0,0,0,100,0,0,0,0,0,0,0,0,0,0,0,0,0,0,0,0,0,0,0,0,0,0,0,0,0,0,0,0,0,23107.752014160156,123212.47540283203,0,67221331968,8589930496,66865438720,2754404352
200,1724174685986,1268,1311,800,800,800,800,1920,800,857,894,884,867,1276,800,800,800,864,800,800,800,862,800,889,800,858,800,800,800,800,800,1265,800,0,0,0,100,0,0,0,0,0,0,0,0,0,0,0,0,0,0,0,0,0,0,0,0,0,0,0,0,0,0,0,0,0,23115.540588378906,123218.80944824219,0,67221331968,8589930496,66865094656,2754404352
200,1724174686187,1268,1311,800,800,800,800,1920,800,857,894,884,867,1276,800,800,800,864,800,800,800,862,800,889,800,858,800,800,800,800,800,1265,800,0,0,0,100,0,0,0,0,0,0,0,0,0,0,0,0,0,0,0,0,0,0,0,0,0,0,0,0,0,0,0,0,0,23123.261840820313,123225.09448242188,0,67221331968,8589930496,66865094656,2754404352
200,1724174686387,1268,1311,800,800,800,800,1920,800,857,894,884,867,1276,800,800,800,864,800,800,800,862,800,889,800,858,800,800,800,800,800,1265,800,0,0,0,100,0,0,0,0,0,0,0,0,0,0,0,0,0,0,0,0,0,0,0,0,0,0,0,0,0,0,0,0,0,23130.9619140625,123231.37567138672,0,67221331968,8589930496,66865610752,2754404352
200,1724174686587,1268,1311,800,800,800,800,1920,800,857,894,884,867,1276,800,800,800,864,800,800,800,862,800,889,800,858,800,800,800,800,800,1265,800,0,0,0,100,0,0,0,0,0,0,0,0,0,0,0,0,0,0,0,0,0,0,0,0,0,0,0,0,0,0,0,0,0,23138.78857421875,123237.78186035156,0,67221331968,8589930496,66865606656,2754404352
200,1724174686787,1268,1311,800,800,800,800,1920,800,857,894,884,867,1276,800,800,800,864,800,800,800,862,800,889,800,858,800,800,800,800,800,1265,800,0,0,0,100,0,0,0,0,0,0,0,0,0,0,0,0,0,0,0,0,0,0,0,0,0,0,0,0,0,0,0,0,0,23146.77459716797,123244.35662841797,0,67221331968,8589930496,66865606656,2754404352
200,1724174686987,1268,1311,800,800,800,800,1920,800,857,894,884,867,1276,800,800,800,864,800,800,800,862,800,889,800,858,800,800,800,800,800,1265,800,0,0,0,100,0,0,0,0,0,0,0,0,0,0,0,0,0,0,0,0,0,0,0,0,0,0,0,0,0,0,0,0,0,23155.43701171875,123251.66027832031,0,67221331968,8589930496,66865303552,2754404352
200,1724174687187,1268,1311,800,800,800,800,1920,800,857,894,884,867,1276,800,800,800,864,800,800,800,862,800,889,800,858,800,800,800,800,800,1265,800,0,0,0,100,0,0,0,0,0,0,0,0,0,0,0,0,0,0,0,0,0,0,0,0,0,0,0,0,0,0,0,0,0,23163.86346435547,123258.73876953125,0,67221331968,8589930496,66865299456,2754404352
200,1724174687387,1268,1311,800,800,800,800,1920,800,857,894,884,867,1276,800,800,800,864,800,800,800,862,800,889,800,858,800,800,800,800,800,1265,800,0,0,0,100,0,0,0,0,0,0,0,0,0,0,0,0,0,0,0,0,0,0,0,0,0,0,0,0,0,0,0,0,0,23171.784606933594,123265.23046875,0,67221331968,8589930496,66865299456,2754404352
200,1724174687587,1268,1311,800,800,800,800,1920,800,857,894,884,867,1276,800,800,800,864,800,800,800,862,800,889,800,858,800,800,800,800,800,1265,800,0,0,0,100,0,0,0,0,0,0,0,0,0,0,0,0,0,0,0,0,0,0,0,0,0,0,0,0,0,0,0,0,0,23179.541625976563,123271.54760742188,0,67221331968,8589930496,66865299456,2754404352
199,1724174687787,1268,1311,800,800,800,800,1920,800,857,894,884,867,1276,800,800,800,864,800,800,800,862,800,889,800,858,800,800,800,800,800,1265,800,0,0,0,100,0,0,0,0,0,0,0,0,0,0,0,0,0,0,0,0,0,0,0,0,0,0,0,0,0,0,0,0,0,23187.245666503906,123277.84149169922,0,67221331968,8589930496,66865299456,2754404352
199,1724174687987,1268,1311,800,800,800,800,1920,800,857,894,884,867,1276,800,800,800,864,800,800,800,862,800,889,800,858,800,800,800,800,800,1265,800,0,0,0,100,0,0,0,0,0,0,0,0,0,0,0,0,0,0,0,0,0,0,0,0,0,0,0,0,0,0,0,0,0,23195.505310058594,123284.60540771484,0,67221331968,8589930496,66865287168,2754404352
200,1724174688187,1268,1311,800,800,800,800,1920,800,857,894,884,867,1276,800,800,800,864,800,800,800,862,800,889,800,858,800,800,800,800,800,1265,800,0,0,0,100,0,0,0,0,0,0,0,0,0,0,0,0,0,0,0,0,0,0,0,0,0,0,0,0,0,0,0,0,0,23203.461853027344,123291.07415771484,0,67221331968,8589930496,66865287168,2754404352
200,1724174688388,1268,1311,800,800,800,800,1920,800,857,894,884,867,1276,800,800,800,864,800,800,800,862,800,889,800,858,800,800,800,800,800,1265,800,0,0,0,100,0,0,0,0,0,0,0,0,0,0,0,0,0,0,0,0,0,0,0,0,0,0,0,0,0,0,0,0,0,23211.42352294922,123297.5484008789,0,67221331968,8589930496,66865287168,2754404352
199,1724174688588,1268,1311,800,800,800,800,1920,800,857,894,884,867,1276,800,800,800,864,800,800,800,862,800,889,800,858,800,800,800,800,800,1265,800,0,0,0,65,0,0,0,0,0,0,0,0,0,0,0,0,0,0,0,0,0,0,0,0,0,0,0,0,0,0,0,0,0,23217.59063720703,123302.33294677734,0,67221331968,8589930496,66906345472,2754404352
200,1724174688788,1268,1311,800,800,800,800,1920,800,857,894,884,867,1276,800,800,800,864,800,800,800,862,800,889,800,858,800,800,800,800,800,1265,800,4.761904716491699,0,0,44.4444465637207,0,0,0,0,0,0,0,0,0,0,0,0,0,0,0,0,0,0,0,0,0,0,0,0,0,0,15.000000953674316,0,0,23222.752685546875,123306.14379882813,0,67221331968,8589930496,66931900416,2793725952
199,1724174688988,1268,1311,800,800,800,800,1920,800,857,894,884,867,1276,800,800,800,864,800,800,800,862,800,889,800,858,800,800,800,800,800,1265,800,0,0,0,47.36842346191406,0,0,0,0,0,0,0,0,0,0,0,0,0,0,0,0,0,0,0,0,0,0,0,0,0,0,33.333335876464844,0,0,23228.971618652344,123310.99877929688,0,67221331968,8589930496,66906742784,2874466304
200,1724174689188,1268,1311,800,800,800,800,1920,800,857,894,884,867,1276,800,800,800,864,800,800,800,862,800,889,800,858,800,800,800,800,800,1265,800,0,0,0,50,0,0,0,0,0,0,0,0,0,0,0,0,0,0,0,0,0,0,0,0,0,0,0,0,0,0,15.789472579956055,0,0,23234.45635986328,123315.12689208984,0,67221331968,8589930496,66934067200,2913263616
200,1724174689388,1268,1311,800,800,800,800,1920,800,857,894,884,867,1276,800,800,800,864,800,800,800,862,800,889,800,858,800,800,800,800,800,1265,800,0,0,0,47.619049072265625,0,0,0,0,0,0,0,0,0,0,0,0,0,0,0,0,0,0,0,0,0,0,0,0,0,0,38.095237731933594,0,0,23240.76690673828,123320.07806396484,0,67221331968,8589930496,66908717056,2994266112
200,1724174689588,1268,1311,800,800,800,800,1920,800,857,894,884,867,1276,800,800,800,864,800,800,800,862,800,889,800,858,800,800,800,800,800,1265,800,0,0,0,70,0,0,0,0,0,0,0,0,0,0,0,0,0,0,0,0,0,0,0,0,0,0,0,0,0,0,0,0,0,23246.249267578125,123324.20373535156,0,67221331968,8589930496,66950004736,2994266112
200,1724174689788,1268,1311,800,800,800,800,1920,800,857,894,884,867,1276,800,800,800,864,800,800,800,862,800,889,800,858,800,800,800,800,800,1265,800,0,0,0,100,0,0,0,0,0,0,0,0,0,0,0,0,0,0,0,0,0,0,0,0,0,0,0,0,0,0,0,0,0,23253.785888671875,123330.30670166016,0,67221331968,8589930496,66950004736,2994266112
200,1724174689988,1268,1311,800,800,800,800,1920,800,857,894,884,867,1276,800,800,800,864,800,800,800,862,800,889,800,858,800,800,800,800,800,1265,800,0,0,0,90.47618865966797,0,0,0,0,0,0,0,0,0,0,0,0,0,0,0,0,0,0,0,0,0,0,0,0,0,0,0,0,0,23261.41864013672,123336.50286865234,0,67221331968,8589930496,66957549568,2994266112
200,1724174690188,1268,1311,800,800,800,800,1920,800,857,894,884,867,1276,800,800,800,864,800,800,800,862,800,889,800,858,800,800,800,800,800,1265,800,0,0,0,47.619049072265625,0,0,0,0,0,0,0,0,0,0,0,0,0,0,0,0,0,0,0,0,0,0,0,0,0,0,73.68421173095703,0,0,23269.40380859375,123343.11297607422,0,67221331968,8589930496,66872057856,3136610304
200,1724174690388,1268,1311,800,800,800,800,1920,800,857,894,884,867,1276,800,800,800,864,800,800,800,862,800,889,800,858,800,800,800,800,800,1265,800,0,0,0,44.4444465637207,0,0,0,0,0,0,0,0,0,0,0,0,0,0,0,0,0,0,0,0,0,0,0,0,0,0,47.619049072265625,0,0,23275.32940673828,123347.67858886719,0,67221331968,8589930496,66842517504,3232030720
200,1724174690588,1268,1311,800,800,800,800,1920,800,857,894,884,867,1276,800,800,800,864,800,800,800,862,800,889,800,858,800,800,800,800,800,1265,800,0,0,0,47.36842346191406,0,0,0,0,0,0,0,0,0,0,0,0,0,0,0,0,0,0,0,0,0,0,0,0,0,0,0,0,0,23278.199462890625,123349.20611572266,0,67221331968,8589930496,66908577792,3232030720
200,1724174690788,1268,1311,800,800,800,800,1920,800,857,894,884,867,1276,800,800,800,864,800,800,800,862,800,889,800,858,800,800,800,800,800,1265,800,0,0,0,47.36842346191406,0,0,0,0,0,0,0,0,0,0,0,0,0,0,0,0,0,0,0,0,0,0,0,0,0,0,5.263157844543457,0,0,23281.31072998047,123350.97717285156,0,67221331968,8589930496,66960703488,3245924352
199,1724174690988,1268,1311,800,800,800,800,1920,800,857,894,884,867,1276,800,800,800,864,800,800,800,862,800,889,800,858,800,800,800,800,800,1265,800,0,0,0,45,0,0,0,0,0,0,0,0,0,0,0,0,0,0,0,0,0,0,0,0,0,0,0,0,0,0,100,0,0,23289.660522460938,123357.92547607422,0,67221331968,8589930496,67010330624,3273187328
200,1724174691189,1268,1311,800,800,800,800,1920,800,857,894,884,867,1276,800,800,800,864,800,800,800,862,800,889,800,858,800,800,800,800,800,1265,800,0,0,30.000001907348633,9.523809432983398,25,0,0,0,0,0,0,0,0,0,0,0,0,0,0,0,0,0,0,0,0,0,0,0,0,0,100,0,0,23298.764038085938,123365.60131835938,0,67221331968,8589930496,66843807744,3450396672
199,1724174691389,1268,1311,800,800,800,800,1920,800,857,894,884,867,1276,800,800,800,864,800,800,800,862,800,889,800,858,800,800,800,800,800,1265,800,0,0,44.4444465637207,0,0,0,0,0,0,0,0,0,0,0,0,0,0,0,0,0,0,0,0,0,0,0,0,0,0,0,20,0,0,23303.79705810547,123369.28430175781,0,67221331968,8589930496,66779009024,3547652096
199,1724174691589,1268,1311,800,800,800,800,1920,800,857,894,884,867,1276,800,800,800,864,800,800,800,862,800,889,800,858,800,800,800,800,800,1265,800,0,0,45,0,0,0,0,0,0,0,0,0,0,0,0,0,0,0,0,0,0,0,0,0,0,0,0,0,0,0,0,0,0,23306.61395263672,123370.7689819336,0,67221331968,8589930496,66812039168,3547652096
200,1724174691789,1268,1311,800,800,800,800,1920,800,857,894,884,867,1276,800,800,800,864,800,800,800,862,800,889,800,858,800,800,800,800,800,1265,800,0,0,10.526315689086914,31.57894515991211,0,0,0,0,0,0,0,0,0,0,0,0,0,0,0,0,0,0,0,0,0,0,0,0,0,0,0,0,0,23309.377990722656,123372.19805908203,0,67221331968,8589930496,66853326848,3547652096
200,1724174691989,1268,1311,800,800,800,800,1920,800,857,894,884,867,1276,800,800,800,864,800,800,800,862,800,889,800,858,800,800,800,800,800,1265,800,4.761904716491699,0,0,47.36842346191406,0,0,0,0,0,0,0,0,0,0,0,0,0,0,0,0,0,0,0,0,0,0,0,0,0,0,0,0,0,23313.205993652344,123374.68896484375,0,67221331968,8589930496,66893791232,3547652096
200,1724174692189,1268,1311,800,800,800,800,1920,800,857,894,884,867,1276,800,800,800,864,800,800,800,862,800,889,800,858,800,800,800,800,800,1265,800,0,0,0,50,0,0,0,0,0,0,0,0,0,0,0,0,0,0,0,0,0,0,0,0,0,0,0,0,0,0,0,0,0,23318.83184814453,123378.96765136719,0,67221331968,8589930496,66935005184,3547652096
200,1724174692389,1268,1311,800,800,800,800,1920,800,857,894,884,867,1276,800,800,800,864,800,800,800,862,800,889,800,858,800,800,800,800,800,1265,800,0,0,0,47.36842346191406,0,0,0,0,0,0,0,0,0,0,0,0,0,0,0,0,0,0,0,0,0,0,0,0,0,0,4.761904716491699,0,0,23324.72344970703,123383.5160522461,0,67221331968,8589930496,66962358272,3569410048
200,1724174692589,1268,1311,800,800,800,800,1920,800,857,894,884,867,1276,800,800,800,864,800,800,800,862,800,889,800,858,800,800,800,800,800,1265,800,0,0,0,47.36842346191406,0,0,0,0,0,0,0,0,0,0,0,0,0,0,0,0,0,0,0,0,0,0,0,0,0,0,25,0,0,23331.508544921875,123388.94567871094,0,67221331968,8589930496,66876862464,3694714880
199,1724174692789,1268,1311,800,800,800,800,1920,800,857,894,884,867,1276,800,800,800,864,800,800,800,862,800,889,800,858,800,800,800,800,800,1265,800,0,0,0,57.894737243652344,0,0,0,0,0,0,0,0,0,0,0,0,0,0,0,0,0,0,0,0,0,0,0,0,0,0,0,0,0,23337.536499023438,123393.62811279297,0,67221331968,8589930496,66930507776,3694714880
199,1724174692989,1268,1311,800,800,800,800,1920,800,857,894,884,867,1276,800,800,800,864,800,800,800,862,800,889,800,858,800,800,800,800,800,1265,800,0,0,0,55,0,0,0,0,0,0,0,0,0,0,0,0,0,0,0,0,0,0,0,0,0,0,0,0,0,0,0,0,0,23343.1796875,123397.92797851563,0,67221331968,8589930496,66979581952,3694714880
200,1724174693189,1268,1311,800,800,800,800,1920,800,857,894,884,867,1276,800,800,800,864,800,800,800,862,800,889,800,858,800,800,800,800,800,1265,800,0,0,15.000000953674316,40,0,0,15.000000953674316,0,0,0,0,0,0,0,0,0,0,0,0,0,0,0,0,0,0,0,0,0,0,0,15.000000953674316,0,0,23350.055603027344,123403.44537353516,0,67221331968,8589930496,66879279104,3835224064
199,1724174693389,1268,1311,800,800,800,800,1920,800,857,894,884,867,1276,800,800,800,864,800,800,800,862,800,889,800,858,800,800,800,800,800,1265,800,0,0,52.6315803527832,0,0,0,5,0,0,0,0,0,0,0,0,0,0,0,0,0,0,0,0,0,0,0,0,0,0,0,0,0,0,23355.79443359375,123407.84045410156,0,67221331968,8589930496,66928803840,3834961920
200,1724174693590,1268,1311,800,800,800,800,1920,800,857,894,884,867,1276,800,800,800,864,800,800,800,862,800,889,800,858,800,800,800,800,800,1265,800,0,0,26.3157901763916,31.57894515991211,0,0,0,0,0,0,0,0,0,0,0,0,0,0,0,0,0,0,0,0,0,0,0,0,0,0,0,0,0,23361.796630859375,123412.4966430664,0,67221331968,8589930496,66982850560,3834961920
200,1724174693790,1268,1311,800,800,800,800,1920,800,857,894,884,867,1276,800,800,800,864,800,800,800,862,800,889,800,858,800,800,800,800,800,1265,800,0,0,0,57.894737243652344,0,0,0,0,0,0,0,0,0,0,0,0,0,0,0,0,0,0,0,0,0,0,0,0,0,0,26.3157901763916,0,0,23368.99774169922,123418.33850097656,0,67221331968,8589930496,66885324800,3982811136
199,1724174693990,1268,1311,800,800,800,800,1920,800,857,894,884,867,1276,800,800,800,864,800,800,800,862,800,889,800,858,800,800,800,800,800,1265,800,0,0,0,57.142860412597656,0,0,0,0,0,0,0,0,0,0,0,0,0,0,0,0,0,0,0,0,0,0,0,0,0,0,0,0,0,23374.978454589844,123422.97265625,0,67221331968,8589930496,66942627840,3982811136
200,1724174694190,1268,1311,800,800,800,800,1920,800,857,894,884,867,1276,800,800,800,864,800,800,800,862,800,889,800,858,800,800,800,800,800,1265,800,0,0,0,55.55555725097656,0,0,0,0,0,0,0,0,0,0,0,0,0,0,0,0,0,0,0,0,0,0,0,0,0,0,15.000000953674316,0,0,23381.50390625,123428.14526367188,0,67221331968,8589930496,66917502976,4056997888
200,1724174694390,1268,1311,800,800,800,800,1920,800,857,894,884,867,1276,800,800,800,864,800,800,800,862,800,889,800,858,800,800,800,800,800,1265,800,0,0,42.85714340209961,20,0,0,0,0,0,0,0,0,0,0,0,0,0,0,0,0,0,0,0,0,0,0,0,0,0,0,15.000000953674316,0,0,23388.111572265625,123433.40002441406,0,67221331968,8589930496,66896588800,4126990336
199,1724174694590,1268,1311,800,800,800,800,1920,800,857,894,884,867,1276,800,800,800,864,800,800,800,862,800,889,800,858,800,800,800,800,800,1265,800,0,0,57.894737243652344,0,0,0,0,0,0,0,0,0,0,0,0,0,0,0,0,0,0,0,0,0,0,0,0,0,0,0,0,0,0,23394.058715820313,123437.9946899414,0,67221331968,8589930496,66954391552,4126990336
199,1724174694790,1268,1311,800,800,800,800,1920,800,857,894,884,867,1276,800,800,800,864,800,800,800,862,800,889,800,858,800,800,800,800,800,1265,800,0,0,30.000001907348633,5.263157844543457,0,0,0,0,0,0,0,0,0,0,0,0,0,0,0,0,0,0,0,0,0,0,0,0,0,0,0,0,0,23396.756713867188,123439.36181640625,0,67221331968,8589930496,66970906624,4126990336
199,1724174694990,1268,1311,800,800,800,800,1920,800,857,894,884,867,1276,800,800,800,864,800,800,800,862,800,889,800,858,800,800,800,800,800,1265,800,0,0,0,38.88888931274414,0,0,0,0,0,0,0,0,0,0,0,0,0,0,0,0,0,0,0,0,0,0,0,0,0,0,0,0,0,23398.230895996094,123439.51171875,0,67221331968,8589930496,66986790912,4126990336
199,1724174695190,1268,1311,800,800,800,800,1920,800,857,894,884,867,1276,800,800,800,864,800,800,800,862,800,889,800,858,800,800,800,800,800,1265,800,0,0,0,26.3157901763916,0,0,0,0,0,0,0,0,0,0,0,0,0,0,0,0,0,0,0,0,0,0,0,0,0,0,33.333335876464844,0,0,23402.232482910156,123442.17114257813,0,67221331968,8589930496,66838650880,4285849600
199,1724174695391,1268,1311,800,800,800,800,1920,800,857,894,884,867,1276,800,800,800,864,800,800,800,862,800,889,800,858,800,800,800,800,800,1265,800,0,0,23.52941131591797,0,0,0,0,0,0,0,0,0,0,0,0,0,0,0,0,0,0,0,0,0,0,0,0,0,0,0,0,0,0,23403.713989257813,123442.3271484375,0,67221331968,8589930496,66862907392,4285849600
199,1724174695591,1268,1311,800,800,800,800,1920,800,857,894,884,867,1276,800,800,800,864,800,800,800,862,800,889,800,858,800,800,800,800,800,1265,800,0,0,31.25,0,0,0,0,0,0,0,0,0,0,0,0,0,0,0,0,0,0,0,0,0,0,0,0,0,0,0,0,0,0,23405.190185546875,123442.47198486328,0,67221331968,8589930496,66879422464,4285849600
199,1724174695791,1268,1311,800,800,800,800,1920,800,857,894,884,867,1276,800,800,800,864,800,800,800,862,800,889,800,858,800,800,800,800,800,1265,800,0,0,35,9.523809432983398,0,0,0,0,0,0,0,0,0,0,0,0,0,0,0,0,0,0,0,0,0,0,0,0,4.761904716491699,0,0,0,0,23406.657287597656,123442.61346435547,0,67221331968,8589930496,66887680000,4285849600
199,1724174695991,1268,1311,800,800,800,800,1920,800,857,894,884,867,1276,800,800,800,864,800,800,800,862,800,889,800,858,800,800,800,800,800,1265,800,0,0,21.052631378173828,15.000000953674316,0,0,0,0,0,0,0,0,0,0,0,0,0,0,0,0,0,0,0,0,0,0,0,0,0,0,0,0,0,23408.122802734375,123442.75506591797,0,67221331968,8589930496,66904006656,4285849600
199,1724174696191,1268,1311,800,800,800,800,1920,800,857,894,884,867,1276,800,800,800,864,800,800,800,862,800,889,800,858,800,800,800,800,800,1265,800,0,0,20,21.052631378173828,0,0,0,0,0,0,0,0,0,0,0,0,0,0,0,0,0,0,0,0,0,0,0,0,0,0,0,0,0,23409.58123779297,123442.8881225586,0,67221331968,8589930496,66912264192,4285849600
199,1724174696391,1268,1311,800,800,800,800,1920,800,857,894,884,867,1276,800,800,800,864,800,800,800,862,800,889,800,858,800,800,800,800,800,1265,800,0,0,0,35.29411697387695,0,0,0,0,0,0,0,0,0,0,0,0,0,0,0,0,0,0,0,0,0,0,0,0,0,0,0,0,0,23411.039978027344,123443.02154541016,0,67221331968,8589930496,66937036800,4285849600
199,1724174696591,1268,1311,800,800,800,800,1920,800,857,894,884,867,1276,800,800,800,864,800,800,800,862,800,889,800,858,800,800,800,800,800,1265,800,0,0,0,33.333335876464844,0,0,0,0,0,0,0,0,0,0,0,0,0,0,0,0,0,0,0,0,0,0,0,0,0,0,0,0,0,23412.48663330078,123443.1449584961,0,67221331968,8589930496,66953551872,4285849600
199,1724174696791,1268,1311,800,800,800,800,1920,800,857,894,884,867,1276,800,800,800,864,800,800,800,862,800,889,800,858,800,800,800,800,800,1265,800,0,0,0,35.29411697387695,0,0,0,0,0,0,0,0,0,0,0,0,0,0,0,0,0,0,0,0,0,0,0,0,0,0,0,0,0,23413.93280029297,123443.267578125,0,67221331968,8589930496,66970066944,4285849600
199,1724174696991,1268,1311,800,800,800,800,1920,800,857,894,884,867,1276,800,800,800,864,800,800,800,862,800,889,800,858,800,800,800,800,800,1265,800,0,0,15.789472579956055,20,0,0,0,0,0,0,0,0,0,0,0,0,0,0,0,0,0,0,0,0,0,0,0,0,0,0,0,0,0,23415.379516601563,123443.38873291016,0,67221331968,8589930496,66985443328,4285849600
199,1724174697191,1268,1311,800,800,800,800,1920,800,857,894,884,867,1276,800,800,800,864,800,800,800,862,800,889,800,858,800,800,800,800,800,1265,800,0,0,15.789472579956055,20,0,0,0,0,0,0,0,0,0,0,0,0,0,0,0,0,0,0,0,0,0,0,0,0,0,0,0,0,0,23419.277404785156,123445.9429321289,0,67221331968,8589930496,66834472960,4436844544
199,1724174697392,1268,1311,800,800,800,800,1920,800,857,894,884,867,1276,800,800,800,864,800,800,800,862,800,889,800,858,800,800,800,800,800,1265,800,0,0,16.666667938232422,21.052631378173828,0,0,0,0,0,0,0,0,0,0,0,0,0,0,0,0,0,0,0,0,0,0,0,0,0,0,0,0,0,23420.745971679688,123446.0883178711,0,67221331968,8589930496,66850979840,4422426624
199,1724174697592,1268,1311,800,800,800,800,1920,800,857,894,884,867,1276,800,800,800,864,800,800,800,862,800,889,800,858,800,800,800,800,800,1265,800,0,0,0,36.842105865478516,0,0,0,0,0,0,0,0,0,0,0,0,0,0,0,0,0,0,0,0,0,0,0,0,0,0,0,0,0,23422.196166992188,123446.2074584961,0,67221331968,8589930496,66859237376,4408008704
199,1724174697792,1268,1311,800,800,800,800,1920,800,857,894,884,867,1276,800,800,800,864,800,800,800,862,800,889,800,858,800,800,800,800,800,1265,800,0,0,0,38.88888931274414,0,0,0,0,0,0,0,0,0,0,0,0,0,0,0,0,0,0,0,0,0,0,0,0,0,0,0,0,0,23423.63250732422,123446.32580566406,0,67221331968,8589930496,66875752448,4393590784
199,1724174697992,1268,1311,800,800,800,800,1920,800,857,894,884,867,1276,800,800,800,864,800,800,800,862,800,889,800,858,800,800,800,800,800,1265,800,0,0,0,38.88888931274414,0,0,0,0,0,0,0,0,0,0,0,0,0,0,0,0,0,0,0,0,0,0,0,0,0,0,0,0,0,23425.0908203125,123446.4515991211,0,67221331968,8589930496,66890457088,4378910720
199,1724174698192,1268,1311,800,800,800,800,1920,800,857,894,884,867,1276,800,800,800,864,800,800,800,862,800,889,800,858,800,800,800,800,800,1265,800,0,0,0,15.789472579956055,10.526315689086914,0,0,0,0,0,0,0,0,0,0,0,0,0,0,0,0,0,0,0,0,0,0,0,0,0,0,0,0,23426.562744140625,123446.59814453125,0,67221331968,8589930496,66893697024,4363182080
199,1724174698392,1268,1311,800,800,800,800,1920,800,857,894,884,867,1276,800,800,800,864,800,800,800,862,800,889,800,858,800,800,800,800,800,1265,800,0,0,0,0,36.842105865478516,0,0,0,0,0,0,0,0,0,0,0,0,0,0,0,0,0,0,0,0,0,0,0,0,0,0,0,0,23428.01043701172,123446.72137451172,0,67221331968,8589930496,66910470144,4346929152
199,1724174698592,1268,1311,800,800,800,800,1920,800,857,894,884,867,1276,800,800,800,864,800,800,800,862,800,889,800,858,800,800,800,800,800,1265,800,0,0,0,26.3157901763916,0,0,0,0,0,0,0,0,0,0,0,0,0,0,0,0,0,0,0,0,0,0,0,0,0,0,0,0,0,23429.448852539063,123446.83630371094,0,67221331968,8589930496,66934726656,4330938368
200,1724174698792,1268,1311,800,800,800,800,1920,800,857,894,884,867,1276,800,800,800,864,800,800,800,862,800,889,800,858,800,800,800,800,800,1265,800,0,0,0,26.3157901763916,0,0,0,0,0,0,0,0,0,0,0,0,0,0,0,0,0,0,0,0,0,0,0,0,0,0,0,0,0,23432.01544189453,123448.07153320313,0,67221331968,8589930496,66943229952,4322549760
200,1724174698993,1268,1311,800,800,800,800,1920,800,857,894,884,867,1276,800,800,800,864,800,800,800,862,800,889,800,858,800,800,800,800,800,1265,800,0,0,0,76.92308044433594,0,0,0,0,0,0,0,0,0,0,0,0,0,0,0,0,0,0,0,0,0,0,0,0,0,0,0,0,0,23439.52911376953,123454.17272949219,0,67221331968,8589930496,66942980096,4320452608
200,1724174699193,1268,1311,800,800,800,800,1920,800,857,894,884,867,1276,800,800,800,864,800,800,800,862,800,889,800,858,800,800,800,800,800,1265,800,0,0,30.000001907348633,35,0,0,0,0,0,0,0,0,0,0,0,0,0,0,0,0,0,0,0,0,0,0,0,0,0,0,0,0,0,23445.702697753906,123458.99432373047,0,67221331968,8589930496,66990104576,4297121792
200,1724174699393,1268,1311,800,800,800,800,1920,800,857,894,884,867,1276,800,800,800,864,800,800,800,862,800,889,800,858,800,800,800,800,800,1265,800,0,0,14.285715103149414,0,25,0,0,0,0,0,0,0,0,0,0,0,0,0,0,0,0,0,0,0,0,0,0,0,0,0,33.333335876464844,0,0,23449.830139160156,123461.77423095703,0,67221331968,8589930496,66860810240,4427931648
200,1724174699593,1268,1311,800,800,800,800,1920,800,857,894,884,867,1276,800,800,800,864,800,800,800,862,800,889,800,858,800,800,800,800,800,1265,800,0,0,0,0,4.761904716491699,0,0,0,0,0,0,0,0,0,0,0,0,0,0,0,0,0,0,0,0,0,0,0,0,0,95,0,0,23457.229919433594,123467.77178955078,0,67221331968,8589930496,66860810240,4427931648
200,1724174699793,1268,1311,800,800,800,800,1920,800,857,894,884,867,1276,800,800,800,864,800,800,800,862,800,889,800,858,800,800,800,800,800,1265,800,0,0,0,0,0,0,0,0,0,0,0,0,0,0,0,0,0,0,0,0,0,0,0,0,0,0,0,0,0,0,100,0,0,23464.640075683594,123473.7807006836,0,67221331968,8589930496,66860810240,4427931648
200,1724174699993,1268,1311,800,800,800,800,1920,800,857,894,884,867,1276,800,800,800,864,800,800,800,862,800,889,800,858,800,800,800,800,800,1265,800,0,0,21.052631378173828,0,0,0,0,0,0,0,0,0,0,0,0,0,0,0,0,0,0,0,0,0,0,0,0,0,0,0,50,0,0,23470.500549316406,123478.24621582031,0,67221331968,8589930496,66893340672,4396736512
199,1724174700193,1268,1311,800,800,800,800,1920,800,857,894,884,867,1276,800,800,800,864,800,800,800,862,800,889,800,858,800,800,800,800,800,1265,800,0,0,44.4444465637207,0,5,0,0,0,0,0,0,0,0,0,0,0,0,0,0,0,0,0,0,0,0,0,0,0,0,0,0,0,0,23476.49542236328,123482.93096923828,0,67221331968,8589930496,66958376960,4336181248
200,1724174700393,1268,1311,800,800,800,800,1920,800,857,894,884,867,1276,800,800,800,864,800,800,800,862,800,889,800,858,800,800,800,800,800,1265,800,0,0,44.4444465637207,0,5,0,0,0,0,0,0,0,0,0,0,0,0,0,0,0,0,0,0,0,0,0,0,0,0,0,0,0,0,23482.122802734375,123487.15692138672,0,67221331968,8589930496,66958376960,4333035520
200,1724174700593,1268,1311,800,800,800,800,1920,800,857,894,884,867,1276,800,800,800,864,800,800,800,862,800,889,800,858,800,800,800,800,800,1265,800,0,0,75.60975646972656,0,0,0,0,0,0,0,0,0,0,0,0,0,0,0,0,0,0,0,0,0,0,0,0,0,0,0,12.820513725280762,0,0,23489.762756347656,123493.40295410156,0,67221331968,8589930496,66860834816,4429766656
199,1724174700793,1268,1311,800,800,800,800,1920,800,857,894,884,867,1276,800,800,800,864,800,800,800,862,800,889,800,858,800,800,800,800,800,1265,800,0,0,36.842105865478516,0,0,0,0,0,0,0,0,0,0,0,0,0,0,0,0,0,0,0,0,0,0,0,0,0,0,0,4.761904716491699,0,0,23492.83184814453,123495.13104248047,0,67221331968,8589930496,66891776000,4394901504
200,1724174700993,1268,1311,800,800,800,800,1920,800,857,894,884,867,1276,800,800,800,864,800,800,800,862,800,889,800,858,800,800,800,800,800,1265,800,0,0,36.842105865478516,0,0,0,0,0,0,0,0,0,0,0,0,0,0,0,0,0,0,0,0,0,0,0,0,0,0,0,4.761904716491699,0,0,23498.309204101563,123499.23962402344,0,67221331968,8589930496,66908274688,4381007872
199,1724174701193,1268,1311,800,800,800,800,1920,800,857,894,884,867,1276,800,800,800,864,800,800,800,862,800,889,800,858,800,800,800,800,800,1265,800,0,0,76.92308044433594,2.5,0,0,0,0,0,0,0,0,0,0,0,0,0,0,0,0,0,0,0,0,0,0,0,0,0,0,0,0,0,23504.775817871094,123504.3237915039,0,67221331968,8589930496,66924560384,4364492800
200,1724174701393,1268,1311,800,800,800,800,1920,800,857,894,884,867,1276,800,800,800,864,800,800,800,862,800,889,800,858,800,800,800,800,800,1265,800,0,0,63.15789031982422,0,0,0,0,0,0,0,0,0,0,0,0,0,0,0,0,0,0,0,0,0,0,0,0,0,0,0,0,0,0,23510.824584960938,123509.01452636719,0,67221331968,8589930496,66965848064,4322549760
199,1724174701594,1268,1311,800,800,800,800,1920,800,857,894,884,867,1276,800,800,800,864,800,800,800,862,800,889,800,858,800,800,800,800,800,1265,800,0,0,38.88888931274414,0,0,0,0,0,0,0,0,0,0,0,0,0,0,0,0,0,0,0,0,0,0,0,0,0,0,0,25,0,0,23515.884887695313,123512.72277832031,0,67221331968,8589930496,66909839360,4378124288
199,1724174701794,1268,1311,800,800,800,800,1920,800,857,894,884,867,1276,800,800,800,864,800,800,800,862,800,889,800,858,800,800,800,800,800,1265,800,0,0,57.894737243652344,0,0,0,0,0,0,0,0,0,0,0,0,0,0,0,0,0,0,0,0,0,0,0,0,0,0,0,0,0,0,23520.779174804688,123516.2837524414,0,67221331968,8589930496,66959126528,4325695488
199,1724174701994,1268,1311,800,800,800,800,1920,800,857,894,884,867,1276,800,800,800,864,800,800,800,862,800,889,800,858,800,800,800,800,800,1265,800,4.761904716491699,0,21.052631378173828,33.333335876464844,0,0,0,0,0,0,0,5,0,0,0,0,0,0,0,0,0,0,0,0,0,0,0,0,0,0,15.789472579956055,0,0,23524.85791015625,123519.00457763672,0,67221331968,8589930496,66883817472,4401455104
200,1724174702194,1268,1311,800,800,800,800,1920,800,857,894,884,867,1276,800,800,800,864,800,800,800,862,800,889,800,858,800,800,800,800,800,1265,800,4.761904716491699,0,21.052631378173828,33.333335876464844,0,0,0,0,0,0,0,5,0,0,0,0,0,0,0,0,0,0,0,0,0,0,0,0,0,0,15.789472579956055,0,0,23527.17449951172,123519.9976196289,0,67221331968,8589930496,66923515904,4360560640
200,1724174702394,1268,1311,800,800,800,800,1920,800,857,894,884,867,1276,800,800,800,864,800,800,800,862,800,889,800,858,800,800,800,800,800,1265,800,0,0,15.000000953674316,10,0,0,0,0,0,0,0,0,0,0,0,0,0,0,0,0,0,0,0,0,0,0,0,0,0,0,36.585365295410156,0,0,23532.294311523438,123523.77130126953,0,67221331968,8589930496,66902560768,4379697152
199,1724174702594,1268,1311,800,800,800,800,1920,800,857,894,884,867,1276,800,800,800,864,800,800,800,862,800,889,800,858,800,800,800,800,800,1265,800,21.052631378173828,0,15.789472579956055,0,0,0,0,0,0,0,0,0,0,0,0,0,0,0,0,0,0,0,0,0,0,0,0,0,0,0,15.000000953674316,0,0,23536.57049560547,123526.69659423828,0,67221331968,8589930496,66896478208,4395425792
200,1724174702794,1268,1311,800,800,800,800,1920,800,857,894,884,867,1276,800,800,800,864,800,800,800,862,800,889,800,858,800,800,800,800,800,1265,800,0,0,38.88888931274414,0,0,0,0,0,0,0,0,0,0,0,0,0,0,0,0,0,0,0,0,0,0,0,0,0,0,0,19.047618865966797,0,0,23541.901794433594,123530.67987060547,0,67221331968,8589930496,66883166208,4408795136
200,1724174702994,1268,1311,800,800,800,800,1920,800,857,894,884,867,1276,800,800,800,864,800,800,800,862,800,889,800,858,800,800,800,800,800,1265,800,0,0,28.571430206298828,0,0,0,0,0,0,0,0,0,0,0,0,0,0,0,0,0,0,0,0,0,0,0,0,0,0,0,33.333335876464844,0,0,23547.02325439453,123534.42474365234,0,67221331968,8589930496,66910076928,4382842880
200,1724174703194,1268,1311,800,800,800,800,1920,800,857,894,884,867,1276,800,800,800,864,800,800,800,862,800,889,800,858,800,800,800,800,800,1265,800,0,0,20,0,0,0,0,0,0,0,0,0,0,0,0,0,0,0,0,0,0,0,0,0,0,0,0,0,0,0,50,0,0,23553.766540527344,123539.85363769531,0,67221331968,8589930496,66898706432,4388872192
200,1724174703394,1268,1311,800,800,800,800,1920,800,857,894,884,867,1276,800,800,800,864,800,800,800,862,800,889,800,858,800,800,800,800,800,1265,800,0,0,15.789472579956055,0,10.526315689086914,0,0,0,0,0,0,0,0,0,0,0,0,0,0,0,0,0,0,0,0,0,0,0,0,0,36.842105865478516,0,0,23560.155395507813,123544.88293457031,0,67221331968,8589930496,66889609216,4393066496
200,1724174703594,1268,1311,800,800,800,800,1920,800,857,894,884,867,1276,800,800,800,864,800,800,800,862,800,889,800,858,800,800,800,800,800,1265,800,0,0,10,0,0,0,0,0,0,0,0,0,0,0,0,0,0,0,0,0,0,0,0,0,0,0,0,0,0,0,47.36842346191406,0,0,23566.07635498047,123549.45654296875,0,67221331968,8589930496,66920980480,4364230656
199,1724174703795,1268,1311,800,800,800,800,1920,800,857,894,884,867,1276,800,800,800,864,800,800,800,862,800,889,800,858,800,800,800,800,800,1265,800,0,0,20,0,0,0,0,0,0,0,0,0,0,0,0,0,0,0,0,0,0,0,0,0,0,0,0,0,0,0,55.55555725097656,0,0,23573.135314941406,123555.16632080078,0,67221331968,8589930496,66901618688,4383367168
199,1724174703995,1268,1311,800,800,800,800,1920,800,857,894,884,867,1276,800,800,800,864,800,800,800,862,800,889,800,858,800,800,800,800,800,1265,800,0,0,15.789472579956055,0,9.523809432983398,0,0,0,0,0,0,0,0,0,0,0,0,0,0,0,0,0,0,0,0,0,0,0,0,0,40,0,0,23579.30859375,123559.99322509766,0,67221331968,8589930496,66894471168,4389920768
200,1724174704195,1268,1311,800,800,800,800,1920,800,857,894,884,867,1276,800,800,800,864,800,800,800,862,800,889,800,858,800,800,800,800,800,1265,800,0,0,47.619049072265625,0,10,0,0,0,0,0,0,0,0,0,0,0,0,0,0,0,0,0,0,0,0,0,0,0,0,0,0,0,0,23584.456298828125,123563.79187011719,0,67221331968,8589930496,66921906176,4367900672
200,1724174704395,1268,1311,800,800,800,800,1920,800,857,894,884,867,1276,800,800,800,864,800,800,800,862,800,889,800,858,800,800,800,800,800,1265,800,0,0,78.94737243652344,0,10,0,0,0,0,0,0,0,0,0,0,0,0,0,0,0,0,0,0,0,0,0,0,0,0,0,0,0,0,23591.18310546875,123569.16632080078,0,67221331968,8589930496,66912604160,4373405696
200,1724174704595,1268,1311,800,800,800,800,1920,800,857,894,884,867,1276,800,800,800,864,800,800,800,862,800,889,800,858,800,800,800,800,800,1265,800,0,0,5.555555820465088,0,0,0,0,0,0,0,0,0,0,0,0,0,0,0,0,0,0,0,0,0,0,0,0,0,0,0,52.6315803527832,0,0,23596.86932373047,123573.4951171875,0,67221331968,8589930496,66953891840,4339326976
200,1724174704795,1268,1311,800,800,800,800,1920,800,857,894,884,867,1276,800,800,800,864,800,800,800,862,800,889,800,858,800,800,800,800,800,1265,800,0,0,19.047618865966797,0,0,0,0,0,0,0,0,0,0,0,0,0,0,0,0,0,0,0,0,0,0,0,0,0,0,0,70,0,0,23604.051696777344,123579.29022216797,0,67221331968,8589930496,66909425664,4375502848
200,1724174704995,1268,1311,800,800,800,800,1920,800,857,894,884,867,1276,800,800,800,864,800,800,800,862,800,889,800,858,800,800,800,800,800,1265,800,0,0,15.000000953674316,0,0,0,0,0,0,0,0,0,0,0,0,0,0,0,0,0,0,0,0,0,0,0,0,0,0,0,42.105262756347656,0,0,23609.422973632813,123583.32318115234,0,67221331968,8589930496,66916675584,4368162816
200,1724174705195,1268,1311,800,800,800,800,1920,800,857,894,884,867,1276,800,800,800,864,800,800,800,862,800,889,800,858,800,800,800,800,800,1265,800,0,0,20,0,0,0,0,0,0,0,0,0,0,0,0,0,0,0,0,0,0,0,0,0,0,0,0,0,0,0,63.15789031982422,0,0,23615.52215576172,123588.0205078125,0,67221331968,8589930496,66876997632,4406960128
200,1724174705395,1268,1311,800,800,800,800,1920,800,857,894,884,867,1276,800,800,800,864,800,800,800,862,800,889,800,858,800,800,800,800,800,1265,800,0,0,0,0,0,0,0,0,0,0,0,0,0,0,0,0,0,0,0,0,0,0,0,0,0,0,0,0,0,0,95,0,0,23623.448852539063,123594.48699951172,0,67221331968,8589930496,66878533632,4404862976
200,1724174705595,1268,1311,800,800,800,800,1920,800,857,894,884,867,1276,800,800,800,864,800,800,800,862,800,889,800,858,800,800,800,800,800,1265,800,0,0,0,0,0,0,0,0,0,0,0,0,0,0,0,0,0,0,0,0,0,0,0,0,0,0,0,0,0,0,63.15789031982422,0,0,23629.975952148438,123599.64697265625,0,67221331968,8589930496,66925998080,4360036352
200,1724174705796,1268,1311,800,800,800,800,1920,800,857,894,884,867,1276,800,800,800,864,800,800,800,862,800,889,800,858,800,800,800,800,800,1265,800,0,0,35,0,0,0,0,0,0,0,0,0,0,0,0,0,0,0,0,0,0,0,0,0,0,0,0,0,0,0,45,0,0,23636.906372070313,123605.2240600586,0,67221331968,8589930496,66867150848,4417970176
200,1724174705996,1268,1311,800,800,800,800,1920,800,857,894,884,867,1276,800,800,800,864,800,800,800,862,800,889,800,858,800,800,800,800,800,1265,800,0,0,20,0,0,0,0,0,0,0,0,0,0,0,0,0,0,0,0,0,0,0,0,0,0,0,0,0,0,0,47.36842346191406,0,0,23643.761840820313,123610.7338256836,0,67221331968,8589930496,66869878784,4416921600
200,1724174706196,1268,1311,800,800,800,800,1920,800,857,894,884,867,1276,800,800,800,864,800,800,800,862,800,889,800,858,800,800,800,800,800,1265,800,0,0,0,0,0,0,0,0,0,0,0,0,0,0,0,0,0,0,0,0,0,0,0,0,0,0,0,0,0,0,47.619049072265625,0,0,23649.79656982422,123615.43481445313,0,67221331968,8589930496,66935939072,4349550592
200,1724174706396,1268,1311,800,800,800,800,1920,800,857,894,884,867,1276,800,800,800,864,800,800,800,862,800,889,800,858,800,800,800,800,800,1265,800,0,0,50,0,0,0,0,0,0,0,0,0,0,0,0,0,0,0,0,0,0,0,0,0,0,0,0,0,0,0,42.105262756347656,0,0,23657.021545410156,123621.2992553711,0,67221331968,8589930496,66808463360,4448116736
200,1724174706596,1268,1311,800,800,800,800,1920,800,857,894,884,867,1276,800,800,800,864,800,800,800,862,800,889,800,858,800,800,800,800,800,1265,800,0,0,10,0,0,0,0,0,0,0,0,0,0,0,0,0,0,0,0,0,0,0,0,0,0,0,0,0,0,0,90,0,0,23664.933471679688,123627.81365966797,0,67221331968,8589930496,66789871616,4466728960
200,1724174706796,1268,1311,800,800,800,800,1920,800,857,894,884,867,1276,800,800,800,864,800,800,800,862,800,889,800,858,800,800,800,800,800,1265,800,0,0,0,0,0,0,0,0,0,0,0,0,0,0,0,0,0,0,0,0,0,0,0,0,0,0,0,0,0,0,60.000003814697266,0,0,23671.341918945313,123632.88439941406,0,67221331968,8589930496,66839416832,4415610880
200,1724174706996,1268,1311,800,800,800,800,1920,800,857,894,884,867,1276,800,800,800,864,800,800,800,862,800,889,800,858,800,800,800,800,800,1265,800,0,0,0,0,0,0,0,0,0,0,0,0,0,0,0,0,0,0,0,0,0,0,0,0,0,0,0,0,0,0,42.105262756347656,0,0,23676.072875976563,123636.28692626953,0,67221331968,8589930496,66913677312,4342472704
200,1724174707196,1268,1311,800,800,800,800,1920,800,857,894,884,867,1276,800,800,800,864,800,800,800,862,800,889,800,858,800,800,800,800,800,1265,800,0,0,15.000000953674316,0,0,0,0,0,0,0,0,0,0,0,0,0,0,0,0,0,0,0,0,0,0,0,0,0,0,0,42.105262756347656,0,0,23680.99285888672,123639.8583984375,0,67221331968,8589930496,66922479616,4330938368
200,1724174707396,1268,1311,800,800,800,800,1920,800,857,894,884,867,1276,800,800,800,864,800,800,800,862,800,889,800,858,800,800,800,800,800,1265,800,0,0,10,0,0,0,0,0,0,0,0,0,0,0,0,0,0,0,0,0,0,0,0,0,0,0,0,0,0,0,65,0,0,23687.99053955078,123645.46185302734,0,67221331968,8589930496,66890637312,4328579072
200,1724174707596,1268,1311,800,800,800,800,1920,800,857,894,884,867,1276,800,800,800,864,800,800,800,862,800,889,800,858,800,800,800,800,800,1265,800,0,0,0,0,0,0,0,0,0,0,0,0,0,0,0,0,0,0,0,0,0,0,0,0,0,0,0,0,0,0,90,0,0,23695.44140625,123651.4755859375,0,67221331968,8589930496,66911281152,4313636864
199,1724174707797,1268,1311,800,800,800,800,1920,800,857,894,884,867,1276,800,800,800,864,800,800,800,862,800,889,800,858,800,800,800,800,800,1265,800,0,0,5.263157844543457,0,0,0,0,0,0,0,0,0,0,0,0,0,0,0,0,0,0,0,0,0,0,0,0,0,0,0,50,0,0,23701.603576660156,123656.29919433594,0,67221331968,8589930496,66958761984,4310491136
200,1724174707997,1268,1311,800,800,800,800,1920,800,857,894,884,867,1276,800,800,800,864,800,800,800,862,800,889,800,858,800,800,800,800,800,1265,800,0,0,40,0,0,0,15.000000953674316,0,0,0,0,0,0,0,0,0,0,0,0,0,0,0,0,0,0,0,0,0,0,0,21.052631378173828,0,0,23707.702880859375,123661.04473876953,0,67221331968,8589930496,66897989632,4369997824
200,1724174708197,1268,1311,800,800,800,800,1920,800,857,894,884,867,1276,800,800,800,864,800,800,800,862,800,889,800,858,800,800,800,800,800,1265,800,0,0,25,0,0,0,0,0,0,0,0,0,0,0,0,0,0,0,0,0,0,0,0,0,0,0,0,0,0,0,30.000001907348633,0,0,23712.97589111328,123664.97674560547,0,67221331968,8589930496,66922098688,4345356288
200,1724174708397,1268,1311,800,800,800,800,1920,800,857,894,884,867,1276,800,800,800,864,800,800,800,862,800,889,800,858,800,800,800,800,800,1265,800,0,0,21.052631378173828,0,0,0,0,0,0,0,0,0,0,0,0,0,0,0,0,0,0,0,0,0,0,0,0,0,0,0,45,0,0,23719.833129882813,123670.48663330078,0,67221331968,8589930496,66894655488,4368424960
200,1724174708597,1268,1311,800,800,800,800,1920,800,857,894,884,867,1276,800,800,800,864,800,800,800,862,800,889,800,858,800,800,800,800,800,1265,800,0,0,20,0,0,0,0,0,0,0,0,0,0,0,0,0,0,0,0,0,0,0,0,0,0,0,0,0,0,0,42.105262756347656,0,0,23726.57470703125,123675.88458251953,0,67221331968,8589930496,66901286912,4365803520
200,1724174708797,1268,1311,800,800,800,800,1920,800,857,894,884,867,1276,800,800,800,864,800,800,800,862,800,889,800,858,800,800,800,800,800,1265,800,0,0,10,0,0,0,0,0,0,0,0,0,0,0,0,0,0,0,0,0,0,0,0,0,0,0,0,0,0,0,85,0,0,23734.60870361328,123682.44256591797,0,67221331968,8589930496,66881359872,4381794304
200,1724174708997,1268,1311,800,800,800,800,1920,800,857,894,884,867,1276,800,800,800,864,800,800,800,862,800,889,800,858,800,800,800,800,800,1265,800,0,0,0,0,0,0,0,0,0,0,0,0,0,0,0,0,0,0,0,0,0,0,0,0,0,0,0,0,0,0,78.94737243652344,0,0,23741.60968017578,123688.09497070313,0,67221331968,8589930496,66897874944,4365017088
199,1724174709197,1268,1311,800,800,800,800,1920,800,857,894,884,867,1276,800,800,800,864,800,800,800,862,800,889,800,858,800,800,800,800,800,1265,800,0,0,0,50,0,0,0,0,0,0,0,0,0,0,0,0,0,0,0,0,0,0,0,0,0,0,0,0,0,0,21.052631378173828,0,0,23748.48992919922,123693.59197998047,0,67221331968,8589930496,66924601344,4341161984
199,1724174709397,1268,1311,800,800,800,800,1920,800,857,894,884,867,1276,800,800,800,864,800,800,800,862,800,889,800,858,800,800,800,800,800,1265,800,0,0,25,42.105262756347656,0,0,0,0,0,0,0,0,0,0,0,0,0,0,0,0,0,0,0,0,0,0,0,0,0,0,0,0,0,23753.750061035156,123697.5004272461,0,67221331968,8589930496,66909003776,4357414912
199,1724174709597,1268,1311,800,800,800,800,1920,800,857,894,884,867,1276,800,800,800,864,800,800,800,862,800,889,800,858,800,800,800,800,800,1265,800,0,0,52.6315803527832,0,5,0,0,0,0,0,0,0,0,0,0,0,0,0,0,0,0,0,0,0,0,0,0,0,0,0,0,0,0,23758.51904296875,123700.9273071289,0,67221331968,8589930496,66918989824,4351385600
200,1724174709797,1268,1311,800,800,800,800,1920,800,857,894,884,867,1276,800,800,800,864,800,800,800,862,800,889,800,858,800,800,800,800,800,1265,800,0,0,47.36842346191406,0,5.263157844543457,0,0,0,0,0,0,0,0,0,0,0,0,0,0,0,0,0,0,0,0,0,0,0,0,0,0,0,0,23761.959228515625,123703.02313232422,0,67221331968,8589930496,66943758336,4325957632
199,1724174709998,1268,1311,800,800,800,800,1920,800,857,894,884,867,1276,800,800,800,864,800,800,800,862,800,889,800,858,800,800,800,800,800,1265,800,10,0,14.285715103149414,42.105262756347656,15.000000953674316,0,0,0,0,0,0,0,0,0,0,0,0,0,0,0,0,0,0,0,0,0,5,0,0,0,0,0,0,23767.62530517578,123707.32775878906,0,67221331968,8589930496,66891452416,4367753216
199,1724174710198,1268,1311,800,800,800,800,1920,800,857,894,884,867,1276,800,800,800,864,800,800,800,862,800,889,800,858,800,800,800,800,800,1265,800,40,0,5,0,0,0,0,0,0,0,0,0,0,0,0,0,0,0,0,0,0,0,0,0,0,0,0,0,0,0,0,0,0,23770.865844726563,123709.22741699219,0,67221331968,8589930496,66949500928,4305887232
199,1724174710398,1268,1311,800,800,800,800,1920,800,857,894,884,867,1276,800,800,800,864,800,800,800,862,800,889,800,858,800,800,800,800,800,1265,800,0,0,45,0,4.545454502105713,0,0,0,0,0,0,0,0,0,0,0,0,0,0,0,0,0,0,0,0,0,4.761904716491699,0,0,0,28.571430206298828,0,0,23775.094177246094,123712.10223388672,0,67221331968,8589930496,66865000448,4396204032
199,1724174710598,1268,1311,800,800,800,800,1920,800,857,894,884,867,1276,800,800,800,864,800,800,800,862,800,889,800,858,800,800,800,800,800,1265,800,0,0,21.052631378173828,25,0,0,0,0,0,0,0,0,0,0,0,0,0,0,0,0,0,0,0,0,0,0,0,0,0,0,0,0,0,23777.91766357422,123713.58081054688,0,67221331968,8589930496,66931048448,4334338048
199,1724174710798,1268,1311,800,800,800,800,1920,800,857,894,884,867,1276,800,800,800,864,800,800,800,862,800,889,800,858,800,800,800,800,800,1265,800,0,0,42.105262756347656,0,5.263157844543457,0,0,0,0,0,0,0,0,0,0,0,0,0,0,0,0,0,0,0,0,0,0,0,0,0,26.3157901763916,0,0,23783.82110595703,123718.11474609375,0,67221331968,8589930496,66887925760,4384878592
199,1724174710998,1268,1311,800,800,800,800,1920,800,857,894,884,867,1276,800,800,800,864,800,800,800,862,800,889,800,858,800,800,800,800,800,1265,800,0,0,50,0,0,0,0,0,0,0,0,0,0,0,0,0,0,0,0,0,0,0,0,0,0,0,0,0,0,0,0,0,0,23786.47576904297,123719.4248046875,0,67221331968,8589930496,66944970752,4321177600
199,1724174711198,1268,1311,800,800,800,800,1920,800,857,894,884,867,1276,800,800,800,864,800,800,800,862,800,889,800,858,800,800,800,800,800,1265,800,0,0,100,4.761904716491699,0,0,0,0,0,0,0,0,0,0,0,0,0,0,0,0,0,0,0,0,0,0,0,0,0,0,0,0,0,23794.05908203125,123725.54949951172,0,67221331968,8589930496,66944712704,4320915456
200,1724174711398,1268,1311,800,800,800,800,1920,800,857,894,884,867,1276,800,800,800,864,800,800,800,862,800,889,800,858,800,800,800,800,800,1265,800,0,0,100,0,0,0,0,0,0,0,0,0,0,0,0,0,0,0,0,0,0,0,0,0,0,0,0,0,0,0,0,0,0,23802.80877685547,123732.77185058594,0,67221331968,8589930496,66944700416,4320915456
200,1724174711598,1268,1311,800,800,800,800,1920,800,857,894,884,867,1276,800,800,800,864,800,800,800,862,800,889,800,858,800,800,800,800,800,1265,800,0,0,100,0,0,0,0,0,0,0,0,0,0,0,0,0,0,0,0,0,0,0,0,0,0,0,0,0,0,0,0,0,0,23811.302185058594,123739.75091552734,0,67221331968,8589930496,66944688128,4320915456
199,1724174711798,1268,1311,800,800,800,800,1920,800,857,894,884,867,1276,800,800,800,864,800,800,800,862,800,889,800,858,800,800,800,800,800,1265,800,0,0,100,0,0,0,0,0,0,0,0,0,0,0,0,0,0,0,0,0,0,0,0,0,0,0,0,0,0,0,0,0,0,23819.627563476563,123746.56121826172,0,67221331968,8589930496,66944675840,4320915456
200,1724174711998,1268,1311,800,800,800,800,1920,800,857,894,884,867,1276,800,800,800,864,800,800,800,862,800,889,800,858,800,800,800,800,800,1265,800,0,0,100,0,0,0,0,0,0,0,0,0,0,0,0,0,0,0,0,0,0,0,0,0,0,0,0,0,0,0,0,0,0,23827.799377441406,123753.24426269531,0,67221331968,8589930496,66943684608,4320915456
199,1724174712198,1268,1311,800,800,800,800,1920,800,857,894,884,867,1276,800,800,800,864,800,800,800,862,800,889,800,858,800,800,800,800,800,1265,800,0,0,100,0,0,0,0,0,0,0,0,0,0,0,0,0,0,0,0,0,0,0,0,0,0,0,0,0,0,0,0,0,0,23836.245239257813,123760.17138671875,0,67221331968,8589930496,66943672320,4320915456
199,1724174712398,1268,1311,800,800,800,800,1920,800,857,894,884,867,1276,800,800,800,864,800,800,800,862,800,889,800,858,800,800,800,800,800,1265,800,0,0,100,0,0,0,0,0,0,0,0,0,0,0,0,0,0,0,0,0,0,0,0,0,0,0,0,0,0,0,0,0,0,23844.643188476563,123767.05749511719,0,67221331968,8589930496,66943660032,4320915456
200,1724174712598,1268,1311,800,800,800,800,1920,800,857,894,884,867,1276,800,800,800,864,800,800,800,862,800,889,800,858,800,800,800,800,800,1265,800,0,0,100,0,0,0,0,0,0,0,0,0,0,0,0,0,0,0,0,0,0,0,0,0,0,0,0,0,0,0,0,0,0,23852.241333007813,123773.23614501953,0,67221331968,8589930496,66943647744,4320915456
200,1724174712798,1268,1311,800,800,800,800,1920,800,857,894,884,867,1276,800,800,800,864,800,800,800,862,800,889,800,858,800,800,800,800,800,1265,800,0,0,100,0,0,0,0,0,0,0,0,0,0,0,0,0,0,0,0,0,0,0,0,0,0,0,0,0,0,0,0,0,0,23860.146911621094,123779.67749023438,0,67221331968,8589930496,66943635456,4320915456
199,1724174712999,1268,1311,800,800,800,800,1920,800,857,894,884,867,1276,800,800,800,864,800,800,800,862,800,889,800,858,800,800,800,800,800,1265,800,0,0,100,0,0,0,0,0,0,0,0,0,0,0,0,0,0,0,0,0,0,0,0,0,0,0,0,0,0,0,0,0,0,23868.42413330078,123786.44348144531,0,67221331968,8589930496,66943107072,4320915456
200,1724174713199,1268,1311,800,800,800,800,1920,800,857,894,884,867,1276,800,800,800,864,800,800,800,862,800,889,800,858,800,800,800,800,800,1265,800,0,0,100,0,0,0,0,0,0,0,0,0,0,0,0,0,0,0,0,0,0,0,0,0,0,0,0,0,0,0,0,0,0,23876.582946777344,123793.13946533203,0,67221331968,8589930496,66943094784,4320915456
200,1724174713399,1268,1311,800,800,800,800,1920,800,857,894,884,867,1276,800,800,800,864,800,800,800,862,800,889,800,858,800,800,800,800,800,1265,800,0,0,100,0,0,0,0,0,0,0,0,0,0,0,0,0,0,0,0,0,0,0,0,0,0,0,0,0,0,0,0,0,0,23884.61505126953,123799.70947265625,0,67221331968,8589930496,66943094784,4320653312
200,1724174713599,1268,1311,800,800,800,800,1920,800,857,894,884,867,1276,800,800,800,864,800,800,800,862,800,889,800,858,800,800,800,800,800,1265,800,0,0,100,0,0,0,0,0,0,0,0,0,0,0,0,0,0,0,0,0,0,0,0,0,0,0,0,0,0,0,0,0,0,23892.44989013672,123806.09259033203,0,67221331968,8589930496,66943082496,4320653312
200,1724174713799,1268,1311,800,800,800,800,1920,800,857,894,884,867,1276,800,800,800,864,800,800,800,862,800,889,800,858,800,800,800,800,800,1265,800,0,0,100,0,0,0,0,0,0,0,0,0,0,0,0,0,0,0,0,0,0,0,0,0,0,0,0,0,0,0,0,0,0,23900.227661132813,123812.41284179688,0,67221331968,8589930496,66943070208,4320653312
200,1724174713999,1268,1311,800,800,800,800,1920,800,857,894,884,867,1276,800,800,800,864,800,800,800,862,800,889,800,858,800,800,800,800,800,1265,800,0,0,100,0,0,0,0,0,0,0,0,0,0,0,0,0,0,0,0,0,0,0,0,0,0,0,0,0,0,0,0,0,0,23907.74102783203,123818.48992919922,0,67221331968,8589930496,66942386176,4320653312
199,1724174714199,1268,1311,800,800,800,800,1920,800,857,894,884,867,1276,800,800,800,864,800,800,800,862,800,889,800,858,800,800,800,800,800,1265,800,0,0,100,0,0,0,0,0,0,0,0,0,0,0,0,0,0,0,0,0,0,0,0,0,0,0,0,0,0,0,0,0,0,23915.77996826172,123825.03625488281,0,67221331968,8589930496,66942373888,4320653312
200,1724174714399,1268,1311,800,800,800,800,1920,800,857,894,884,867,1276,800,800,800,864,800,800,800,862,800,889,800,858,800,800,800,800,800,1265,800,0,0,100,0,0,0,0,0,0,0,0,0,0,0,0,0,0,0,0,0,0,0,0,0,0,0,0,0,0,0,0,0,0,23924.387084960938,123832.11657714844,0,67221331968,8589930496,66942361600,4320653312
200,1724174714599,1268,1311,800,800,800,800,1920,800,857,894,884,867,1276,800,800,800,864,800,800,800,862,800,889,800,858,800,800,800,800,800,1265,800,0,0,100,0,0,0,0,0,0,0,0,0,0,0,0,0,0,0,0,0,0,0,0,0,0,0,0,0,0,0,0,0,0,23932.78662109375,123838.98937988281,0,67221331968,8589930496,66942349312,4320653312
199,1724174714799,1268,1311,800,800,800,800,1920,800,857,894,884,867,1276,800,800,800,864,800,800,800,862,800,889,800,858,800,800,800,800,800,1265,800,0,0,95,0,0,0,0,0,0,0,0,0,0,0,0,0,0,0,0,0,0,0,0,0,0,0,0,0,0,0,0,0,0,23940.687377929688,123845.43646240234,0,67221331968,8589930496,66942251008,4320653312
199,1724174714999,1268,1311,800,800,800,800,1920,800,857,894,884,867,1276,800,800,800,864,800,800,800,862,800,889,800,858,800,800,800,800,800,1265,800,0,0,80,0,0,0,0,0,0,0,0,0,0,0,0,0,0,0,0,0,0,0,0,0,0,0,0,0,0,0,0,0,0,23947.606872558594,123850.96008300781,0,67221331968,8589930496,66949464064,4315672576
199,1724174715200,1268,1311,800,800,800,800,1920,800,857,894,884,867,1276,800,800,800,864,800,800,800,862,800,889,800,858,800,800,800,800,800,1265,800,0,0,5.555555820465088,0,15.789472579956055,0,0,0,0,0,0,0,0,0,0,0,0,0,0,0,0,0,0,0,0,0,0,0,0,0,0,0,0,23949.09307861328,123851.12158203125,0,67221331968,8589930496,66964873216,4300992512
200,1724174715399,1268,1311,800,800,800,800,1920,800,857,894,884,867,1276,800,800,800,864,800,800,800,862,800,889,800,858,800,800,800,800,800,1265,800,0,0,5.555555820465088,0,15.789472579956055,0,0,0,0,0,0,0,0,0,0,0,0,0,0,0,0,0,0,0,0,0,0,0,0,0,0,0,0,23954.185607910156,123854.82434082031,0,67221331968,8589930496,66964860928,4296798208
199,1724174715600,1268,1311,800,800,800,800,1920,800,857,894,884,867,1276,800,800,800,864,800,800,800,862,800,889,800,858,800,800,800,800,800,1265,800,0,0,0,84.21052551269531,0,0,0,0,0,0,0,0,0,0,0,0,0,0,0,0,0,0,0,0,0,0,0,0,0,0,0,0,0,23961.360900878906,123860.60125732422,0,67221331968,8589930496,66968731648,4294963200
200,1724174715800,1268,1311,800,800,800,800,1920,800,857,894,884,867,1276,800,800,800,864,800,800,800,862,800,889,800,858,800,800,800,800,800,1265,800,0,0,0,76.19047546386719,0,0,0,0,0,0,0,0,0,0,0,0,0,0,0,0,0,0,0,0,0,0,0,0,0,0,10,0,0,23968.710083007813,123866.54168701172,0,67221331968,8589930496,66909106176,4354379776
199,1724174716000,1268,1311,800,800,800,800,1920,800,857,894,884,867,1276,800,800,800,864,800,800,800,862,800,889,800,858,800,800,800,800,800,1265,800,0,0,4.761904716491699,12.5,0,0,0,0,0,0,0,0,0,0,0,0,0,0,0,0,0,0,0,0,0,0,0,0,0,0,0,0,0,23971.143615722656,123867.64227294922,0,67221331968,8589930496,66883428352,4373663744
199,1724174716200,1268,1311,800,800,800,800,1920,800,857,894,884,867,1276,800,800,800,864,800,800,800,862,800,889,800,858,800,800,800,800,800,1265,800,0,0,0,35,0,0,0,0,0,0,0,0,0,0,0,0,0,0,0,0,0,0,0,0,0,0,0,0,0,0,0,0,0,23972.61700439453,123867.78973388672,0,67221331968,8589930496,66890907648,4361080832
200,1724174716400,1268,1311,800,800,800,800,1920,800,857,894,884,867,1276,800,800,800,864,800,800,800,862,800,889,800,858,800,800,800,800,800,1265,800,0,0,0,35,0,0,0,0,0,0,0,0,0,0,0,0,0,0,0,0,0,0,0,0,0,0,0,0,0,0,0,0,0,23977.5107421875,123871.29772949219,0,67221331968,8589930496,66899410944,4355837952
199,1724174716600,1268,1311,800,800,800,800,1920,800,857,894,884,867,1276,800,800,800,864,800,800,800,862,800,889,800,858,800,800,800,800,800,1265,800,0,0,0,86.84210968017578,0,0,0,0,0,0,0,0,0,0,0,0,0,0,0,0,0,0,0,0,0,0,0,0,0,0,0,0,0,23985.275390625,123877.60076904297,0,67221331968,8589930496,66899410944,4355837952
199,1724174716800,1268,1311,800,800,800,800,1920,800,857,894,884,867,1276,800,800,800,864,800,800,800,862,800,889,800,858,800,800,800,800,800,1265,800,0,0,0,80.95238494873047,0,0,0,0,0,0,0,0,0,0,0,0,0,0,0,0,0,0,0,0,0,0,0,0,0,0,0,0,0,23992.249633789063,123883.119140625,0,67221331968,8589930496,66907668480,4351119360
199,1724174717000,1268,1311,800,800,800,800,1920,800,857,894,884,867,1276,800,800,800,864,800,800,800,862,800,889,800,858,800,800,800,800,800,1265,800,0,0,0,33.333335876464844,0,0,0,0,0,0,0,0,0,0,0,0,0,0,0,0,0,0,0,0,0,0,0,0,0,0,0,0,0,23993.764282226563,123883.30841064453,0,67221331968,8589930496,66923925504,4333817856
199,1724174717200,1268,1311,800,800,800,800,1920,800,857,894,884,867,1276,800,800,800,864,800,800,800,862,800,889,800,858,800,800,800,800,800,1265,800,0,0,0,33.333335876464844,0,0,0,0,0,0,0,0,0,0,0,0,0,0,0,0,0,0,0,0,0,0,0,0,0,0,0,0,0,23995.25311279297,123883.47064208984,0,67221331968,8589930496,66938740736,4316254208
200,1724174717400,1268,1311,800,800,800,800,1920,800,857,894,884,867,1276,800,800,800,864,800,800,800,862,800,889,800,858,800,800,800,800,800,1265,800,0,0,0,21.052631378173828,11.111111640930176,0,0,0,0,0,0,0,0,0,0,0,0,0,0,0,0,0,0,0,0,0,0,0,0,0,0,0,0,23996.94903564453,123883.83172607422,0,67221331968,8589930496,66960908288,4297641984
200,1724174717600,1268,1311,800,800,800,800,1920,800,857,894,884,867,1276,800,800,800,864,800,800,800,862,800,889,800,858,800,800,800,800,800,1265,800,0,0,0,60.52631759643555,7.894736289978027,0,0,0,0,0,0,0,0,0,0,0,0,0,0,0,0,0,0,0,0,0,0,0,0,0,0,0,0,24004.957885742188,123890.35131835938,0,67221331968,8589930496,66960908288,4297641984
200,1724174717800,1268,1311,800,800,800,800,1920,800,857,894,884,867,1276,800,800,800,864,800,800,800,862,800,889,800,858,800,800,800,800,800,1265,800,0,0,0,85.71428680419922,0,0,0,0,0,0,0,0,0,0,0,0,0,0,0,0,0,0,0,0,0,0,0,0,0,0,0,0,0,24012.578979492188,123896.5464477539,0,67221331968,8589930496,66960896000,4294758400
200,1724174718001,1268,1311,800,800,800,800,1920,800,857,894,884,867,1276,800,800,800,864,800,800,800,862,800,889,800,858,800,800,800,800,800,1265,800,0,0,0,84.21052551269531,0,0,0,0,0,0,0,0,14.285715103149414,0,0,0,0,0,0,0,0,0,0,0,0,0,0,0,0,0,5,0,0,24020.50360107422,123903.0463256836,0,67221331968,8589930496,66899886080,4358414336
200,1724174718201,1268,1311,800,800,800,800,1920,800,857,894,884,867,1276,800,800,800,864,800,800,800,862,800,889,800,858,800,800,800,800,800,1265,800,0,0,0,84.21052551269531,0,0,0,0,0,0,0,0,0,0,0,0,0,0,0,0,0,0,0,0,0,0,0,0,0,0,0,0,0,24027.89617919922,123909.00500488281,0,67221331968,8589930496,66916646912,4342423552
200,1724174718401,1268,1311,800,800,800,800,1920,800,857,894,884,867,1276,800,800,800,864,800,800,800,862,800,889,800,858,800,800,800,800,800,1265,800,0,0,0,100,0,0,0,0,0,0,0,0,0,0,0,0,0,0,0,0,0,0,0,0,0,0,0,0,0,0,0,0,0,24036.72247314453,123916.46600341797,0,67221331968,8589930496,66916388864,4342423552
200,1724174718601,1268,1311,800,800,800,800,1920,800,857,894,884,867,1276,800,800,800,864,800,800,800,862,800,889,800,858,800,800,800,800,800,1265,800,0,0,0,40.90909194946289,0,0,0,0,0,0,0,0,0,0,0,0,0,0,0,0,0,0,0,0,0,0,0,0,0,0,10,0,0,24040.221313476563,123918.63415527344,0,67221331968,8589930496,66946310144,4316782592
200,1724174718801,1268,1311,800,800,800,800,1920,800,857,894,884,867,1276,800,800,800,864,800,800,800,862,800,889,800,858,800,800,800,800,800,1265,800,0,0,0,68.42105102539063,0,0,0,0,0,0,0,0,0,0,0,0,0,0,0,0,0,0,0,0,0,0,0,0,0,0,20,0,0,24047.684814453125,123924.7407836914,0,67221331968,8589930496,66887417856,4369264640
200,1724174719001,1268,1311,800,800,800,800,1920,800,857,894,884,867,1276,800,800,800,864,800,800,800,862,800,889,800,858,800,800,800,800,800,1265,800,0,0,0,100,0,0,0,0,0,0,0,0,0,0,0,0,0,0,0,0,0,0,0,0,0,0,0,0,0,0,0,0,0,24055.896423339844,123931.54284667969,0,67221331968,8589930496,66887663616,4369264640
200,1724174719201,1268,1311,800,800,800,800,1920,800,857,894,884,867,1276,800,800,800,864,800,800,800,862,800,889,800,858,800,800,800,800,800,1265,800,0,0,0,80,0,0,0,0,0,0,0,0,0,0,0,0,0,0,0,0,0,0,0,0,0,0,0,0,0,0,0,0,0,24063.075561523438,123937.31866455078,0,67221331968,8589930496,66912092160,4345933824
200,1724174719401,1268,1311,800,800,800,800,1920,800,857,894,884,867,1276,800,800,800,864,800,800,800,862,800,889,800,858,800,800,800,800,800,1265,800,0,0,0,75,0,0,0,0,0,0,0,0,0,0,0,0,0,0,0,0,0,0,0,0,0,0,0,0,0,0,0,0,0,24070.59619140625,123943.45001220703,0,67221331968,8589930496,66936606720,4318670848
200,1724174719601,1268,1311,800,800,800,800,1920,800,857,894,884,867,1276,800,800,800,864,800,800,800,862,800,889,800,858,800,800,800,800,800,1265,800,0,0,0,80,0,0,0,0,0,0,0,0,0,0,0,0,0,0,0,0,0,0,0,0,0,0,0,0,0,0,0,0,0,24077.766967773438,123949.16320800781,0,67221331968,8589930496,66969624576,4294815744
200,1724174719801,1268,1311,800,800,800,800,1920,800,857,894,884,867,1276,800,800,800,864,800,800,800,862,800,889,800,858,800,800,800,800,800,1265,800,0,0,0,90,0,0,0,0,0,0,0,0,0,0,0,0,0,0,0,0,0,0,0,0,0,0,0,0,0,0,5,0,0,24085.64434814453,123955.61395263672,0,67221331968,8589930496,66904584192,4299571200
200,1724174720001,1268,1311,800,800,800,800,1920,800,857,894,884,867,1276,800,800,800,864,800,800,800,862,800,889,800,858,800,800,800,800,800,1265,800,0,0,0,84.21052551269531,0,0,0,0,0,0,0,0,0,0,0,0,0,0,0,0,0,0,0,0,0,0,0,0,0,0,10,0,0,24093.670959472656,123962.216796875,0,67221331968,8589930496,66881536000,4294852608
200,1724174720202,1268,1311,800,800,800,800,1920,800,857,894,884,867,1276,800,800,800,864,800,800,800,862,800,889,800,858,800,800,800,800,800,1265,800,0,0,0,4.545454502105713,33.333335876464844,0,0,0,0,0,0,0,0,0,0,0,0,0,0,0,0,0,0,0,0,0,0,0,0,0,50,0,0,24100.188598632813,123967.33666992188,0,67221331968,8589930496,66898296832,4294852608
199,1724174720402,1268,1311,800,800,800,800,1920,800,857,894,884,867,1276,800,800,800,864,800,800,800,862,800,889,800,858,800,800,800,800,800,1265,800,0,0,0,0,0,0,0,0,0,0,0,0,0,0,0,0,0,0,0,0,0,0,0,0,0,0,0,0,0,0,75,0,0,24107.282958984375,123973.01354980469,0,67221331968,8589930496,66922811392,4294590464
200,1724174720602,1268,1311,800,800,800,800,1920,800,857,894,884,867,1276,800,800,800,864,800,800,800,862,800,889,800,858,800,800,800,800,800,1265,800,0,0,0,0,0,0,0,0,0,0,0,0,0,0,0,0,0,0,0,0,0,0,0,0,0,0,0,0,0,0,80,0,0,24114.344360351563,123978.63543701172,0,67221331968,8589930496,66947325952,4294590464
200,1724174720802,1268,1311,800,800,800,800,1920,800,857,894,884,867,1276,800,800,800,864,800,800,800,862,800,889,800,858,800,800,800,800,800,1265,800,0,0,0,0,0,0,0,0,0,0,0,0,0,0,0,0,0,0,0,0,0,0,0,0,0,0,0,0,0,0,90,0,0,24122.212951660156,123985.0170288086,0,67221331968,8589930496,66963828736,4294590464
199,1724174721002,1268,1311,800,800,800,800,1920,800,857,894,884,867,1276,800,800,800,864,800,800,800,862,800,889,800,858,800,800,800,800,800,1265,800,0,0,40,0,0,0,0,0,0,0,0,0,0,0,0,0,0,0,0,0,0,0,0,0,0,0,0,0,0,0,68.42105102539063,0,0,24130.45977783203,123991.85150146484,0,67221331968,8589930496,66803912704,4342104064
200,1724174721202,1268,1311,800,800,800,800,1920,800,857,894,884,867,1276,800,800,800,864,800,800,800,862,800,889,800,858,800,800,800,800,800,1265,800,0,0,40,0,0,0,0,0,0,0,0,0,0,0,0,0,0,0,0,0,0,0,0,0,0,0,0,0,0,0,68.42105102539063,0,0,24137.418334960938,123997.40576171875,0,67221331968,8589930496,66837188608,4315103232
199,1724174721402,1268,1311,800,800,800,800,1920,800,857,894,884,867,1276,800,800,800,864,800,800,800,862,800,889,800,858,800,800,800,800,800,1265,800,0,0,0,0,0,0,0,0,0,0,0,0,0,0,0,0,0,0,0,0,0,0,0,0,0,0,0,0,0,0,71.79487609863281,0,0,24144.077758789063,124002.65216064453,0,67221331968,8589930496,66870210560,4294918144
199,1724174721602,1268,1311,800,800,800,800,1920,800,857,894,884,867,1276,800,800,800,864,800,800,800,862,800,889,800,858,800,800,800,800,800,1265,800,0,0,0,0,0,0,0,0,0,0,0,0,0,0,0,0,0,0,0,0,0,0,0,0,0,0,0,0,0,0,42.105262756347656,0,0,24146.86248779297,124004.08312988281,0,67221331968,8589930496,66911498240,4294918144
199,1724174721802,1268,1311,800,800,800,800,1920,800,857,894,884,867,1276,800,800,800,864,800,800,800,862,800,889,800,858,800,800,800,800,800,1265,800,0,0,0,0,0,0,0,0,0,0,0,0,0,0,0,0,0,0,0,0,0,0,0,0,0,0,0,0,0,0,33.333335876464844,0,0,24148.767211914063,124004.65502929688,0,67221331968,8589930496,66960785408,4294918144
199,1724174722002,1268,1311,800,800,800,800,1920,800,857,894,884,867,1276,800,800,800,864,800,800,800,862,800,889,800,858,800,800,800,800,800,1265,800,0,0,35,11.111111640930176,0,0,0,0,0,0,0,0,0,0,0,0,0,0,0,0,0,0,0,0,0,0,0,0,0,0,21.052631378173828,0,0,24153.68133544922,124008.21795654297,0,67221331968,8589930496,66893402112,4304060416
199,1724174722203,1268,1311,800,800,800,800,1920,800,857,894,884,867,1276,800,800,800,864,800,800,800,862,800,889,800,858,800,800,800,800,800,1265,800,0,0,0,10,0,0,0,0,0,0,0,0,0,0,0,0,0,0,0,0,0,0,0,0,0,0,0,0,0,0,26.3157901763916,0,0,24155.41748046875,124008.61657714844,0,67221331968,8589930496,66942947328,4294885376
200,1724174722402,1268,1311,800,800,800,800,1920,800,857,894,884,867,1276,800,800,800,864,800,800,800,862,800,889,800,858,800,800,800,800,800,1265,800,0,0,0,10,0,0,0,0,0,0,0,0,0,0,0,0,0,0,0,0,0,0,0,0,0,0,0,0,0,0,26.3157901763916,0,0,24160.146606445313,124011.99890136719,0,67221331968,8589930496,66961268736,4299636736
200,1724174722603,1268,1311,800,800,800,800,1920,800,857,894,884,867,1276,800,800,800,864,800,800,800,862,800,889,800,858,800,800,800,800,800,1265,800,0,0,70,0,0,0,0,0,0,0,0,0,0,0,0,0,0,0,0,0,0,0,0,0,0,0,0,0,0,0,46.153846740722656,0,0,24168.451049804688,124018.90020751953,0,67221331968,8589930496,67002556416,4294918144
200,1724174722803,1268,1311,800,800,800,800,1920,800,857,894,884,867,1276,800,800,800,864,800,800,800,862,800,889,800,858,800,800,800,800,800,1265,800,0,0,100,0,0,0,0,0,0,0,0,0,0,0,0,0,0,0,0,0,0,0,0,0,0,0,0,0,0,0,52.6315803527832,0,0,24177.320251464844,124026.38775634766,0,67221331968,8589930496,66874912768,4384710656
200,1724174723003,1268,1311,800,800,800,800,1920,800,857,894,884,867,1276,800,800,800,864,800,800,800,862,800,889,800,858,800,800,800,800,800,1265,800,0,0,10,0,0,0,0,0,0,0,0,0,0,0,0,0,0,0,0,0,0,0,0,0,0,0,0,0,0,0,72.7272720336914,0,0,24184.36602783203,124032.08367919922,0,67221331968,8589930496,66888515584,4374220800
200,1724174723203,1268,1311,800,800,800,800,1920,800,857,894,884,867,1276,800,800,800,864,800,800,800,862,800,889,800,858,800,800,800,800,800,1265,800,0,0,0,4.761904716491699,0,0,0,0,0,0,0,0,0,0,0,0,0,0,0,0,0,0,0,0,0,0,0,0,0,0,61.11111068725586,0,0,24190.898010253906,124037.27020263672,0,67221331968,8589930496,66938306560,4326248448
200,1724174723403,1268,1311,800,800,800,800,1920,800,857,894,884,867,1276,800,800,800,864,800,800,800,862,800,889,800,858,800,800,800,800,800,1265,800,0,0,10,0,0,0,0,0,0,0,0,0,0,0,0,0,0,0,0,0,0,0,0,0,0,0,0,0,0,0,65,0,0,24198.123596191406,124043.14782714844,0,67221331968,8589930496,66960359424,4307836928
199,1724174723603,1268,1311,800,800,800,800,1920,800,857,894,884,867,1276,800,800,800,864,800,800,800,862,800,889,800,858,800,800,800,800,800,1265,800,0,0,70,0,0,0,0,0,0,0,0,0,0,0,0,0,0,0,0,0,0,0,0,0,0,0,0,0,0,0,61.904762268066406,0,0,24206.338806152344,124049.98663330078,0,67221331968,8589930496,66897076224,4367405056
200,1724174723803,1268,1311,800,800,800,800,1920,800,857,894,884,867,1276,800,800,800,864,800,800,800,862,800,889,800,858,800,800,800,800,800,1265,800,0,0,0,0,0,0,0,0,0,0,0,0,0,0,0,0,0,0,0,0,0,0,0,0,0,0,0,0,0,0,65,0,0,24212.828125,124055.13897705078,0,67221331968,8589930496,66946867200,4320481280
200,1724174724003,1268,1311,800,800,800,800,1920,800,857,894,884,867,1276,800,800,800,864,800,800,800,862,800,889,800,858,800,800,800,800,800,1265,800,0,0,20,21.052631378173828,10,0,0,0,0,0,0,0,0,4.761904716491699,0,0,0,0,0,0,0,0,0,0,0,0,0,0,0,0,31.57894515991211,0,0,24219.954956054688,124060.91137695313,0,67221331968,8589930496,66935848960,4331806720
200,1724174724203,1268,1311,800,800,800,800,1920,800,857,894,884,867,1276,800,800,800,864,800,800,800,862,800,889,800,858,800,800,800,800,800,1265,800,5,0,73.68421173095703,0,4.761904716491699,0,0,0,0,0,0,0,0,0,0,0,0,0,0,0,0,0,0,0,0,0,0,0,0,0,100,0,0,24229.23309326172,124068.78149414063,0,67221331968,8589930496,66941788160,4321845248
200,1724174724403,1268,1311,800,800,800,800,1920,800,857,894,884,867,1276,800,800,800,864,800,800,800,862,800,889,800,858,800,800,800,800,800,1265,800,0,0,28.571430206298828,0,10.526315689086914,0,0,0,0,0,0,0,0,0,0,0,0,0,0,0,0,0,0,0,0,0,0,0,0,0,84.21052551269531,0,0,24237.438232421875,124075.60028076172,0,67221331968,8589930496,66980630528,4294852608
200,1724174724603,1268,1311,800,800,800,800,1920,800,857,894,884,867,1276,800,800,800,864,800,800,800,862,800,889,800,858,800,800,800,800,800,1265,800,0,0,26.3157901763916,0,0,0,0,0,0,0,0,0,0,0,0,0,0,0,0,0,0,0,0,0,0,0,0,0,0,0,65,0,0,24244.426208496094,124081.2392578125,0,67221331968,8589930496,66819567616,4335882240
200,1724174724803,1268,1311,800,800,800,800,1920,800,857,894,884,867,1276,800,800,800,864,800,800,800,862,800,889,800,858,800,800,800,800,800,1265,800,0,0,0,0,0,0,0,0,0,0,0,0,0,0,0,0,0,0,0,0,0,0,0,0,0,0,0,0,0,0,57.894737243652344,0,0,24250.47540283203,124085.95684814453,0,67221331968,8589930496,66869112832,4294725632
200,1724174725003,1268,1311,800,800,800,800,1920,800,857,894,884,867,1276,800,800,800,864,800,800,800,862,800,889,800,858,800,800,800,800,800,1265,800,0,0,0,0,0,0,0,0,0,0,0,0,0,0,0,0,0,0,0,0,0,0,0,0,0,0,0,0,0,0,61.904762268066406,0,0,24256.47442626953,124090.62615966797,0,67221331968,8589930496,66909769728,4294725632
200,1724174725203,1268,1311,800,800,800,800,1920,800,857,894,884,867,1276,800,800,800,864,800,800,800,862,800,889,800,858,800,800,800,800,800,1265,800,0,0,0,0,0,0,0,0,0,0,0,0,0,0,0,0,0,0,0,0,0,0,0,0,0,0,0,0,0,0,63.15789031982422,0,0,24262.696655273438,124095.51098632813,0,67221331968,8589930496,66959200256,4294725632
200,1724174725404,1268,1311,800,800,800,800,1920,800,857,894,884,867,1276,800,800,800,864,800,800,800,862,800,889,800,858,800,800,800,800,800,1265,800,0,0,25,0,0,0,0,0,0,0,0,0,0,0,0,0,0,0,0,0,0,0,0,0,0,0,0,0,0,0,57.894737243652344,0,0,24269.844116210938,124101.31378173828,0,67221331968,8589930496,66796769280,4335616000
200,1724174725604,1268,1311,800,800,800,800,1920,800,857,894,884,867,1276,800,800,800,864,800,800,800,862,800,889,800,858,800,800,800,800,800,1265,800,0,0,0,0,0,0,0,0,0,0,0,0,0,0,0,0,0,0,0,0,0,0,0,0,0,0,0,0,0,0,60.000003814697266,0,0,24276.14630126953,124106.28881835938,0,67221331968,8589930496,66846314496,4294721536
200,1724174725804,1268,1311,800,800,800,800,1920,800,857,894,884,867,1276,800,800,800,864,800,800,800,862,800,889,800,858,800,800,800,800,800,1265,800,0,0,0,0,0,0,0,0,0,0,0,0,0,0,0,0,0,0,0,0,0,0,0,0,0,0,0,0,0,0,63.15789031982422,0,0,24282.410034179688,124111.21759033203,0,67221331968,8589930496,66895859712,4294721536
200,1724174726004,1268,1311,800,800,800,800,1920,800,857,894,884,867,1276,800,800,800,864,800,800,800,862,800,889,800,858,800,800,800,800,800,1265,800,0,0,35,0,0,0,0,0,0,0,0,0,0,0,0,0,0,0,0,0,0,0,0,0,0,0,0,0,0,0,27.77777862548828,0,0,24288.290893554688,124115.77215576172,0,67221331968,8589930496,66945945600,4294721536
199,1724174726204,1268,1311,800,800,800,800,1920,800,857,894,884,867,1276,800,800,800,864,800,800,800,862,800,889,800,858,800,800,800,800,800,1265,800,0,0,60.000003814697266,0,0,0,0,0,0,0,0,0,0,0,0,0,0,0,0,0,0,0,0,0,0,0,0,0,0,0,25,0,0,24295.504821777344,124121.63891601563,0,67221331968,8589930496,66788708352,4337315840
200,1724174726404,1268,1311,800,800,800,800,1920,800,857,894,884,867,1276,800,800,800,864,800,800,800,862,800,889,800,858,800,800,800,800,800,1265,800,0,0,60.000003814697266,0,0,0,0,0,0,0,0,0,0,0,0,0,0,0,0,0,0,0,0,0,0,0,0,0,0,0,0,0,0,24301.749755859375,124126.5473022461,0,67221331968,8589930496,66846265344,4294848512
199,1724174726604,1268,1311,800,800,800,800,1920,800,857,894,884,867,1276,800,800,800,864,800,800,800,862,800,889,800,858,800,800,800,800,800,1265,800,0,0,42.105262756347656,0,0,0,0,0,0,0,0,0,0,0,0,0,0,0,0,0,0,0,0,0,0,0,0,0,0,0,0,0,0,24304.727783203125,124128.19598388672,0,67221331968,8589930496,66904068096,4294848512
200,1724174726804,1268,1311,800,800,800,800,1920,800,857,894,884,867,1276,800,800,800,864,800,800,800,862,800,889,800,858,800,800,800,800,800,1265,800,0,0,42.105262756347656,0,0,0,0,0,0,0,0,0,0,0,0,0,0,0,0,0,0,0,0,0,0,0,0,0,0,0,0,0,0,24307.282592773438,124129.41577148438,0,67221331968,8589930496,66970038272,4294848512
199,1724174727004,1268,1311,800,800,800,800,1920,800,857,894,884,867,1276,800,800,800,864,800,800,800,862,800,889,800,858,800,800,800,800,800,1265,800,0,0,36.842105865478516,0,0,0,0,0,0,0,0,0,0,0,0,0,0,0,0,0,0,0,0,0,0,0,0,0,0,0,25,0,0,24312.54150390625,124133.330078125,0,67221331968,8589930496,66830876672,4321947648
199,1724174727204,1268,1311,800,800,800,800,1920,800,857,894,884,867,1276,800,800,800,864,800,800,800,862,800,889,800,858,800,800,800,800,800,1265,800,0,0,45,0,0,0,0,0,0,0,0,0,0,0,0,0,0,0,0,0,0,0,0,0,0,0,0,0,0,0,0,0,0,24315.65362548828,124135.10943603516,0,67221331968,8589930496,66905935872,4294946816
200,1724174727404,1268,1311,800,800,800,800,1920,800,857,894,884,867,1276,800,800,800,864,800,800,800,862,800,889,800,858,800,800,800,800,800,1265,800,0,0,35,0,0,0,0,0,0,0,0,0,0,0,0,0,0,0,0,0,0,0,0,0,0,0,0,0,0,0,19.047618865966797,0,0,24318.39813232422,124136.52014160156,0,67221331968,8589930496,66974875648,4294946816
200,1724174727604,1268,1311,800,800,800,800,1920,800,857,894,884,867,1276,800,800,800,864,800,800,800,862,800,889,800,858,800,800,800,800,800,1265,800,0,0,33.333335876464844,0,4.761904716491699,0,0,0,0,0,0,0,0,0,0,0,0,0,0,0,0,0,0,0,0,0,0,0,0,0,26.3157901763916,0,0,24323.51983642578,124140.28759765625,0,67221331968,8589930496,66822049792,4382576640
199,1724174727805,1268,1311,800,800,800,800,1920,800,857,894,884,867,1276,800,800,800,864,800,800,800,862,800,889,800,858,800,800,800,800,800,1265,800,0,0,5,0,0,0,0,0,0,0,0,0,0,0,4.761904716491699,0,0,0,0,0,0,0,0,0,0,0,0,0,0,0,40,0,0,24326.45001220703,124141.8822631836,0,67221331968,8589930496,66896068608,4328050688
200,1724174728005,1268,1311,800,800,800,800,1920,800,857,894,884,867,1276,800,800,800,864,800,800,800,862,800,889,800,858,800,800,800,800,800,1265,800,0,0,5,0,0,0,0,0,0,0,0,0,0,0,4.761904716491699,0,0,0,0,0,0,0,0,0,0,0,0,0,0,0,40,0,0,24330.424926757813,124144.53143310547,0,67221331968,8589930496,66953285632,4294758400
200,1724174728205,1268,1311,800,800,800,800,1920,800,857,894,884,867,1276,800,800,800,864,800,800,800,862,800,889,800,858,800,800,800,800,800,1265,800,0,0,38.46154022216797,0,0,0,0,0,0,0,0,0,0,0,0,0,0,0,0,0,0,0,0,0,0,0,0,0,0,0,17.5,0,0,24336.10040283203,124148.84423828125,0,67221331968,8589930496,66795515904,4465770496
200,1724174728405,1268,1311,800,800,800,800,1920,800,857,894,884,867,1276,800,800,800,864,800,800,800,862,800,889,800,858,800,800,800,800,800,1265,800,0,0,31.57894515991211,0,0,0,0,0,0,0,0,0,0,0,0,0,0,0,0,0,0,0,0,0,0,0,0,0,0,0,15.000000953674316,0,0,24339.802795410156,124151.21075439453,0,67221331968,8589930496,66869567488,4400234496
200,1724174728605,1268,1311,800,800,800,800,1920,800,857,894,884,867,1276,800,800,800,864,800,800,800,862,800,889,800,858,800,800,800,800,800,1265,800,0,0,0,0,0,0,0,0,0,0,0,0,0,0,0,0,0,0,0,0,0,0,0,0,0,0,0,0,0,0,57.894737243652344,0,0,24345.68621826172,124155.73919677734,0,67221331968,8589930496,66918830080,4345970688
200,1724174728805,1268,1311,800,800,800,800,1920,800,857,894,884,867,1276,800,800,800,864,800,800,800,862,800,889,800,858,800,800,800,800,800,1265,800,4.761904716491699,0,0,0,0,0,0,0,0,0,0,0,0,0,0,0,0,0,0,0,0,0,0,0,0,0,0,0,0,0,55,0,0,24351.216674804688,124159.9164428711,0,67221331968,8589930496,66971471872,4294852608
199,1724174729005,1268,1311,800,800,800,800,1920,800,857,894,884,867,1276,800,800,800,864,800,800,800,862,800,889,800,858,800,800,800,800,800,1265,800,0,0,60.000003814697266,0,0,0,0,0,0,0,0,0,0,0,0,0,0,0,0,0,0,0,0,0,0,0,0,0,0,0,10.526315689086914,0,0,24356.506286621094,124163.85949707031,0,67221331968,8589930496,66825875456,4429189120
200,1724174729205,1268,1311,800,800,800,800,1920,800,857,894,884,867,1276,800,800,800,864,800,800,800,862,800,889,800,858,800,800,800,800,800,1265,800,0,0,38.88888931274414,0,0,0,0,0,0,0,0,0,0,0,0,0,0,0,0,0,0,0,0,0,0,0,0,0,0,0,0,0,0,24358.587890625,124164.61303710938,0,67221331968,8589930496,66899824640,4355264512
200,1724174729405,1268,1311,800,800,800,800,1920,800,857,894,884,867,1276,800,800,800,864,800,800,800,862,800,889,800,858,800,800,800,800,800,1265,800,0,0,30.000001907348633,0,0,0,0,0,0,0,0,0,0,0,0,0,0,0,0,0,0,0,0,0,0,0,0,0,0,0,15.789472579956055,0,0,24360.491638183594,124165.1904296875,0,67221331968,8589930496,66965884928,4294709248
200,1724174729605,1268,1311,800,800,800,800,1920,800,857,894,884,867,1276,800,800,800,864,800,800,800,862,800,889,800,858,800,800,800,800,800,1265,800,0,0,36.842105865478516,0,0,0,0,0,0,0,0,0,0,0,0,0,0,0,0,0,0,0,0,0,0,0,0,0,0,0,31.57894515991211,0,0,24365.599609375,124168.94702148438,0,67221331968,8589930496,66816647168,4449755136
199,1724174729806,1268,1311,800,800,800,800,1920,800,857,894,884,867,1276,800,800,800,864,800,800,800,862,800,889,800,858,800,800,800,800,800,1265,800,0,0,0,0,0,0,0,0,0,0,0,0,0,0,0,0,0,0,0,0,0,0,0,0,0,0,0,0,0,0,40,0,0,24368.198181152344,124170.21472167969,0,67221331968,8589930496,66864881664,4402307072
199,1724174730006,1268,1311,800,800,800,800,1920,800,857,894,884,867,1276,800,800,800,864,800,800,800,862,800,889,800,858,800,800,800,800,800,1265,800,0,0,31.57894515991211,0,0,0,0,0,0,0,0,0,0,0,0,0,0,0,0,0,0,0,0,0,0,0,0,0,0,0,0,0,0,24369.665771484375,124170.3510131836,0,67221331968,8589930496,66880688128,4391034880
200,1724174730206,1268,1311,800,800,800,800,1920,800,857,894,884,867,1276,800,800,800,864,800,800,800,862,800,889,800,858,800,800,800,800,800,1265,800,0,0,31.57894515991211,0,0,0,0,0,0,0,0,0,0,0,0,0,0,0,0,0,0,0,0,0,0,0,0,0,0,0,0,0,0,24373.406860351563,124172.73645019531,0,67221331968,8589930496,66888945664,4382384128
200,1724174730406,1268,1311,800,800,800,800,1920,800,857,894,884,867,1276,800,800,800,864,800,800,800,862,800,889,800,858,800,800,800,800,800,1265,800,0,0,69.23077392578125,0,2.4390242099761963,0,0,0,0,0,0,0,0,0,0,0,0,0,0,0,0,0,0,0,0,0,0,0,0,0,0,0,0,24380.38250732422,124178.29797363281,0,67221331968,8589930496,66888945664,4379500544
200,1724174730606,1268,1311,800,800,800,800,1920,800,857,894,884,867,1276,800,800,800,864,800,800,800,862,800,889,800,858,800,800,800,800,800,1265,800,0,0,100,0,0,0,0,0,0,0,0,0,0,0,0,0,0,0,0,0,0,0,0,0,0,0,0,0,0,0,0,0,0,24388.24969482422,124184.73541259766,0,67221331968,8589930496,66888945664,4379500544
200,1724174730806,1268,1311,800,800,800,800,1920,800,857,894,884,867,1276,800,800,800,864,800,800,800,862,800,889,800,858,800,800,800,800,800,1265,800,0,0,90,0,0,0,0,0,0,0,0,0,0,0,0,0,0,0,0,0,0,0,0,0,0,0,0,0,0,0,0,0,0,24395.7744140625,124190.84997558594,0,67221331968,8589930496,66889158656,4378976256
199,1724174731006,1268,1311,800,800,800,800,1920,800,857,894,884,867,1276,800,800,800,864,800,800,800,862,800,889,800,858,800,800,800,800,800,1265,800,0,0,22.22222328186035,0,0,0,0,0,0,0,0,0,0,0,0,0,0,0,0,0,0,0,0,0,0,0,0,0,0,0,0,0,0,24397.394409179688,124191.13684082031,0,67221331968,8589930496,66905673728,4367441920
199,1724174731206,1268,1311,800,800,800,800,1920,800,857,894,884,867,1276,800,800,800,864,800,800,800,862,800,889,800,858,800,800,800,800,800,1265,800,0,0,15.000000953674316,21.052631378173828,0,0,0,0,0,0,0,0,0,0,0,0,0,0,0,0,0,0,0,0,0,0,0,0,0,0,0,0,0,24398.88653564453,124191.30340576172,0,67221331968,8589930496,66913538048,4354334720
199,1724174731406,1268,1311,800,800,800,800,1920,800,857,894,884,867,1276,800,800,800,864,800,800,800,862,800,889,800,858,800,800,800,800,800,1265,800,0,0,0,33.333335876464844,0,0,0,0,0,0,0,0,0,0,0,0,0,0,0,0,0,0,0,0,0,0,0,0,0,0,0,0,0,24400.378784179688,124191.46997070313,0,67221331968,8589930496,66921795584,4340965376
199,1724174731607,1268,1311,800,800,800,800,1920,800,857,894,884,867,1276,800,800,800,864,800,800,800,862,800,889,800,858,800,800,800,800,800,1265,800,0,0,0,31.57894515991211,0,0,0,0,0,0,0,0,0,0,0,0,0,0,0,0,0,0,0,0,0,0,0,0,0,0,0,0,0,24401.85479736328,124191.62109375,0,67221331968,8589930496,66938310656,4327858176
199,1724174731807,1268,1311,800,800,800,800,1920,800,857,894,884,867,1276,800,800,800,864,800,800,800,862,800,889,800,858,800,800,800,800,800,1265,800,0,0,0,27.77777862548828,0,0,0,0,0,0,0,0,0,0,0,0,0,0,0,0,0,0,0,0,0,0,0,0,0,0,0,0,0,24403.323669433594,124191.7622680664,0,67221331968,8589930496,66946568192,4314488832
199,1724174732007,1268,1311,800,800,800,800,1920,800,857,894,884,867,1276,800,800,800,864,800,800,800,862,800,889,800,858,800,800,800,800,800,1265,800,0,0,0,31.57894515991211,0,0,0,0,0,0,0,0,0,0,0,0,0,0,0,0,0,0,0,0,0,0,0,0,0,0,0,0,0,24404.7890625,124191.90399169922,0,67221331968,8589930496,66962964480,4300857344
200,1724174732207,1268,1311,800,800,800,800,1920,800,857,894,884,867,1276,800,800,800,864,800,800,800,862,800,889,800,858,800,800,800,800,800,1265,800,0,0,0,31.57894515991211,0,0,0,0,0,0,0,0,0,0,0,0,0,0,0,0,0,0,0,0,0,0,0,0,0,0,0,0,0,24406.77716064453,124192.56268310547,0,67221331968,8589930496,66934837248,4335235072
199,1724174732407,1268,1311,800,800,800,800,1920,800,857,894,884,867,1276,800,800,800,864,800,800,800,862,800,889,800,858,800,800,800,800,800,1265,800,10,0,12.5,19.44444465637207,0,0,0,0,0,0,0,0,0,0,0,0,0,0,0,0,0,0,0,0,0,0,0,0,0,0,2.4390242099761963,0,0,24411.0859375,124195.52227783203,0,67221331968,8589930496,66783580160,4455206912
199,1724174732607,1268,1311,800,800,800,800,1920,800,857,894,884,867,1276,800,800,800,864,800,800,800,862,800,889,800,858,800,800,800,800,800,1265,800,0,0,0,36.842105865478516,0,0,0,0,0,0,0,0,0,0,0,0,0,0,0,0,0,0,0,0,0,0,0,0,0,0,0,0,0,24412.545959472656,124195.65747070313,0,67221331968,8589930496,66800340992,4441837568
199,1724174732807,1268,1311,800,800,800,800,1920,800,857,894,884,867,1276,800,800,800,864,800,800,800,862,800,889,800,858,800,800,800,800,800,1265,800,0,0,0,27.77777862548828,0,0,0,0,0,0,0,0,0,0,0,0,0,0,0,0,0,0,0,0,0,0,0,0,0,0,0,0,0,24414.015869140625,124195.8003540039,0,67221331968,8589930496,66816856064,4428730368
199,1724174733007,1268,1311,800,800,800,800,1920,800,857,894,884,867,1276,800,800,800,864,800,800,800,862,800,889,800,858,800,800,800,800,800,1265,800,0,0,0,27.77777862548828,0,0,0,0,0,0,0,0,0,0,0,0,0,0,0,0,0,0,0,0,0,0,0,0,0,0,0,0,0,24415.47833251953,124195.93640136719,0,67221331968,8589930496,66825064448,4416147456
199,1724174733208,1268,1311,800,800,800,800,1920,800,857,894,884,867,1276,800,800,800,864,800,800,800,862,800,889,800,858,800,800,800,800,800,1265,800,0,0,0,33.333335876464844,0,0,0,0,0,0,0,0,0,0,0,0,0,0,0,0,0,0,0,0,0,0,0,0,0,0,0,0,0,24416.942260742188,124196.07415771484,0,67221331968,8589930496,66841276416,4403826688
199,1724174733408,1268,1311,800,800,800,800,1920,800,857,894,884,867,1276,800,800,800,864,800,800,800,862,800,889,800,858,800,800,800,800,800,1265,800,0,0,0,35.29411697387695,0,0,0,0,0,0,0,0,0,0,0,0,0,0,0,0,0,0,0,0,0,0,0,0,0,0,0,0,0,24418.415405273438,124196.21868896484,0,67221331968,8589930496,66849533952,4392030208
199,1724174733608,1268,1311,800,800,800,800,1920,800,857,894,884,867,1276,800,800,800,864,800,800,800,862,800,889,800,858,800,800,800,800,800,1265,800,0,0,0,33.333335876464844,0,0,0,0,0,0,0,0,0,0,0,0,0,0,0,0,0,0,0,0,0,0,0,0,0,0,0,0,0,24419.896423339844,124196.3715209961,0,67221331968,8589930496,66866049024,4379709440
199,1724174733808,1268,1311,800,800,800,800,1920,800,857,894,884,867,1276,800,800,800,864,800,800,800,862,800,889,800,858,800,800,800,800,800,1265,800,0,0,0,38.88888931274414,0,0,0,0,0,0,0,0,0,0,0,0,0,0,0,0,0,0,0,0,0,0,0,0,0,0,0,0,0,24421.568481445313,124196.70959472656,0,67221331968,8589930496,66874298368,4366340096
200,1724174734008,1268,1311,800,800,800,800,1920,800,857,894,884,867,1276,800,800,800,864,800,800,800,862,800,889,800,858,800,800,800,800,800,1265,800,0,0,0,38.88888931274414,0,0,0,0,0,0,0,0,0,0,0,0,0,0,0,0,0,0,0,0,0,0,0,0,0,0,0,0,0,24426.44024658203,124200.20288085938,0,67221331968,8589930496,66882293760,4358213632
200,1724174734208,1268,1311,800,800,800,800,1920,800,857,894,884,867,1276,800,800,800,864,800,800,800,862,800,889,800,858,800,800,800,800,800,1265,800,0,0,0,82.5,0,0,0,0,0,0,0,0,0,0,0,0,0,0,0,0,0,0,0,0,0,0,0,0,0,0,0,0,0,24434.005004882813,124206.28411865234,0,67221331968,8589930496,66882293760,4357951488
200,1724174734408,1268,1311,800,800,800,800,1920,800,857,894,884,867,1276,800,800,800,864,800,800,800,862,800,889,800,858,800,800,800,800,800,1265,800,0,0,0,68.42105102539063,0,0,0,0,0,0,0,0,0,0,0,0,0,0,0,0,0,0,0,0,0,0,0,0,0,0,0,0,0,24439.46502685547,124210.40936279297,0,67221331968,8589930496,66885373952,4352708608
199,1724174734608,1268,1311,800,800,800,800,1920,800,857,894,884,867,1276,800,800,800,864,800,800,800,862,800,889,800,858,800,800,800,800,800,1265,800,0,4.761904716491699,0,38.88888931274414,0,0,0,0,0,0,0,0,0,0,0,0,0,0,0,0,0,0,0,0,0,0,0,0,0,0,0,0,0,24440.94708251953,124210.56518554688,0,67221331968,8589930496,66897760256,4340387840
199,1724174734809,1268,1311,800,800,800,800,1920,800,857,894,884,867,1276,800,800,800,864,800,800,800,862,800,889,800,858,800,800,800,800,800,1265,800,0,0,0,31.57894515991211,0,0,0,0,0,0,0,0,0,0,0,0,0,0,0,0,0,0,0,0,0,0,0,0,0,0,0,0,0,24442.403198242188,124210.69622802734,0,67221331968,8589930496,66913759232,4328329216
199,1724174735009,1268,1311,800,800,800,800,1920,800,857,894,884,867,1276,800,800,800,864,800,800,800,862,800,889,800,858,800,800,800,800,800,1265,800,0,0,0,35,0,0,0,0,0,0,0,0,0,0,0,0,0,0,0,0,0,0,0,0,0,0,0,0,0,0,0,0,0,24443.853271484375,124210.82189941406,0,67221331968,8589930496,66922033152,4315746304
199,1724174735209,1268,1311,800,800,800,800,1920,800,857,894,884,867,1276,800,800,800,864,800,800,800,862,800,889,800,858,800,800,800,800,800,1265,800,0,0,0,5.263157844543457,0,0,0,0,0,0,0,0,0,0,0,0,0,0,0,0,0,0,0,0,0,0,0,0,0,0,22.22222328186035,0,0,24445.311889648438,124210.95721435547,0,67221331968,8589930496,66938060800,4303425536
199,1724174735409,1268,1311,800,800,800,800,1920,800,857,894,884,867,1276,800,800,800,864,800,800,800,862,800,889,800,858,800,800,800,800,800,1265,800,0,0,0,16.666667938232422,0,0,0,0,0,0,0,0,0,0,0,0,0,0,0,0,0,0,0,0,0,0,0,0,0,0,10.526315689086914,0,0,24446.769470214844,124211.0894165039,0,67221331968,8589930496,66949410816,4294774784
199,1724174735609,1268,1311,800,800,800,800,1920,800,857,894,884,867,1276,800,800,800,864,800,800,800,862,800,889,800,858,800,800,800,800,800,1265,800,0,0,0,0,27.77777862548828,0,0,0,0,0,0,0,0,0,0,0,0,0,0,0,0,0,0,0,0,0,0,0,0,0,4.761904716491699,0,0,24448.23309326172,124211.22705078125,0,67221331968,8589930496,66964983808,4294774784
200,1724174735809,1268,1311,800,800,800,800,1920,800,857,894,884,867,1276,800,800,800,864,800,800,800,862,800,889,800,858,800,800,800,800,800,1265,800,0,0,0,0,27.77777862548828,0,0,0,0,0,0,0,0,0,0,0,0,0,0,0,0,0,0,0,0,0,0,0,0,0,4.761904716491699,0,0,24450.00946044922,124211.67877197266,0,67221331968,8589930496,66955145216,4318060544
199,1724174736009,1268,1311,800,800,800,800,1920,800,857,894,884,867,1276,800,800,800,864,800,800,800,862,800,889,800,858,800,800,800,800,800,1265,800,0,0,15.789472579956055,0,13.1578950881958,0,0,0,0,0,0,0,0,0,0,0,0,0,0,0,0,0,0,0,0,0,0,0,0,0,2.702702760696411,0,0,24454.619506835938,124214.95001220703,0,67221331968,8589930496,66790621184,4475314176
199,1724174736209,1268,1311,800,800,800,800,1920,800,857,894,884,867,1276,800,800,800,864,800,800,800,862,800,889,800,858,800,800,800,800,800,1265,800,0,0,27.77777862548828,0,0,0,0,0,0,0,0,0,0,0,0,0,0,0,0,0,0,0,0,0,0,0,0,0,0,0,0,0,0,24456.077514648438,124215.072265625,0,67221331968,8589930496,66804039680,4462731264
199,1724174736409,1268,1311,800,800,800,800,1920,800,857,894,884,867,1276,800,800,800,864,800,800,800,862,800,889,800,858,800,800,800,800,800,1265,800,0,0,27.77777862548828,4.761904716491699,0,0,0,0,0,0,0,0,0,0,0,0,0,0,0,0,0,0,0,0,0,0,0,0,0,0,0,0,0,24457.52227783203,124215.19561767578,0,67221331968,8589930496,66816425984,4450148352
199,1724174736609,1268,1311,800,800,800,800,1920,800,857,894,884,867,1276,800,800,800,864,800,800,800,862,800,889,800,858,800,800,800,800,800,1265,800,0,0,27.77777862548828,0,0,0,0,0,0,0,0,0,0,0,0,0,0,0,0,0,0,0,0,0,0,0,0,0,0,0,0,0,0,24458.972229003906,124215.3203125,0,67221331968,8589930496,66832941056,4438614016
199,1724174736810,1268,1311,800,800,800,800,1920,800,857,894,884,867,1276,800,800,800,864,800,800,800,862,800,889,800,858,800,800,800,800,800,1265,800,0,0,36.842105865478516,0,0,0,0,0,0,0,0,0,0,0,0,0,0,0,0,0,0,0,0,0,0,0,0,0,0,0,0,0,0,24460.42938232422,124215.45025634766,0,67221331968,8589930496,66841198592,4427341824
199,1724174737010,1268,1311,800,800,800,800,1920,800,857,894,884,867,1276,800,800,800,864,800,800,800,862,800,889,800,858,800,800,800,800,800,1265,800,0,0,15.000000953674316,0,0,0,0,0,0,0,0,0,0,0,0,0,0,0,0,0,0,0,0,0,0,0,0,0,0,0,21.052631378173828,0,0,24461.899963378906,124215.59368896484,0,67221331968,8589930496,66849406976,4416331776
200,1724174737210,1268,1311,800,800,800,800,1920,800,857,894,884,867,1276,800,800,800,864,800,800,800,862,800,889,800,858,800,800,800,800,800,1265,800,0,0,15.000000953674316,0,0,0,0,0,0,0,0,0,0,0,0,0,0,0,0,0,0,0,0,0,0,0,0,0,0,0,21.052631378173828,0,0,24464.06072998047,124216.41821289063,0,67221331968,8589930496,66857230336,4405321728
200,1724174737410,1268,1311,800,800,800,800,1920,800,857,894,884,867,1276,800,800,800,864,800,800,800,862,800,889,800,858,800,800,800,800,800,1265,800,0,0,57.894737243652344,0,0,0,0,0,0,0,0,0,0,0,0,0,0,0,0,0,0,0,0,0,0,0,0,0,0,0,17.5,0,0,24471.224243164063,124222.12103271484,0,67221331968,8589930496,66857230336,4405059584
200,1724174737610,1268,1311,800,800,800,800,1920,800,857,894,884,867,1276,800,800,800,864,800,800,800,862,800,889,800,858,800,800,800,800,800,1265,800,0,0,35,0,0,0,0,0,0,0,0,0,0,0,0,0,0,0,0,0,0,0,0,0,0,0,0,0,0,0,0,0,0,24473.524169921875,124223.14233398438,0,67221331968,8589930496,66873745408,4394311680
199,1724174737810,1268,1311,800,800,800,800,1920,800,857,894,884,867,1276,800,800,800,864,800,800,800,862,800,889,800,858,800,800,800,800,800,1265,800,0,0,29.411766052246094,0,0,0,0,0,0,0,0,0,0,0,0,0,0,0,0,0,0,0,0,0,0,0,0,0,0,0,0,0,0,24475.003845214844,124223.28692626953,0,67221331968,8589930496,66882002944,4383563776
200,1724174738010,1268,1311,800,800,800,800,1920,800,857,894,884,867,1276,800,800,800,864,800,800,800,862,800,889,800,858,800,800,800,800,800,1265,800,0,0,29.411766052246094,0,0,0,0,0,0,0,0,0,0,0,0,0,0,0,0,0,0,0,0,0,0,0,0,0,0,0,0,0,0,24476.494018554688,124223.45764160156,0,67221331968,8589930496,66889789440,4374126592
200,1724174738210,1268,1311,800,800,800,800,1920,800,857,894,884,867,1276,800,800,800,864,800,800,800,862,800,889,800,858,800,800,800,800,800,1265,800,0,0,23.076923370361328,0,0,0,0,0,0,0,0,0,0,0,0,0,0,0,0,0,0,0,0,0,0,0,0,0,0,0,40,0,0,24482.11749267578,124227.63977050781,0,67221331968,8589930496,66909896704,4365737984
200,1724174738410,1268,1311,800,800,800,800,1920,800,857,894,884,867,1276,800,800,800,864,800,800,800,862,800,889,800,858,800,800,800,800,800,1265,800,0,0,0,0,0,0,0,0,0,0,0,0,0,0,0,0,0,0,0,0,0,0,0,0,0,0,0,0,0,0,95.23809814453125,0,0,24490.30340576172,124234.32061767578,0,67221331968,8589930496,66909896704,4365213696
200,1724174738610,1268,1311,800,800,800,800,1920,800,857,894,884,867,1276,800,800,800,864,800,800,800,862,800,889,800,858,800,800,800,800,800,1265,800,0,0,0,0,0,0,0,0,0,0,0,0,0,0,0,0,0,0,0,0,0,0,0,0,0,0,0,0,0,0,57.894737243652344,0,0,24495.235595703125,124237.85461425781,0,67221331968,8589930496,66921787392,4355252224
200,1724174738811,1268,1311,800,800,800,800,1920,800,857,894,884,867,1276,800,800,800,864,800,800,800,862,800,889,800,858,800,800,800,800,800,1265,800,0,0,0,0,0,0,0,0,0,0,0,0,0,0,0,0,0,0,0,0,0,0,0,0,0,0,0,0,0,0,80,0,0,24502.02655029297,124243.23950195313,0,67221331968,8589930496,66930044928,4352106496
200,1724174739011,1268,1311,800,800,800,800,1920,800,857,894,884,867,1276,800,800,800,864,800,800,800,862,800,889,800,858,800,800,800,800,800,1265,800,0,0,0,0,0,0,0,0,0,0,0,0,0,0,0,0,0,0,0,0,0,0,0,0,0,0,0,0,0,0,35.29411697387695,0,0,24504.737854003906,124244.61779785156,0,67221331968,8589930496,66938232832,4342407168
200,1724174739211,1268,1311,800,800,800,800,1920,800,857,894,884,867,1276,800,800,800,864,800,800,800,862,800,889,800,858,800,800,800,800,800,1265,800,0,0,0,0,0,0,0,0,0,0,0,0,0,0,0,0,0,0,0,0,0,0,0,0,0,0,0,0,0,0,100,0,0,24511.073974609375,124249.62805175781,0,67221331968,8589930496,66938232832,4342407168
199,1724174739411,1268,1311,800,800,800,800,1920,800,857,894,884,867,1276,800,800,800,864,800,800,800,862,800,889,800,858,800,800,800,800,800,1265,800,0,0,0,0,0,0,0,0,0,0,0,0,0,0,0,0,0,0,0,0,0,0,0,0,0,0,0,0,0,0,45,0,0,24513.988220214844,124251.20587158203,0,67221331968,8589930496,66946424832,4333232128
199,1724174739611,1268,1311,800,800,800,800,1920,800,857,894,884,867,1276,800,800,800,864,800,800,800,862,800,889,800,858,800,800,800,800,800,1265,800,0,0,0,0,0,0,0,0,0,0,0,0,0,0,0,0,0,0,0,0,0,0,0,0,0,0,0,0,0,0,33.333335876464844,0,0,24515.423217773438,124251.31640625,0,67221331968,8589930496,66954682368,4322222080
199,1724174739811,1268,1311,800,800,800,800,1920,800,857,894,884,867,1276,800,800,800,864,800,800,800,862,800,889,800,858,800,800,800,800,800,1265,800,0,0,0,0,0,0,0,0,0,0,0,0,0,0,0,0,0,0,0,0,0,0,0,0,0,0,0,0,0,0,23.52941131591797,0,0,24516.865600585938,124251.43664550781,0,67221331968,8589930496,66969554944,4310949888
199,1724174740011,1268,1311,800,800,800,800,1920,800,857,894,884,867,1276,800,800,800,864,800,800,800,862,800,889,800,858,800,800,800,800,800,1265,800,0,0,10.526315689086914,0,0,0,0,0,0,0,0,0,0,0,0,0,0,0,0,0,0,0,0,0,0,0,0,0,0,0,16.666667938232422,0,0,24518.300903320313,124251.54675292969,0,67221331968,8589930496,66969563136,4299677696
200,1724174740211,1268,1311,800,800,800,800,1920,800,857,894,884,867,1276,800,800,800,864,800,800,800,862,800,889,800,858,800,800,800,800,800,1265,800,0,0,10.526315689086914,0,0,0,0,0,0,0,0,0,0,0,0,0,0,0,0,0,0,0,0,0,0,0,0,0,0,0,16.666667938232422,0,0,24522.086059570313,124253.98962402344,0,67221331968,8589930496,66834640896,4425273344
200,1724174740411,1268,1311,800,800,800,800,1920,800,857,894,884,867,1276,800,800,800,864,800,800,800,862,800,889,800,858,800,800,800,800,800,1265,800,0,0,46.153846740722656,0,0,0,0,0,0,0,0,0,0,0,0,0,0,0,0,0,0,0,0,0,0,0,0,0,2.5641026496887207,0,22.5,0,0,24526.94659423828,124257.48223876953,0,67221331968,8589930496,66834149376,4427468800
200,1724174740611,1268,1311,800,800,800,800,1920,800,857,894,884,867,1276,800,800,800,864,800,800,800,862,800,889,800,858,800,800,800,800,800,1265,800,0,0,100,0,0,0,0,0,0,0,0,0,0,0,0,0,0,0,0,0,0,0,0,0,0,0,0,0,0,0,0,0,0,24534.90771484375,124263.9351196289,0,67221331968,8589930496,66834149376,4427468800
199,1724174740812,1268,1311,800,800,800,800,1920,800,857,894,884,867,1276,800,800,800,864,800,800,800,862,800,889,800,858,800,800,800,800,800,1265,800,0,0,50,0,0,0,0,0,0,0,0,0,0,0,0,0,0,0,0,0,0,0,0,0,0,0,0,0,0,0,0,0,0,24538.62274169922,124266.29028320313,0,67221331968,8589930496,66842406912,4420915200
199,1724174741012,1268,1311,800,800,800,800,1920,800,857,894,884,867,1276,800,800,800,864,800,800,800,862,800,889,800,858,800,800,800,800,800,1265,800,0,0,45,0,0,0,0,0,0,0,0,0,0,0,0,0,0,0,0,0,0,0,0,0,0,0,0,0,0,0,0,0,0,24540.11297607422,124266.45184326172,0,67221331968,8589930496,66850918400,4413050880
200,1724174741212,1268,1311,800,800,800,800,1920,800,857,894,884,867,1276,800,800,800,864,800,800,800,862,800,889,800,858,800,800,800,800,800,1265,800,0,0,45,0,0,0,0,0,0,0,0,0,0,0,0,0,0,0,0,0,0,0,0,0,0,0,0,0,0,0,0,0,0,24545.110290527344,124270.09973144531,0,67221331968,8589930496,66866384896,4395225088
199,1724174741412,1268,1311,800,800,800,800,1920,800,857,894,884,867,1276,800,800,800,864,800,800,800,862,800,889,800,858,800,800,800,800,800,1265,800,0,0,47.36842346191406,0,0,0,0,0,0,0,0,0,0,0,0,0,0,0,0,0,0,0,0,0,0,0,0,0,0,0,0,0,0,24549.389587402344,124273.03741455078,0,67221331968,8589930496,66942218240,4327591936
200,1724174741612,1268,1311,800,800,800,800,1920,800,857,894,884,867,1276,800,800,800,864,800,800,800,862,800,889,800,858,800,800,800,800,800,1265,800,0,0,90,0,0,0,0,0,0,0,0,0,0,0,0,0,0,0,0,0,0,0,0,0,0,0,0,0,0,0,0,0,0,24556.418823242188,124278.66021728516,0,67221331968,8589930496,66949976064,4317106176
200,1724174741812,1268,1311,800,800,800,800,1920,800,857,894,884,867,1276,800,800,800,864,800,800,800,862,800,889,800,858,800,800,800,800,800,1265,800,0,0,75,0,0,0,0,0,0,0,0,0,0,0,0,0,0,0,0,0,0,0,0,0,0,0,0,0,0,0,4.761904716491699,0,0,24562.841674804688,124283.7084350586,0,67221331968,8589930496,66949976064,4321361920
199,1724174742012,1268,1311,800,800,800,800,1920,800,857,894,884,867,1276,800,800,800,864,800,800,800,862,800,889,800,858,800,800,800,800,800,1265,800,0,0,31.57894515991211,0,10.526315689086914,0,0,0,0,0,0,0,0,0,0,0,0,0,0,0,0,0,0,0,0,0,0,0,0,0,16.666667938232422,0,0,24567.261474609375,124286.78582763672,0,67221331968,8589930496,66862174208,4395261952
199,1724174742212,1268,1311,800,800,800,800,1920,800,857,894,884,867,1276,800,800,800,864,800,800,800,862,800,889,800,858,800,800,800,800,800,1265,800,0,0,38.88888931274414,0,0,0,0,0,0,0,0,0,0,0,0,0,0,0,0,0,0,0,0,0,0,0,0,0,0,0,0,0,0,24570.479064941406,124288.66485595703,0,67221331968,8589930496,66903707648,4357775360
200,1724174742412,1268,1311,800,800,800,800,1920,800,857,894,884,867,1276,800,800,800,864,800,800,800,862,800,889,800,858,800,800,800,800,800,1265,800,0,0,38.88888931274414,0,0,0,0,0,0,0,0,0,0,0,0,0,0,0,0,0,0,0,0,0,0,0,0,0,0,0,0,0,0,24575.099853515625,124291.90734863281,0,67221331968,8589930496,66911293440,4349911040
200,1724174742612,1268,1311,800,800,800,800,1920,800,857,894,884,867,1276,800,800,800,864,800,800,800,862,800,889,800,858,800,800,800,800,800,1265,800,0,0,73.68421173095703,0,0,0,0,0,0,0,0,0,0,0,0,0,0,0,0,0,0,0,0,0,0,0,0,0,0,0,0,0,0,24581.856994628906,124297.27294921875,0,67221331968,8589930496,66919550976,4338900992
200,1724174742813,1268,1311,800,800,800,800,1920,800,857,894,884,867,1276,800,800,800,864,800,800,800,862,800,889,800,858,800,800,800,800,800,1265,800,0,0,36.842105865478516,0,0,0,0,0,0,0,0,0,0,0,0,0,0,0,0,0,0,0,0,0,0,0,0,0,0,0,0,0,0,24583.887817382813,124297.97467041016,0,67221331968,8589930496,66951294976,4306132992
199,1724174743013,1268,1311,800,800,800,800,1920,800,857,894,884,867,1276,800,800,800,864,800,800,800,862,800,889,800,858,800,800,800,800,800,1265,800,0,0,42.105262756347656,0,0,0,0,0,0,0,0,0,0,0,0,0,0,0,0,0,0,0,0,0,0,0,0,0,0,0,0,0,0,24585.455200195313,124298.20727539063,0,67221331968,8589930496,66968064000,4294860800
200,1724174743213,1268,1311,800,800,800,800,1920,800,857,894,884,867,1276,800,800,800,864,800,800,800,862,800,889,800,858,800,800,800,800,800,1265,800,0,0,42.105262756347656,0,0,0,0,0,0,0,0,0,0,0,0,0,0,0,0,0,0,0,0,0,0,0,0,0,0,0,0,0,0,24589.90155029297,124301.302734375,0,67221331968,8589930496,66902781952,4372385792
199,1724174743413,1268,1311,800,800,800,800,1920,800,857,894,884,867,1276,800,800,800,864,800,800,800,862,800,889,800,858,800,800,800,800,800,1265,800,0,0,20.512821197509766,0,5.128205299377441,0,0,0,0,0,0,0,0,0,0,0,0,0,0,0,0,0,0,0,0,0,0,0,0,0,22.5,0,0,24591.37841796875,124301.46069335938,0,67221331968,8589930496,66911039488,4360327168
199,1724174743613,1268,1311,800,800,800,800,1920,800,857,894,884,867,1276,800,800,800,864,800,800,800,862,800,889,800,858,800,800,800,800,800,1265,800,0,0,30.000001907348633,0,0,0,0,0,0,0,0,0,0,0,0,0,0,0,0,0,0,0,0,0,0,0,0,0,0,0,0,0,0,24592.8251953125,124301.58178710938,0,67221331968,8589930496,66927554560,4346957824
200,1724174743813,1268,1311,800,800,800,800,1920,800,857,894,884,867,1276,800,800,800,864,800,800,800,862,800,889,800,858,800,800,800,800,800,1265,800,0,0,30.000001907348633,0,0,0,0,0,0,0,0,0,0,0,0,0,0,0,0,0,0,0,0,0,0,0,0,0,0,0,0,0,0,24598.44842529297,124305.81286621094,0,67221331968,8589930496,66935812096,4342501376
200,1724174744013,1268,1311,800,800,800,800,1920,800,857,894,884,867,1276,800,800,800,864,800,800,800,862,800,889,800,858,800,800,800,800,800,1265,800,0,0,94.87179565429688,0,0,0,0,0,0,0,0,2.4390242099761963,0,0,0,0,0,0,0,0,0,0,0,0,0,0,0,0,0,0,0,0,0,24605.80242919922,124311.74822998047,0,67221331968,8589930496,66935611392,4342501376
200,1724174744213,1268,1311,800,800,800,800,1920,800,857,894,884,867,1276,800,800,800,864,800,800,800,862,800,889,800,858,800,800,800,800,800,1265,800,0,0,61.904762268066406,0,0,0,0,0,0,0,0,0,0,0,0,0,0,0,0,0,0,0,0,0,0,0,0,0,0,0,0,0,0,24610.2998046875,124314.88586425781,0,67221331968,8589930496,66943840256,4327559168
199,1724174744413,1268,1311,800,800,800,800,1920,800,857,894,884,867,1276,800,800,800,864,800,800,800,862,800,889,800,858,800,800,800,800,800,1265,800,0,0,35.29411697387695,0,0,0,0,0,0,0,0,0,0,0,0,0,0,0,0,0,0,0,0,0,0,0,0,0,0,0,0,0,0,24611.941345214844,124315.20007324219,0,67221331968,8589930496,66968612864,4302917632
199,1724174744614,1268,1311,800,800,800,800,1920,800,857,894,884,867,1276,800,800,800,864,800,800,800,862,800,889,800,858,800,800,800,800,800,1265,800,0,0,31.57894515991211,0,20,0,0,0,0,0,0,0,0,0,0,0,0,0,0,0,0,0,0,0,0,0,0,0,0,0,5,0,0,24615.794799804688,124317.71600341797,0,67221331968,8589930496,66890719232,4371546112
199,1724174744814,1268,1311,800,800,800,800,1920,800,857,894,884,867,1276,800,800,800,864,800,800,800,862,800,889,800,858,800,800,800,800,800,1265,800,0,0,45,0,0,0,0,0,0,0,0,0,0,0,0,0,0,0,0,0,0,0,0,0,0,0,0,0,0,0,0,0,0,24617.285705566406,124317.87915039063,0,67221331968,8589930496,66915491840,4350836736
199,1724174745014,1268,1311,800,800,800,800,1920,800,857,894,884,867,1276,800,800,800,864,800,800,800,862,800,889,800,858,800,800,800,800,800,1265,800,0,0,33.333335876464844,0,0,0,0,0,0,0,0,0,0,0,0,0,0,0,0,0,0,0,0,0,0,0,0,0,0,0,0,0,0,24618.76690673828,124318.03430175781,0,67221331968,8589930496,66931449856,4330389504
199,1724174745214,1268,1311,800,800,800,800,1920,800,857,894,884,867,1276,800,800,800,864,800,800,800,862,800,889,800,858,800,800,800,800,800,1265,800,0,0,38.88888931274414,0,0,0,0,0,0,0,0,0,0,0,0,0,0,0,0,0,0,0,0,0,0,0,0,0,0,0,0,0,0,24620.243041992188,124318.18408203125,0,67221331968,8589930496,66948468736,4310466560
200,1724174745414,1268,1311,800,800,800,800,1920,800,857,894,884,867,1276,800,800,800,864,800,800,800,862,800,889,800,858,800,800,800,800,800,1265,800,0,0,38.88888931274414,0,0,0,0,0,0,0,0,0,0,0,0,0,0,0,0,0,0,0,0,0,0,0,0,0,0,0,0,0,0,24622.81884765625,124319.42706298828,0,67221331968,8589930496,66902810624,4357591040
200,1724174745614,1268,1311,800,800,800,800,1920,800,857,894,884,867,1276,800,800,800,864,800,800,800,862,800,889,800,858,800,800,800,800,800,1265,800,0,0,17.948719024658203,0,2.5,0,0,0,0,0,0,0,0,0,0,0,0,0,0,0,0,0,0,0,0,0,0,0,0,0,37.5,0,0,24627.071655273438,124322.33093261719,0,67221331968,8589930496,66824749056,4442849280
199,1724174745814,1268,1311,800,800,800,800,1920,800,857,894,884,867,1276,800,800,800,864,800,800,800,862,800,889,800,858,800,800,800,800,800,1265,800,0,0,0,0,0,0,0,0,0,0,0,0,0,0,0,0,0,0,0,0,0,0,0,0,0,0,0,0,0,0,47.619049072265625,0,0,24628.5703125,124322.50207519531,0,67221331968,8589930496,66841509888,4421615616
200,1724174746014,1268,1311,800,800,800,800,1920,800,857,894,884,867,1276,800,800,800,864,800,800,800,862,800,889,800,858,800,800,800,800,800,1265,800,0,0,0,0,0,0,0,0,0,0,0,0,0,0,0,0,0,0,0,0,0,0,0,0,0,0,0,0,0,0,47.619049072265625,0,0,24631.445739746094,124324.05407714844,0,67221331968,8589930496,66882498560,4378361856
200,1724174746214,1268,1311,800,800,800,800,1920,800,857,894,884,867,1276,800,800,800,864,800,800,800,862,800,889,800,858,800,800,800,800,800,1265,800,0,0,20,0,0,0,0,0,0,0,0,0,0,0,0,0,0,0,0,0,0,0,0,0,0,0,0,0,0,0,48.71794891357422,0,0,24638.34063720703,124329.5234375,0,67221331968,8589930496,66907271168,4360273920
200,1724174746415,1268,1311,800,800,800,800,1920,800,857,894,884,867,1276,800,800,800,864,800,800,800,862,800,889,800,858,800,800,800,800,800,1265,800,0,0,57.142860412597656,0,0,0,0,0,0,0,0,0,0,0,0,0,0,0,0,0,0,0,0,0,0,0,0,0,0,0,0,0,0,24644.420532226563,124334.26477050781,0,67221331968,8589930496,66956800000,4307845120
200,1724174746615,1268,1311,800,800,800,800,1920,800,857,894,884,867,1276,800,800,800,864,800,800,800,862,800,889,800,858,800,800,800,800,800,1265,800,0,0,42.105262756347656,0,0,0,0,0,0,0,0,0,0,0,0,0,0,0,0,0,0,0,0,0,0,0,0,0,0,0,42.105262756347656,0,0,24651.680053710938,124340.14807128906,0,67221331968,8589930496,66858438656,4400394240
200,1724174746815,1268,1311,800,800,800,800,1920,800,857,894,884,867,1276,800,800,800,864,800,800,800,862,800,889,800,858,800,800,800,800,800,1265,800,0,0,38.88888931274414,0,0,0,0,0,0,0,0,0,0,0,0,0,0,0,0,0,0,0,0,0,0,0,0,0,0,0,0,0,0,24654.92315673828,124342.03607177734,0,67221331968,8589930496,66877251584,4375752704
199,1724174747015,1268,1311,800,800,800,800,1920,800,857,894,884,867,1276,800,800,800,864,800,800,800,862,800,889,800,858,800,800,800,800,800,1265,800,0,0,42.85714340209961,0,0,0,0,0,0,0,0,0,0,0,0,0,0,0,0,0,0,0,0,0,0,0,0,0,0,0,4.761904716491699,0,0,24658.65069580078,124344.41186523438,0,67221331968,8589930496,66921635840,4331712512
199,1724174747215,1268,1311,800,800,800,800,1920,800,857,894,884,867,1276,800,800,800,864,800,800,800,862,800,889,800,858,800,800,800,800,800,1265,800,0,0,29.411766052246094,0,0,0,0,0,0,0,0,0,0,0,0,0,0,0,0,0,0,0,0,0,0,0,0,0,0,0,0,0,0,24661.76220703125,124346.1723022461,0,67221331968,8589930496,66965864448,4294750208
200,1724174747415,1268,1311,800,800,800,800,1920,800,857,894,884,867,1276,800,800,800,864,800,800,800,862,800,889,800,858,800,800,800,800,800,1265,800,0,0,40,0,0,0,0,0,0,0,0,0,0,0,0,0,0,0,0,0,0,0,0,0,0,0,0,0,0,0,42.105262756347656,0,0,24668.884216308594,124351.91021728516,0,67221331968,8589930496,66838994944,4426186752
200,1724174747615,1268,1311,800,800,800,800,1920,800,857,894,884,867,1276,800,800,800,864,800,800,800,862,800,889,800,858,800,800,800,800,800,1265,800,0,0,45,0,0,0,0,0,0,0,0,0,0,0,0,0,0,0,0,0,0,0,0,0,0,0,0,0,0,0,0,0,0,24674.493591308594,124356.16052246094,0,67221331968,8589930496,66896797696,4370874368
199,1724174747815,1268,1311,800,800,800,800,1920,800,857,894,884,867,1276,800,800,800,864,800,800,800,862,800,889,800,858,800,800,800,800,800,1265,800,0,0,50,0,0,0,0,0,0,0,0,0,0,0,0,0,0,0,0,0,0,0,0,0,0,0,0,0,0,0,0,0,0,24680.496520996094,124360.79345703125,0,67221331968,8589930496,66945568768,4318183424
200,1724174748015,1268,1311,800,800,800,800,1920,800,857,894,884,867,1276,800,800,800,864,800,800,800,862,800,889,800,858,800,800,800,800,800,1265,800,0,0,50,0,0,0,0,0,0,0,0,0,0,0,0,0,0,0,0,0,0,0,0,0,0,0,0,0,0,0,35,0,0,24687.42742919922,124366.36511230469,0,67221331968,8589930496,66881433600,4387860480
200,1724174748215,1268,1311,800,800,800,800,1920,800,857,894,884,867,1276,800,800,800,864,800,800,800,862,800,889,800,858,800,800,800,800,800,1265,800,0,0,45,0,0,0,0,0,0,0,0,0,0,0,0,0,0,0,0,0,0,0,0,0,0,0,0,0,0,0,0,0,0,24693.275512695313,124370.8724975586,0,67221331968,8589930496,66914406400,4356665344
199,1724174748416,1268,1311,800,800,800,800,1920,800,857,894,884,867,1276,800,800,800,864,800,800,800,862,800,889,800,858,800,800,800,800,800,1265,800,4.761904716491699,0,38.88888931274414,0,0,0,0,0,0,0,0,0,0,0,0,0,0,0,0,0,0,0,0,0,0,0,0,0,0,0,0,0,0,24696.443298339844,124372.7064819336,0,67221331968,8589930496,66955939840,4314460160
200,1724174748616,1268,1311,800,800,800,800,1920,800,857,894,884,867,1276,800,800,800,864,800,800,800,862,800,889,800,858,800,800,800,800,800,1265,800,0,0,38.88888931274414,0,0,0,0,0,0,0,0,0,0,0,0,0,0,0,0,0,0,0,0,0,0,0,0,0,0,0,40,0,0,24701.185302734375,124376.07427978516,0,67221331968,8589930496,66946867200,4319309824
200,1724174748816,1268,1311,800,800,800,800,1920,800,857,894,884,867,1276,800,800,800,864,800,800,800,862,800,889,800,858,800,800,800,800,800,1265,800,0,0,0,0,21.052631378173828,0,0,0,0,0,0,0,0,0,0,0,0,0,0,0,0,0,0,0,0,0,0,0,0,0,80,0,0,24708.994140625,124382.5092163086,0,67221331968,8589930496,66853744640,4414291968
200,1724174749016,1268,1311,800,800,800,800,1920,800,857,894,884,867,1276,800,800,800,864,800,800,800,862,800,889,800,858,800,800,800,800,800,1265,800,0,0,35,0,0,0,0,0,0,0,0,0,0,0,0,0,0,0,0,0,0,0,0,0,0,0,0,0,0,0,10,0,0,24710.908447265625,124383.08697509766,0,67221331968,8589930496,66886504448,4383096832
200,1724174749216,1268,1311,800,800,800,800,1920,800,857,894,884,867,1276,800,800,800,864,800,800,800,862,800,889,800,858,800,800,800,800,800,1265,800,0,0,0,0,0,0,0,0,0,0,0,0,0,0,0,0,0,0,0,0,0,0,0,0,0,0,0,0,0,0,44.4444465637207,0,0,24712.645874023438,124383.48937988281,0,67221331968,8589930496,66919534592,4349804544
200,1724174749416,1268,1311,800,800,800,800,1920,800,857,894,884,867,1276,800,800,800,864,800,800,800,862,800,889,800,858,800,800,800,800,800,1265,800,0,0,0,0,0,0,0,0,0,0,0,0,0,0,0,0,0,0,0,0,0,0,0,0,0,0,0,0,0,0,75,0,0,24719.213439941406,124388.67626953125,0,67221331968,8589930496,66944307200,4325687296
200,1724174749616,1268,1311,800,800,800,800,1920,800,857,894,884,867,1276,800,800,800,864,800,800,800,862,800,889,800,858,800,800,800,800,800,1265,800,0,0,0,0,0,0,0,0,0,0,0,0,0,0,0,0,0,0,0,0,0,0,0,0,0,0,0,0,0,0,100,0,0,24726.402709960938,124394.50451660156,0,67221331968,8589930496,66944307200,4325687296
200,1724174749816,1268,1311,800,800,800,800,1920,800,857,894,884,867,1276,800,800,800,864,800,800,800,862,800,889,800,858,800,800,800,800,800,1265,800,0,0,0,0,0,0,0,0,0,0,0,0,0,0,0,0,0,0,0,0,0,0,0,0,0,0,0,0,0,0,80,0,0,24733.384155273438,124400.10693359375,0,67221331968,8589930496,66952564736,4314677248
200,1724174750016,1268,1311,800,800,800,800,1920,800,857,894,884,867,1276,800,800,800,864,800,800,800,862,800,889,800,858,800,800,800,800,800,1265,800,0,0,0,0,0,0,0,0,0,0,0,0,0,0,0,0,0,0,0,0,0,0,0,0,0,0,0,0,0,0,33.333335876464844,0,0,24735.17803955078,124400.5673828125,0,67221331968,8589930496,66960822272,4304715776
199,1724174750217,1268,1311,800,800,800,800,1920,800,857,894,884,867,1276,800,800,800,864,800,800,800,862,800,889,800,858,800,800,800,800,800,1265,800,0,0,4.761904716491699,0,0,0,0,0,0,0,0,0,0,0,0,0,0,0,0,0,0,0,0,0,0,0,0,0,0,0,63.15789031982422,0,0,24740.132934570313,124404.1390991211,0,67221331968,8589930496,66972155904,4296937472
199,1724174750417,1268,1311,800,800,800,800,1920,800,857,894,884,867,1276,800,800,800,864,800,800,800,862,800,889,800,858,800,800,800,800,800,1265,800,0,0,30.000001907348633,0,9.523809432983398,0,0,0,0,0,0,0,0,0,0,0,0,0,0,0,0,0,0,0,0,0,0,0,0,0,20,0,0,24743.8984375,124406.5679321289,0,67221331968,8589930496,66847006720,4408999936
200,1724174750617,1268,1311,800,800,800,800,1920,800,857,894,884,867,1276,800,800,800,864,800,800,800,862,800,889,800,858,800,800,800,800,800,1265,800,0,0,30.000001907348633,0,9.523809432983398,0,0,0,0,0,0,0,0,0,0,0,0,0,0,0,0,0,0,0,0,0,0,0,0,0,20,0,0,24748.459716796875,124409.78002929688,0,67221331968,8589930496,66879766528,4380426240
200,1724174750817,1268,1311,800,800,800,800,1920,800,857,894,884,867,1276,800,800,800,864,800,800,800,862,800,889,800,858,800,800,800,800,800,1265,800,0,0,63.15789031982422,0,0,0,0,0,0,0,0,0,0,0,0,0,0,0,0,0,0,0,0,0,0,0,0,0,0,0,0,0,0,24755.401733398438,124415.34832763672,0,67221331968,8589930496,66912010240,4346871808
200,1724174751017,1268,1311,800,800,800,800,1920,800,857,894,884,867,1276,800,800,800,864,800,800,800,862,800,889,800,858,800,800,800,800,800,1265,800,0,0,45,0,0,0,0,0,0,0,0,0,0,0,0,0,0,0,0,0,0,0,0,0,0,0,0,0,0,0,0,0,0,24760.780395507813,124419.3871459961,0,67221331968,8589930496,66960523264,4297850880
200,1724174751217,1268,1311,800,800,800,800,1920,800,857,894,884,867,1276,800,800,800,864,800,800,800,862,800,889,800,858,800,800,800,800,800,1265,800,0,0,22.22222328186035,0,0,0,0,0,0,0,0,0,0,0,0,0,0,0,0,0,0,0,0,0,0,0,0,0,0,0,40,0,0,24764.79949951172,124422.06610107422,0,67221331968,8589930496,66782437376,4446183424
200,1724174751417,1268,1311,800,800,800,800,1920,800,857,894,884,867,1276,800,800,800,864,800,800,800,862,800,889,800,858,800,800,800,800,800,1265,800,0,0,65,0,10.526315689086914,0,0,0,0,0,0,0,0,0,0,0,0,0,0,0,0,0,0,0,0,0,0,0,0,0,0,0,0,24770.82012939453,124426.66711425781,0,67221331968,8589930496,66787213312,4441829376
199,1724174751617,1268,1311,800,800,800,800,1920,800,857,894,884,867,1276,800,800,800,864,800,800,800,862,800,889,800,858,800,800,800,800,800,1265,800,0,0,35,0,5.263157844543457,0,0,0,0,0,0,0,0,0,0,0,0,0,0,0,0,0,0,0,0,0,0,0,0,0,0,0,0,24774.070434570313,124428.55981445313,0,67221331968,8589930496,66794684416,4430557184
200,1724174751817,1268,1311,800,800,800,800,1920,800,857,894,884,867,1276,800,800,800,864,800,800,800,862,800,889,800,858,800,800,800,800,800,1265,800,0,0,35,0,5.263157844543457,0,0,0,0,0,0,0,0,0,0,0,0,0,0,0,0,0,0,0,0,0,0,0,0,0,0,0,0,24780.44921875,124433.53729248047,0,67221331968,8589930496,66795450368,4429246464
200,1724174752018,1268,1311,800,800,800,800,1920,800,857,894,884,867,1276,800,800,800,864,800,800,800,862,800,889,800,858,800,800,800,800,800,1265,800,0,0,0,0,0,0,0,0,0,0,0,0,0,0,0,0,0,0,0,0,0,0,0,0,0,0,0,0,0,0,94.87179565429688,0,0,24788.16229248047,124439.7978515625,0,67221331968,8589930496,66797256704,4427149312
200,1724174752218,1268,1311,800,800,800,800,1920,800,857,894,884,867,1276,800,800,800,864,800,800,800,862,800,889,800,858,800,800,800,800,800,1265,800,0,0,0,0,0,0,0,0,0,0,0,0,0,0,0,0,0,0,0,0,0,0,0,0,0,0,0,0,0,0,80,0,0,24795.05401611328,124445.27056884766,0,67221331968,8589930496,66826403840,4401983488
200,1724174752418,1268,1311,800,800,800,800,1920,800,857,894,884,867,1276,800,800,800,864,800,800,800,862,800,889,800,858,800,800,800,800,800,1265,800,0,0,0,0,0,0,0,0,0,0,0,0,0,0,0,0,0,0,0,0,0,0,0,0,0,0,0,0,0,0,50,0,0,24801.252197265625,124450.11224365234,0,67221331968,8589930496,66875949056,4354535424
200,1724174752618,1268,1311,800,800,800,800,1920,800,857,894,884,867,1276,800,800,800,864,800,800,800,862,800,889,800,858,800,800,800,800,800,1265,800,0,0,0,0,0,0,0,0,0,0,0,0,0,0,0,0,0,0,0,0,0,0,0,0,0,0,0,0,0,0,60.000003814697266,0,0,24807.476196289063,124454.97619628906,0,67221331968,8589930496,66917494784,4309446656
199,1724174752818,1268,1311,800,800,800,800,1920,800,857,894,884,867,1276,800,800,800,864,800,800,800,862,800,889,800,858,800,800,800,800,800,1265,800,0,0,0,0,0,0,0,0,0,0,0,0,0,0,0,0,0,0,0,0,0,0,0,0,0,0,0,0,0,0,63.15789031982422,0,0,24813.85906982422,124459.99102783203,0,67221331968,8589930496,66967040000,4294766592
200,1724174753018,1268,1311,800,800,800,800,1920,800,857,894,884,867,1276,800,800,800,864,800,800,800,862,800,889,800,858,800,800,800,800,800,1265,800,0,0,33.333335876464844,0,0,0,0,0,0,0,0,0,0,0,0,0,0,0,0,0,0,0,0,0,0,0,0,0,0,0,42.105262756347656,0,0,24821.31475830078,124466.06756591797,0,67221331968,8589930496,66860781568,4404027392
200,1724174753218,1268,1311,800,800,800,800,1920,800,857,894,884,867,1276,800,800,800,864,800,800,800,862,800,889,800,858,800,800,800,800,800,1265,800,0,0,0,0,0,0,0,0,0,0,0,0,0,0,0,0,0,0,0,0,0,0,0,0,0,0,0,0,0,0,66.66667175292969,0,0,24827.04132080078,124470.43090820313,0,67221331968,8589930496,66901798912,4360249344
200,1724174753418,1268,1311,800,800,800,800,1920,800,857,894,884,867,1276,800,800,800,864,800,800,800,862,800,889,800,858,800,800,800,800,800,1265,800,0,0,0,0,0,0,0,0,0,0,0,0,0,0,0,0,0,0,0,0,0,0,0,0,0,0,0,0,0,0,52.6315803527832,0,0,24832.683166503906,124474.71557617188,0,67221331968,8589930496,66958536704,4305985536
199,1724174753619,1268,1311,800,800,800,800,1920,800,857,894,884,867,1276,800,800,800,864,800,800,800,862,800,889,800,858,800,800,800,800,800,1265,800,0,0,63.15789031982422,0,0,0,0,0,0,0,0,0,0,0,0,0,0,0,0,0,0,0,0,0,0,0,0,0,0,0,52.6315803527832,0,0,24840.20684814453,124480.83874511719,0,67221331968,8589930496,66825093120,4356046848
200,1724174753818,1268,1311,800,800,800,800,1920,800,857,894,884,867,1276,800,800,800,864,800,800,800,862,800,889,800,858,800,800,800,800,800,1265,800,0,0,63.15789031982422,0,0,0,0,0,0,0,0,0,0,0,0,0,0,0,0,0,0,0,0,0,0,0,0,0,0,0,52.6315803527832,0,0,24848.257568359375,124487.49786376953,0,67221331968,8589930496,66881912832,4305453056
200,1724174754019,1268,1311,800,800,800,800,1920,800,857,894,884,867,1276,800,800,800,864,800,800,800,862,800,889,800,858,800,800,800,800,800,1265,800,0,0,29.268291473388672,0,0,0,0,0,0,0,0,0,0,0,0,0,0,0,0,0,0,0,0,0,0,0,0,0,0,0,80,0,0,24855.18310546875,124493.06909179688,0,67221331968,8589930496,66881904640,4300472320
200,1724174754219,1268,1311,800,800,800,800,1920,800,857,894,884,867,1276,800,800,800,864,800,800,800,862,800,889,800,858,800,800,800,800,800,1265,800,0,0,0,0,0,0,0,0,0,0,0,0,0,0,0,0,0,0,0,0,0,0,0,0,0,0,0,0,0,0,76.19047546386719,0,0,24861.774658203125,124498.30810546875,0,67221331968,8589930496,66914148352,4294705152
200,1724174754419,1268,1311,800,800,800,800,1920,800,857,894,884,867,1276,800,800,800,864,800,800,800,862,800,889,800,858,800,800,800,800,800,1265,800,0,0,0,0,0,0,0,0,0,0,0,0,0,0,0,0,0,0,0,0,0,0,0,0,0,0,0,0,0,0,73.68421173095703,0,0,24868.466369628906,124503.66815185547,0,67221331968,8589930496,66938658816,4294705152
200,1724174754619,1268,1311,800,800,800,800,1920,800,857,894,884,867,1276,800,800,800,864,800,800,800,862,800,889,800,858,800,800,800,800,800,1265,800,0,0,5,0,0,0,0,0,0,0,0,0,0,0,0,0,0,0,0,0,0,0,0,0,0,0,0,0,0,0,68.42105102539063,0,0,24875.097290039063,124508.96569824219,0,67221331968,8589930496,66968788992,4308537344
200,1724174754819,1268,1311,800,800,800,800,1920,800,857,894,884,867,1276,800,800,800,864,800,800,800,862,800,889,800,858,800,800,800,800,800,1265,800,0,0,50,0,0,0,0,0,0,0,0,0,0,0,0,0,0,0,0,0,0,0,0,0,0,0,0,0,0,0,68.42105102539063,0,0,24882.987670898438,124515.49908447266,0,67221331968,8589930496,66801557504,4463124480
199,1724174755019,1268,1311,800,800,800,800,1920,800,857,894,884,867,1276,800,800,800,864,800,800,800,862,800,889,800,858,800,800,800,800,800,1265,800,0,0,0,0,0,0,0,0,0,0,0,0,0,0,0,0,0,0,0,0,0,0,0,0,0,0,0,0,0,0,65,0,0,24889.78253173828,124520.9526977539,0,67221331968,8589930496,66846679040,4419346432
200,1724174755219,1268,1311,800,800,800,800,1920,800,857,894,884,867,1276,800,800,800,864,800,800,800,862,800,889,800,858,800,800,800,800,800,1265,800,0,0,0,0,0,0,0,0,0,0,0,0,0,0,0,0,0,0,0,0,0,0,0,0,0,0,0,0,0,0,80,0,0,24897.177185058594,124527.00927734375,0,67221331968,8589930496,66867056640,4401782784
199,1724174755419,1268,1311,800,800,800,800,1920,800,857,894,884,867,1276,800,800,800,864,800,800,800,862,800,889,800,858,800,800,800,800,800,1265,800,0,0,10,0,0,0,0,0,0,0,0,0,0,0,0,0,0,0,0,0,0,0,0,0,0,0,0,0,0,0,31.57894515991211,0,0,24899.37176513672,124527.86700439453,0,67221331968,8589930496,66916859904,4351975424
200,1724174755619,1268,1311,800,800,800,800,1920,800,857,894,884,867,1276,800,800,800,864,800,800,800,862,800,889,800,858,800,800,800,800,800,1265,800,0,0,38.88888931274414,0,0,0,0,0,0,0,0,0,0,0,0,0,0,0,0,0,0,0,0,0,0,0,0,0,0,0,0,0,0,24901.30517578125,124528.48406982422,0,67221331968,8589930496,66971648000,4300595200
200,1724174755820,1268,1311,800,800,800,800,1920,800,857,894,884,867,1276,800,800,800,864,800,800,800,862,800,889,800,858,800,800,800,800,800,1265,800,0,0,27.77777862548828,0,0,0,0,0,0,0,0,0,0,0,0,0,0,0,0,0,0,0,0,0,0,0,0,0,0,0,35,0,0,24905.887145996094,124531.71447753906,0,67221331968,8589930496,66853994496,4369276928
200,1724174756020,1268,1311,800,800,800,800,1920,800,857,894,884,867,1276,800,800,800,864,800,800,800,862,800,889,800,858,800,800,800,800,800,1265,800,0,0,42.105262756347656,0,0,0,0,0,0,0,0,0,0,0,0,0,0,0,0,0,0,0,0,0,0,0,0,0,0,0,0,0,0,24908.467346191406,124532.9765625,0,67221331968,8589930496,66895527936,4322091008
200,1724174756220,1268,1311,800,800,800,800,1920,800,857,894,884,867,1276,800,800,800,864,800,800,800,862,800,889,800,858,800,800,800,800,800,1265,800,0,0,52.6315803527832,0,0,0,0,0,0,0,0,0,0,0,0,0,0,0,0,0,0,0,0,0,0,0,0,0,0,0,0,0,0,24913.150390625,124536.3217163086,0,67221331968,8589930496,66936815616,4294828032
200,1724174756420,1268,1311,800,800,800,800,1920,800,857,894,884,867,1276,800,800,800,864,800,800,800,862,800,889,800,858,800,800,800,800,800,1265,800,0,0,33.333335876464844,0,0,0,0,0,0,0,0,0,0,0,0,0,0,0,0,0,0,0,0,0,0,0,0,0,0,0,20,0,0,24917.2861328125,124539.12487792969,0,67221331968,8589930496,66969067520,4294828032
200,1724174756620,1268,1311,800,800,800,800,1920,800,857,894,884,867,1276,800,800,800,864,800,800,800,862,800,889,800,858,800,800,800,800,800,1265,800,0,0,23.809524536132813,0,0,0,0,0,0,4.761904716491699,0,0,0,0,0,0,0,0,0,0,0,0,0,0,0,0,0,0,0,0,52.6315803527832,0,0,24923.857849121094,124544.35260009766,0,67221331968,8589930496,66927808512,4329611264
200,1724174756820,1268,1311,800,800,800,800,1920,800,857,894,884,867,1276,800,800,800,864,800,800,800,862,800,889,800,858,800,800,800,800,800,1265,800,0,0,30.000001907348633,0,0,0,0,0,0,0,0,0,0,0,0,0,0,0,0,0,0,0,0,0,0,0,0,0,0,0,42.105262756347656,0,0,24928.941955566406,124548.09051513672,0,67221331968,8589930496,66858024960,4388454400
200,1724174757020,1268,1311,800,800,800,800,1920,800,857,894,884,867,1276,800,800,800,864,800,800,800,862,800,889,800,858,800,800,800,800,800,1265,800,0,0,52.6315803527832,0,0,0,0,0,0,0,0,0,0,0,0,0,0,0,0,0,0,0,0,0,0,0,0,0,0,0,0,0,0,24931.848876953125,124549.65832519531,0,67221331968,8589930496,66899300352,4350181376
200,1724174757220,1268,1311,800,800,800,800,1920,800,857,894,884,867,1276,800,800,800,864,800,800,800,862,800,889,800,858,800,800,800,800,800,1265,800,0,0,85.71428680419922,0,0,0,0,0,0,0,0,0,0,0,0,0,0,0,0,0,0,0,0,0,0,0,0,0,0,0,0,0,0,24938.531188964844,124554.95629882813,0,67221331968,8589930496,66915815424,4330782720
200,1724174757420,1268,1311,800,800,800,800,1920,800,857,894,884,867,1276,800,800,800,864,800,800,800,862,800,889,800,858,800,800,800,800,800,1265,800,0,0,50,0,0,0,0,0,0,0,0,0,0,0,0,0,0,0,0,0,0,0,0,0,0,0,0,0,0,0,0,0,0,24944.13427734375,124559.20989990234,0,67221331968,8589930496,66973364224,4294868992
200,1724174757621,1268,1311,800,800,800,800,1920,800,857,894,884,867,1276,800,800,800,864,800,800,800,862,800,889,800,858,800,800,800,800,800,1265,800,0,0,35,0,28.571430206298828,0,0,0,0,0,0,0,0,0,0,0,0,0,0,0,0,0,0,0,0,0,0,0,0,0,35,0,0,24951.091369628906,124564.78533935547,0,67221331968,8589930496,66879332352,4382351360
200,1724174757821,1268,1311,800,800,800,800,1920,800,857,894,884,867,1276,800,800,800,864,800,800,800,862,800,889,800,858,800,800,800,800,800,1265,800,0,0,52.6315803527832,0,0,0,0,0,0,0,0,0,0,0,0,0,0,0,0,0,0,0,0,0,0,0,0,0,0,0,0,0,0,24956.514892578125,124568.86669921875,0,67221331968,8589930496,66937380864,4324941824
200,1724174758021,1268,1311,800,800,800,800,1920,800,857,894,884,867,1276,800,800,800,864,800,800,800,862,800,889,800,858,800,800,800,800,800,1265,800,0,0,38.095237731933594,0,0,0,0,0,0,0,0,0,0,0,0,0,0,0,0,0,0,0,0,0,0,0,0,0,0,0,30.000001907348633,0,0,24962.771240234375,124573.78210449219,0,67221331968,8589930496,66854621184,4413063168
200,1724174758221,1268,1311,800,800,800,800,1920,800,857,894,884,867,1276,800,800,800,864,800,800,800,862,800,889,800,858,800,800,800,800,800,1265,800,0,0,50,0,0,0,0,0,0,0,0,0,0,0,0,0,0,0,0,0,0,0,0,0,0,0,0,0,0,0,0,0,0,24967.577697753906,124577.2329711914,0,67221331968,8589930496,66912669696,4352770048
200,1724174758421,1268,1311,800,800,800,800,1920,800,857,894,884,867,1276,800,800,800,864,800,800,800,862,800,889,800,858,800,800,800,800,800,1265,800,0,0,45,0,0,0,0,0,0,0,0,0,0,0,0,0,0,0,0,0,0,0,0,0,0,0,0,0,0,0,15.000000953674316,0,0,24973.385192871094,124581.68957519531,0,67221331968,8589930496,66916016128,4349345792
200,1724174758621,1268,1311,800,800,800,800,1920,800,857,894,884,867,1276,800,800,800,864,800,800,800,862,800,889,800,858,800,800,800,800,800,1265,800,0,0,47.36842346191406,0,0,0,0,0,0,0,0,0,0,0,0,0,0,0,0,0,0,0,0,0,0,0,0,0,0,0,15.789472579956055,0,0,24979.576110839844,124586.5248413086,0,67221331968,8589930496,66917154816,4357324800
200,1724174758821,1268,1311,800,800,800,800,1920,800,857,894,884,867,1276,800,800,800,864,800,800,800,862,800,889,800,858,800,800,800,800,800,1265,800,0,0,47.36842346191406,0,0,0,0,0,0,0,0,0,0,0,0,0,0,0,0,0,0,0,0,0,0,0,0,0,0,0,0,0,0,24985.630981445313,124591.22857666016,0,67221331968,8589930496,66974908416,4297555968
200,1724174759021,1268,1311,800,800,800,800,1920,800,857,894,884,867,1276,800,800,800,864,800,800,800,862,800,889,800,858,800,800,800,800,800,1265,800,0,0,52.38095474243164,0,0,0,0,0,0,0,0,0,0,0,0,0,0,0,0,0,0,0,0,0,0,0,0,0,0,0,40,0,0,24992.649353027344,124596.87426757813,0,67221331968,8589930496,66881323008,4393156608
200,1724174759221,1268,1311,800,800,800,800,1920,800,857,894,884,867,1276,800,800,800,864,800,800,800,862,800,889,800,858,800,800,800,800,800,1265,800,0,0,72.22222137451172,0,0,0,0,0,0,0,0,0,0,0,0,0,0,0,0,0,0,0,0,0,0,0,0,0,0,0,15.000000953674316,0,0,24999.807678222656,124602.64733886719,0,67221331968,8589930496,66869600256,4403236864
200,1724174759422,1268,1311,800,800,800,800,1920,800,857,894,884,867,1276,800,800,800,864,800,800,800,862,800,889,800,858,800,800,800,800,800,1265,800,0,0,55.55555725097656,0,0,0,0,0,0,0,0,0,0,0,0,0,0,0,0,0,0,0,0,0,0,0,0,0,0,0,0,0,0,25006.136352539063,124607.58868408203,0,67221331968,8589930496,66927648768,4346089472
200,1724174759622,1268,1311,800,800,800,800,1920,800,857,894,884,867,1276,800,800,800,864,800,800,800,862,800,889,800,858,800,800,800,800,800,1265,800,0,0,47.619049072265625,0,10.526315689086914,0,0,0,0,0,0,0,0,0,0,0,0,0,0,0,0,0,0,0,0,0,0,0,0,0,0,0,0,25011.44158935547,124611.54150390625,0,67221331968,8589930496,66968420352,4297854976
200,1724174759822,1268,1311,800,800,800,800,1920,800,857,894,884,867,1276,800,800,800,864,800,800,800,862,800,889,800,858,800,800,800,800,800,1265,800,0,0,47.36842346191406,0,0,0,0,0,0,0,0,0,0,0,0,0,0,0,0,0,0,0,0,0,0,0,0,0,0,0,30.000001907348633,0,0,25018.536987304688,124617.28271484375,0,67221331968,8589930496,66916413440,4354351104
200,1724174760022,1268,1311,800,800,800,800,1920,800,857,894,884,867,1276,800,800,800,864,800,800,800,862,800,889,800,858,800,800,800,800,800,1265,800,0,0,38.88888931274414,0,0,0,0,0,0,0,0,0,0,0,0,0,0,0,0,0,0,0,0,0,0,0,0,0,0,0,15.000000953674316,0,0,25024.324157714844,124621.70709228516,0,67221331968,8589930496,66932846592,4343304192
200,1724174760222,1268,1311,800,800,800,800,1920,800,857,894,884,867,1276,800,800,800,864,800,800,800,862,800,889,800,858,800,800,800,800,800,1265,800,0,0,42.105262756347656,0,0,0,0,0,0,0,0,0,0,0,0,0,0,0,0,0,0,0,0,0,0,0,0,0,0,0,38.095237731933594,0,0,25030.844787597656,124626.88897705078,0,67221331968,8589930496,66899812352,4381896704
200,1724174760422,1268,1311,800,800,800,800,1920,800,857,894,884,867,1276,800,800,800,864,800,800,800,862,800,889,800,858,800,800,800,800,800,1265,800,0,0,45,0,0,0,0,0,0,0,0,0,0,0,0,0,0,0,0,0,0,0,0,0,0,0,0,0,0,0,10,0,0,25036.375122070313,124631.0816040039,0,67221331968,8589930496,66929733632,4351037440
200,1724174760622,1268,1311,800,800,800,800,1920,800,857,894,884,867,1276,800,800,800,864,800,800,800,862,800,889,800,858,800,800,800,800,800,1265,800,0,0,33.333335876464844,0,0,0,0,0,0,0,0,0,0,0,0,0,0,0,0,0,0,0,0,0,0,0,0,0,0,0,45,0,0,25042.673278808594,124636.025390625,0,67221331968,8589930496,66869604352,4410576896
200,1724174760822,1268,1311,800,800,800,800,1920,800,857,894,884,867,1276,800,800,800,864,800,800,800,862,800,889,800,858,800,800,800,800,800,1265,800,0,0,40,0,0,0,0,0,0,0,0,0,0,0,0,0,0,0,0,0,0,0,0,0,0,0,0,0,0,0,10,0,0,25046.28204345703,124638.29699707031,0,67221331968,8589930496,66897596416,4380696576
200,1724174761022,1268,1311,800,800,800,800,1920,800,857,894,884,867,1276,800,800,800,864,800,800,800,862,800,889,800,858,800,800,800,800,800,1265,800,0,0,35.29411697387695,0,0,0,0,0,0,0,0,0,0,0,0,0,0,0,0,0,0,0,0,0,0,0,0,0,0,0,5,0,0,25048.73956298828,124639.42663574219,0,67221331968,8589930496,66965966848,4313989120
200,1724174761223,1268,1311,800,800,800,800,1920,800,857,894,884,867,1276,800,800,800,864,800,800,800,862,800,889,800,858,800,800,800,800,800,1265,800,0,0,52.6315803527832,0,5,0,0,0,0,0,0,0,0,0,0,0,0,0,0,0,0,0,0,0,0,0,0,0,0,0,45,0,0,25054.893432617188,124644.20513916016,0,67221331968,8589930496,66910486528,4359561216
200,1724174761423,1268,1311,800,800,800,800,1920,800,857,894,884,867,1276,800,800,800,864,800,800,800,862,800,889,800,858,800,800,800,800,800,1265,800,0,0,75,0,50,0,0,0,0,0,0,0,0,0,0,0,0,0,0,0,0,0,0,0,0,0,0,0,0,0,5.263157844543457,0,0,25063.152465820313,124651.05731201172,0,67221331968,8589930496,66913222656,4349419520
200,1724174761623,1268,1311,800,800,800,800,1920,800,857,894,884,867,1276,800,800,800,864,800,800,800,862,800,889,800,858,800,800,800,800,800,1265,800,0,0,0,0,0,0,0,0,0,0,0,0,0,0,0,0,0,0,0,0,0,0,0,0,0,0,0,0,0,0,61.904762268066406,0,0,25069.277221679688,124655.84478759766,0,67221331968,8589930496,66956263424,4311408640
200,1724174761823,1268,1311,800,800,800,800,1920,800,857,894,884,867,1276,800,800,800,864,800,800,800,862,800,889,800,858,800,800,800,800,800,1265,800,0,0,45,0,0,0,0,0,0,0,0,0,0,0,0,0,0,0,0,0,0,0,0,0,0,0,0,0,0,0,80,0,0,25076.82586669922,124662.02746582031,0,67221331968,8589930496,66917265408,4339261440
200,1724174762023,1268,1311,800,800,800,800,1920,800,857,894,884,867,1276,800,800,800,864,800,800,800,862,800,889,800,858,800,800,800,800,800,1265,800,0,0,35,0,0,0,0,0,0,0,0,0,0,0,0,0,0,0,0,0,0,0,0,0,0,0,0,0,0,0,66.66667175292969,0,0,25084.32244873047,124668.1728515625,0,67221331968,8589930496,66912145408,4337967104
200,1724174762223,1268,1311,800,800,800,800,1920,800,857,894,884,867,1276,800,800,800,864,800,800,800,862,800,889,800,858,800,800,800,800,800,1265,800,0,0,45,0,0,0,0,0,0,0,0,0,0,0,0,0,0,0,0,0,0,0,0,0,0,0,0,0,0,0,55.55555725097656,0,0,25091.98992919922,124674.48944091797,0,67221331968,8589930496,66814050304,4421574656
200,1724174762423,1268,1311,800,800,800,800,1920,800,857,894,884,867,1276,800,800,800,864,800,800,800,862,800,889,800,858,800,800,800,800,800,1265,800,0,0,65,0,0,0,0,0,0,0,0,0,0,0,0,0,0,0,0,0,0,0,0,0,0,0,0,0,0,0,0,0,0,25098.340942382813,124679.50714111328,0,67221331968,8589930496,66855305216,4381466624
200,1724174762623,1268,1311,800,800,800,800,1920,800,857,894,884,867,1276,800,800,800,864,800,800,800,862,800,889,800,858,800,800,800,800,800,1265,800,0,0,73.68421173095703,0,0,0,0,0,0,0,0,0,0,0,0,0,0,0,0,0,0,0,0,0,0,0,0,0,0,0,0,0,0,25104.511352539063,124684.3442993164,0,67221331968,8589930496,66896560128,4342407168
200,1724174762823,1268,1311,800,800,800,800,1920,800,857,894,884,867,1276,800,800,800,864,800,800,800,862,800,889,800,858,800,800,800,800,800,1265,800,0,0,60.000003814697266,0,0,0,0,0,0,0,0,0,0,0,0,0,0,0,0,0,0,0,0,0,0,0,0,0,0,0,0,0,0,25110.544555664063,124689.04028320313,0,67221331968,8589930496,66946351104,4294959104
200,1724174763023,1268,1311,800,800,800,800,1920,800,857,894,884,867,1276,800,800,800,864,800,800,800,862,800,889,800,858,800,800,800,800,800,1265,800,0,0,57.894737243652344,0,0,0,0,0,0,0,0,0,0,0,0,0,0,0,0,0,0,0,0,0,0,0,0,0,0,0,33.333335876464844,0,0,25117.774353027344,124694.90258789063,0,67221331968,8589930496,66944626688,4314525696
200,1724174763224,1268,1311,800,800,800,800,1920,800,857,894,884,867,1276,800,800,800,864,800,800,800,862,800,889,800,858,800,800,800,800,800,1265,800,0,0,47.619049072265625,0,0,0,0,0,0,0,0,0,0,0,0,0,0,0,0,0,0,0,0,0,0,0,0,0,0,0,47.36842346191406,0,0,25125.34814453125,124701.1148071289,0,67221331968,8589930496,66857627648,4397522944
200,1724174763424,1268,1311,800,800,800,800,1920,800,857,894,884,867,1276,800,800,800,864,800,800,800,862,800,889,800,858,800,800,800,800,800,1265,800,0,0,47.36842346191406,0,0,0,0,0,0,0,0,0,0,0,0,0,0,0,0,0,0,0,0,0,0,0,0,0,0,0,10,0,0,25131.18389892578,124705.60095214844,0,67221331968,8589930496,66884710400,4362498048
200,1724174763624,1268,1311,800,800,800,800,1920,800,857,894,884,867,1276,800,800,800,864,800,800,800,862,800,889,800,858,800,800,800,800,800,1265,800,0,0,45,0,0,0,0,0,0,0,0,0,0,0,0,0,0,0,0,0,0,0,0,0,0,0,0,0,0,0,0,0,0,25137.032165527344,124710.08795166016,0,67221331968,8589930496,66951016448,4296699904
200,1724174763824,1268,1311,800,800,800,800,1920,800,857,894,884,867,1276,800,800,800,864,800,800,800,862,800,889,800,858,800,800,800,800,800,1265,800,0,0,36.842105865478516,0,0,0,4.761904716491699,0,0,0,0,0,0,0,0,0,0,0,0,0,0,0,0,0,0,0,0,0,0,0,52.38095474243164,0,0,25144.341857910156,124716.02587890625,0,67221331968,8589930496,66901950464,4362866688
200,1724174764024,1268,1311,800,800,800,800,1920,800,857,894,884,867,1276,800,800,800,864,800,800,800,862,800,889,800,858,800,800,800,800,800,1265,800,0,0,40,0,0,0,0,0,0,0,0,0,0,0,0,0,0,0,0,0,0,0,0,0,0,0,0,0,0,0,21.052631378173828,5,0,25149.741943359375,124720.07489013672,0,67221331968,8589930496,66888421376,4339265536
200,1724174764224,1268,1311,800,800,800,800,1920,800,857,894,884,867,1276,800,800,800,864,800,800,800,862,800,889,800,858,800,800,800,800,800,1265,800,0,0,40,0,0,0,0,0,0,0,0,0,0,0,0,0,0,0,0,0,0,0,0,0,0,0,0,0,0,0,0,0,0,25154.76141357422,124723.75885009766,0,67221331968,8589930496,66954481664,4294963200
200,1724174764424,1268,1311,800,800,800,800,1920,800,857,894,884,867,1276,800,800,800,864,800,800,800,862,800,889,800,858,800,800,800,800,800,1265,800,25,0,11.111111640930176,0,0,0,0,0,0,0,0,0,0,0,0,0,0,0,0,0,0,0,0,0,0,0,0,0,0,0,0,26.3157901763916,0,25160.31329345703,124727.95056152344,0,67221331968,8589930496,66812149760,4323094528
200,1724174764624,1268,1311,800,800,800,800,1920,800,857,894,884,867,1276,800,800,800,864,800,800,800,862,800,889,800,858,800,800,800,800,800,1265,800,0,0,0,0,0,0,0,0,0,0,0,0,0,0,4.761904716491699,0,0,0,0,0,0,0,0,0,0,0,0,0,0,0,50,0,0,25164.24884033203,124730.5463256836,0,67221331968,8589930496,66869153792,4294782976
200,1724174764825,1268,1311,800,800,800,800,1920,800,857,894,884,867,1276,800,800,800,864,800,800,800,862,800,889,800,858,800,800,800,800,800,1265,800,0,0,0,0,0,0,0,0,0,0,0,0,0,0,0,0,0,0,0,0,0,0,0,0,0,0,0,0,0,0,50,0,0,25169.99737548828,124734.9638671875,0,67221331968,8589930496,66926956544,4294782976
200,1724174765025,1268,1311,800,800,800,800,1920,800,857,894,884,867,1276,800,800,800,864,800,800,800,862,800,889,800,858,800,800,800,800,800,1265,800,0,0,14.285715103149414,0,0,0,0,0,0,0,0,0,0,0,0,0,0,0,0,0,0,0,0,0,0,0,0,0,0,0,50,0,0,25174.33349609375,124737.953125,0,67221331968,8589930496,66777903104,4349894656
200,1724174765225,1268,1311,800,800,800,800,1920,800,857,894,884,867,1276,800,800,800,864,800,800,800,862,800,889,800,858,800,800,800,800,800,1265,800,0,0,42.105262756347656,0,0,0,0,0,0,0,0,0,0,0,0,0,0,0,0,0,0,0,0,0,0,0,0,0,0,0,0,0,0,25177.597595214844,124739.87384033203,0,67221331968,8589930496,66843926528,4294844416
199,1724174765425,1268,1311,800,800,800,800,1920,800,857,894,884,867,1276,800,800,800,864,800,800,800,862,800,889,800,858,800,800,800,800,800,1265,800,0,0,36.842105865478516,0,0,0,0,0,0,0,0,0,0,0,0,0,0,0,0,0,0,0,0,0,0,0,0,0,0,0,0,0,0,25179.682189941406,124740.62243652344,0,67221331968,8589930496,66909962240,4294844416
200,1724174765625,1268,1311,800,800,800,800,1920,800,857,894,884,867,1276,800,800,800,864,800,800,800,862,800,889,800,858,800,800,800,800,800,1265,800,0,0,42.105262756347656,0,0,0,0,0,0,0,0,0,0,0,0,0,0,0,0,0,0,0,0,0,0,0,0,0,0,0,0,0,0,25181.969177246094,124741.57635498047,0,67221331968,8589930496,66967998464,4295106560
200,1724174765825,1268,1311,800,800,800,800,1920,800,857,894,884,867,1276,800,800,800,864,800,800,800,862,800,889,800,858,800,800,800,800,800,1265,800,0,0,38.88888931274414,0,0,0,0,0,0,0,0,0,0,0,0,0,0,0,0,0,0,0,0,0,0,0,0,0,0,0,19.047618865966797,0,0,25186.793823242188,124745.05517578125,0,67221331968,8589930496,66837405696,4294938624
200,1724174766025,1268,1311,800,800,800,800,1920,800,857,894,884,867,1276,800,800,800,864,800,800,800,862,800,889,800,858,800,800,800,800,800,1265,800,0,0,52.6315803527832,0,0,0,0,0,0,0,0,0,0,0,0,0,0,0,0,0,0,0,0,0,0,0,0,0,0,0,0,0,0,25192.849853515625,124749.7671508789,0,67221331968,8589930496,66894581760,4294938624
200,1724174766225,1268,1311,800,800,800,800,1920,800,857,894,884,867,1276,800,800,800,864,800,800,800,862,800,889,800,858,800,800,800,800,800,1265,800,0,0,50,0,0,0,0,0,0,0,0,0,0,0,0,0,0,0,0,0,0,0,0,0,0,0,0,0,0,0,0,0,0,25198.937072753906,124754.501953125,0,67221331968,8589930496,66961059840,4294938624
200,1724174766425,1268,1311,800,800,800,800,1920,800,857,894,884,867,1276,800,800,800,864,800,800,800,862,800,889,800,858,800,800,800,800,800,1265,800,0,0,45,0,0,0,0,0,0,0,0,0,0,0,0,0,0,0,0,0,0,0,0,0,0,0,0,0,0,0,20,0,0,25205.49969482422,124759.71124267578,0,67221331968,8589930496,66807279616,4299001856
200,1724174766626,1268,1311,800,800,800,800,1920,800,857,894,884,867,1276,800,800,800,864,800,800,800,862,800,889,800,858,800,800,800,800,800,1265,800,0,0,50,0,0,0,0,0,0,0,0,0,0,0,0,0,0,0,0,0,0,0,0,0,0,0,0,0,0,0,0,0,0,25211.330200195313,124764.19885253906,0,67221331968,8589930496,66873585664,4294807552
200,1724174766826,1268,1311,800,800,800,800,1920,800,857,894,884,867,1276,800,800,800,864,800,800,800,862,800,889,800,858,800,800,800,800,800,1265,800,0,0,42.105262756347656,0,0,0,0,0,0,0,0,0,0,0,0,0,0,0,0,0,0,0,0,0,0,0,0,0,0,0,0,0,0,25214.815307617188,124766.3433227539,0,67221331968,8589930496,66937131008,4294807552
200,1724174767026,1268,1311,800,800,800,800,1920,800,857,894,884,867,1276,800,800,800,864,800,800,800,862,800,889,800,858,800,800,800,800,800,1265,800,0,0,31.57894515991211,0,0,0,0,0,0,0,0,0,0,0,0,0,0,0,0,0,0,0,0,0,0,0,0,0,0,0,35,0,0,25219.151794433594,124769.33795166016,0,67221331968,8589930496,66790281216,4446633984
200,1724174767226,1268,1311,800,800,800,800,1920,800,857,894,884,867,1276,800,800,800,864,800,800,800,862,800,889,800,858,800,800,800,800,800,1265,800,0,0,40,0,0,0,0,0,0,0,0,0,0,0,0,0,0,0,0,0,0,0,0,0,0,0,0,0,0,0,0,0,0,25222.341674804688,124771.1767578125,0,67221331968,8589930496,66839384064,4395515904
200,1724174767426,1268,1311,800,800,800,800,1920,800,857,894,884,867,1276,800,800,800,864,800,800,800,862,800,889,800,858,800,800,800,800,800,1265,800,0,0,47.619049072265625,0,0,0,0,0,0,0,0,0,0,0,0,0,0,0,0,0,0,0,0,0,0,0,0,0,0,0,0,0,0,25227.098693847656,124774.60150146484,0,67221331968,8589930496,66888912896,4347019264
200,1724174767626,1268,1311,800,800,800,800,1920,800,857,894,884,867,1276,800,800,800,864,800,800,800,862,800,889,800,858,800,800,800,800,800,1265,800,0,0,45,0,0,0,0,0,0,0,0,0,0,0,0,0,0,0,0,0,0,0,0,0,0,0,0,0,0,0,0,0,0,25232.237426757813,124778.40270996094,0,67221331968,8589930496,66938458112,4297998336
200,1724174767826,1268,1311,800,800,800,800,1920,800,857,894,884,867,1276,800,800,800,864,800,800,800,862,800,889,800,858,800,800,800,800,800,1265,800,0,0,38.88888931274414,0,0,0,0,0,0,0,0,0,0,0,0,0,0,0,0,0,0,0,0,0,0,0,0,0,0,0,25,0,0,25238.720764160156,124783.52606201172,0,67221331968,8589930496,66873679872,4394102784
200,1724174768026,1268,1311,800,800,800,800,1920,800,857,894,884,867,1276,800,800,800,864,800,800,800,862,800,889,800,858,800,800,800,800,800,1265,800,0,0,50,0,0,0,0,0,0,0,0,0,0,0,0,0,0,0,0,0,0,0,0,0,0,0,0,0,0,0,15.000000953674316,0,0,25245.4775390625,124788.9208984375,0,67221331968,8589930496,66832945152,4425392128
200,1724174768226,1268,1311,800,800,800,800,1920,800,857,894,884,867,1276,800,800,800,864,800,800,800,862,800,889,800,858,800,800,800,800,800,1265,800,0,0,47.36842346191406,0,0,0,0,0,0,0,0,0,0,0,0,0,0,0,0,0,0,0,0,0,0,0,0,0,0,0,0,0,0,25251.59442138672,124793.68493652344,0,67221331968,8589930496,66888712192,4367720448
200,1724174768427,1268,1311,800,800,800,800,1920,800,857,894,884,867,1276,800,800,800,864,800,800,800,862,800,889,800,858,800,800,800,800,800,1265,800,0,0,45,0,0,0,0,0,0,0,0,0,0,0,0,0,0,0,0,0,0,0,0,0,0,0,0,0,0,0,0,0,0,25256.345764160156,124797.09460449219,0,67221331968,8589930496,66938257408,4317913088
200,1724174768627,1268,1311,800,800,800,800,1920,800,857,894,884,867,1276,800,800,800,864,800,800,800,862,800,889,800,858,800,800,800,800,800,1265,800,0,0,42.85714340209961,0,0,0,0,0,0,0,0,0,0,0,0,0,0,0,0,0,0,0,0,0,0,0,0,0,0,0,30.000001907348633,0,0,25262.109313964844,124801.5,0,67221331968,8589930496,66831650816,4437852160
200,1724174768827,1268,1311,800,800,800,800,1920,800,857,894,884,867,1276,800,800,800,864,800,800,800,862,800,889,800,858,800,800,800,800,800,1265,800,0,0,52.6315803527832,0,0,0,0,0,0,0,0,0,0,0,0,0,0,0,0,0,0,0,0,0,0,0,0,0,0,0,5,0,0,25268.38592529297,124806.40991210938,0,67221331968,8589930496,66842501120,4393058304
200,1724174769027,1268,1311,800,800,800,800,1920,800,857,894,884,867,1276,800,800,800,864,800,800,800,862,800,889,800,858,800,800,800,800,800,1265,800,0,0,42.105262756347656,0,0,0,0,0,0,0,0,0,0,0,0,0,0,0,0,0,0,0,0,0,0,0,0,0,0,0,0,0,0,25271.686889648438,124808.37316894531,0,67221331968,8589930496,66891505664,4349280256
200,1724174769227,1268,1311,800,800,800,800,1920,800,857,894,884,867,1276,800,800,800,864,800,800,800,862,800,889,800,858,800,800,800,800,800,1265,800,0,0,0,0,0,0,0,0,0,0,0,4.761904716491699,0,0,0,0,0,0,0,0,0,0,0,0,0,0,0,0,0,0,47.36842346191406,0,0,25275.522033691406,124810.875,0,67221331968,8589930496,66939691008,4302618624
200,1724174769427,1268,1311,800,800,800,800,1920,800,857,894,884,867,1276,800,800,800,864,800,800,800,862,800,889,800,858,800,800,800,800,800,1265,800,0,0,40,0,0,0,0,0,0,0,0,0,0,0,0,0,0,0,0,0,0,0,0,0,0,0,0,0,0,0,36.842105865478516,0,0,25282.32110595703,124816.32110595703,0,67221331968,8589930496,66770808832,4483387392
200,1724174769627,1268,1311,800,800,800,800,1920,800,857,894,884,867,1276,800,800,800,864,800,800,800,862,800,889,800,858,800,800,800,800,800,1265,800,0,0,0,0,0,0,0,0,0,0,0,0,0,0,0,0,0,0,0,0,0,0,0,0,0,0,0,0,0,0,47.36842346191406,0,0,25286.02557373047,124818.69512939453,0,67221331968,8589930496,66820313088,4435677184
199,1724174769827,1268,1311,800,800,800,800,1920,800,857,894,884,867,1276,800,800,800,864,800,800,800,862,800,889,800,858,800,800,800,800,800,1265,800,0,0,30.000001907348633,0,0,0,0,0,0,0,0,0,0,0,0,0,0,0,0,0,0,0,0,0,0,0,0,0,0,0,14.285715103149414,0,0,25288.312072753906,124819.65399169922,0,67221331968,8589930496,66853330944,4409987072
200,1724174770027,1268,1311,800,800,800,800,1920,800,857,894,884,867,1276,800,800,800,864,800,800,800,862,800,889,800,858,800,800,800,800,800,1265,800,0,0,30.000001907348633,0,0,0,0,0,0,0,0,0,0,0,0,0,0,0,0,0,0,0,0,0,0,0,0,0,0,0,14.285715103149414,0,0,25290.204650878906,124820.21673583984,0,67221331968,8589930496,66876555264,4376432640
200,1724174770227,1268,1311,800,800,800,800,1920,800,857,894,884,867,1276,800,800,800,864,800,800,800,862,800,889,800,858,800,800,800,800,800,1265,800,0,0,10.256410598754883,0,0,0,0,0,0,0,0,0,0,0,0,0,0,0,0,0,0,0,0,0,0,0,0,0,0,0,38.46154022216797,0,0,25293.378845214844,124822.05651855469,0,67221331968,8589930496,66926100480,4331343872
199,1724174770427,1268,1311,800,800,800,800,1920,800,857,894,884,867,1276,800,800,800,864,800,800,800,862,800,889,800,858,800,800,800,800,800,1265,800,0,0,0,0,0,0,0,0,0,0,0,0,0,0,0,0,0,0,0,0,0,0,0,0,0,0,0,0,0,0,61.904762268066406,0,0,25299.75701904297,124827.07000732422,0,67221331968,8589930496,66959130624,4297265152
200,1724174770628,1268,1311,800,800,800,800,1920,800,857,894,884,867,1276,800,800,800,864,800,800,800,862,800,889,800,858,800,800,800,800,800,1265,800,0,0,40,0,0,0,0,0,0,0,0,0,0,0,0,0,0,0,0,0,0,0,0,0,0,0,0,0,0,0,50,0,0,25307.1630859375,124833.095703125,0,67221331968,8589930496,66795048960,4470415360
200,1724174770828,1268,1311,800,800,800,800,1920,800,857,894,884,867,1276,800,800,800,864,800,800,800,862,800,889,800,858,800,800,800,800,800,1265,800,0,0,0,0,5.263157844543457,0,0,0,0,0,0,0,0,0,0,0,0,0,0,0,0,0,0,0,0,0,0,0,0,0,52.6315803527832,0,0,25313.528381347656,124838.10327148438,0,67221331968,8589930496,66859859968,4413792256
200,1724174771028,1268,1311,800,800,800,800,1920,800,857,894,884,867,1276,800,800,800,864,800,800,800,862,800,889,800,858,800,800,800,800,800,1265,800,0,0,0,0,0,0,0,0,0,0,0,0,0,0,0,0,0,0,0,0,0,0,0,0,0,0,0,0,0,0,55,0,0,25319.602783203125,124842.82794189453,0,67221331968,8589930496,66908225536,4363984896
200,1724174771228,1268,1311,800,800,800,800,1920,800,857,894,884,867,1276,800,800,800,864,800,800,800,862,800,889,800,858,800,800,800,800,800,1265,800,0,0,42.85714340209961,0,0,0,0,0,0,0,0,0,0,0,0,0,0,0,0,0,0,0,0,0,0,0,0,0,0,0,10.526315689086914,0,0,25325.160400390625,124847.02130126953,0,67221331968,8589930496,66958446592,4312866816
200,1724174771428,1268,1311,800,800,800,800,1920,800,857,894,884,867,1276,800,800,800,864,800,800,800,862,800,889,800,858,800,800,800,800,800,1265,800,0,0,30.000001907348633,0,0,0,0,0,0,0,0,0,0,0,0,0,0,0,0,0,0,0,0,0,0,0,0,0,0,0,50,0,0,25332.350830078125,124852.84271240234,0,67221331968,8589930496,66794237952,4468150272
200,1724174771628,1268,1311,800,800,800,800,1920,800,857,894,884,867,1276,800,800,800,864,800,800,800,862,800,889,800,858,800,800,800,800,800,1265,800,0,0,0,0,0,0,0,0,0,0,0,0,0,0,0,0,0,0,0,0,0,0,0,0,0,0,0,0,0,0,52.6315803527832,0,0,25338.50909423828,124857.65026855469,0,67221331968,8589930496,66843795456,4418867200
200,1724174771828,1268,1311,800,800,800,800,1920,800,857,894,884,867,1276,800,800,800,864,800,800,800,862,800,889,800,858,800,800,800,800,800,1265,800,0,0,0,0,0,0,0,0,0,0,0,0,0,0,0,0,0,0,0,0,0,0,0,0,0,0,0,0,0,0,55,0,0,25344.257568359375,124862.04174804688,0,67221331968,8589930496,66900574208,4366176256
200,1724174772028,1268,1311,800,800,800,800,1920,800,857,894,884,867,1276,800,800,800,864,800,800,800,862,800,889,800,858,800,800,800,800,800,1265,800,0,0,35,0,0,0,0,0,0,0,0,0,0,0,0,0,0,0,0,0,0,0,0,0,0,0,0,0,0,0,15.000000953674316,0,0,25349.314697265625,124865.7455444336,0,67221331968,8589930496,66957983744,4311388160
200,1724174772228,1268,1311,800,800,800,800,1920,800,857,894,884,867,1276,800,800,800,864,800,800,800,862,800,889,800,858,800,800,800,800,800,1265,800,0,0,61.11111068725586,0,0,0,0,0,0,0,0,0,0,0,0,0,0,0,0,0,0,0,0,0,0,0,0,0,0,0,40,0,0,25357.008911132813,124872.05969238281,0,67221331968,8589930496,66796044288,4455784448
200,1724174772428,1268,1311,800,800,800,800,1920,800,857,894,884,867,1276,800,800,800,864,800,800,800,862,800,889,800,858,800,800,800,800,800,1265,800,0,0,57.142860412597656,0,10,0,0,0,0,0,0,0,0,0,0,0,0,0,0,0,0,0,0,0,0,0,0,0,0,0,0,0,0,25363.401794433594,124877.09252929688,0,67221331968,8589930496,66845577216,4404928512
199,1724174772629,1268,1311,800,800,800,800,1920,800,857,894,884,867,1276,800,800,800,864,800,800,800,862,800,889,800,858,800,800,800,800,800,1265,800,0,0,36.842105865478516,0,0,0,0,0,0,0,0,0,0,0,0,0,0,0,0,0,0,0,0,0,0,0,0,0,0,0,0,0,0,25368.167358398438,124880.52111816406,0,67221331968,8589930496,66886619136,4362723328
200,1724174772829,1268,1311,800,800,800,800,1920,800,857,894,884,867,1276,800,800,800,864,800,800,800,862,800,889,800,858,800,800,800,800,800,1265,800,0,0,36.842105865478516,0,0,0,0,0,0,0,0,0,0,0,0,0,0,0,0,0,0,0,0,0,0,0,0,0,0,0,0,0,0,25374.127502441406,124885.04266357422,0,67221331968,8589930496,66894020608,4355907584
200,1724174773029,1268,1311,800,800,800,800,1920,800,857,894,884,867,1276,800,800,800,864,800,800,800,862,800,889,800,858,800,800,800,800,800,1265,800,0,0,87.17948913574219,0,0,0,0,0,0,0,0,0,0,0,0,0,0,0,0,0,0,0,0,0,0,0,0,0,0,0,0,0,0,25382.181396484375,124891.59466552734,0,67221331968,8589930496,66893598720,4355907584
199,1724174773229,1268,1311,800,800,800,800,1920,800,857,894,884,867,1276,800,800,800,864,800,800,800,862,800,889,800,858,800,800,800,800,800,1265,800,0,0,60.000003814697266,0,9.523809432983398,0,0,0,0,0,0,0,0,0,0,0,0,0,0,0,0,0,0,0,0,0,0,0,0,0,0,0,0,25387.703552246094,124895.69659423828,0,67221331968,8589930496,66901856256,4348043264
199,1724174773429,1268,1311,800,800,800,800,1920,800,857,894,884,867,1276,800,800,800,864,800,800,800,862,800,889,800,858,800,800,800,800,800,1265,800,0,0,5,0,22.22222328186035,0,0,0,0,0,0,0,0,0,0,0,0,0,0,0,0,0,0,0,0,0,0,0,0,0,0,0,0,25389.17657470703,124895.84405517578,0,67221331968,8589930496,66918113280,4334936064
199,1724174773629,1268,1311,800,800,800,800,1920,800,857,894,884,867,1276,800,800,800,864,800,800,800,862,800,889,800,858,800,800,800,800,800,1265,800,0,0,27.77777862548828,0,0,0,0,0,0,0,0,0,0,0,0,0,0,0,0,0,0,0,0,0,0,0,0,0,0,0,0,0,0,25390.662475585938,124896.00408935547,0,67221331968,8589930496,66934132736,4321566720
199,1724174773829,1268,1311,800,800,800,800,1920,800,857,894,884,867,1276,800,800,800,864,800,800,800,862,800,889,800,858,800,800,800,800,800,1265,800,0,0,22.22222328186035,0,10,0,0,0,0,0,0,0,0,0,0,0,0,0,0,0,0,0,0,0,0,0,0,0,0,0,0,0,0,25392.126098632813,124896.14331054688,0,67221331968,8589930496,66942390272,4307935232
199,1724174774029,1268,1311,800,800,800,800,1920,800,857,894,884,867,1276,800,800,800,864,800,800,800,862,800,889,800,858,800,800,800,800,800,1265,800,0,0,21.052631378173828,0,5.555555820465088,0,0,0,0,0,0,0,0,0,0,0,0,0,0,0,0,0,0,0,0,0,0,0,0,0,0,0,0,25393.58465576172,124896.2763671875,0,67221331968,8589930496,66958749696,4294828032
199,1724174774229,1268,1311,800,800,800,800,1920,800,857,894,884,867,1276,800,800,800,864,800,800,800,862,800,889,800,858,800,800,800,800,800,1265,800,0,0,0,0,27.77777862548828,0,0,0,0,0,0,0,0,0,0,0,0,0,0,0,0,0,0,0,0,0,0,0,0,0,0,0,0,25395.040771484375,124896.40600585938,0,67221331968,8589930496,66967007232,4294828032
199,1724174774430,1268,1311,800,800,800,800,1920,800,857,894,884,867,1276,800,800,800,864,800,800,800,862,800,889,800,858,800,800,800,800,800,1265,800,0,0,40,0,25,0,0,0,0,0,0,0,0,0,0,0,0,0,0,0,0,0,0,0,0,0,0,0,0,0,0,0,0,25399.47088623047,124899.48419189453,0,67221331968,8589930496,66775617536,4469612544
199,1724174774630,1268,1311,800,800,800,800,1920,800,857,894,884,867,1276,800,800,800,864,800,800,800,862,800,889,800,858,800,800,800,800,800,1265,800,0,0,0,0,27.77777862548828,0,0,0,0,0,0,0,0,0,4.761904716491699,0,0,0,0,0,0,0,0,0,0,0,0,0,0,0,0,0,0,25400.93048095703,124899.62451171875,0,67221331968,8589930496,66792132608,4456243200
199,1724174774830,1268,1311,800,800,800,800,1920,800,857,894,884,867,1276,800,800,800,864,800,800,800,862,800,889,800,858,800,800,800,800,800,1265,800,0,0,0,0,27.77777862548828,0,0,0,0,0,0,0,0,0,0,0,0,0,0,0,0,0,0,0,0,0,0,0,0,0,0,0,0,25402.400817871094,124899.76123046875,0,67221331968,8589930496,66800390144,4442611712
199,1724174775030,1268,1311,800,800,800,800,1920,800,857,894,884,867,1276,800,800,800,864,800,800,800,862,800,889,800,858,800,800,800,800,800,1265,800,0,0,0,0,33.333335876464844,0,0,0,0,0,0,0,0,0,0,0,0,0,0,0,0,0,0,0,0,0,0,0,0,0,0,0,0,25403.848754882813,124899.88555908203,0,67221331968,8589930496,66815893504,4428980224
199,1724174775230,1268,1311,800,800,800,800,1920,800,857,894,884,867,1276,800,800,800,864,800,800,800,862,800,889,800,858,800,800,800,800,800,1265,800,0,0,0,0,27.77777862548828,0,0,0,0,0,0,0,0,0,0,0,0,0,0,0,0,0,0,0,0,0,0,0,0,0,0,0,0,25405.33331298828,124900.04412841797,0,67221331968,8589930496,66832408576,4415086592
199,1724174775430,1268,1311,800,800,800,800,1920,800,857,894,884,867,1276,800,800,800,864,800,800,800,862,800,889,800,858,800,800,800,800,800,1265,800,0,0,0,0,36.842105865478516,0,0,0,0,0,0,0,0,0,0,0,0,0,0,0,0,0,0,0,0,0,0,0,0,0,0,0,0,25406.80255126953,124900.18756103516,0,67221331968,8589930496,66840666112,4400930816
200,1724174775630,1268,1311,800,800,800,800,1920,800,857,894,884,867,1276,800,800,800,864,800,800,800,862,800,889,800,858,800,800,800,800,800,1265,800,0,0,0,0,36.842105865478516,0,0,0,0,0,0,0,0,0,0,0,0,0,0,0,0,0,0,0,0,0,0,0,0,0,0,0,0,25410.28839111328,124902.34442138672,0,67221331968,8589930496,66881953792,4362657792
199,1724174775830,1268,1311,800,800,800,800,1920,800,857,894,884,867,1276,800,800,800,864,800,800,800,862,800,889,800,858,800,800,800,800,800,1265,800,0,0,0,0,27.77777862548828,0,0,0,0,0,0,0,0,0,0,0,0,0,0,0,0,0,0,0,0,0,0,0,0,0,0,0,0,25414.680725097656,124905.40350341797,0,67221331968,8589930496,66931499008,4312588288
199,1724174776030,1268,1311,800,800,800,800,1920,800,857,894,884,867,1276,800,800,800,864,800,800,800,862,800,889,800,858,800,800,800,800,800,1265,800,0,0,0,0,33.333335876464844,0,0,0,0,0,0,0,0,0,0,0,0,0,0,0,0,0,0,0,0,0,0,0,0,0,0,0,0,25416.172973632813,124905.57104492188,0,67221331968,8589930496,66947387392,4296073216
200,1724174776230,1268,1311,800,800,800,800,1920,800,857,894,884,867,1276,800,800,800,864,800,800,800,862,800,889,800,858,800,800,800,800,800,1265,800,0,0,0,0,33.333335876464844,0,0,0,0,0,0,0,0,0,0,0,0,0,0,0,0,0,0,0,0,0,0,0,0,0,0,0,0,25421.65789794922,124909.70501708984,0,67221331968,8589930496,66777628672,4461187072
199,1724174776431,1268,1311,800,800,800,800,1920,800,857,894,884,867,1276,800,800,800,864,800,800,800,862,800,889,800,858,800,800,800,800,800,1265,800,0,0,22.5,0,28.205129623413086,0,0,0,0,0,0,0,0,0,0,0,0,0,0,0,0,0,0,0,0,0,0,0,0,0,0,0,0,25426.270629882813,124912.97271728516,0,67221331968,8589930496,66822787072,4422127616
199,1724174776631,1268,1311,800,800,800,800,1920,800,857,894,884,867,1276,800,800,800,864,800,800,800,862,800,889,800,858,800,800,800,800,800,1265,800,0,0,36.842105865478516,0,0,0,0,0,0,0,0,0,0,0,0,0,0,0,0,0,0,0,0,0,0,0,0,0,0,0,0,0,0,25427.843383789063,124913.20770263672,0,67221331968,8589930496,66835173376,4412428288
200,1724174776831,1268,1311,800,800,800,800,1920,800,857,894,884,867,1276,800,800,800,864,800,800,800,862,800,889,800,858,800,800,800,800,800,1265,800,0,0,36.842105865478516,0,0,0,0,0,0,0,0,0,0,0,0,0,0,0,0,0,0,0,0,0,0,0,0,0,0,0,0,0,0,25430.403381347656,124914.42932128906,0,67221331968,8589930496,66851688448,4400107520
200,1724174777031,1268,1311,800,800,800,800,1920,800,857,894,884,867,1276,800,800,800,864,800,800,800,862,800,889,800,858,800,800,800,800,800,1265,800,0,0,71.05262756347656,0,0,0,0,0,0,0,0,0,0,0,0,0,0,0,0,0,0,0,0,0,0,0,0,0,0,0,0,0,0,25438.10858154297,124920.68365478516,0,67221331968,8589930496,66851041280,4397486080
199,1724174777231,1268,1311,800,800,800,800,1920,800,857,894,884,867,1276,800,800,800,864,800,800,800,862,800,889,800,858,800,800,800,800,800,1265,800,0,0,61.904762268066406,0,0,0,0,0,0,0,0,0,0,0,0,0,0,0,0,0,0,0,0,0,0,0,0,0,0,0,0,0,0,25443.272033691406,124924.44287109375,0,67221331968,8589930496,66859298816,4391981056
199,1724174777431,1268,1311,800,800,800,800,1920,800,857,894,884,867,1276,800,800,800,864,800,800,800,862,800,889,800,858,800,800,800,800,800,1265,800,0,0,23.52941131591797,0,0,0,0,0,0,0,0,0,0,0,0,0,0,0,0,0,0,0,0,0,0,0,0,0,0,0,0,0,0,25444.734436035156,124924.58166503906,0,67221331968,8589930496,66867556352,4382543872
199,1724174777631,1268,1311,800,800,800,800,1920,800,857,894,884,867,1276,800,800,800,864,800,800,800,862,800,889,800,858,800,800,800,800,800,1265,800,0,0,33.333335876464844,0,0,0,0,0,0,0,0,0,0,0,0,0,0,0,0,0,0,0,0,0,0,0,0,0,0,0,4.761904716491699,0,0,25446.196350097656,124924.7182006836,0,67221331968,8589930496,66875813888,4371009536
199,1724174777831,1268,1311,800,800,800,800,1920,800,857,894,884,867,1276,800,800,800,864,800,800,800,862,800,889,800,858,800,800,800,800,800,1265,800,0,0,38.88888931274414,0,0,0,0,0,0,0,0,0,0,0,0,0,0,0,0,0,0,0,0,0,0,0,0,0,0,0,0,0,0,25447.668823242188,124924.86682128906,0,67221331968,8589930496,66892328960,4358950912
199,1724174778031,1268,1311,800,800,800,800,1920,800,857,894,884,867,1276,800,800,800,864,800,800,800,862,800,889,800,858,800,800,800,800,800,1265,800,0,0,38.88888931274414,0,0,0,0,0,0,0,0,0,0,0,0,0,0,0,0,0,0,0,0,0,0,0,0,0,0,0,0,0,0,25449.145874023438,124925.01824951172,0,67221331968,8589930496,66900410368,4346892288
199,1724174778231,1268,1311,800,800,800,800,1920,800,857,894,884,867,1276,800,800,800,864,800,800,800,862,800,889,800,858,800,800,800,800,800,1265,800,0,0,31.57894515991211,0,0,0,0,0,0,0,0,0,0,0,0,0,0,0,0,0,0,0,0,0,0,0,0,0,0,0,0,0,0,25450.59246826172,124925.13983154297,0,67221331968,8589930496,66908667904,4334309376
199,1724174778431,1268,1311,800,800,800,800,1920,800,857,894,884,867,1276,800,800,800,864,800,800,800,862,800,889,800,858,800,800,800,800,800,1265,800,0,0,16.666667938232422,0,5.263157844543457,0,0,0,0,0,0,0,0,0,0,0,0,0,0,0,0,0,0,0,0,0,0,0,0,0,0,0,0,25452.048767089844,124925.27136230469,0,67221331968,8589930496,66925699072,4321464320
199,1724174778632,1268,1311,800,800,800,800,1920,800,857,894,884,867,1276,800,800,800,864,800,800,800,862,800,889,800,858,800,800,800,800,800,1265,800,0,0,0,0,27.77777862548828,0,0,0,0,0,0,0,0,0,0,0,0,0,0,0,0,0,0,0,0,0,0,0,0,0,0,0,0,25453.50616455078,124925.39764404297,0,67221331968,8589930496,66933956608,4308881408
199,1724174778832,1268,1311,800,800,800,800,1920,800,857,894,884,867,1276,800,800,800,864,800,800,800,862,800,889,800,858,800,800,800,800,800,1265,800,0,0,29.411766052246094,0,0,0,0,0,0,0,0,0,0,0,0,0,0,0,0,0,0,0,0,0,0,0,0,0,0,0,0,0,0,25454.957275390625,124925.52429199219,0,67221331968,8589930496,66941349888,4296036352
199,1724174779032,1268,1311,800,800,800,800,1920,800,857,894,884,867,1276,800,800,800,864,800,800,800,862,800,889,800,858,800,800,800,800,800,1265,800,0,0,26.3157901763916,0,0,0,0,0,0,0,0,0,0,0,0,0,0,0,0,0,0,0,0,0,0,0,0,0,0,0,0,0,0,25456.40185546875,124925.6430053711,0,67221331968,8589930496,66957709312,4294725632
200,1724174779232,1268,1311,800,800,800,800,1920,800,857,894,884,867,1276,800,800,800,864,800,800,800,862,800,889,800,858,800,800,800,800,800,1265,800,0,0,26.3157901763916,0,0,0,0,0,0,0,0,0,0,0,0,0,0,0,0,0,0,0,0,0,0,0,0,0,0,0,0,0,0,25460.228149414063,124928.1357421875,0,67221331968,8589930496,66803544064,4455526400
199,1724174779432,1268,1311,800,800,800,800,1920,800,857,894,884,867,1276,800,800,800,864,800,800,800,862,800,889,800,858,800,800,800,800,800,1265,800,0,0,26.3157901763916,0,0,0,0,0,0,0,0,0,0,0,0,0,0,0,0,0,0,0,0,0,0,0,0,0,0,0,18.421052932739258,0,0,25462.438537597656,124929.01123046875,0,67221331968,8589930496,66787352576,4474163200
199,1724174779632,1268,1311,800,800,800,800,1920,800,857,894,884,867,1276,800,800,800,864,800,800,800,862,800,889,800,858,800,800,800,800,800,1265,800,0,0,27.77777862548828,0,0,0,0,0,0,0,0,0,0,0,0,0,0,0,0,0,0,0,0,0,0,0,0,0,0,0,0,0,0,25463.893920898438,124929.14129638672,0,67221331968,8589930496,66795610112,4461318144
200,1724174779832,1268,1311,800,800,800,800,1920,800,857,894,884,867,1276,800,800,800,864,800,800,800,862,800,889,800,858,800,800,800,800,800,1265,800,0,0,27.77777862548828,0,0,0,0,0,0,0,0,0,0,0,0,0,0,0,0,0,0,0,0,0,0,0,0,0,0,0,0,0,0,25467.022583007813,124930.94958496094,0,67221331968,8589930496,66828640256,4430123008
200,1724174780032,1268,1311,800,800,800,800,1920,800,857,894,884,867,1276,800,800,800,864,800,800,800,862,800,889,800,858,800,800,800,800,800,1265,800,0,0,29.7297306060791,0,0,0,0,0,0,0,0,0,0,0,0,0,0,0,0,0,0,0,0,0,0,0,0,0,0,0,0,0,0,25470.58575439453,124933.17974853516,0,67221331968,8589930496,66861481984,4398665728
199,1724174780232,1268,1311,800,800,800,800,1920,800,857,894,884,867,1276,800,800,800,864,800,800,800,862,800,889,800,858,800,800,800,800,800,1265,800,0,0,11.764705657958984,0,0,0,0,0,0,0,0,0,0,0,0,0,0,0,0,0,0,0,0,0,0,0,0,0,0,0,0,0,0,25472.767822265625,124934.0355834961,0,67221331968,8589930496,66877997056,4383985664
199,1724174780433,1268,1311,800,800,800,800,1920,800,857,894,884,867,1276,800,800,800,864,800,800,800,862,800,889,800,858,800,800,800,800,800,1265,800,0,0,30.000001907348633,0,0,0,0,0,0,0,0,0,0,0,0,0,0,0,0,0,0,0,0,0,0,0,0,0,0,0,0,0,0,25474.216735839844,124934.15423583984,0,67221331968,8589930496,66886254592,4372713472
199,1724174780633,1268,1311,800,800,800,800,1920,800,857,894,884,867,1276,800,800,800,864,800,800,800,862,800,889,800,858,800,800,800,800,800,1265,800,4.761904716491699,0,22.22222328186035,0,0,0,0,0,0,0,0,0,0,0,0,0,0,0,0,0,0,0,0,0,0,0,0,0,0,0,0,0,0,25475.673950195313,124934.28582763672,0,67221331968,8589930496,66894520320,4361441280
200,1724174780833,1268,1311,800,800,800,800,1920,800,857,894,884,867,1276,800,800,800,864,800,800,800,862,800,889,800,858,800,800,800,800,800,1265,800,4.761904716491699,0,22.22222328186035,0,0,0,0,0,0,0,0,0,0,0,0,0,0,0,0,0,0,0,0,0,0,0,0,0,0,0,0,0,0,25477.945434570313,124935.23596191406,0,67221331968,8589930496,66926518272,4335751168
199,1724174781033,1268,1311,800,800,800,800,1920,800,857,894,884,867,1276,800,800,800,864,800,800,800,862,800,889,800,858,800,800,800,800,800,1265,800,0,0,15.789472579956055,0,11.111111640930176,0,0,0,0,0,0,0,0,0,0,0,0,0,0,0,0,0,0,0,0,0,0,0,0,0,0,0,0,25482.43780517578,124938.3939819336,0,67221331968,8589930496,66958266368,4296953856
200,1724174781233,1268,1311,800,800,800,800,1920,800,857,894,884,867,1276,800,800,800,864,800,800,800,862,800,889,800,858,800,800,800,800,800,1265,800,0,0,0,0,45,0,0,0,0,0,0,0,0,0,0,0,0,0,0,0,0,0,0,0,0,0,0,0,0,0,40,0,0,25487.404418945313,124941.99578857422,0,67221331968,8589930496,66797223936,4465278976
200,1724174781433,1268,1311,800,800,800,800,1920,800,857,894,884,867,1276,800,800,800,864,800,800,800,862,800,889,800,858,800,800,800,800,800,1265,800,0,0,0,0,5,0,0,0,0,0,0,0,0,0,0,0,0,0,0,0,0,0,0,0,0,0,0,0,0,0,85.71428680419922,0,0,25494.666442871094,124947.86450195313,0,67221331968,8589930496,66773098496,4488724480
200,1724174781633,1268,1311,800,800,800,800,1920,800,857,894,884,867,1276,800,800,800,864,800,800,800,862,800,889,800,858,800,800,800,800,800,1265,800,0,0,0,0,0,0,0,0,0,0,0,0,0,0,0,0,0,0,0,0,0,0,0,0,0,0,0,0,0,0,40,0,0,25496.3193359375,124948.18292236328,0,67221331968,8589930496,66787549184,4480860160
199,1724174781833,1268,1311,800,800,800,800,1920,800,857,894,884,867,1276,800,800,800,864,800,800,800,862,800,889,800,858,800,800,800,800,800,1265,800,0,0,0,0,0,0,0,0,0,0,0,0,0,0,0,0,0,0,0,0,0,0,0,0,0,0,0,0,0,0,29.411766052246094,0,0,25497.78515625,124948.3236694336,0,67221331968,8589930496,66795806720,4471422976
199,1724174782033,1268,1311,800,800,800,800,1920,800,857,894,884,867,1276,800,800,800,864,800,800,800,862,800,889,800,858,800,800,800,800,800,1265,800,0,0,0,0,0,0,0,0,0,0,0,0,0,0,0,0,0,0,0,0,0,0,0,0,0,0,0,0,0,0,36.842105865478516,0,0,25499.258728027344,124948.46954345703,0,67221331968,8589930496,66804047872,4460937216
199,1724174782233,1268,1311,800,800,800,800,1920,800,857,894,884,867,1276,800,800,800,864,800,800,800,862,800,889,800,858,800,800,800,800,800,1265,800,0,0,0,0,0,0,0,0,0,0,0,0,0,0,0,0,0,0,0,0,0,0,0,0,0,0,0,0,0,0,36.842105865478516,0,0,25500.83123779297,124948.7138671875,0,67221331968,8589930496,66820562944,4445470720
199,1724174782433,1268,1311,800,800,800,800,1920,800,857,894,884,867,1276,800,800,800,864,800,800,800,862,800,889,800,858,800,800,800,800,800,1265,800,0,0,28.571430206298828,0,4.761904716491699,0,0,0,0,0,0,0,0,0,0,0,0,0,0,0,0,0,0,0,0,0,0,0,0,0,20,0,0,25504.8056640625,124951.35089111328,0,67221331968,8589930496,66845335552,4418207744
200,1724174782633,1268,1311,800,800,800,800,1920,800,857,894,884,867,1276,800,800,800,864,800,800,800,862,800,889,800,858,800,800,800,800,800,1265,800,0,0,28.571430206298828,0,4.761904716491699,0,0,0,0,0,0,0,0,0,0,0,0,0,0,0,0,0,0,0,0,0,0,0,0,0,20,0,0,25512.08172607422,124957.14422607422,0,67221331968,8589930496,66845335552,4417159168
200,1724174782834,1268,1311,800,800,800,800,1920,800,857,894,884,867,1276,800,800,800,864,800,800,800,862,800,889,800,858,800,800,800,800,800,1265,800,0,0,0,0,0,0,0,0,0,0,0,0,0,0,0,0,0,0,0,0,0,0,0,0,0,0,0,0,0,0,82.5,0,0,25518.223022460938,124961.85375976563,0,67221331968,8589930496,66853593088,4412964864
200,1724174783034,1268,1311,800,800,800,800,1920,800,857,894,884,867,1276,800,800,800,864,800,800,800,862,800,889,800,858,800,800,800,800,800,1265,800,0,0,0,0,0,0,0,0,0,0,0,0,0,0,0,0,0,0,0,0,0,0,0,0,0,0,0,0,0,0,57.894737243652344,0,0,25523.359375,124965.591796875,0,67221331968,8589930496,66861850624,4398546944
200,1724174783234,1268,1311,800,800,800,800,1920,800,857,894,884,867,1276,800,800,800,864,800,800,800,862,800,889,800,858,800,800,800,800,800,1265,800,0,0,0,0,0,0,0,0,0,0,0,0,0,0,0,0,0,0,0,0,0,0,0,0,0,0,0,0,0,0,75,0,0,25530.465454101563,124971.28631591797,0,67221331968,8589930496,66870108160,4395401216
199,1724174783434,1268,1311,800,800,800,800,1920,800,857,894,884,867,1276,800,800,800,864,800,800,800,862,800,889,800,858,800,800,800,800,800,1265,800,4.761904716491699,0,0,0,0,0,0,0,0,0,0,0,0,0,0,0,0,0,0,0,0,0,0,0,0,0,0,0,0,0,35,0,0,25533.545471191406,124973.02307128906,0,67221331968,8589930496,66878365696,4384915456
199,1724174783634,1268,1311,800,800,800,800,1920,800,857,894,884,867,1276,800,800,800,864,800,800,800,862,800,889,800,858,800,800,800,800,800,1265,800,0,0,0,0,0,0,0,0,0,0,0,0,0,0,0,0,0,0,0,0,0,0,0,0,0,0,0,0,0,0,18.75,0,0,25534.988403320313,124973.1416015625,0,67221331968,8589930496,66886623232,4373381120
200,1724174783834,1268,1311,800,800,800,800,1920,800,857,894,884,867,1276,800,800,800,864,800,800,800,862,800,889,800,858,800,800,800,800,800,1265,800,0,0,0,0,0,0,0,0,0,0,0,0,0,0,0,0,0,0,0,0,0,0,0,0,0,0,0,0,0,0,18.75,0,0,25541.00701904297,124977.83117675781,0,67221331968,8589930496,66886623232,4372856832
199,1724174784034,1268,1311,800,800,800,800,1920,800,857,894,884,867,1276,800,800,800,864,800,800,800,862,800,889,800,858,800,800,800,800,800,1265,800,0,0,5.128205299377441,0,0,0,0,0,0,0,0,0,0,0,0,0,0,0,0,0,0,0,0,0,0,0,0,0,0,0,60.000003814697266,0,0,25543.806579589844,124979.3051147461,0,67221331968,8589930496,66894880768,4364992512
199,1724174784234,1268,1311,800,800,800,800,1920,800,857,894,884,867,1276,800,800,800,864,800,800,800,862,800,889,800,858,800,800,800,800,800,1265,800,0,0,36.842105865478516,0,0,0,0,0,0,0,0,0,0,0,0,0,0,0,0,0,0,0,0,0,0,0,0,0,0,0,0,0,0,25545.23651123047,124979.41241455078,0,67221331968,8589930496,66903138304,4356079616
199,1724174784435,1268,1311,800,800,800,800,1920,800,857,894,884,867,1276,800,800,800,864,800,800,800,862,800,889,800,858,800,800,800,800,800,1265,800,0,0,19.047618865966797,0,0,0,0,0,0,0,0,0,0,0,0,0,0,0,0,0,0,0,0,0,0,0,0,0,0,0,16.666667938232422,0,0,25546.686645507813,124979.53692626953,0,67221331968,8589930496,66919653376,4345593856
199,1724174784635,1268,1311,800,800,800,800,1920,800,857,894,884,867,1276,800,800,800,864,800,800,800,862,800,889,800,858,800,800,800,800,800,1265,800,0,0,0,0,0,0,0,0,0,0,0,0,0,0,0,0,0,0,0,0,0,0,0,0,0,0,0,0,0,0,42.105262756347656,0,0,25548.127807617188,124979.65478515625,0,67221331968,8589930496,66927910912,4335108096
200,1724174784835,1268,1311,800,800,800,800,1920,800,857,894,884,867,1276,800,800,800,864,800,800,800,862,800,889,800,858,800,800,800,800,800,1265,800,0,0,0,0,0,0,0,0,0,0,0,0,0,0,0,0,0,0,0,0,0,0,0,0,0,0,0,0,0,0,42.105262756347656,0,0,25552.204711914063,124982.40600585938,0,67221331968,8589930496,66960941056,4304175104
200,1724174785035,1268,1311,800,800,800,800,1920,800,857,894,884,867,1276,800,800,800,864,800,800,800,862,800,889,800,858,800,800,800,800,800,1265,800,0,0,7.500000476837158,0,0,0,0,0,0,0,0,0,0,0,0,0,0,0,0,0,0,0,0,0,0,0,0,0,0,0,35.135135650634766,0,0,25556.560424804688,124985.42608642578,0,67221331968,8589930496,66915102720,4348600320
199,1724174785235,1268,1311,800,800,800,800,1920,800,857,894,884,867,1276,800,800,800,864,800,800,800,862,800,889,800,858,800,800,800,800,800,1265,800,0,0,17.647058486938477,0,0,0,0,0,0,0,0,0,0,0,0,0,0,0,0,0,0,0,0,0,0,0,0,0,0,0,31.57894515991211,0,0,25562.33721923828,124989.84637451172,0,67221331968,8589930496,66810691584,4442243072
199,1724174785435,1268,1311,800,800,800,800,1920,800,857,894,884,867,1276,800,800,800,864,800,800,800,862,800,889,800,858,800,800,800,800,800,1265,800,0,0,10,0,0,0,0,0,0,0,0,0,0,0,0,0,0,0,0,0,0,0,0,0,0,0,0,0,0,0,38.095237731933594,0,0,25564.691162109375,124990.85522460938,0,67221331968,8589930496,66868236288,4389027840
199,1724174785635,1268,1311,800,800,800,800,1920,800,857,894,884,867,1276,800,800,800,864,800,800,800,862,800,889,800,858,800,800,800,800,800,1265,800,0,0,10,0,0,0,0,0,0,0,0,0,0,0,0,0,0,0,0,0,0,0,0,0,0,0,0,0,0,0,38.095237731933594,0,0,25566.85711669922,124991.69805908203,0,67221331968,8589930496,66917781504,4337385472
200,1724174785835,1268,1311,800,800,800,800,1920,800,857,894,884,867,1276,800,800,800,864,800,800,800,862,800,889,800,858,800,800,800,800,800,1265,800,0,0,47.5,0,0,0,0,0,0,0,0,0,0,0,0,0,0,0,0,0,0,0,0,0,0,0,0,0,0,0,2.5,0,0,25569.361450195313,124992.86706542969,0,67221331968,8589930496,66947715072,4317806592
199,1724174786035,1268,1311,800,800,800,800,1920,800,857,894,884,867,1276,800,800,800,864,800,800,800,862,800,889,800,858,800,800,800,800,800,1265,800,0,0,31.57894515991211,0,0,0,0,0,0,0,0,0,0,0,0,0,0,0,0,0,0,0,0,0,0,0,0,0,0,0,50,0,0,25574.989868164063,124997.1303100586,0,67221331968,8589930496,66810593280,4446203904
199,1724174786235,1268,1311,800,800,800,800,1920,800,857,894,884,867,1276,800,800,800,864,800,800,800,862,800,889,800,858,800,800,800,800,800,1265,800,0,0,45,0,0,0,0,0,0,0,0,0,0,0,0,0,0,0,0,0,0,0,0,0,0,0,0,0,0,0,0,0,0,25577.41339111328,124998.21954345703,0,67221331968,8589930496,66868396032,4389842944
200,1724174786435,1268,1311,800,800,800,800,1920,800,857,894,884,867,1276,800,800,800,864,800,800,800,862,800,889,800,858,800,800,800,800,800,1265,800,0,0,20,0,0,0,0,0,0,0,0,0,0,0,0,0,0,0,0,0,0,0,0,0,0,0,0,0,0,0,15.789472579956055,0,0,25581.24951171875,125000.72143554688,0,67221331968,8589930496,66924908544,4337938432
200,1724174786635,1268,1311,800,800,800,800,1920,800,857,894,884,867,1276,800,800,800,864,800,800,800,862,800,889,800,858,800,800,800,800,800,1265,800,0,0,0,0,0,0,0,0,0,0,0,0,0,0,0,0,0,0,0,0,0,0,0,0,0,0,0,0,0,0,40,0,0,25585.09356689453,125003.23291015625,0,67221331968,8589930496,66970333184,4295208960
199,1724174786835,1268,1311,800,800,800,800,1920,800,857,894,884,867,1276,800,800,800,864,800,800,800,862,800,889,800,858,800,800,800,800,800,1265,800,0,0,47.36842346191406,0,0,0,0,0,0,0,0,0,0,0,0,0,0,0,0,0,0,0,0,0,0,0,0,0,0,0,29.411766052246094,0,0,25590.32049560547,125007.109375,0,67221331968,8589930496,66784227328,4464058368
199,1724174787036,1268,1311,800,800,800,800,1920,800,857,894,884,867,1276,800,800,800,864,800,800,800,862,800,889,800,858,800,800,800,800,800,1265,800,0,0,0,0,0,0,0,0,0,0,0,0,0,0,0,0,0,0,0,0,0,0,0,0,0,0,0,0,0,0,42.85714340209961,0,0,25591.998657226563,125007.45886230469,0,67221331968,8589930496,66817257472,4435681280
199,1724174787236,1268,1311,800,800,800,800,1920,800,857,894,884,867,1276,800,800,800,864,800,800,800,862,800,889,800,858,800,800,800,800,800,1265,800,0,0,9.523809432983398,0,0,0,0,0,0,0,0,0,0,0,0,0,0,0,0,0,0,0,0,0,0,0,0,0,0,0,38.88888931274414,0,0,25593.553588867188,125007.68383789063,0,67221331968,8589930496,66845900800,4408221696
199,1724174787436,1268,1311,800,800,800,800,1920,800,857,894,884,867,1276,800,800,800,864,800,800,800,862,800,889,800,858,800,800,800,800,800,1265,800,0,0,33.333335876464844,0,0,0,0,0,0,0,0,0,0,0,0,0,0,0,0,0,0,0,0,0,0,0,0,0,0,0,9.523809432983398,0,0,25595.079162597656,125007.8804321289,0,67221331968,8589930496,66874802176,4380696576
199,1724174787636,1268,1311,800,800,800,800,1920,800,857,894,884,867,1276,800,800,800,864,800,800,800,862,800,889,800,858,800,800,800,800,800,1265,800,0,0,33.333335876464844,0,0,0,0,0,0,0,0,0,0,0,0,0,0,0,0,0,0,0,0,0,0,0,0,0,0,0,9.523809432983398,0,0,25596.603576660156,125008.07543945313,0,67221331968,8589930496,66907832320,4353433600
200,1724174787836,1268,1311,800,800,800,800,1920,800,857,894,884,867,1276,800,800,800,864,800,800,800,862,800,889,800,858,800,800,800,800,800,1265,800,0,0,0,0,0,0,0,0,0,0,0,0,0,0,0,0,0,0,0,0,0,0,0,0,0,0,0,0,0,0,42.105262756347656,0,0,25598.133239746094,125008.27124023438,0,67221331968,8589930496,66932604928,4326694912
199,1724174788036,1268,1311,800,800,800,800,1920,800,857,894,884,867,1276,800,800,800,864,800,800,800,862,800,889,800,858,800,800,800,800,800,1265,800,0,0,25,0,0,0,0,0,0,0,0,0,0,0,0,0,0,0,0,0,0,0,0,0,0,0,0,0,0,0,15.789472579956055,0,0,25599.732543945313,125008.541015625,0,67221331968,8589930496,66957377536,4299694080
200,1724174788236,1268,1311,800,800,800,800,1920,800,857,894,884,867,1276,800,800,800,864,800,800,800,862,800,889,800,858,800,800,800,800,800,1265,800,0,0,25,0,0,0,0,0,0,0,0,0,0,0,0,0,0,0,0,0,0,0,0,0,0,0,0,0,0,0,15.789472579956055,0,0,25604.133911132813,125011.5986328125,0,67221331968,8589930496,66778808320,4482785280
200,1724174788436,1268,1311,800,800,800,800,1920,800,857,894,884,867,1276,800,800,800,864,800,800,800,862,800,889,800,858,800,800,800,800,800,1265,800,0,0,28.947368621826172,0,0,0,0,0,0,0,0,0,0,0,0,0,0,0,0,0,0,0,0,0,0,0,0,0,0,0,29.268291473388672,0,0,25609.95849609375,125016.07946777344,0,67221331968,8589930496,66826354688,4433764352
200,1724174788636,1268,1311,800,800,800,800,1920,800,857,894,884,867,1276,800,800,800,864,800,800,800,862,800,889,800,858,800,800,800,800,800,1265,800,0,0,0,0,0,0,0,0,0,0,0,0,0,0,0,0,0,0,0,0,0,0,0,0,0,0,0,0,0,0,41.17647171020508,0,0,25613.663513183594,125018.44854736328,0,67221331968,8589930496,66892156928,4369014784
199,1724174788836,1268,1311,800,800,800,800,1920,800,857,894,884,867,1276,800,800,800,864,800,800,800,862,800,889,800,858,800,800,800,800,800,1265,800,0,0,0,0,0,0,0,0,0,0,0,0,0,0,0,0,0,0,0,0,0,0,0,0,0,0,0,0,0,0,42.85714340209961,0,0,25615.812744140625,125019.2777709961,0,67221331968,8589930496,66949959680,4309770240
199,1724174789036,1268,1311,800,800,800,800,1920,800,857,894,884,867,1276,800,800,800,864,800,800,800,862,800,889,800,858,800,800,800,800,800,1265,800,0,0,66.66667175292969,0,0,0,0,0,0,0,0,0,0,0,0,0,0,0,0,0,0,0,0,0,0,0,0,0,0,0,31.57894515991211,0,0,25621.87384033203,125023.9663696289,0,67221331968,8589930496,66808131584,4451368960
200,1724174789236,1268,1311,800,800,800,800,1920,800,857,894,884,867,1276,800,800,800,864,800,800,800,862,800,889,800,858,800,800,800,800,800,1265,800,0,0,100,0,0,0,5,0,0,0,0,0,0,0,0,0,0,0,0,0,0,0,0,0,0,0,0,0,0,0,71.42857360839844,0,0,25631.490966796875,125032.13677978516,0,67221331968,8589930496,66815754240,4441669632
200,1724174789436,1268,1311,800,800,800,800,1920,800,857,894,884,867,1276,800,800,800,864,800,800,800,862,800,889,800,858,800,800,800,800,800,1265,800,0,0,5.263157844543457,0,0,0,0,0,0,0,0,0,0,0,0,0,0,0,0,0,0,0,0,0,0,0,0,0,0,0,94.73684692382813,0,0,25638.69451904297,125037.9887084961,0,67221331968,8589930496,66824048640,4431970304
200,1724174789636,1268,1311,800,800,800,800,1920,800,857,894,884,867,1276,800,800,800,864,800,800,800,862,800,889,800,858,800,800,800,800,800,1265,800,0,0,0,0,0,0,0,0,0,0,0,0,0,0,0,0,0,0,0,0,0,0,0,0,0,0,0,0,0,0,95,0,0,25645.57244873047,125043.51763916016,0,67221331968,8589930496,66824048640,4428300288
200,1724174789836,1268,1311,800,800,800,800,1920,800,857,894,884,867,1276,800,800,800,864,800,800,800,862,800,889,800,858,800,800,800,800,800,1265,800,0,0,0,0,0,0,0,0,0,0,0,0,0,0,0,0,0,0,0,0,0,0,0,0,0,0,0,0,0,0,42.85714340209961,0,0,25648.580078125,125045.19592285156,0,67221331968,8589930496,66857078784,4396056576
200,1724174790037,1268,1311,800,800,800,800,1920,800,857,894,884,867,1276,800,800,800,864,800,800,800,862,800,889,800,858,800,800,800,800,800,1265,800,0,0,35,0,0,0,0,0,0,0,0,0,0,0,0,0,0,0,0,0,0,0,0,0,0,0,0,0,0,0,10.526315689086914,0,0,25653.630249023438,125048.91613769531,0,67221331968,8589930496,66900697088,4351229952
200,1724174790237,1268,1311,800,800,800,800,1920,800,857,894,884,867,1276,800,800,800,864,800,800,800,862,800,889,800,858,800,800,800,800,800,1265,800,0,0,55,0,0,0,0,0,0,0,0,0,0,0,0,0,0,0,0,0,0,0,0,0,0,0,0,0,0,0,0,0,0,25659.41436767578,125053.37103271484,0,67221331968,8589930496,66950242304,4304044032
200,1724174790437,1268,1311,800,800,800,800,1920,800,857,894,884,867,1276,800,800,800,864,800,800,800,862,800,889,800,858,800,800,800,800,800,1265,800,0,0,26.3157901763916,0,17.647058486938477,0,0,0,0,0,0,0,0,0,0,0,0,0,0,0,0,0,0,0,0,0,0,0,0,0,57.142860412597656,0,0,25666.799194335938,125059.39343261719,0,67221331968,8589930496,66850676736,4413628416
200,1724174790637,1268,1311,800,800,800,800,1920,800,857,894,884,867,1276,800,800,800,864,800,800,800,862,800,889,800,858,800,800,800,800,800,1265,800,0,0,0,0,38.095237731933594,0,0,0,0,0,0,0,0,0,0,0,0,0,0,0,0,0,0,0,0,0,0,0,0,0,15.000000953674316,0,0,25672.43780517578,125063.69049072266,0,67221331968,8589930496,66808631296,4451409920
200,1724174790837,1268,1311,800,800,800,800,1920,800,857,894,884,867,1276,800,800,800,864,800,800,800,862,800,889,800,858,800,800,800,800,800,1265,800,0,0,40.90909194946289,0,21.052631378173828,0,0,0,0,0,0,0,0,0,0,0,0,0,0,0,0,0,0,0,0,0,0,0,0,0,0,0,0,25676.59698486328,125066.52014160156,0,67221331968,8589930496,66841661440,4412874752
200,1724174791037,1268,1311,800,800,800,800,1920,800,857,894,884,867,1276,800,800,800,864,800,800,800,862,800,889,800,858,800,800,800,800,800,1265,800,0,0,27.77777862548828,0,40,0,0,0,0,0,0,0,0,0,0,0,0,0,0,0,0,0,0,0,0,0,0,0,0,0,0,0,0,25682.422790527344,125071.00756835938,0,67221331968,8589930496,66882949120,4369883136
200,1724174791237,1268,1311,800,800,800,800,1920,800,857,894,884,867,1276,800,800,800,864,800,800,800,862,800,889,800,858,800,800,800,800,800,1265,800,0,0,47.36842346191406,0,0,0,0,0,0,0,0,0,0,0,0,0,0,0,0,0,0,0,0,0,0,0,0,0,0,0,0,0,0,25684.957885742188,125072.20239257813,0,67221331968,8589930496,66907721728,4349698048
199,1724174791437,1268,1311,800,800,800,800,1920,800,857,894,884,867,1276,800,800,800,864,800,800,800,862,800,889,800,858,800,800,800,800,800,1265,800,0,0,40.90909194946289,0,5,0,0,0,0,0,0,0,0,0,0,0,0,0,0,0,0,0,0,0,0,0,0,0,0,0,0,0,0,25688.469665527344,125074.36547851563,0,67221331968,8589930496,66915979264,4342620160
199,1724174791637,1268,1311,800,800,800,800,1920,800,857,894,884,867,1276,800,800,800,864,800,800,800,862,800,889,800,858,800,800,800,800,800,1265,800,0,0,40.90909194946289,0,5,0,0,0,0,0,0,0,0,0,0,0,0,0,0,0,0,0,0,0,0,0,0,0,0,0,0,0,0,25690.84716796875,125075.40954589844,0,67221331968,8589930496,66924236800,4335280128
199,1724174791837,1268,1311,800,800,800,800,1920,800,857,894,884,867,1276,800,800,800,864,800,800,800,862,800,889,800,858,800,800,800,800,800,1265,800,0,0,18.421052932739258,0,26.829269409179688,0,0,0,0,0,0,0,0,0,0,0,0,0,0,0,0,0,0,0,0,0,0,0,0,0,0,0,0,25692.482360839844,125075.7109375,0,67221331968,8589930496,66932494336,4319551488
199,1724174792037,1268,1311,800,800,800,800,1920,800,857,894,884,867,1276,800,800,800,864,800,800,800,862,800,889,800,858,800,800,800,800,800,1265,800,0,0,42.105262756347656,0,0,0,0,0,0,0,0,0,0,0,0,0,0,0,0,0,0,0,0,0,0,0,0,0,0,0,0,0,0,25693.97381591797,125075.87841796875,0,67221331968,8589930496,66957250560,4301201408
200,1724174792237,1268,1311,800,800,800,800,1920,800,857,894,884,867,1276,800,800,800,864,800,800,800,862,800,889,800,858,800,800,800,800,800,1265,800,0,0,42.105262756347656,0,0,0,0,0,0,0,0,0,0,0,0,0,0,0,0,0,0,0,0,0,0,0,0,0,0,0,0,0,0,25696.520385742188,125077.09204101563,0,67221331968,8589930496,66921140224,4334731264
199,1724174792438,1268,1311,800,800,800,800,1920,800,857,894,884,867,1276,800,800,800,864,800,800,800,862,800,889,800,858,800,800,800,800,800,1265,800,0,0,33.333335876464844,0,0,0,0,0,0,0,0,0,0,0,0,0,0,0,0,0,0,0,0,0,0,0,0,0,0,0,20,0,0,25700.036987304688,125079.26806640625,0,67221331968,8589930496,66867109888,4383305728
199,1724174792638,1268,1311,800,800,800,800,1920,800,857,894,884,867,1276,800,800,800,864,800,800,800,862,800,889,800,858,800,800,800,800,800,1265,800,0,0,45,0,0,0,0,0,0,0,0,0,0,0,0,0,0,0,0,0,0,0,0,0,0,0,0,0,0,0,0,0,0,25701.799743652344,125079.69897460938,0,67221331968,8589930496,66908397568,4342411264
199,1724174792838,1268,1311,800,800,800,800,1920,800,857,894,884,867,1276,800,800,800,864,800,800,800,862,800,889,800,858,800,800,800,800,800,1265,800,0,0,42.105262756347656,0,0,0,0,0,0,0,0,0,0,0,0,0,0,0,0,0,0,0,0,0,0,0,0,0,0,0,0,0,0,25703.50555419922,125080.07360839844,0,67221331968,8589930496,66949685248,4304400384
200,1724174793038,1268,1311,800,800,800,800,1920,800,857,894,884,867,1276,800,800,800,864,800,800,800,862,800,889,800,858,800,800,800,800,800,1265,800,0,0,42.105262756347656,0,0,0,0,0,0,0,0,0,0,0,0,0,0,0,0,0,0,0,0,0,0,0,0,0,0,0,0,0,0,25707.354248046875,125082.57257080078,0,67221331968,8589930496,66816016384,4413710336
200,1724174793238,1268,1311,800,800,800,800,1920,800,857,894,884,867,1276,800,800,800,864,800,800,800,862,800,889,800,858,800,800,800,800,800,1265,800,0,0,43.589744567871094,0,0,0,0,0,0,0,0,0,0,0,0,0,0,0,0,0,0,0,0,0,0,0,0,0,0,0,22.5,0,0,25711.946655273438,125085.81066894531,0,67221331968,8589930496,66804551680,4430090240
200,1724174793438,1268,1311,800,800,800,800,1920,800,857,894,884,867,1276,800,800,800,864,800,800,800,862,800,889,800,858,800,800,800,800,800,1265,800,4.761904716491699,0,90,0,0,0,0,0,0,0,0,0,0,0,0,0,0,0,0,0,0,0,0,0,0,0,0,0,0,0,0,0,0,25719.20147705078,125091.66119384766,0,67221331968,8589930496,66812809216,4419866624
199,1724174793638,1268,1311,800,800,800,800,1920,800,857,894,884,867,1276,800,800,800,864,800,800,800,862,800,889,800,858,800,800,800,800,800,1265,800,0,0,50,0,0,0,0,0,0,0,0,0,0,0,0,0,0,0,0,0,0,0,0,0,0,0,0,0,0,0,0,0,0,25725.105346679688,125096.22644042969,0,67221331968,8589930496,66854096896,4373467136
200,1724174793838,1268,1311,800,800,800,800,1920,800,857,894,884,867,1276,800,800,800,864,800,800,800,862,800,889,800,858,800,800,800,800,800,1265,800,0,0,55,0,0,0,0,0,0,0,0,0,0,0,0,0,0,0,0,0,0,0,0,0,0,0,0,0,0,0,0,0,0,25731.234436035156,125101.0220336914,0,67221331968,8589930496,66911899648,4322611200
200,1724174794038,1268,1311,800,800,800,800,1920,800,857,894,884,867,1276,800,800,800,864,800,800,800,862,800,889,800,858,800,800,800,800,800,1265,800,0,0,50,0,0,0,0,0,0,0,0,0,0,0,0,0,0,0,0,0,0,0,0,0,0,0,0,0,0,0,0,0,0,25737.03143310547,125105.48864746094,0,67221331968,8589930496,66969702400,4294823936
200,1724174794238,1268,1311,800,800,800,800,1920,800,857,894,884,867,1276,800,800,800,864,800,800,800,862,800,889,800,858,800,800,800,800,800,1265,800,0,0,30.000001907348633,0,15.000000953674316,0,0,0,0,0,0,0,0,0,0,0,0,0,0,0,0,0,0,0,0,0,0,0,0,0,35,0,0,25744.307983398438,125111.40704345703,0,67221331968,8589930496,66801631232,4368510976
199,1724174794438,1268,1311,800,800,800,800,1920,800,857,894,884,867,1276,800,800,800,864,800,800,800,862,800,889,800,858,800,800,800,800,800,1265,800,0,0,22.22222328186035,0,0,0,0,0,0,0,0,0,0,0,0,0,0,0,0,0,0,0,0,0,0,0,0,0,0,0,31.57894515991211,0,0,25749.38299560547,125115.14874267578,0,67221331968,8589930496,66859175936,4311887872
200,1724174794638,1268,1311,800,800,800,800,1920,800,857,894,884,867,1276,800,800,800,864,800,800,800,862,800,889,800,858,800,800,800,800,800,1265,800,0,0,22.22222328186035,0,0,0,0,0,0,0,0,0,0,0,0,0,0,0,0,0,0,0,0,0,0,0,0,0,0,0,31.57894515991211,0,0,25754.83477783203,125119.2700805664,0,67221331968,8589930496,66916978688,4294848512
200,1724174794838,1268,1311,800,800,800,800,1920,800,857,894,884,867,1276,800,800,800,864,800,800,800,862,800,889,800,858,800,800,800,800,800,1265,800,0,0,36.842105865478516,0,0,0,0,0,0,0,0,0,0,0,0,0,0,0,0,0,0,0,0,0,0,0,0,0,0,0,0,0,0,25759.8916015625,125122.9873046875,0,67221331968,8589930496,66966523904,4294848512
200,1724174795038,1268,1311,800,800,800,800,1920,800,857,894,884,867,1276,800,800,800,864,800,800,800,862,800,889,800,858,800,800,800,800,800,1265,800,0,0,33.333335876464844,0,0,0,0,0,0,0,0,0,0,0,0,0,0,0,0,0,0,0,0,0,0,0,0,0,0,0,33.333335876464844,0,0,25765.142150878906,125126.89080810547,0,67221331968,8589930496,66802556928,4388487168
200,1724174795238,1268,1311,800,800,800,800,1920,800,857,894,884,867,1276,800,800,800,864,800,800,800,862,800,889,800,858,800,800,800,800,800,1265,800,0,0,55.55555725097656,0,0,0,0,0,0,0,0,0,0,0,0,0,0,0,0,0,0,0,0,0,0,0,0,0,0,0,0,0,0,25771.487731933594,125131.87371826172,0,67221331968,8589930496,66843844608,4342087680
200,1724174795439,1268,1311,800,800,800,800,1920,800,857,894,884,867,1276,800,800,800,864,800,800,800,862,800,889,800,858,800,800,800,800,800,1265,800,0,0,47.619049072265625,0,0,0,0,0,0,0,0,0,0,0,0,0,0,0,0,0,0,0,0,0,0,0,0,0,0,0,0,0,0,25777.240478515625,125136.25457763672,0,67221331968,8589930496,66910171136,4294901760
200,1724174795639,1268,1311,800,800,800,800,1920,800,857,894,884,867,1276,800,800,800,864,800,800,800,862,800,889,800,858,800,800,800,800,800,1265,800,0,0,38.88888931274414,0,0,0,4.761904716491699,0,0,0,0,0,0,0,0,0,0,0,0,0,0,0,0,0,0,0,0,0,0,0,20,0,0,25782.395874023438,125140.044921875,0,67221331968,8589930496,66875883520,4351934464
200,1724174795839,1268,1311,800,800,800,800,1920,800,857,894,884,867,1276,800,800,800,864,800,800,800,862,800,889,800,858,800,800,800,800,800,1265,800,0,0,55,0,0,0,0,0,0,0,0,0,0,0,0,0,0,0,0,0,0,0,0,0,0,0,0,0,0,0,5,0,0,25788.97479248047,125145.25219726563,0,67221331968,8589930496,66895986688,4325421056
200,1724174796039,1268,1311,800,800,800,800,1920,800,857,894,884,867,1276,800,800,800,864,800,800,800,862,800,889,800,858,800,800,800,800,800,1265,800,0,0,47.36842346191406,0,0,0,0,0,0,0,0,0,0,0,0,0,0,0,0,0,0,0,0,0,0,0,0,0,0,0,0,0,0,25794.74627685547,125149.65325927734,0,67221331968,8589930496,66945282048,4294750208
200,1724174796239,1268,1311,800,800,800,800,1920,800,857,894,884,867,1276,800,800,800,864,800,800,800,862,800,889,800,858,800,800,800,800,800,1265,800,0,0,36.842105865478516,0,0,0,0,0,0,0,0,0,0,0,0,0,0,0,0,0,0,0,0,0,0,0,0,0,0,0,45,0,0,25801.774780273438,125155.3041381836,0,67221331968,8589930496,66894745600,4349763584
199,1724174796439,1268,1311,800,800,800,800,1920,800,857,894,884,867,1276,800,800,800,864,800,800,800,862,800,889,800,858,800,800,800,800,800,1265,800,0,0,25,0,0,0,0,0,0,0,0,0,0,0,0,0,0,0,0,0,0,0,0,0,0,0,0,0,0,0,26.3157901763916,0,0,25808.313110351563,125160.47967529297,0,67221331968,8589930496,66914988032,4328001536
200,1724174796639,1268,1311,800,800,800,800,1920,800,857,894,884,867,1276,800,800,800,864,800,800,800,862,800,889,800,858,800,800,800,800,800,1265,800,0,0,38.88888931274414,0,0,0,0,0,0,0,0,0,0,0,0,0,0,0,0,0,0,0,0,0,0,0,0,0,0,0,19.047618865966797,20,0,25814.182678222656,125164.9921875,0,67221331968,8589930496,66884001792,4348608512
200,1724174796839,1268,1311,800,800,800,800,1920,800,857,894,884,867,1276,800,800,800,864,800,800,800,862,800,889,800,858,800,800,800,800,800,1265,800,0,0,42.85714340209961,0,0,0,0,0,0,0,0,0,0,0,0,0,0,0,0,0,0,0,0,0,0,0,0,0,0,0,0,35,0,25820.71600341797,125170.16003417969,0,67221331968,8589930496,66840072192,4395753472
200,1724174797039,1268,1311,800,800,800,800,1920,800,857,894,884,867,1276,800,800,800,864,800,800,800,862,800,889,800,858,800,800,800,800,800,1265,800,0,0,38.88888931274414,0,0,0,0,0,0,0,0,0,0,0,0,0,0,0,0,0,0,0,0,0,0,0,0,0,0,0,0,0,0,25825.38897705078,125173.48681640625,0,67221331968,8589930496,66889383936,4340965376
199,1724174797239,1268,1311,800,800,800,800,1920,800,857,894,884,867,1276,800,800,800,864,800,800,800,862,800,889,800,858,800,800,800,800,800,1265,800,0,0,5,0,0,0,0,0,0,0,0,0,0,0,0,0,0,0,0,0,0,0,0,0,0,0,0,0,0,0,36.842105865478516,0,0,25827.6796875,125174.43969726563,0,67221331968,8589930496,66946928640,4294828032
199,1724174797439,1268,1311,800,800,800,800,1920,800,857,894,884,867,1276,800,800,800,864,800,800,800,862,800,889,800,858,800,800,800,800,800,1265,800,0,0,20,0,0,0,0,0,0,0,0,0,0,0,0,0,0,0,0,0,0,0,0,0,0,0,0,0,0,0,25,42.85714340209961,0,25832.792358398438,125178.1840209961,0,67221331968,8589930496,66940477440,4306317312
199,1724174797639,1268,1311,800,800,800,800,1920,800,857,894,884,867,1276,800,800,800,864,800,800,800,862,800,889,800,858,800,800,800,800,800,1265,800,0,0,55,0,0,0,0,0,0,0,0,0,0,0,0,0,0,0,0,0,0,0,0,0,0,0,0,0,0,0,0,21.052631378173828,0,25839.652587890625,125183.68420410156,0,67221331968,8589930496,66918580224,4314509312
199,1724174797839,1268,1311,800,800,800,800,1920,800,857,894,884,867,1276,800,800,800,864,800,800,800,862,800,889,800,858,800,800,800,800,800,1265,800,0,0,52.6315803527832,0,0,0,0,0,0,0,0,0,0,0,0,0,0,0,0,0,0,0,0,0,0,0,0,0,0,0,0,0,0,25845.709228515625,125188.39849853516,0,67221331968,8589930496,66976702464,4294848512
199,1724174798040,1268,1311,800,800,800,800,1920,800,857,894,884,867,1276,800,800,800,864,800,800,800,862,800,889,800,858,800,800,800,800,800,1265,800,0,0,52.6315803527832,0,0,0,0,0,0,0,0,0,0,0,0,0,0,0,0,0,0,0,0,0,0,0,0,0,0,0,0,90.47618865966797,0,25854.640869140625,125195.900390625,0,67221331968,8589930496,66968100864,4322603008
199,1724174798240,1268,1311,800,800,800,800,1920,800,857,894,884,867,1276,800,800,800,864,800,800,800,862,800,889,800,858,800,800,800,800,800,1265,800,0,0,52.6315803527832,0,0,0,0,0,0,0,0,0,0,0,0,0,0,0,0,0,0,0,0,0,0,0,0,0,0,0,0,90.47618865966797,0,25861.896484375,125201.79510498047,0,67221331968,8589930496,66870902784,4398235648
200,1724174798440,1268,1311,800,800,800,800,1920,800,857,894,884,867,1276,800,800,800,864,800,800,800,862,800,889,800,858,800,800,800,800,800,1265,800,0,0,55,0,0,0,0,0,0,0,0,0,0,0,0,0,0,0,0,0,0,0,0,0,0,0,0,0,0,0,0,0,0,25867.978393554688,125206.53253173828,0,67221331968,8589930496,66920693760,4352884736
200,1724174798640,1268,1311,800,800,800,800,1920,800,857,894,884,867,1276,800,800,800,864,800,800,800,862,800,889,800,858,800,800,800,800,800,1265,800,0,0,15.789472579956055,0,35,0,0,0,0,0,0,0,0,0,0,0,0,0,0,0,0,0,0,0,0,0,0,0,0,0,0,0,0,25873.275512695313,125210.48840332031,0,67221331968,8589930496,66965250048,4306223104
200,1724174798840,1268,1311,800,800,800,800,1920,800,857,894,884,867,1276,800,800,800,864,800,800,800,862,800,889,800,858,800,800,800,800,800,1265,800,0,0,30.000001907348633,0,11.111111640930176,0,0,0,0,0,0,0,0,0,0,0,0,0,0,0,0,0,0,0,0,0,0,0,0,0,0,42.105262756347656,0,25880.455139160156,125216.30822753906,0,67221331968,8589930496,66763407360,4490473472
200,1724174799040,1268,1311,800,800,800,800,1920,800,857,894,884,867,1276,800,800,800,864,800,800,800,862,800,889,800,858,800,800,800,800,800,1265,800,0,0,50,0,0,0,0,0,0,0,0,0,0,0,0,0,0,0,0,0,0,0,0,0,0,0,0,0,0,0,0,0,0,25886.51171875,125221.02825927734,0,67221331968,8589930496,66811920384,4440403968
200,1724174799240,1268,1311,800,800,800,800,1920,800,857,894,884,867,1276,800,800,800,864,800,800,800,862,800,889,800,858,800,800,800,800,800,1265,800,0,0,15.000000953674316,0,14.285715103149414,0,0,0,0,0,0,0,0,0,0,0,0,0,0,0,0,0,0,0,0,0,0,0,0,0,52.6315803527832,0,0,25892.290771484375,125225.46588134766,0,67221331968,8589930496,66844950528,4416024576
200,1724174799440,1268,1311,800,800,800,800,1920,800,857,894,884,867,1276,800,800,800,864,800,800,800,862,800,889,800,858,800,800,800,800,800,1265,800,0,0,0,0,0,0,0,0,0,0,0,0,0,0,0,0,0,0,0,0,0,0,0,0,0,0,0,0,0,0,78.94737243652344,0,0,25898.68963623047,125230.50225830078,0,67221331968,8589930496,66869723136,4390596608
200,1724174799640,1268,1311,800,800,800,800,1920,800,857,894,884,867,1276,800,800,800,864,800,800,800,862,800,889,800,858,800,800,800,800,800,1265,800,0,0,0,0,0,0,0,0,0,0,0,0,0,0,0,0,0,0,0,0,0,0,0,0,0,0,0,0,0,0,77.2727279663086,0,0,25905.15576171875,125235.63543701172,0,67221331968,8589930496,66894495744,4363333632
200,1724174799840,1268,1311,800,800,800,800,1920,800,857,894,884,867,1276,800,800,800,864,800,800,800,862,800,889,800,858,800,800,800,800,800,1265,800,0,0,0,0,0,0,0,0,0,0,0,0,0,0,0,0,0,0,0,0,0,0,0,0,0,0,0,0,0,0,75,0,0,25911.75128173828,125240.88928222656,0,67221331968,8589930496,66927181824,4331876352
200,1724174800040,1268,1311,800,800,800,800,1920,800,857,894,884,867,1276,800,800,800,864,800,800,800,862,800,889,800,858,800,800,800,800,800,1265,800,0,0,0,0,0,0,0,0,0,0,0,0,0,0,0,0,0,0,0,0,0,0,0,0,0,0,0,0,0,0,68.42105102539063,0,0,25918.106506347656,125245.91021728516,0,67221331968,8589930496,66967797760,4294914048
200,1724174800240,1268,1311,800,800,800,800,1920,800,857,894,884,867,1276,800,800,800,864,800,800,800,862,800,889,800,858,800,800,800,800,800,1265,800,0,0,0,0,4.761904716491699,0,0,0,0,0,0,0,0,0,0,0,0,0,0,0,0,0,0,0,0,0,40,0,0,0,9.523809432983398,19.047618865966797,0,25924.058959960938,125250.50323486328,0,67221331968,8589930496,66903531520,4340056064
199,1724174800440,1268,1311,800,800,800,800,1920,800,857,894,884,867,1276,800,800,800,864,800,800,800,862,800,889,800,858,800,800,800,800,800,1265,800,0,0,15.789472579956055,0,0,0,0,0,0,0,0,0,0,0,0,0,0,0,0,0,0,0,0,0,0,0,27.77777862548828,0,0,0,0,0,0,25927.30792236328,125252.4253540039,0,67221331968,8589930496,66969591808,4294705152
200,1724174800640,1268,1311,800,800,800,800,1920,800,857,894,884,867,1276,800,800,800,864,800,800,800,862,800,889,800,858,800,800,800,800,800,1265,800,0,0,31.57894515991211,0,36.842105865478516,0,0,0,0,0,0,0,0,0,0,0,0,0,0,0,0,0,0,0,0,0,0,0,0,0,0,0,0,25931.7861328125,125255.55853271484,0,67221331968,8589930496,66831355904,4410826752
200,1724174800841,1268,1311,800,800,800,800,1920,800,857,894,884,867,1276,800,800,800,864,800,800,800,862,800,889,800,858,800,800,800,800,800,1265,800,0,0,45,0,4.761904716491699,0,0,0,0,0,0,0,0,0,0,0,0,0,0,0,0,0,0,0,0,0,0,0,0,0,0,0,0,25935.402709960938,125257.83508300781,0,67221331968,8589930496,66858606592,4379107328
200,1724174801041,1268,1311,800,800,800,800,1920,800,857,894,884,867,1276,800,800,800,864,800,800,800,862,800,889,800,858,800,800,800,800,800,1265,800,0,0,60.000003814697266,0,0,0,0,0,0,0,0,0,0,0,0,0,0,0,0,0,0,0,0,0,0,0,0,0,0,0,0,0,0,25941.772583007813,125262.84814453125,0,67221331968,8589930496,66907897856,4331134976
200,1724174801241,1268,1311,800,800,800,800,1920,800,857,894,884,867,1276,800,800,800,864,800,800,800,862,800,889,800,858,800,800,800,800,800,1265,800,0,0,31.57894515991211,0,16.666667938232422,0,0,0,0,0,0,0,0,0,0,0,0,0,0,0,0,0,0,0,0,0,0,0,0,0,0,0,0,25947.013122558594,125266.74389648438,0,67221331968,8589930496,66957357056,4294959104
200,1724174801441,1268,1311,800,800,800,800,1920,800,857,894,884,867,1276,800,800,800,864,800,800,800,862,800,889,800,858,800,800,800,800,800,1265,800,0,0,20,0,25,0,0,0,0,0,0,0,0,0,0,0,0,0,0,0,0,0,0,0,0,0,0,0,0,0,47.619049072265625,0,0,25953.76397705078,125272.11767578125,0,67221331968,8589930496,66906513408,4353409024
200,1724174801641,1268,1311,800,800,800,800,1920,800,857,894,884,867,1276,800,800,800,864,800,800,800,862,800,889,800,858,800,800,800,800,800,1265,800,0,0,0,0,0,0,0,0,0,0,0,0,0,0,0,0,0,0,0,0,0,0,0,0,0,0,0,0,0,0,50,0,0,25959.58270263672,125276.59741210938,0,67221331968,8589930496,66956058624,4297048064
200,1724174801841,1268,1311,800,800,800,800,1920,800,857,894,884,867,1276,800,800,800,864,800,800,800,862,800,889,800,858,800,800,800,800,800,1265,800,0,0,30.000001907348633,0,0,0,0,0,0,0,0,0,0,0,0,0,0,0,0,0,0,0,0,0,0,0,0,0,0,0,42.105262756347656,0,0,25966.532104492188,125282.18939208984,0,67221331968,8589930496,66863980544,4399779840
200,1724174802041,1268,1311,800,800,800,800,1920,800,857,894,884,867,1276,800,800,800,864,800,800,800,862,800,889,800,858,800,800,800,800,800,1265,800,0,0,35,0,0,0,0,0,0,0,0,0,0,0,0,0,0,0,0,0,0,0,0,0,0,0,0,0,0,0,25,0,0,25972.38232421875,125286.68237304688,0,67221331968,8589930496,66904510464,4360720384
200,1724174802241,1268,1311,800,800,800,800,1920,800,857,894,884,867,1276,800,800,800,864,800,800,800,862,800,889,800,858,800,800,800,800,800,1265,800,0,0,45,0,0,0,0,0,0,0,0,0,0,0,0,0,0,0,0,0,0,0,0,0,0,0,0,0,0,0,0,0,0,25978.204345703125,125291.16583251953,0,67221331968,8589930496,66954055680,4308029440
199,1724174802441,1268,1311,800,800,800,800,1920,800,857,894,884,867,1276,800,800,800,864,800,800,800,862,800,889,800,858,800,800,800,800,800,1265,800,0,0,72.22222137451172,0,9.523809432983398,0,0,0,0,0,0,0,0,0,0,0,0,0,0,0,0,0,0,0,0,0,0,0,0,0,30.000001907348633,0,0,25985.959350585938,125297.54431152344,0,67221331968,8589930496,66778288128,4471148544
200,1724174802641,1268,1311,800,800,800,800,1920,800,857,894,884,867,1276,800,800,800,864,800,800,800,862,800,889,800,858,800,800,800,800,800,1265,800,0,0,0,0,0,0,0,0,0,0,0,0,0,0,0,0,0,0,0,0,0,0,0,0,0,0,0,0,0,0,55,0,0,25992.20721435547,125302.44732666016,0,67221331968,8589930496,66827833344,4416622592
199,1724174802841,1268,1311,800,800,800,800,1920,800,857,894,884,867,1276,800,800,800,864,800,800,800,862,800,889,800,858,800,800,800,800,800,1265,800,0,0,0,0,0,0,0,0,0,0,0,0,0,0,0,0,0,0,0,0,0,0,0,0,0,0,0,0,0,0,55.55555725097656,0,0,25998.282287597656,125307.1694946289,0,67221331968,8589930496,66885636096,4362096640
200,1724174803041,1268,1311,800,800,800,800,1920,800,857,894,884,867,1276,800,800,800,864,800,800,800,862,800,889,800,858,800,800,800,800,800,1265,800,0,0,0,0,0,0,0,0,0,0,0,0,0,0,0,0,0,0,0,0,0,0,0,0,0,0,0,0,0,0,55,0,0,26004.481994628906,125312.02520751953,0,67221331968,8589930496,66942988288,4306259968
200,1724174803241,1268,1311,800,800,800,800,1920,800,857,894,884,867,1276,800,800,800,864,800,800,800,862,800,889,800,858,800,800,800,800,800,1265,800,0,0,40,0,0,0,0,0,0,0,0,0,0,0,0,0,0,0,0,0,0,0,0,0,0,0,0,0,0,0,45,0,0,26011.779663085938,125317.95477294922,0,67221331968,8589930496,66788675584,4469809152
199,1724174803442,1268,1311,800,800,800,800,1920,800,857,894,884,867,1276,800,800,800,864,800,800,800,862,800,889,800,858,800,800,800,800,800,1265,800,0,0,4.761904716491699,0,0,0,0,0,0,0,0,0,0,0,0,0,0,0,0,0,0,0,0,0,0,0,0,0,0,0,52.6315803527832,0,0,26018.353088378906,125323.14422607422,0,67221331968,8589930496,66814132224,4439654400
200,1724174803642,1268,1311,800,800,800,800,1920,800,857,894,884,867,1276,800,800,800,864,800,800,800,862,800,889,800,858,800,800,800,800,800,1265,800,0,0,0,0,0,0,0,0,0,0,0,0,0,0,0,0,0,0,0,0,0,0,0,0,0,0,0,0,0,0,47.36842346191406,0,0,26024.381591796875,125327.7978515625,0,67221331968,8589930496,66867806208,4395614208
200,1724174803842,1268,1311,800,800,800,800,1920,800,857,894,884,867,1276,800,800,800,864,800,800,800,862,800,889,800,858,800,800,800,800,800,1265,800,0,0,5.263157844543457,0,0,0,0,0,0,0,0,0,0,0,0,0,0,0,0,0,0,0,0,0,0,0,0,0,0,0,36.842105865478516,0,0,26027.324645996094,125329.40222167969,0,67221331968,8589930496,66917093376,4342398976
200,1724174804042,1268,1311,800,800,800,800,1920,800,857,894,884,867,1276,800,800,800,864,800,800,800,862,800,889,800,858,800,800,800,800,800,1265,800,0,0,0,0,0,0,0,0,0,0,0,0,0,0,0,0,0,0,0,0,0,0,0,0,0,0,0,0,0,0,50,0,0,26031.87921142578,125332.5923461914,0,67221331968,8589930496,66966233088,4294950912
200,1724174804242,1268,1311,800,800,800,800,1920,800,857,894,884,867,1276,800,800,800,864,800,800,800,862,800,889,800,858,800,800,800,800,800,1265,800,0,0,35,14.285715103149414,0,0,0,0,0,0,0,0,0,0,0,0,0,0,0,0,0,0,0,0,0,0,0,0,0,0,42.105262756347656,0,0,26039.228393554688,125338.53790283203,0,67221331968,8589930496,66793291776,4462075904
200,1724174804442,1268,1311,800,800,800,800,1920,800,857,894,884,867,1276,800,800,800,864,800,800,800,862,800,889,800,858,800,800,800,800,800,1265,800,0,0,50,0,0,0,0,0,0,0,0,0,0,0,0,0,0,0,0,0,0,0,0,0,0,0,0,0,0,0,0,0,0,26044.10235595703,125342.04382324219,0,67221331968,8589930496,66832515072,4425375744
199,1724174804642,1268,1311,800,800,800,800,1920,800,857,894,884,867,1276,800,800,800,864,800,800,800,862,800,889,800,858,800,800,800,800,800,1265,800,0,0,38.88888931274414,0,0,0,0,0,0,0,0,0,0,0,4.761904716491699,0,0,0,0,0,0,0,0,0,0,0,0,0,0,0,0,0,0,26048.365478515625,125344.9560546875,0,67221331968,8589930496,66873802752,4382384128
200,1724174804842,1268,1311,800,800,800,800,1920,800,857,894,884,867,1276,800,800,800,864,800,800,800,862,800,889,800,858,800,800,800,800,800,1265,800,0,0,52.38095474243164,0,0,0,0,0,0,0,0,0,0,0,0,0,0,0,0,0,0,0,0,0,0,0,0,0,0,0,0,0,0,26054.2666015625,125349.48699951172,0,67221331968,8589930496,66923347968,4337295360
200,1724174805042,1268,1311,800,800,800,800,1920,800,857,894,884,867,1276,800,800,800,864,800,800,800,862,800,889,800,858,800,800,800,800,800,1265,800,0,0,23.809524536132813,0,0,0,0,0,0,0,0,0,0,0,0,0,0,0,0,0,0,0,0,0,0,0,0,0,0,0,35,0,0,26059.28729248047,125353.15075683594,0,67221331968,8589930496,66972119040,4294828032
200,1724174805242,1268,1311,800,800,800,800,1920,800,857,894,884,867,1276,800,800,800,864,800,800,800,862,800,889,800,858,800,800,800,800,800,1265,800,0,0,0,36.842105865478516,0,0,0,0,0,0,0,0,0,0,0,0,0,0,0,0,0,0,0,0,0,0,0,0,0,0,38.88888931274414,0,0,26066.758728027344,125359.25665283203,0,67221331968,8589930496,66801012736,4459479040
200,1724174805442,1268,1311,800,800,800,800,1920,800,857,894,884,867,1276,800,800,800,864,800,800,800,862,800,889,800,858,800,800,800,800,800,1265,800,0,0,0,0,0,0,0,0,0,0,0,0,0,0,0,0,0,0,0,0,0,0,0,0,0,0,0,0,0,0,38.88888931274414,0,0,26071.835510253906,125362.9970703125,0,67221331968,8589930496,66858815488,4400496640
200,1724174805642,1268,1311,800,800,800,800,1920,800,857,894,884,867,1276,800,800,800,864,800,800,800,862,800,889,800,858,800,800,800,800,800,1265,800,0,0,0,0,0,0,0,0,0,0,0,0,0,0,0,0,0,0,0,0,0,0,0,0,0,0,0,0,0,0,47.36842346191406,0,0,26077.92547607422,125367.7388305664,0,67221331968,8589930496,66916618240,4349378560
200,1724174805843,1268,1311,800,800,800,800,1920,800,857,894,884,867,1276,800,800,800,864,800,800,800,862,800,889,800,858,800,800,800,800,800,1265,800,0,0,0,0,0,0,0,0,0,0,0,0,0,0,0,0,0,0,0,0,0,0,0,0,0,0,0,0,0,0,55,0,0,26084.1171875,125372.57238769531,0,67221331968,8589930496,66957905920,4307173376
200,1724174806043,1268,1311,800,800,800,800,1920,800,857,894,884,867,1276,800,800,800,864,800,800,800,862,800,889,800,858,800,800,800,800,800,1265,800,19.047618865966797,0,10,42.85714340209961,0,0,0,0,0,4.545454502105713,0,0,0,0,0,0,0,0,0,0,0,0,0,0,0,0,0,0,0,0,10.526315689086914,0,0,26090.92169189453,125378.00634765625,0,67221331968,8589930496,66790436864,4464496640
199,1724174806243,1268,1311,800,800,800,800,1920,800,857,894,884,867,1276,800,800,800,864,800,800,800,862,800,889,800,858,800,800,800,800,800,1265,800,0,0,0,0,0,0,0,0,0,0,0,0,0,0,0,0,0,0,0,0,0,0,0,0,0,0,0,0,0,0,47.36842346191406,0,0,26092.921997070313,125378.6763305664,0,67221331968,8589930496,66840227840,4416524288
200,1724174806443,1268,1311,800,800,800,800,1920,800,857,894,884,867,1276,800,800,800,864,800,800,800,862,800,889,800,858,800,800,800,800,800,1265,800,0,0,0,0,0,0,0,0,0,0,0,0,0,0,0,0,0,0,0,0,0,0,0,0,0,0,0,0,0,0,36.842105865478516,0,0,26095.06768798828,125379.49047851563,0,67221331968,8589930496,66889773056,4366454784
200,1724174806643,1268,1311,800,800,800,800,1920,800,857,894,884,867,1276,800,800,800,864,800,800,800,862,800,889,800,858,800,800,800,800,800,1265,800,0,0,0,0,0,0,0,0,0,0,0,0,0,0,0,0,0,0,0,0,0,0,0,0,0,0,0,0,0,0,44.4444465637207,0,0,26098.59100341797,125381.68145751953,0,67221331968,8589930496,66947575808,4307734528
200,1724174806843,1268,1311,800,800,800,800,1920,800,857,894,884,867,1276,800,800,800,864,800,800,800,862,800,889,800,858,800,800,800,800,800,1265,800,0,0,42.105262756347656,0,0,0,0,0,0,0,0,0,0,0,0,0,0,0,0,0,0,0,0,0,0,0,0,0,0,0,55,0,0,26106.071228027344,125387.77734375,0,67221331968,8589930496,66784133120,4469936128
200,1724174807043,1268,1311,800,800,800,800,1920,800,857,894,884,867,1276,800,800,800,864,800,800,800,862,800,889,800,858,800,800,800,800,800,1265,800,0,0,0,0,0,0,0,0,0,0,0,0,0,0,0,0,0,0,0,0,0,0,0,0,0,0,0,0,0,0,42.105262756347656,0,0,26110.169494628906,125390.53704833984,0,67221331968,8589930496,66833588224,4417769472
200,1724174807243,1268,1311,800,800,800,800,1920,800,857,894,884,867,1276,800,800,800,864,800,800,800,862,800,889,800,858,800,800,800,800,800,1265,800,0,0,0,0,0,0,0,0,0,0,0,0,0,0,0,0,0,0,0,0,0,0,0,0,0,0,0,0,0,0,50,0,0,26113.92120361328,125392.95703125,0,67221331968,8589930496,66875121664,4375564288
200,1724174807443,1268,1311,800,800,800,800,1920,800,857,894,884,867,1276,800,800,800,864,800,800,800,862,800,889,800,858,800,800,800,800,800,1265,800,0,0,0,0,0,0,0,0,0,0,0,0,0,0,0,0,0,0,0,0,0,0,0,0,0,0,0,0,0,0,57.894737243652344,0,0,26120.787048339844,125398.47814941406,0,67221331968,8589930496,66909958144,4343320576
200,1724174807643,1268,1311,800,800,800,800,1920,800,857,894,884,867,1276,800,800,800,864,800,800,800,862,800,889,800,858,800,800,800,800,800,1265,800,0,0,0,0,0,0,0,0,0,0,0,0,0,0,0,0,0,0,0,0,0,0,0,0,0,0,0,0,0,0,45,0,0,26124.601928710938,125400.96478271484,0,67221331968,8589930496,66951225344,4300591104
200,1724174807844,1268,1311,800,800,800,800,1920,800,857,894,884,867,1276,800,800,800,864,800,800,800,862,800,889,800,858,800,800,800,800,800,1265,800,0,0,42.85714340209961,0,0,0,0,0,0,0,0,0,0,0,0,0,0,0,0,0,0,0,0,0,0,0,0,0,0,0,26.3157901763916,0,0,26129.553649902344,125404.56927490234,0,67221331968,8589930496,66796552192,4449808384
200,1724174808044,1268,1311,800,800,800,800,1920,800,857,894,884,867,1276,800,800,800,864,800,800,800,862,800,889,800,858,800,800,800,800,800,1265,800,0,0,0,0,0,0,0,0,0,0,0,0,0,0,0,0,0,0,0,0,0,0,0,0,0,0,0,0,0,0,47.36842346191406,0,0,26133.174072265625,125406.85852050781,0,67221331968,8589930496,66838368256,4405768192
200,1724174808244,1268,1311,800,800,800,800,1920,800,857,894,884,867,1276,800,800,800,864,800,800,800,862,800,889,800,858,800,800,800,800,800,1265,800,0,0,0,0,0,0,0,0,0,0,0,0,0,0,0,0,0,0,0,0,0,0,0,0,0,0,0,0,0,0,63.15789031982422,0,0,26139.36505126953,125411.71258544922,0,67221331968,8589930496,66888159232,4357533696
199,1724174808444,1268,1311,800,800,800,800,1920,800,857,894,884,867,1276,800,800,800,864,800,800,800,862,800,889,800,858,800,800,800,800,800,1265,800,0,0,0,0,0,0,0,0,0,0,0,0,0,0,0,0,0,0,0,0,0,0,0,0,0,0,0,0,0,0,36.842105865478516,0,0,26143.239624023438,125414.25872802734,0,67221331968,8589930496,66937704448,4303269888
200,1724174808644,1268,1311,800,800,800,800,1920,800,857,894,884,867,1276,800,800,800,864,800,800,800,862,800,889,800,858,800,800,800,800,800,1265,800,0,0,0,0,0,0,0,0,0,0,0,0,0,0,0,0,0,0,0,0,0,0,0,0,0,0,0,0,0,0,36.842105865478516,0,0,26146.443969726563,125416.12664794922,0,67221331968,8589930496,66879115264,4389924864
199,1724174808844,1268,1311,800,800,800,800,1920,800,857,894,884,867,1276,800,800,800,864,800,800,800,862,800,889,800,858,800,800,800,800,800,1265,800,2.4390242099761963,0,22.5,0,0,0,0,0,0,0,0,0,0,0,0,0,0,0,0,0,0,0,0,0,0,0,0,0,0,0,35.897438049316406,0,0,26149.933349609375,125418.27844238281,0,67221331968,8589930496,66824654848,4438302720
199,1724174809044,1268,1311,800,800,800,800,1920,800,857,894,884,867,1276,800,800,800,864,800,800,800,862,800,889,800,858,800,800,800,800,800,1265,800,0,0,0,0,0,0,0,0,0,0,0,0,0,0,0,0,0,0,0,0,0,0,0,0,0,0,0,0,0,0,40,0,0,26151.773193359375,125418.7925415039,0,67221331968,8589930496,66873999360,4392427520
199,1724174809244,1268,1311,800,800,800,800,1920,800,857,894,884,867,1276,800,800,800,864,800,800,800,862,800,889,800,858,800,800,800,800,800,1265,800,0,0,0,0,0,0,0,0,0,0,0,0,0,0,0,0,0,0,0,0,0,0,0,0,0,0,0,0,0,0,38.88888931274414,0,0,26153.437438964844,125419.12377929688,0,67221331968,8589930496,66915287040,4346028032
199,1724174809444,1268,1311,800,800,800,800,1920,800,857,894,884,867,1276,800,800,800,864,800,800,800,862,800,889,800,858,800,800,800,800,800,1265,800,0,0,0,0,0,0,0,0,0,0,0,0,0,0,0,0,0,0,0,0,0,0,0,0,0,0,0,0,0,0,45,0,0,26155.10284423828,125419.46850585938,0,67221331968,8589930496,66965606400,4298579968
199,1724174809644,1268,1311,800,800,800,800,1920,800,857,894,884,867,1276,800,800,800,864,800,800,800,862,800,889,800,858,800,800,800,800,800,1265,800,0,0,47.619049072265625,0,4.761904716491699,0,0,0,0,0,0,0,0,0,0,0,0,0,0,0,0,0,0,0,0,0,0,0,0,0,28.571430206298828,0,0,26160.246337890625,125423.25616455078,0,67221331968,8589930496,66820575232,4442599424
199,1724174809844,1268,1311,800,800,800,800,1920,800,857,894,884,867,1276,800,800,800,864,800,800,800,862,800,889,800,858,800,800,800,800,800,1265,800,0,0,31.57894515991211,0,0,0,0,0,0,0,0,0,0,0,0,0,0,0,0,0,0,0,0,0,0,0,0,0,0,0,0,0,0,26161.89483642578,125423.5775756836,0,67221331968,8589930496,66869862400,4398297088
199,1724174810044,1268,1311,800,800,800,800,1920,800,857,894,884,867,1276,800,800,800,864,800,800,800,862,800,889,800,858,800,800,800,800,800,1265,800,0,0,42.105262756347656,0,0,0,0,0,0,0,0,0,0,0,0,0,0,0,0,0,0,0,0,0,0,0,0,0,0,0,0,0,0,26163.613403320313,125423.9716796875,0,67221331968,8589930496,66910715904,4350849024
199,1724174810244,1268,1311,800,800,800,800,1920,800,857,894,884,867,1276,800,800,800,864,800,800,800,862,800,889,800,858,800,800,800,800,800,1265,800,0,0,38.88888931274414,0,0,0,0,0,0,0,0,0,0,0,0,0,0,0,0,0,0,0,0,0,0,0,0,0,0,0,0,0,0,26165.356506347656,125424.38800048828,0,67221331968,8589930496,66960261120,4303663104
200,1724174810444,1268,1311,800,800,800,800,1920,800,857,894,884,867,1276,800,800,800,864,800,800,800,862,800,889,800,858,800,800,800,800,800,1265,800,0,0,47.619049072265625,0,10.526315689086914,0,0,0,0,0,0,0,0,0,0,0,0,0,0,0,0,0,0,0,0,0,0,0,0,0,61.904762268066406,0,0,26171.685546875,125429.3544921875,0,67221331968,8589930496,66774073344,4433137664
200,1724174810645,1268,1311,800,800,800,800,1920,800,857,894,884,867,1276,800,800,800,864,800,800,800,862,800,889,800,858,800,800,800,800,800,1265,800,0,0,0,0,36.842105865478516,0,0,0,0,0,0,0,0,0,4.761904716491699,0,0,0,0,0,0,0,0,0,0,0,0,0,0,0,10,0,0,26174.519470214844,125430.85766601563,0,67221331968,8589930496,66778845184,4433793024
200,1724174810845,1268,1311,800,800,800,800,1920,800,857,894,884,867,1276,800,800,800,864,800,800,800,862,800,889,800,858,800,800,800,800,800,1265,800,0,0,29.411766052246094,0,5.263157844543457,0,0,0,0,0,0,0,0,0,0,0,0,0,0,0,0,0,0,0,0,0,0,0,0,0,0,0,0,26176.135131835938,125431.14776611328,0,67221331968,8589930496,66820378624,4388966400
200,1724174811045,1268,1311,800,800,800,800,1920,800,857,894,884,867,1276,800,800,800,864,800,800,800,862,800,889,800,858,800,800,800,800,800,1265,800,0,0,36.842105865478516,0,0,0,0,0,0,0,0,0,0,0,0,0,0,0,0,0,0,0,0,0,0,0,0,0,0,0,0,0,0,26177.70556640625,125431.39178466797,0,67221331968,8589930496,66861510656,4344664064
199,1724174811245,1268,1311,800,800,800,800,1920,800,857,894,884,867,1276,800,800,800,864,800,800,800,862,800,889,800,858,800,800,800,800,800,1265,800,0,0,33.333335876464844,0,10,0,0,0,0,0,0,0,0,0,0,0,0,0,0,0,0,0,0,0,0,0,0,0,0,0,0,0,0,26179.296936035156,125431.65313720703,0,67221331968,8589930496,66911055872,4300361728
199,1724174811445,1268,1311,800,800,800,800,1920,800,857,894,884,867,1276,800,800,800,864,800,800,800,862,800,889,800,858,800,800,800,800,800,1265,800,0,0,33.333335876464844,0,10,0,0,0,0,0,0,0,0,0,0,0,0,0,0,0,0,0,0,0,0,0,0,0,0,0,0,0,0,26180.999877929688,125432.03619384766,0,67221331968,8589930496,66958807040,4294856704
200,1724174811645,1268,1311,800,800,800,800,1920,800,857,894,884,867,1276,800,800,800,864,800,800,800,862,800,889,800,858,800,800,800,800,800,1265,800,0,0,20.512821197509766,0,17.948719024658203,0,0,0,0,0,0,2.4390242099761963,0,0,0,0,0,0,0,0,0,0,0,0,0,0,0,0,0,0,20.512821197509766,0,0,26186.25567626953,125435.94171142578,0,67221331968,8589930496,66800644096,4470296576
200,1724174811845,1268,1311,800,800,800,800,1920,800,857,894,884,867,1276,800,800,800,864,800,800,800,862,800,889,800,858,800,800,800,800,800,1265,800,0,0,73.68421173095703,0,0,0,0,0,0,0,0,0,0,0,0,0,0,0,0,0,0,0,0,0,0,0,0,0,0,0,0,0,0,26193.016723632813,125441.32427978516,0,67221331968,8589930496,66825416704,4442509312
200,1724174812045,1268,1311,800,800,800,800,1920,800,857,894,884,867,1276,800,800,800,864,800,800,800,862,800,889,800,858,800,800,800,800,800,1265,800,0,0,63.15789031982422,0,0,0,0,0,0,0,0,0,0,0,0,0,0,0,0,0,0,0,0,0,0,0,0,0,0,0,0,0,0,26199.25213623047,125446.1986694336,0,67221331968,8589930496,66863448064,4402925568
200,1724174812245,1268,1311,800,800,800,800,1920,800,857,894,884,867,1276,800,800,800,864,800,800,800,862,800,889,800,858,800,800,800,800,800,1265,800,0,0,45,0,0,0,0,0,0,0,0,0,0,0,0,0,0,0,0,0,0,0,0,0,0,0,0,0,0,0,0,0,0,26204.181884765625,125449.7876586914,0,67221331968,8589930496,66921259008,4348399616
200,1724174812445,1268,1311,800,800,800,800,1920,800,857,894,884,867,1276,800,800,800,864,800,800,800,862,800,889,800,858,800,800,800,800,800,1265,800,0,0,45,0,0,0,0,0,0,0,0,0,0,0,0,0,0,0,0,0,0,0,0,0,0,0,0,0,0,0,15.000000953674316,0,0,26210.588745117188,125454.84240722656,0,67221331968,8589930496,66879700992,4372979712
200,1724174812645,1268,1311,800,800,800,800,1920,800,857,894,884,867,1276,800,800,800,864,800,800,800,862,800,889,800,858,800,800,800,800,800,1265,800,0,0,25,0,20,0,0,0,0,0,0,0,0,0,0,0,0,0,0,0,0,0,0,0,0,0,0,0,0,0,20,0,0,26215.27557373047,125458.18518066406,0,67221331968,8589930496,66817040384,4423778304
200,1724174812846,1268,1311,800,800,800,800,1920,800,857,894,884,867,1276,800,800,800,864,800,800,800,862,800,889,800,858,800,800,800,800,800,1265,800,0,0,42.105262756347656,0,0,0,0,0,0,0,0,0,0,0,0,0,0,0,0,0,0,0,0,0,0,0,0,0,0,0,0,0,0,26217.576782226563,125459.1587524414,0,67221331968,8589930496,66883346432,4359290880
200,1724174813046,1268,1311,800,800,800,800,1920,800,857,894,884,867,1276,800,800,800,864,800,800,800,862,800,889,800,858,800,800,800,800,800,1265,800,0,0,20,0,27.77777862548828,0,0,0,0,0,0,0,0,0,0,0,0,0,0,0,0,0,0,0,0,0,0,0,0,0,0,0,0,26219.765258789063,125460.01959228516,0,67221331968,8589930496,66940383232,4305027072
200,1724174813246,1268,1311,800,800,800,800,1920,800,857,894,884,867,1276,800,800,800,864,800,800,800,862,800,889,800,858,800,800,800,800,800,1265,800,0,0,0,0,45,0,0,0,0,0,0,0,0,0,0,0,0,0,0,0,0,0,0,0,0,0,0,0,0,0,10,0,0,26223.810180664063,125462.71990966797,0,67221331968,8589930496,66935955456,4343869440
200,1724174813446,1268,1311,800,800,800,800,1920,800,857,894,884,867,1276,800,800,800,864,800,800,800,862,800,889,800,858,800,800,800,800,800,1265,800,0,0,33.333335876464844,0,23.809524536132813,0,0,0,0,0,0,0,0,0,0,0,0,0,0,0,0,0,0,0,0,0,0,0,0,0,25,0,0,26229.435302734375,125466.97369384766,0,67221331968,8589930496,66824736768,4455845888
200,1724174813646,1268,1311,800,800,800,800,1920,800,857,894,884,867,1276,800,800,800,864,800,800,800,862,800,889,800,858,800,800,800,800,800,1265,800,0,0,0,0,15.789472579956055,0,0,0,0,0,0,0,0,0,0,0,0,0,0,0,0,0,0,0,0,0,0,0,0,0,0,30.000001907348633,0,26233.1513671875,125469.3480834961,0,67221331968,8589930496,66874265600,4407087104
200,1724174813846,1268,1311,800,800,800,800,1920,800,857,894,884,867,1276,800,800,800,864,800,800,800,862,800,889,800,858,800,800,800,800,800,1265,800,0,0,0,0,0,0,0,0,0,0,0,0,0,0,0,0,0,0,0,0,0,0,0,0,0,0,0,0,0,0,0,47.36842346191406,0,26236.768127441406,125471.61297607422,0,67221331968,8589930496,66932068352,4352299008
200,1724174814046,1268,1311,800,800,800,800,1920,800,857,894,884,867,1276,800,800,800,864,800,800,800,862,800,889,800,858,800,800,800,800,800,1265,800,10,0,0,0,0,0,0,0,0,0,0,0,0,0,0,0,0,0,0,0,0,0,0,0,0,0,0,0,0,0,9.523809432983398,42.105262756347656,0,26243.239379882813,125476.72106933594,0,67221331968,8589930496,66888118272,4391260160
199,1724174814246,1268,1311,800,800,800,800,1920,800,857,894,884,867,1276,800,800,800,864,800,800,800,862,800,889,800,858,800,800,800,800,800,1265,800,15.000000953674316,0,10,0,0,0,0,0,0,0,0,0,0,0,0,0,0,0,0,0,0,0,0,0,0,0,0,0,0,0,0,40,0,26246.893920898438,125479.02520751953,0,67221331968,8589930496,66829238272,4438794240
200,1724174814446,1268,1311,800,800,800,800,1920,800,857,894,884,867,1276,800,800,800,864,800,800,800,862,800,889,800,858,800,800,800,800,800,1265,800,15.000000953674316,0,10,0,0,0,0,0,0,0,0,0,0,0,0,0,0,0,0,0,0,0,0,0,0,0,0,0,0,0,0,40,0,26249.156005859375,125479.9546508789,0,67221331968,8589930496,66878771200,4385579008
200,1724174814646,1268,1311,800,800,800,800,1920,800,857,894,884,867,1276,800,800,800,864,800,800,800,862,800,889,800,858,800,800,800,800,800,1265,800,0,0,0,0,0,0,0,0,0,0,0,0,0,0,0,0,0,0,0,0,0,0,0,0,0,0,0,0,0,0,0,40.5405387878418,0,26253.388610839844,125482.8408203125,0,67221331968,8589930496,66936827904,4323713024
200,1724174814846,1268,1311,800,800,800,800,1920,800,857,894,884,867,1276,800,800,800,864,800,800,800,862,800,889,800,858,800,800,800,800,800,1265,800,0,0,10.526315689086914,0,0,0,0,0,0,0,0,0,0,0,0,0,0,0,0,0,0,0,0,0,0,0,0,0,0,0,0,42.105262756347656,0,26257.87371826172,125485.97631835938,0,67221331968,8589930496,66923905024,4352946176
200,1724174815047,1268,1311,800,800,800,800,1920,800,857,894,884,867,1276,800,800,800,864,800,800,800,862,800,889,800,858,800,800,800,800,800,1265,800,0,0,30.000001907348633,0,0,0,0,0,0,0,0,0,0,0,0,0,0,0,0,0,0,0,0,0,0,0,0,0,0,0,0,40,0,26263.64178466797,125490.38507080078,0,67221331968,8589930496,66817384448,4457119744
199,1724174815247,1268,1311,800,800,800,800,1920,800,857,894,884,867,1276,800,800,800,864,800,800,800,862,800,889,800,858,800,800,800,800,800,1265,800,0,0,0,0,0,0,0,0,0,0,0,0,0,0,0,0,0,0,0,0,0,0,0,0,0,0,0,0,0,0,0,33.333335876464844,0,26265.14910888672,125490.56811523438,0,67221331968,8589930496,66832732160,4441915392
199,1724174815447,1268,1311,800,800,800,800,1920,800,857,894,884,867,1276,800,800,800,864,800,800,800,862,800,889,800,858,800,800,800,800,800,1265,800,0,0,0,0,0,0,0,0,0,0,0,0,0,0,0,0,0,0,0,0,0,0,0,0,0,0,0,0,0,0,0,35.29411697387695,0,26266.61505126953,125490.70935058594,0,67221331968,8589930496,66840989696,4428021760
200,1724174815647,1268,1311,800,800,800,800,1920,800,857,894,884,867,1276,800,800,800,864,800,800,800,862,800,889,800,858,800,800,800,800,800,1265,800,0,0,0,0,0,0,0,0,0,0,0,0,0,0,0,0,0,0,0,0,0,0,0,0,0,0,0,0,0,0,0,35.29411697387695,0,26268.240234375,125491.00604248047,0,67221331968,8589930496,66865504256,4407574528
199,1724174815847,1268,1311,800,800,800,800,1920,800,857,894,884,867,1276,800,800,800,864,800,800,800,862,800,889,800,858,800,800,800,800,800,1265,800,0,0,37.5,0,0,0,0,0,0,0,0,0,0,0,0,0,0,0,0,0,0,0,0,0,0,0,0,0,0,0,0,12.195121765136719,0,26273.75323486328,125495.17218017578,0,67221331968,8589930496,66906791936,4363796480
200,1724174816047,1268,1311,800,800,800,800,1920,800,857,894,884,867,1276,800,800,800,864,800,800,800,862,800,889,800,858,800,800,800,800,800,1265,800,0,0,44.4444465637207,0,0,0,0,0,0,0,0,0,0,0,0,0,0,0,0,0,0,0,0,0,0,0,0,0,0,0,0,0,0,26278.853149414063,125498.9267578125,0,67221331968,8589930496,66955345920,4315299840
199,1724174816247,1268,1311,800,800,800,800,1920,800,857,894,884,867,1276,800,800,800,864,800,800,800,862,800,889,800,858,800,800,800,800,800,1265,800,0,0,45,0,14.285715103149414,0,0,0,0,0,0,0,0,0,0,0,0,0,0,0,0,0,0,0,0,0,0,0,0,0,0,5.882352828979492,0,26284.143676757813,125502.86926269531,0,67221331968,8589930496,66822332416,4428050432
200,1724174816447,1268,1311,800,800,800,800,1920,800,857,894,884,867,1276,800,800,800,864,800,800,800,862,800,889,800,858,800,800,800,800,800,1265,800,0,0,45,0,14.285715103149414,0,0,0,0,0,0,0,0,0,0,0,0,0,0,0,0,0,0,0,0,0,0,0,0,0,0,5.882352828979492,0,26286.150634765625,125503.54888916016,0,67221331968,8589930496,66880135168,4375097344
199,1724174816647,1268,1311,800,800,800,800,1920,800,857,894,884,867,1276,800,800,800,864,800,800,800,862,800,889,800,858,800,800,800,800,800,1265,800,0,0,0,0,0,0,0,0,0,0,0,0,0,0,0,0,0,0,0,0,0,0,0,0,0,0,0,0,0,0,0,42.5,0,26288.115234375,125504.18194580078,0,67221331968,8589930496,66929680384,4322668544
200,1724174816847,1268,1311,800,800,800,800,1920,800,857,894,884,867,1276,800,800,800,864,800,800,800,862,800,889,800,858,800,800,800,800,800,1265,800,0,0,0,0,0,0,0,0,0,0,0,0,0,0,0,0,0,0,0,0,0,0,0,0,0,0,0,0,0,0,0,42.5,0,26291.885498046875,125506.61840820313,0,67221331968,8589930496,66846330880,4421357568
199,1724174817047,1268,1311,800,800,800,800,1920,800,857,894,884,867,1276,800,800,800,864,800,800,800,862,800,889,800,858,800,800,800,800,800,1265,800,0,0,17.5,0,0,0,0,0,0,0,0,0,0,0,0,0,0,0,0,0,0,0,0,0,0,0,0,0,0,0,0,33.333335876464844,0,26294.720581054688,125508.11834716797,0,67221331968,8589930496,66864119808,4400181248
199,1724174817247,1268,1311,800,800,800,800,1920,800,857,894,884,867,1276,800,800,800,864,800,800,800,862,800,889,800,858,800,800,800,800,800,1265,800,0,0,0,0,0,0,0,0,0,4.761904716491699,0,0,0,0,0,0,0,0,0,0,0,0,0,0,0,0,0,0,0,0,0,42.85714340209961,0,26296.646850585938,125508.72442626953,0,67221331968,8589930496,66921406464,4342771712
199,1724174817447,1268,1311,800,800,800,800,1920,800,857,894,884,867,1276,800,800,800,864,800,800,800,862,800,889,800,858,800,800,800,800,800,1265,800,0,0,0,0,0,0,0,0,0,0,0,0,0,0,0,0,0,0,0,0,0,0,0,0,0,0,0,0,0,0,0,45,0,26298.55694580078,125509.30181884766,0,67221331968,8589930496,66970951680,4294799360
200,1724174817647,1268,1311,800,800,800,800,1920,800,857,894,884,867,1276,800,800,800,864,800,800,800,862,800,889,800,858,800,800,800,800,800,1265,800,0,0,36.842105865478516,0,0,0,0,0,0,0,0,0,0,0,0,0,0,0,0,0,0,0,0,0,0,0,0,0,0,0,0,31.57894515991211,0,26303.825622558594,125513.21911621094,0,67221331968,8589930496,66838290432,4432244736
199,1724174817848,1268,1311,800,800,800,800,1920,800,857,894,884,867,1276,800,800,800,864,800,800,800,862,800,889,800,858,800,800,800,800,800,1265,800,0,0,0,0,0,0,0,0,0,0,0,0,0,0,0,0,0,0,0,0,0,0,0,0,0,0,0,0,0,0,0,47.36842346191406,0,26308.390075683594,125516.42852783203,0,67221331968,8589930496,66888351744,4380340224
199,1724174818048,1268,1311,800,800,800,800,1920,800,857,894,884,867,1276,800,800,800,864,800,800,800,862,800,889,800,858,800,800,800,800,800,1265,800,0,0,0,0,0,0,0,0,0,0,0,0,0,0,0,0,0,0,0,0,0,0,0,0,0,0,0,0,0,0,0,31.57894515991211,0,26309.840087890625,125516.55541992188,0,67221331968,8589930496,66896609280,4370640896
199,1724174818248,1268,1311,800,800,800,800,1920,800,857,894,884,867,1276,800,800,800,864,800,800,800,862,800,889,800,858,800,800,800,800,800,1265,800,0,0,0,0,0,0,0,0,0,0,0,0,0,0,0,0,0,0,0,0,0,0,0,0,0,0,0,0,0,0,0,27.77777862548828,0,26311.288330078125,125516.67791748047,0,67221331968,8589930496,66912731136,4359892992
199,1724174818448,1268,1311,800,800,800,800,1920,800,857,894,884,867,1276,800,800,800,864,800,800,800,862,800,889,800,858,800,800,800,800,800,1265,800,0,0,0,0,0,0,0,0,0,0,0,0,0,0,0,0,0,0,0,0,0,0,0,0,0,0,0,0,0,0,0,27.77777862548828,0,26312.72784423828,125516.79388427734,0,67221331968,8589930496,66920988672,4348096512
199,1724174818648,1268,1311,800,800,800,800,1920,800,857,894,884,867,1276,800,800,800,864,800,800,800,862,800,889,800,858,800,800,800,800,800,1265,800,0,0,0,0,0,0,0,0,0,0,0,0,0,0,0,0,0,0,0,0,0,0,0,0,0,0,0,0,0,0,0,27.77777862548828,0,26314.171630859375,125516.91339111328,0,67221331968,8589930496,66936213504,4336300032
199,1724174818848,1268,1311,800,800,800,800,1920,800,857,894,884,867,1276,800,800,800,864,800,800,800,862,800,889,800,858,800,800,800,800,800,1265,800,0,0,0,0,0,0,0,0,0,0,0,0,0,0,0,0,0,0,0,0,0,0,0,0,0,0,0,0,0,0,0,29.411766052246094,0,26315.625122070313,125517.03594970703,0,67221331968,8589930496,66944471040,4322930688
199,1724174819048,1268,1311,800,800,800,800,1920,800,857,894,884,867,1276,800,800,800,864,800,800,800,862,800,889,800,858,800,800,800,800,800,1265,800,0,0,0,0,0,0,0,0,0,0,0,0,0,0,0,0,0,0,0,0,0,0,0,0,0,0,0,0,0,0,0,35,0,26317.080200195313,125517.16632080078,0,67221331968,8589930496,66960994304,4310085632
199,1724174819249,1268,1311,800,800,800,800,1920,800,857,894,884,867,1276,800,800,800,864,800,800,800,862,800,889,800,858,800,800,800,800,800,1265,800,0,0,4.761904716491699,0,0,0,0,0,0,0,0,0,0,0,0,0,0,0,0,0,0,0,0,0,0,0,0,0,0,0,0,22.22222328186035,0,26318.534545898438,125517.29705810547,0,67221331968,8589930496,66970263552,4298027008
199,1724174819449,1268,1311,800,800,800,800,1920,800,857,894,884,867,1276,800,800,800,864,800,800,800,862,800,889,800,858,800,800,800,800,800,1265,800,0,0,4.761904716491699,0,0,0,0,0,0,0,0,0,0,0,0,0,0,0,0,0,0,0,0,0,0,0,0,0,0,0,0,22.22222328186035,0,26322.94158935547,125520.36279296875,0,67221331968,8589930496,66784219136,4460990464
199,1724174819649,1268,1311,800,800,800,800,1920,800,857,894,884,867,1276,800,800,800,864,800,800,800,862,800,889,800,858,800,800,800,800,800,1265,800,0,0,27.02702522277832,0,10.256410598754883,0,0,0,0,0,0,0,0,0,0,0,0,0,0,0,0,0,0,0,0,0,0,0,0,0,7.500000476837158,0,0,26324.405822753906,125520.50286865234,0,67221331968,8589930496,66800734208,4446048256
199,1724174819849,1268,1311,800,800,800,800,1920,800,857,894,884,867,1276,800,800,800,864,800,800,800,862,800,889,800,858,800,800,800,800,800,1265,800,0,0,31.57894515991211,0,0,0,0,0,0,0,0,0,0,0,0,0,0,0,0,0,0,0,0,0,0,0,0,0,0,0,0,0,0,26325.846740722656,125520.61889648438,0,67221331968,8589930496,66808991744,4431892480
199,1724174820049,1268,1311,800,800,800,800,1920,800,857,894,884,867,1276,800,800,800,864,800,800,800,862,800,889,800,858,800,800,800,800,800,1265,800,4.761904716491699,0,31.57894515991211,0,10,0,0,0,0,0,0,0,0,0,0,0,0,0,0,0,0,0,0,0,0,0,0,0,0,0,0,0,0,26327.30743408203,125520.75396728516,0,67221331968,8589930496,66842910720,4415115264
199,1724174820249,1268,1311,800,800,800,800,1920,800,857,894,884,867,1276,800,800,800,864,800,800,800,862,800,889,800,858,800,800,800,800,800,1265,800,4.761904716491699,0,17.647058486938477,0,0,0,0,0,0,0,0,0,0,0,0,0,0,0,0,0,0,0,0,0,0,0,0,0,0,0,0,0,0,26328.742248535156,125520.86450195313,0,67221331968,8589930496,66859061248,4401745920
199,1724174820449,1268,1311,800,800,800,800,1920,800,857,894,884,867,1276,800,800,800,864,800,800,800,862,800,889,800,858,800,800,800,800,800,1265,800,0,0,22.22222328186035,0,0,0,0,0,0,0,0,0,0,0,0,0,0,0,0,0,0,0,0,0,0,0,0,0,0,0,5,0,0,26330.17266845703,125520.97143554688,0,67221331968,8589930496,66867834880,4387590144
199,1724174820649,1268,1311,800,800,800,800,1920,800,857,894,884,867,1276,800,800,800,864,800,800,800,862,800,889,800,858,800,800,800,800,800,1265,800,0,0,31.57894515991211,0,0,0,0,0,0,0,0,0,0,0,0,0,0,0,0,0,0,0,0,0,0,0,0,0,0,0,0,0,0,26331.620483398438,125521.08776855469,0,67221331968,8589930496,66884349952,4372910080
199,1724174820849,1268,1311,800,800,800,800,1920,800,857,894,884,867,1276,800,800,800,864,800,800,800,862,800,889,800,858,800,800,800,800,800,1265,800,0,0,31.57894515991211,0,0,0,0,0,0,0,0,0,0,0,0,0,0,0,0,0,0,0,0,0,0,0,0,0,0,0,0,0,0,26335.398864746094,125523.52416992188,0,67221331968,8589930496,66909122560,4346171392
200,1724174821049,1268,1311,800,800,800,800,1920,800,857,894,884,867,1276,800,800,800,864,800,800,800,862,800,889,800,858,800,800,800,800,800,1265,800,0,0,54.05405044555664,0,0,0,0,0,0,0,0,0,0,0,0,0,0,0,0,0,0,0,0,0,0,0,0,0,0,0,0,0,0,26341.543090820313,125528.30670166016,0,67221331968,8589930496,66949074944,4310257664
200,1724174821249,1268,1311,800,800,800,800,1920,800,857,894,884,867,1276,800,800,800,864,800,800,800,862,800,889,800,858,800,800,800,800,800,1265,800,0,0,52.6315803527832,0,0,0,0,0,0,0,0,0,0,0,0,0,0,0,0,0,0,0,0,0,0,0,0,0,0,0,30.000001907348633,0,0,26348.76678466797,125534.16033935547,0,67221331968,8589930496,66845601792,4420775936
200,1724174821449,1268,1311,800,800,800,800,1920,800,857,894,884,867,1276,800,800,800,864,800,800,800,862,800,889,800,858,800,800,800,800,800,1265,800,0,0,47.619049072265625,0,0,0,0,0,0,0,0,0,0,0,0,0,0,0,0,0,0,0,0,0,0,0,0,0,0,0,9.523809432983398,0,0,26351.991821289063,125536.03680419922,0,67221331968,8589930496,66881212416,4383248384
199,1724174821650,1268,1311,800,800,800,800,1920,800,857,894,884,867,1276,800,800,800,864,800,800,800,862,800,889,800,858,800,800,800,800,800,1265,800,0,0,36.842105865478516,0,0,0,0,0,0,0,0,0,0,0,0,0,0,0,0,0,0,0,0,0,0,0,0,0,0,0,0,0,0,26355.584899902344,125538.28619384766,0,67221331968,8589930496,66913726464,4348645376
199,1724174821850,1268,1311,800,800,800,800,1920,800,857,894,884,867,1276,800,800,800,864,800,800,800,862,800,889,800,858,800,800,800,800,800,1265,800,0,0,38.88888931274414,0,0,0,0,0,0,0,0,0,0,0,0,0,0,0,0,0,0,0,0,0,0,0,0,0,0,0,0,0,0,26357.045959472656,125538.41912841797,0,67221331968,8589930496,66921984000,4338683904
199,1724174822050,1268,1311,800,800,800,800,1920,800,857,894,884,867,1276,800,800,800,864,800,800,800,862,800,889,800,858,800,800,800,800,800,1265,800,0,0,42.85714340209961,0,0,0,0,0,0,0,0,0,0,0,0,0,0,0,0,0,0,0,0,0,0,0,0,0,0,0,0,0,0,26358.523986816406,125538.56860351563,0,67221331968,8589930496,66929504256,4328722432
199,1724174822250,1268,1311,800,800,800,800,1920,800,857,894,884,867,1276,800,800,800,864,800,800,800,862,800,889,800,858,800,800,800,800,800,1265,800,0,0,27.77777862548828,0,0,0,0,0,0,0,0,0,0,0,0,0,0,0,0,0,0,0,0,0,0,0,0,0,0,0,0,0,0,26359.962463378906,125538.68090820313,0,67221331968,8589930496,66946019328,4317450240
199,1724174822450,1268,1311,800,800,800,800,1920,800,857,894,884,867,1276,800,800,800,864,800,800,800,862,800,889,800,858,800,800,800,800,800,1265,800,0,0,27.77777862548828,0,0,0,0,0,0,0,0,0,0,0,0,0,0,0,0,0,0,0,0,0,0,0,0,0,0,0,0,0,0,26361.42205810547,125538.80810546875,0,67221331968,8589930496,66954792960,4305391616
199,1724174822650,1268,1311,800,800,800,800,1920,800,857,894,884,867,1276,800,800,800,864,800,800,800,862,800,889,800,858,800,800,800,800,800,1265,800,0,0,23.52941131591797,0,0,0,0,0,0,0,0,0,0,0,0,0,0,0,0,0,0,0,0,0,0,0,0,0,0,0,0,0,0,26362.85986328125,125538.9253540039,0,67221331968,8589930496,66971308032,4294905856
200,1724174822850,1268,1311,800,800,800,800,1920,800,857,894,884,867,1276,800,800,800,864,800,800,800,862,800,889,800,858,800,800,800,800,800,1265,800,0,0,23.52941131591797,0,0,0,0,0,0,0,0,0,0,0,0,0,0,0,0,0,0,0,0,0,0,0,0,0,0,0,0,0,0,26366.398864746094,125541.13018798828,0,67221331968,8589930496,66861502464,4407795712
199,1724174823050,1268,1311,800,800,800,800,1920,800,857,894,884,867,1276,800,800,800,864,800,800,800,862,800,889,800,858,800,800,800,800,800,1265,800,0,0,24.324325561523438,0,0,0,0,0,0,0,0,0,0,0,0,0,0,0,0,0,0,0,0,0,0,0,0,0,0,0,15.000000953674316,0,0,26367.910705566406,125541.3046875,0,67221331968,8589930496,66869530624,4396523520
199,1724174823251,1268,1311,800,800,800,800,1920,800,857,894,884,867,1276,800,800,800,864,800,800,800,862,800,889,800,858,800,800,800,800,800,1265,800,0,0,31.57894515991211,0,0,0,0,0,0,0,0,0,0,0,0,0,0,0,0,0,0,0,0,0,0,0,0,0,0,0,0,0,0,26369.370178222656,125541.43664550781,0,67221331968,8589930496,66886045696,4385251328
199,1724174823451,1268,1311,800,800,800,800,1920,800,857,894,884,867,1276,800,800,800,864,800,800,800,862,800,889,800,858,800,800,800,800,800,1265,800,0,0,10,0,0,0,0,0,0,0,0,0,0,0,0,0,0,0,0,0,0,0,0,0,0,0,0,0,0,0,0,21.052631378173828,0,26370.8154296875,125541.5552368164,0,67221331968,8589930496,66894303232,4373716992
200,1724174823651,1268,1311,800,800,800,800,1920,800,857,894,884,867,1276,800,800,800,864,800,800,800,862,800,889,800,858,800,800,800,800,800,1265,800,0,0,10,0,0,0,0,0,0,0,0,0,0,0,0,0,0,0,0,0,0,0,0,0,0,0,0,0,0,0,0,21.052631378173828,0,26374.489135742188,125543.85961914063,0,67221331968,8589930496,66919075840,4354056192
200,1724174823851,1268,1311,800,800,800,800,1920,800,857,894,884,867,1276,800,800,800,864,800,800,800,862,800,889,800,858,800,800,800,800,800,1265,800,0,0,0,0,0,0,0,0,0,0,0,0,0,0,0,0,0,0,0,0,0,0,0,0,0,0,0,0,0,0,0,73.68421173095703,0,26382.28155517578,125550.15997314453,0,67221331968,8589930496,66919075840,4350124032
200,1724174824051,1268,1311,800,800,800,800,1920,800,857,894,884,867,1276,800,800,800,864,800,800,800,862,800,889,800,858,800,800,800,800,800,1265,800,0,0,0,0,0,0,0,0,0,0,0,0,0,0,0,0,0,0,0,0,0,0,0,0,0,0,0,0,0,0,0,85,0,26389.697509765625,125556.14739990234,0,67221331968,8589930496,66926989312,4338327552
199,1724174824251,1268,1311,800,800,800,800,1920,800,857,894,884,867,1276,800,800,800,864,800,800,800,862,800,889,800,858,800,800,800,800,800,1265,800,0,0,0,0,0,0,0,0,0,0,0,0,0,0,0,0,0,0,0,0,0,0,0,0,0,0,0,0,0,0,5.263157844543457,31.57894515991211,0,26392.605590820313,125557.71368408203,0,67221331968,8589930496,66947174400,4326006784
199,1724174824451,1268,1311,800,800,800,800,1920,800,857,894,884,867,1276,800,800,800,864,800,800,800,862,800,889,800,858,800,800,800,800,800,1265,800,0,0,0,0,0,0,0,0,0,0,0,0,0,0,0,0,0,0,0,0,0,0,0,0,0,0,0,0,0,0,22.22222328186035,0,0,26394.060302734375,125557.84405517578,0,67221331968,8589930496,66962657280,4312899584
199,1724174824651,1268,1311,800,800,800,800,1920,800,857,894,884,867,1276,800,800,800,864,800,800,800,862,800,889,800,858,800,800,800,800,800,1265,800,0,0,38.88888931274414,0,0,0,0,0,0,0,0,0,0,0,0,0,0,0,0,0,0,0,0,0,0,0,0,0,0,0,10.526315689086914,0,0,26397.641174316406,125560.09246826172,0,67221331968,8589930496,66877734912,4396752896
199,1724174824851,1268,1311,800,800,800,800,1920,800,857,894,884,867,1276,800,800,800,864,800,800,800,862,800,889,800,858,800,800,800,800,800,1265,800,0,0,0,0,0,0,0,0,0,0,0,0,0,0,0,0,0,0,0,0,0,0,0,0,0,0,0,0,0,0,23.52941131591797,0,0,26399.091064453125,125560.21221923828,0,67221331968,8589930496,66885992448,4384169984
199,1724174825051,1268,1311,800,800,800,800,1920,800,857,894,884,867,1276,800,800,800,864,800,800,800,862,800,889,800,858,800,800,800,800,800,1265,800,0,0,0,0,0,0,0,0,0,0,0,0,0,0,0,0,0,0,0,0,0,0,0,0,0,0,0,0,0,0,27.77777862548828,0,0,26400.525268554688,125560.3212890625,0,67221331968,8589930496,66902507520,4371849216
199,1724174825251,1268,1311,800,800,800,800,1920,800,857,894,884,867,1276,800,800,800,864,800,800,800,862,800,889,800,858,800,800,800,800,800,1265,800,0,0,27.77777862548828,0,0,0,0,0,0,0,0,0,0,0,0,0,0,0,0,0,0,0,0,0,0,0,0,0,0,0,0,0,0,26401.9658203125,125560.43768310547,0,67221331968,8589930496,66918764544,4359266304
199,1724174825452,1268,1311,800,800,800,800,1920,800,857,894,884,867,1276,800,800,800,864,800,800,800,862,800,889,800,858,800,800,800,800,800,1265,800,0,0,25,0,0,0,0,0,0,0,0,0,0,0,0,0,0,0,0,0,0,0,0,0,0,0,0,0,0,0,5,0,0,26403.419982910156,125560.56579589844,0,67221331968,8589930496,66940878848,4346421248
199,1724174825652,1268,1311,800,800,800,800,1920,800,857,894,884,867,1276,800,800,800,864,800,800,800,862,800,889,800,858,800,800,800,800,800,1265,800,0,0,0,0,0,0,0,0,0,0,0,0,0,0,0,0,0,0,0,0,0,0,0,0,0,0,0,0,0,0,22.22222328186035,0,0,26404.851928710938,125560.67517089844,0,67221331968,8589930496,66949111808,4334100480
199,1724174825852,1268,1311,800,800,800,800,1920,800,857,894,884,867,1276,800,800,800,864,800,800,800,862,800,889,800,858,800,800,800,800,800,1265,800,0,0,0,0,0,0,0,0,0,0,0,0,0,0,0,0,0,0,0,0,0,0,0,0,0,0,0,0,0,0,27.77777862548828,0,0,26406.283752441406,125560.7808227539,0,67221331968,8589930496,66965626880,4321779712
200,1724174826052,1268,1311,800,800,800,800,1920,800,857,894,884,867,1276,800,800,800,864,800,800,800,862,800,889,800,858,800,800,800,800,800,1265,800,0,0,0,0,0,0,0,0,0,0,0,0,0,0,0,0,0,0,0,0,0,0,0,0,0,0,0,0,0,0,27.77777862548828,0,0,26408.600341796875,125561.77154541016,0,67221331968,8589930496,66919510016,4347867136
199,1724174826252,1268,1311,800,800,800,800,1920,800,857,894,884,867,1276,800,800,800,864,800,800,800,862,800,889,800,858,800,800,800,800,800,1265,800,0,0,7.692307949066162,0,7.894736289978027,0,0,0,0,0,0,0,0,0,0,0,0,0,0,0,0,0,0,0,0,0,0,0,0,0,20,0,0,26411.46466064453,125563.30572509766,0,67221331968,8589930496,66865553408,4390248448
199,1724174826452,1268,1311,800,800,800,800,1920,800,857,894,884,867,1276,800,800,800,864,800,800,800,862,800,889,800,858,800,800,800,800,800,1265,800,0,0,0,0,22.22222328186035,0,0,0,0,0,0,0,0,0,0,0,0,0,0,0,0,0,0,0,0,0,0,0,0,0,0,0,0,26412.89569091797,125563.41381835938,0,67221331968,8589930496,66882068480,4377665536
199,1724174826652,1268,1311,800,800,800,800,1920,800,857,894,884,867,1276,800,800,800,864,800,800,800,862,800,889,800,858,800,800,800,800,800,1265,800,0,0,0,0,22.22222328186035,0,0,0,0,0,0,0,0,0,0,0,0,0,0,0,0,0,0,0,0,0,0,0,0,0,0,0,0,26414.333435058594,125563.52740478516,0,67221331968,8589930496,66890326016,4365344768
199,1724174826852,1268,1311,800,800,800,800,1920,800,857,894,884,867,1276,800,800,800,864,800,800,800,862,800,889,800,858,800,800,800,800,800,1265,800,0,0,25,0,0,0,0,0,0,0,0,0,0,0,0,0,0,0,0,0,0,0,0,0,0,0,0,0,0,0,0,0,0,26415.773559570313,125563.63757324219,0,67221331968,8589930496,66906841088,4353024000
199,1724174827052,1268,1311,800,800,800,800,1920,800,857,894,884,867,1276,800,800,800,864,800,800,800,862,800,889,800,858,800,800,800,800,800,1265,800,0,0,27.77777862548828,0,5,0,0,0,0,0,0,0,0,0,0,0,0,0,0,0,0,0,0,0,0,0,0,0,0,0,0,0,0,26417.2080078125,125563.74609375,0,67221331968,8589930496,66914836480,4341227520
199,1724174827253,1268,1311,800,800,800,800,1920,800,857,894,884,867,1276,800,800,800,864,800,800,800,862,800,889,800,858,800,800,800,800,800,1265,800,0,0,22.22222328186035,0,0,0,0,0,0,0,0,0,0,0,0,0,0,0,0,0,0,0,0,0,0,0,0,0,0,0,0,0,0,26418.64532470703,125563.85931396484,0,67221331968,8589930496,66931351552,4328906752
199,1724174827453,1268,1311,800,800,800,800,1920,800,857,894,884,867,1276,800,800,800,864,800,800,800,862,800,889,800,858,800,800,800,800,800,1265,800,0,0,22.22222328186035,0,0,0,0,0,0,0,0,0,0,0,0,0,0,0,0,0,0,0,0,0,0,0,0,0,0,0,0,0,0,26420.078186035156,125563.96783447266,0,67221331968,8589930496,66939609088,4316585984
199,1724174827653,1268,1311,800,800,800,800,1920,800,857,894,884,867,1276,800,800,800,864,800,800,800,862,800,889,800,858,800,800,800,800,800,1265,800,0,0,4.761904716491699,0,23.52941131591797,0,0,0,0,0,0,0,0,0,0,0,0,0,0,0,0,0,0,0,0,0,0,0,0,0,0,0,0,26421.517944335938,125564.08386230469,0,67221331968,8589930496,66956058624,4303740928
200,1724174827853,1268,1311,800,800,800,800,1920,800,857,894,884,867,1276,800,800,800,864,800,800,800,862,800,889,800,858,800,800,800,800,800,1265,800,0,0,4.761904716491699,0,23.52941131591797,0,0,0,0,0,0,0,0,0,0,0,0,0,0,0,0,0,0,0,0,0,0,0,0,0,0,0,0,26425.817626953125,125567.0140991211,0,67221331968,8589930496,66964316160,4295090176
200,1724174828053,1268,1311,800,800,800,800,1920,800,857,894,884,867,1276,800,800,800,864,800,800,800,862,800,889,800,858,800,800,800,800,800,1265,800,0,0,61.5384635925293,0,14.634145736694336,0,0,0,0,0,0,0,0,0,0,0,0,0,0,0,0,0,0,0,0,0,0,0,0,0,12.5,0,0,26433.87890625,125573.66790771484,0,67221331968,8589930496,66894880768,4363608064
199,1724174828253,1268,1311,800,800,800,800,1920,800,857,894,884,867,1276,800,800,800,864,800,800,800,862,800,889,800,858,800,800,800,800,800,1265,800,0,0,40,0,0,0,0,0,0,0,0,0,0,0,0,0,0,0,0,0,0,0,0,0,0,0,0,0,0,0,0,0,0,26436.701232910156,125575.1538696289,0,67221331968,8589930496,66911395840,4351549440
199,1724174828453,1268,1311,800,800,800,800,1920,800,857,894,884,867,1276,800,800,800,864,800,800,800,862,800,889,800,858,800,800,800,800,800,1265,800,0,0,35.29411697387695,0,0,0,0,0,0,0,0,0,0,0,0,0,0,0,0,0,0,0,0,0,0,0,0,0,0,0,0,0,0,26438.18194580078,125575.3090209961,0,67221331968,8589930496,66919653376,4340015104
199,1724174828653,1268,1311,800,800,800,800,1920,800,857,894,884,867,1276,800,800,800,864,800,800,800,862,800,889,800,858,800,800,800,800,800,1265,800,0,0,0,0,31.57894515991211,0,0,0,0,0,0,0,0,0,0,0,0,0,0,0,0,0,0,0,0,0,0,0,0,0,15.789472579956055,0,0,26439.686279296875,125575.48767089844,0,67221331968,8589930496,66923524096,4329791488
199,1724174828853,1268,1311,800,800,800,800,1920,800,857,894,884,867,1276,800,800,800,864,800,800,800,862,800,889,800,858,800,800,800,800,800,1265,800,0,0,0,0,0,0,0,0,0,0,0,0,0,0,0,0,0,0,0,0,0,0,0,0,0,0,0,0,0,0,35.29411697387695,0,0,26441.170288085938,125575.63995361328,0,67221331968,8589930496,66935037952,4318519296
199,1724174829053,1268,1311,800,800,800,800,1920,800,857,894,884,867,1276,800,800,800,864,800,800,800,862,800,889,800,858,800,800,800,800,800,1265,800,0,0,0,0,0,0,0,0,0,0,0,0,0,0,0,0,0,0,0,0,0,0,0,0,0,0,0,0,0,0,47.619049072265625,0,0,26442.661499023438,125575.81274414063,0,67221331968,8589930496,66946306048,4307247104
199,1724174829253,1268,1311,800,800,800,800,1920,800,857,894,884,867,1276,800,800,800,864,800,800,800,862,800,889,800,858,800,800,800,800,800,1265,800,0,0,0,0,0,0,0,0,0,0,0,0,0,0,0,0,0,0,0,0,0,0,0,0,0,0,0,0,0,0,35.29411697387695,0,0,26444.13299560547,125575.94989013672,0,67221331968,8589930496,66957819904,4295974912
200,1724174829453,1268,1311,800,800,800,800,1920,800,857,894,884,867,1276,800,800,800,864,800,800,800,862,800,889,800,858,800,800,800,800,800,1265,800,0,0,0,0,0,0,0,0,0,0,0,0,0,0,0,0,0,0,0,0,0,0,0,0,0,0,0,0,0,0,35.29411697387695,0,0,26446.977294921875,125577.4712524414,0,67221331968,8589930496,66901204992,4345114624
199,1724174829654,1268,1311,800,800,800,800,1920,800,857,894,884,867,1276,800,800,800,864,800,800,800,862,800,889,800,858,800,800,800,800,800,1265,800,0,0,22.5,0,0,0,0,0,0,0,0,0,0,0,0,0,0,0,0,0,0,0,0,0,0,0,0,0,0,0,31.57894515991211,0,0,26450.50994873047,125579.66387939453,0,67221331968,8589930496,66892894208,4360335360
199,1724174829854,1268,1311,800,800,800,800,1920,800,857,894,884,867,1276,800,800,800,864,800,800,800,862,800,889,800,858,800,800,800,800,800,1265,800,5,0,0,0,0,0,0,0,0,0,0,0,0,0,0,0,0,0,0,0,0,0,0,0,0,0,0,0,0,0,31.57894515991211,0,0,26451.96844482422,125579.79724121094,0,67221331968,8589930496,66901151744,4348538880
199,1724174830054,1268,1311,800,800,800,800,1920,800,857,894,884,867,1276,800,800,800,864,800,800,800,862,800,889,800,858,800,800,800,800,800,1265,800,0,0,5,0,0,0,0,0,0,0,0,0,0,0,0,0,0,0,0,0,0,0,0,0,0,0,0,0,0,0,29.411766052246094,0,0,26453.435974121094,125579.93927001953,0,67221331968,8589930496,66911014912,4337528832
199,1724174830254,1268,1311,800,800,800,800,1920,800,857,894,884,867,1276,800,800,800,864,800,800,800,862,800,889,800,858,800,800,800,800,800,1265,800,0,0,33.333335876464844,0,0,0,0,0,0,0,0,0,0,0,0,0,0,0,0,0,0,0,0,0,0,0,0,0,0,0,0,0,0,26454.88702392578,125580.064453125,0,67221331968,8589930496,66920820736,4326780928
199,1724174830454,1268,1311,800,800,800,800,1920,800,857,894,884,867,1276,800,800,800,864,800,800,800,862,800,889,800,858,800,800,800,800,800,1265,800,0,0,42.105262756347656,0,0,0,0,0,0,0,0,0,0,0,0,0,0,0,0,0,0,0,0,0,0,0,0,0,0,0,0,0,0,26456.34423828125,125580.19506835938,0,67221331968,8589930496,66932432896,4316295168
199,1724174830654,1268,1311,800,800,800,800,1920,800,857,894,884,867,1276,800,800,800,864,800,800,800,862,800,889,800,858,800,800,800,800,800,1265,800,0,0,0,0,9.523809432983398,0,0,0,0,0,0,0,0,0,0,0,0,0,0,0,0,0,0,0,0,0,0,0,0,0,36.842105865478516,0,0,26457.85546875,125580.38006591797,0,67221331968,8589930496,66945613824,4305285120
199,1724174830854,1268,1311,800,800,800,800,1920,800,857,894,884,867,1276,800,800,800,864,800,800,800,862,800,889,800,858,800,800,800,800,800,1265,800,0,0,0,0,0,0,0,0,0,0,0,0,0,0,0,0,0,0,0,0,0,0,0,0,0,0,0,0,0,0,42.85714340209961,0,0,26459.31170654297,125580.51202392578,0,67221331968,8589930496,66962128896,4294799360
200,1724174831054,1268,1311,800,800,800,800,1920,800,857,894,884,867,1276,800,800,800,864,800,800,800,862,800,889,800,858,800,800,800,800,800,1265,800,0,0,0,0,0,0,0,0,0,0,0,0,0,0,0,0,0,0,0,0,0,0,0,0,0,0,0,0,0,0,42.85714340209961,0,0,26462.60028076172,125582.46630859375,0,67221331968,8589930496,66870915072,4357160960
199,1724174831255,1268,1311,800,800,800,800,1920,800,857,894,884,867,1276,800,800,800,864,800,800,800,862,800,889,800,858,800,800,800,800,800,1265,800,0,0,15.000000953674316,0,0,0,0,0,0,0,0,0,0,0,0,0,0,0,0,0,0,0,0,0,0,0,0,0,0,0,31.57894515991211,0,0,26464.365234375,125582.89953613281,0,67221331968,8589930496,66879172608,4345364480
199,1724174831455,1268,1311,800,800,800,800,1920,800,857,894,884,867,1276,800,800,800,864,800,800,800,862,800,889,800,858,800,800,800,800,800,1265,800,0,0,15.000000953674316,0,0,0,0,0,0,0,0,0,0,0,0,0,0,0,0,0,0,0,0,0,0,0,0,0,0,0,31.57894515991211,0,0,26465.848266601563,125583.05584716797,0,67221331968,8589930496,66899095552,4333305856
199,1724174831655,1268,1311,800,800,800,800,1920,800,857,894,884,867,1276,800,800,800,864,800,800,800,862,800,889,800,858,800,800,800,800,800,1265,800,2.5,0,0,2.5,0,0,0,0,0,0,0,0,0,0,0,0,0,0,0,0,0,0,0,0,0,0,0,0,0,0,27.02702522277832,0,0,26467.284545898438,125583.16693115234,0,67221331968,8589930496,66907353088,4323868672
199,1724174831855,1268,1311,800,800,800,800,1920,800,857,894,884,867,1276,800,800,800,864,800,800,800,862,800,889,800,858,800,800,800,800,800,1265,800,0,0,0,0,0,0,0,0,0,0,0,0,0,0,0,0,0,0,0,0,0,0,0,0,0,0,0,0,0,0,38.88888931274414,0,0,26468.770446777344,125583.32531738281,0,67221331968,8589930496,66915610624,4313907200
199,1724174832055,1268,1311,800,800,800,800,1920,800,857,894,884,867,1276,800,800,800,864,800,800,800,862,800,889,800,858,800,800,800,800,800,1265,800,4.761904716491699,0,21.052631378173828,0,0,0,0,0,0,0,0,0,0,0,0,0,0,0,0,0,0,0,0,0,0,0,0,0,0,0,11.111111640930176,0,0,26470.22088623047,125583.45196533203,0,67221331968,8589930496,66931318784,4303421440
199,1724174832255,1268,1311,800,800,800,800,1920,800,857,894,884,867,1276,800,800,800,864,800,800,800,862,800,889,800,858,800,800,800,800,800,1265,800,0,0,36.842105865478516,0,0,0,0,0,0,0,0,0,0,0,0,0,0,0,0,0,0,0,0,0,0,0,0,0,0,0,0,0,0,26471.67999267578,125583.5835571289,0,67221331968,8589930496,66942930944,4294770688
199,1724174832455,1268,1311,800,800,800,800,1920,800,857,894,884,867,1276,800,800,800,864,800,800,800,862,800,889,800,858,800,800,800,800,800,1265,800,0,0,33.333335876464844,0,0,0,0,0,0,4.761904716491699,0,0,0,0,0,0,0,0,0,0,0,0,0,0,0,0,0,0,0,0,0,0,0,26473.125610351563,125583.70440673828,0,67221331968,8589930496,66950672384,4294770688
199,1724174832655,1268,1311,800,800,800,800,1920,800,857,894,884,867,1276,800,800,800,864,800,800,800,862,800,889,800,858,800,800,800,800,800,1265,800,0,0,0,0,0,0,0,0,0,0,0,0,0,0,0,0,0,0,0,0,0,0,0,0,0,0,0,0,0,0,35,0,0,26474.581298828125,125583.83489990234,0,67221331968,8589930496,66962800640,4294770688
200,1724174832855,1268,1311,800,800,800,800,1920,800,857,894,884,867,1276,800,800,800,864,800,800,800,862,800,889,800,858,800,800,800,800,800,1265,800,0,0,0,0,0,0,0,0,0,0,0,0,0,0,0,0,0,0,0,0,0,0,0,0,0,0,0,0,0,0,35,0,0,26479.43896484375,125587.31042480469,0,67221331968,8589930496,66962800640,4294770688
200,1724174833055,1268,1311,800,800,800,800,1920,800,857,894,884,867,1276,800,800,800,864,800,800,800,862,800,889,800,858,800,800,800,800,800,1265,800,0,0,15.000000953674316,0,0,0,0,0,2.4390242099761963,0,0,0,0,0,0,0,0,0,0,0,0,0,0,0,0,0,0,0,0,0,87.17948913574219,0,0,26487.572204589844,125594.01428222656,0,67221331968,8589930496,66765066240,4385972224
200,1724174833255,1268,1311,800,800,800,800,1920,800,857,894,884,867,1276,800,800,800,864,800,800,800,862,800,889,800,858,800,800,800,800,800,1265,800,0,0,0,0,0,0,0,0,0,0,0,0,0,0,0,0,0,0,0,0,0,0,0,0,0,0,0,0,0,0,100,0,0,26495.103942871094,125600.11596679688,0,67221331968,8589930496,66765025280,4385972224
199,1724174833456,1268,1311,800,800,800,800,1920,800,857,894,884,867,1276,800,800,800,864,800,800,800,862,800,889,800,858,800,800,800,800,800,1265,800,0,0,0,0,0,0,0,0,0,0,0,0,0,0,0,0,0,0,0,0,0,0,0,0,0,0,0,0,0,0,38.88888931274414,0,0,26497.85284423828,125601.5219116211,0,67221331968,8589930496,66773282816,4372340736
199,1724174833656,1268,1311,800,800,800,800,1920,800,857,894,884,867,1276,800,800,800,864,800,800,800,862,800,889,800,858,800,800,800,800,800,1265,800,0,0,0,0,0,0,0,0,4.761904716491699,0,0,0,0,0,0,0,0,0,0,0,0,0,0,0,0,0,0,0,0,0,36.842105865478516,0,0,26499.347778320313,125601.69104003906,0,67221331968,8589930496,66789797888,4359233536
199,1724174833856,1268,1311,800,800,800,800,1920,800,857,894,884,867,1276,800,800,800,864,800,800,800,862,800,889,800,858,800,800,800,800,800,1265,800,0,0,5.263157844543457,0,0,0,0,0,0,0,0,0,0,0,0,0,0,0,0,0,0,0,0,0,0,0,0,0,0,0,31.57894515991211,0,0,26500.831298828125,125601.84686279297,0,67221331968,8589930496,66801926144,4347174912
200,1724174834056,1268,1311,800,800,800,800,1920,800,857,894,884,867,1276,800,800,800,864,800,800,800,862,800,889,800,858,800,800,800,800,800,1265,800,0,0,5.263157844543457,0,0,0,0,0,0,0,0,0,0,0,0,0,0,0,0,0,0,0,0,0,0,0,0,0,0,0,31.57894515991211,0,0,26503.583374023438,125603.26141357422,0,67221331968,8589930496,66839019520,4309426176
200,1724174834256,1268,1311,800,800,800,800,1920,800,857,894,884,867,1276,800,800,800,864,800,800,800,862,800,889,800,858,800,800,800,800,800,1265,800,0,0,50,0,0,0,0,0,0,0,0,0,0,0,0,0,0,0,0,0,0,0,0,0,0,0,0,0,0,0,0,0,0,26508.969970703125,125607.30438232422,0,67221331968,8589930496,66905079808,4294746112
200,1724174834456,1268,1311,800,800,800,800,1920,800,857,894,884,867,1276,800,800,800,864,800,800,800,862,800,889,800,858,800,800,800,800,800,1265,800,0,0,0,0,0,0,0,0,0,0,0,0,0,0,0,0,0,0,0,0,0,0,0,0,0,0,0,0,0,0,42.105262756347656,0,0,26511.43377685547,125608.43267822266,0,67221331968,8589930496,66954612736,4294746112
200,1724174834656,1268,1311,800,800,800,800,1920,800,857,894,884,867,1276,800,800,800,864,800,800,800,862,800,889,800,858,800,800,800,800,800,1265,800,0,0,42.105262756347656,0,0,0,0,0,0,0,0,0,0,0,0,0,0,0,0,0,0,0,0,0,0,0,0,0,0,0,26.3157901763916,0,0,26515.490478515625,125611.14245605469,0,67221331968,8589930496,66786672640,4344274944
200,1724174834856,1268,1311,800,800,800,800,1920,800,857,894,884,867,1276,800,800,800,864,800,800,800,862,800,889,800,858,800,800,800,800,800,1265,800,0,0,47.36842346191406,0,0,0,0,0,0,0,0,0,0,0,0,0,0,0,0,0,0,0,0,0,0,0,0,0,0,0,0,0,0,26520.518493652344,125614.82733154297,0,67221331968,8589930496,66836463616,4294729728
200,1724174835056,1268,1311,800,800,800,800,1920,800,857,894,884,867,1276,800,800,800,864,800,800,800,862,800,889,800,858,800,800,800,800,800,1265,800,0,0,36.842105865478516,0,0,0,0,0,0,0,0,0,0,0,0,0,0,0,0,0,0,0,0,0,0,0,0,0,0,0,0,0,0,26524.835205078125,125617.80352783203,0,67221331968,8589930496,66886008832,4294729728
200,1724174835257,1268,1311,800,800,800,800,1920,800,857,894,884,867,1276,800,800,800,864,800,800,800,862,800,889,800,858,800,800,800,800,800,1265,800,0,0,0,0,0,0,0,0,0,0,0,0,0,0,0,0,0,0,0,0,0,0,0,0,0,0,0,0,0,0,52.6315803527832,0,0,26529.062438964844,125620.6904296875,0,67221331968,8589930496,66935296000,4294729728
200,1724174835457,1268,1311,800,800,800,800,1920,800,857,894,884,867,1276,800,800,800,864,800,800,800,862,800,889,800,858,800,800,800,800,800,1265,800,0,0,5.263157844543457,0,22.22222328186035,0,0,0,0,0,0,0,0,0,0,0,0,0,0,0,0,0,0,0,0,0,0,0,0,0,27.77777862548828,0,0,26534.920471191406,125625.17248535156,0,67221331968,8589930496,66786603008,4415311872
200,1724174835657,1268,1311,800,800,800,800,1920,800,857,894,884,867,1276,800,800,800,864,800,800,800,862,800,889,800,858,800,800,800,800,800,1265,800,0,0,47.36842346191406,0,0,0,0,0,0,0,0,0,0,0,0,0,0,0,0,0,0,0,0,0,0,0,0,0,0,0,4.761904716491699,0,0,26538.20477294922,125627.1298828125,0,67221331968,8589930496,66836135936,4365766656
200,1724174835857,1268,1311,800,800,800,800,1920,800,857,894,884,867,1276,800,800,800,864,800,800,800,862,800,889,800,858,800,800,800,800,800,1265,800,0,0,50,0,0,0,0,0,0,0,0,0,0,0,0,0,0,0,0,0,0,0,0,0,0,0,0,0,0,0,0,0,0,26544.308837890625,125631.89013671875,0,67221331968,8589930496,66892689408,4308094976
200,1724174836057,1268,1311,800,800,800,800,1920,800,857,894,884,867,1276,800,800,800,864,800,800,800,862,800,889,800,858,800,800,800,800,800,1265,800,0,0,47.619049072265625,0,0,0,0,0,0,0,0,0,0,0,0,0,0,0,0,0,0,0,0,0,0,0,0,0,0,0,0,0,0,26549.631469726563,125635.86779785156,0,67221331968,8589930496,66958995456,4294725632
199,1724174836257,1268,1311,800,800,800,800,1920,800,857,894,884,867,1276,800,800,800,864,800,800,800,862,800,889,800,858,800,800,800,800,800,1265,800,0,0,40,0,30.000001907348633,0,0,0,0,0,0,0,0,0,0,0,0,0,0,0,0,0,0,0,0,0,0,0,0,0,9.523809432983398,0,0,26556.72393798828,125641.5991821289,0,67221331968,8589930496,66799534080,4439797760
200,1724174836457,1268,1311,800,800,800,800,1920,800,857,894,884,867,1276,800,800,800,864,800,800,800,862,800,889,800,858,800,800,800,800,800,1265,800,0,0,42.105262756347656,0,0,0,0,0,0,0,0,0,0,0,0,0,0,0,0,0,0,0,0,0,0,0,0,0,0,0,0,0,0,26560.552856445313,125644.08569335938,0,67221331968,8589930496,66849079296,4392611840
200,1724174836657,1268,1311,800,800,800,800,1920,800,857,894,884,867,1276,800,800,800,864,800,800,800,862,800,889,800,858,800,800,800,800,800,1265,800,0,0,52.38095474243164,0,0,0,0,0,0,0,0,0,0,0,0,0,0,0,0,0,0,0,0,0,0,0,0,0,0,0,0,0,0,26563.9599609375,125646.13250732422,0,67221331968,8589930496,66882109440,4358795264
200,1724174836858,1268,1311,800,800,800,800,1920,800,857,894,884,867,1276,800,800,800,864,800,800,800,862,800,889,800,858,800,800,800,800,800,1265,800,0,0,47.36842346191406,0,0,0,0,0,0,0,0,0,0,0,0,0,0,0,0,0,0,0,0,0,0,0,0,0,0,0,0,0,0,26569.135009765625,125649.93920898438,0,67221331968,8589930496,66923397120,4310560768
200,1724174837058,1268,1311,800,800,800,800,1920,800,857,894,884,867,1276,800,800,800,864,800,800,800,862,800,889,800,858,800,800,800,800,800,1265,800,0,0,40,0,0,0,0,0,0,0,0,0,0,0,0,0,0,0,0,0,0,0,0,0,0,0,0,0,0,0,45,0,0,26574.636108398438,125654.09777832031,0,67221331968,8589930496,66873839616,4371484672
200,1724174837258,1268,1311,800,800,800,800,1920,800,857,894,884,867,1276,800,800,800,864,800,800,800,862,800,889,800,858,800,800,800,800,800,1265,800,0,0,36.842105865478516,0,0,0,0,0,0,0,0,0,0,0,0,0,0,0,0,0,0,0,0,0,0,0,0,0,0,0,47.36842346191406,0,0,26581.21337890625,125659.31170654297,0,67221331968,8589930496,66840469504,4399517696
200,1724174837458,1268,1311,800,800,800,800,1920,800,857,894,884,867,1276,800,800,800,864,800,800,800,862,800,889,800,858,800,800,800,800,800,1265,800,0,0,36.842105865478516,0,0,0,0,0,0,0,0,0,0,0,0,0,0,0,0,0,0,0,0,0,0,0,0,0,0,0,5,0,0,26584.16827392578,125660.93676757813,0,67221331968,8589930496,66871984128,4362563584
200,1724174837658,1268,1311,800,800,800,800,1920,800,857,894,884,867,1276,800,800,800,864,800,800,800,862,800,889,800,858,800,800,800,800,800,1265,800,0,0,45,0,0,0,0,0,0,0,0,0,0,0,0,0,0,0,0,0,0,0,0,0,0,0,0,0,0,0,0,0,0,26585.94903564453,125661.390625,0,67221331968,8589930496,66930044928,4303843328
200,1724174837858,1268,1311,800,800,800,800,1920,800,857,894,884,867,1276,800,800,800,864,800,800,800,862,800,889,800,858,800,800,800,800,800,1265,800,0,0,60.000003814697266,0,0,0,0,0,0,0,0,0,0,0,0,0,0,0,0,0,0,0,0,0,0,0,0,0,0,0,5,0,0,26592.0546875,125666.11791992188,0,67221331968,8589930496,66949947392,4315639808
200,1724174838058,1268,1311,800,800,800,800,1920,800,857,894,884,867,1276,800,800,800,864,800,800,800,862,800,889,800,858,800,800,800,800,800,1265,800,0,0,42.105262756347656,0,5,0,0,0,0,0,0,0,0,0,0,0,0,0,0,0,0,0,0,0,0,0,0,0,0,0,35,0,0,26599.173278808594,125671.859375,0,67221331968,8589930496,66808131584,4451266560
200,1724174838258,1268,1311,800,800,800,800,1920,800,857,894,884,867,1276,800,800,800,864,800,800,800,862,800,889,800,858,800,800,800,800,800,1265,800,0,0,20,0,45,0,0,0,0,0,0,0,0,0,0,0,0,0,0,0,0,0,0,0,0,0,0,0,0,0,0,0,0,26604.484924316406,125675.81121826172,0,67221331968,8589930496,66856890368,4411682816
200,1724174838458,1268,1311,800,800,800,800,1920,800,857,894,884,867,1276,800,800,800,864,800,800,800,862,800,889,800,858,800,800,800,800,800,1265,800,0,0,57.894737243652344,0,0,0,0,0,0,0,0,0,0,0,0,0,0,0,0,0,0,0,0,0,0,0,0,0,0,0,0,0,0,26611.16339111328,125681.11419677734,0,67221331968,8589930496,66898178048,4369477632
200,1724174838659,1268,1311,800,800,800,800,1920,800,857,894,884,867,1276,800,800,800,864,800,800,800,862,800,889,800,858,800,800,800,800,800,1265,800,0,0,9.523809432983398,0,25,0,0,0,0,0,0,0,0,0,0,0,0,0,0,0,0,0,0,0,0,0,0,0,0,0,33.333335876464844,0,0,26617.123596191406,125685.71002197266,0,67221331968,8589930496,66930434048,4329107456
200,1724174838859,1268,1311,800,800,800,800,1920,800,857,894,884,867,1276,800,800,800,864,800,800,800,862,800,889,800,858,800,800,800,800,800,1265,800,0,0,10.526315689086914,0,0,0,0,0,0,0,0,0,0,0,0,0,0,0,0,0,0,0,0,0,0,0,0,0,0,0,57.894737243652344,0,0,26623.982360839844,125691.20861816406,0,67221331968,8589930496,66950561792,4311121920
200,1724174839059,1268,1311,800,800,800,800,1920,800,857,894,884,867,1276,800,800,800,864,800,800,800,862,800,889,800,858,800,800,800,800,800,1265,800,0,0,100,0,0,0,0,0,0,0,0,0,0,0,0,0,0,0,0,0,0,0,0,0,0,0,0,0,0,0,78.94737243652344,0,0,26633.174072265625,125698.95404052734,0,67221331968,8589930496,66970107904,4294868992
200,1724174839259,1268,1311,800,800,800,800,1920,800,857,894,884,867,1276,800,800,800,864,800,800,800,862,800,889,800,858,800,800,800,800,800,1265,800,0,0,80,0,0,0,0,0,0,0,0,0,0,0,0,0,0,0,0,0,0,0,0,0,0,0,0,0,0,0,100,0,0,26642.582946777344,125706.91632080078,0,67221331968,8589930496,66765623296,4470358016
200,1724174839459,1268,1311,800,800,800,800,1920,800,857,894,884,867,1276,800,800,800,864,800,800,800,862,800,889,800,858,800,800,800,800,800,1265,800,0,0,0,0,0,0,0,0,0,0,0,0,0,0,0,0,0,0,0,0,0,0,0,0,0,0,0,0,0,0,61.904762268066406,0,0,26649.157775878906,125712.13732910156,0,67221331968,8589930496,66798899200,4440211456
200,1724174839659,1268,1311,800,800,800,800,1920,800,857,894,884,867,1276,800,800,800,864,800,800,800,862,800,889,800,858,800,800,800,800,800,1265,800,0,0,0,0,0,0,0,0,0,0,0,0,0,0,0,0,0,0,0,0,0,0,0,0,0,0,0,0,0,0,65,0,0,26655.526794433594,125717.15509033203,0,67221331968,8589930496,66832187392,4409802752
200,1724174839859,1268,1311,800,800,800,800,1920,800,857,894,884,867,1276,800,800,800,864,800,800,800,862,800,889,800,858,800,800,800,800,800,1265,800,0,0,0,0,0,0,0,0,0,0,0,0,0,0,0,0,0,0,0,0,0,0,0,0,0,0,0,0,0,0,61.11111068725586,0,0,26661.788208007813,125722.06677246094,0,67221331968,8589930496,66856960000,4378345472
200,1724174840059,1268,1311,800,800,800,800,1920,800,857,894,884,867,1276,800,800,800,864,800,800,800,862,800,889,800,858,800,800,800,800,800,1265,800,0,0,0,0,0,0,0,0,0,0,0,0,0,0,0,0,0,0,0,0,0,0,0,0,0,0,0,0,0,0,65,0,0,26668.65362548828,125727.57244873047,0,67221331968,8589930496,66889990144,4350820352
200,1724174840259,1268,1311,800,800,800,800,1920,800,857,894,884,867,1276,800,800,800,864,800,800,800,862,800,889,800,858,800,800,800,800,800,1265,800,0,0,0,0,0,0,0,0,0,0,0,0,0,0,0,0,0,0,0,0,0,0,0,0,0,0,0,0,0,0,66.66667175292969,0,0,26675.319580078125,125732.88775634766,0,67221331968,8589930496,66914263040,4321460224
200,1724174840460,1268,1311,800,800,800,800,1920,800,857,894,884,867,1276,800,800,800,864,800,800,800,862,800,889,800,858,800,800,800,800,800,1265,800,0,0,0,0,0,0,0,0,0,0,0,0,0,0,0,0,0,0,0,0,0,0,0,0,0,0,0,0,0,0,100,0,0,26682.997985839844,125739.15881347656,0,67221331968,8589930496,66914263040,4321460224
200,1724174840660,1268,1311,800,800,800,800,1920,800,857,894,884,867,1276,800,800,800,864,800,800,800,862,800,889,800,858,800,800,800,800,800,1265,800,0,0,0,0,0,0,0,0,0,0,0,0,0,0,0,0,0,0,0,0,0,0,0,0,0,0,0,0,0,0,95.23809814453125,0,0,26690.840942382813,125745.60162353516,0,67221331968,8589930496,66914263040,4321460224
200,1724174840860,1268,1311,800,800,800,800,1920,800,857,894,884,867,1276,800,800,800,864,800,800,800,862,800,889,800,858,800,800,800,800,800,1265,800,0,0,0,0,0,0,0,0,0,0,0,0,0,0,0,0,0,0,0,0,0,0,0,0,0,0,0,0,0,0,100,0,0,26698.380249023438,125751.74932861328,0,67221331968,8589930496,66914263040,4321460224
200,1724174841060,1268,1311,800,800,800,800,1920,800,857,894,884,867,1276,800,800,800,864,800,800,800,862,800,889,800,858,800,800,800,800,800,1265,800,0,0,0,0,0,0,0,0,0,0,0,0,0,0,0,0,0,0,0,0,0,0,0,0,0,0,0,0,0,0,94.73684692382813,0,0,26705.92169189453,125757.91290283203,0,67221331968,8589930496,65861332992,4280565760
199,1724174841260,1268,1311,800,800,800,800,1920,800,857,894,884,867,1276,800,800,800,864,800,800,800,862,800,889,800,858,800,800,800,800,800,1265,800,0,0,0,0,4.761904716491699,0,0,0,0,0,0,0,0,0,0,0,0,0,0,0,0,0,0,0,0,0,0,0,0,0,80.95238494873047,0,0,26712.890197753906,125763.51666259766,0,67221331968,8589930496,65893330944,4280565760
200,1724174841460,1268,1311,800,800,800,800,1920,800,857,894,884,867,1276,800,800,800,864,800,800,800,862,800,889,800,858,800,800,800,800,800,1265,800,0,0,0,0,4.761904716491699,0,0,0,0,0,0,0,0,0,0,0,0,0,0,0,0,0,0,0,0,0,0,0,0,0,80.95238494873047,0,0,26719.774963378906,125769.04187011719,0,67221331968,8589930496,65918361600,4280565760
200,1724174841660,1268,1311,800,800,800,800,1920,800,857,894,884,867,1276,800,800,800,864,800,800,800,862,800,889,800,858,800,800,800,800,800,1265,800,0,0,0,0,0,0,0,0,0,0,0,0,0,0,0,0,0,0,0,0,0,0,0,0,0,0,0,0,0,0,76.31578826904297,0,0,26726.576538085938,125774.48950195313,0,67221331968,8589930496,65943134208,4280565760
200,1724174841860,1268,1311,800,800,800,800,1920,800,857,894,884,867,1276,800,800,800,864,800,800,800,862,800,889,800,858,800,800,800,800,800,1265,800,0,0,0,0,0,0,0,0,0,0,0,0,0,0,0,0,0,0,0,0,0,0,0,0,0,0,0,0,0,0,75,0,0,26733.325317382813,125779.88012695313,0,67221331968,8589930496,65976164352,4280565760
200,1724174842060,1268,1311,800,800,800,800,1920,800,857,894,884,867,1276,800,800,800,864,800,800,800,862,800,889,800,858,800,800,800,800,800,1265,800,0,0,0,0,0,0,0,0,0,0,0,0,0,0,0,0,0,0,0,0,0,0,0,0,0,0,0,0,0,0,85,0,0,26740.435546875,125785.59057617188,0,67221331968,8589930496,65984421888,4280565760
200,1724174842260,1268,1311,800,800,800,800,1920,800,857,894,884,867,1276,800,800,800,864,800,800,800,862,800,889,800,858,800,800,800,800,800,1265,800,0,0,0,0,0,0,0,0,0,0,0,0,0,0,0,0,0,0,0,0,0,0,0,0,0,0,0,0,0,0,63.15789031982422,0,0,26746.886840820313,125790.66223144531,0,67221331968,8589930496,66017452032,4280565760
200,1724174842461,1268,1311,800,800,800,800,1920,800,857,894,884,867,1276,800,800,800,864,800,800,800,862,800,889,800,858,800,800,800,800,800,1265,800,0,0,0,0,0,0,0,0,0,0,0,0,0,0,0,0,0,0,0,0,0,0,0,0,0,0,0,0,0,0,65,0,0,26753.865234375,125796.26062011719,0,67221331968,8589930496,66050482176,4280565760
200,1724174842661,1268,1311,800,800,800,800,1920,800,857,894,884,867,1276,800,800,800,864,800,800,800,862,800,889,800,858,800,800,800,800,800,1265,800,0,0,0,0,0,0,0,0,0,0,0,0,0,0,0,0,0,0,0,0,0,0,0,0,0,0,0,0,0,0,70,0,0,26760.521911621094,125801.55163574219,0,67221331968,8589930496,66075254784,4280303616
200,1724174842861,1268,1311,800,800,800,800,1920,800,857,894,884,867,1276,800,800,800,864,800,800,800,862,800,889,800,858,800,800,800,800,800,1265,800,0,0,0,0,0,0,0,0,0,0,0,0,0,0,0,0,0,0,0,0,0,0,0,0,0,0,0,0,0,0,68.42105102539063,0,0,26767.417419433594,125807.0668334961,0,67221331968,8589930496,65609928704,4031528960
200,1724174843061,1268,1311,800,800,800,800,1920,800,857,894,884,867,1276,800,800,800,864,800,800,800,862,800,889,800,858,800,800,800,800,800,1265,800,0,0,0,0,0,0,0,0,0,0,0,0,0,0,0,0,0,0,0,0,0,0,0,0,0,0,0,0,0,0,47.36842346191406,0,0,26773.619506835938,125811.86877441406,0,67221331968,8589930496,65609928704,4031528960
200,1724174843261,1268,1311,800,800,800,800,1920,800,857,894,884,867,1276,800,800,800,864,800,800,800,862,800,889,800,858,800,800,800,800,800,1265,800,0,0,68.42105102539063,0,0,0,0,0,0,0,0,0,0,0,0,0,0,0,0,0,0,0,0,0,0,0,0,0,0,0,5,0,0,26780.365661621094,125817.26904296875,0,67221331968,8589930496,65634185216,4031528960
200,1724174843461,1268,1311,800,800,800,800,1920,800,857,894,884,867,1276,800,800,800,864,800,800,800,862,800,889,800,858,800,800,800,800,800,1265,800,0,0,36.842105865478516,0,0,0,0,0,0,0,0,0,0,0,0,0,0,0,0,0,0,0,0,0,0,0,0,0,0,0,0,0,0,26784.612182617188,125820.16772460938,0,67221331968,8589930496,65675472896,4031528960
200,1724174843661,1268,1311,800,800,800,800,1920,800,857,894,884,867,1276,800,800,800,864,800,800,800,862,800,889,800,858,800,800,800,800,800,1265,800,0,0,5,0,0,0,0,0,0,0,0,0,0,0,0,0,0,0,0,0,0,0,0,0,0,0,0,0,0,0,52.6315803527832,0,0,26789.23846435547,125823.44677734375,0,67221331968,8589930496,65683730432,4031528960
200,1724174843861,1268,1311,800,800,800,800,1920,800,857,894,884,867,1276,800,800,800,864,800,800,800,862,800,889,800,858,800,800,800,800,800,1265,800,0,0,0,0,0,0,0,0,0,0,0,0,0,0,0,0,0,0,0,0,0,0,0,0,0,0,0,0,0,0,50,0,0,26794.8515625,125827.71307373047,0,67221331968,8589930496,65683730432,4031528960
200,1724174844061,1268,1311,800,800,800,800,1920,800,857,894,884,867,1276,800,800,800,864,800,800,800,862,800,889,800,858,800,800,800,800,800,1265,800,0,0,50,0,0,0,0,0,0,0,0,0,0,0,0,0,0,0,0,0,0,0,0,0,0,0,0,0,0,0,14.285715103149414,0,0,26801.128356933594,125832.62084960938,0,67221331968,8589930496,65278468096,3776200704
200,1724174844262,1268,1311,800,800,800,800,1920,800,857,894,884,867,1276,800,800,800,864,800,800,800,862,800,889,800,858,800,800,800,800,800,1265,800,0,0,47.36842346191406,0,0,0,0,0,0,0,0,0,0,0,0,0,0,0,0,0,0,0,0,0,0,0,0,0,0,0,0,0,0,26807.40411376953,125837.533203125,0,67221331968,8589930496,65294725120,3776200704
200,1724174844462,1268,1311,800,800,800,800,1920,800,857,894,884,867,1276,800,800,800,864,800,800,800,862,800,889,800,858,800,800,800,800,800,1265,800,0,0,55,0,0,0,0,0,0,0,0,0,0,0,0,0,0,0,0,0,0,0,0,0,0,0,0,0,0,0,0,0,0,26814.02117919922,125842.73516845703,0,67221331968,8589930496,65352527872,3776200704
200,1724174844662,1268,1311,800,800,800,800,1920,800,857,894,884,867,1276,800,800,800,864,800,800,800,862,800,889,800,858,800,800,800,800,800,1265,800,0,0,71.42857360839844,0,0,0,0,0,0,0,0,0,0,0,0,0,0,0,0,0,0,0,0,0,0,0,0,0,0,0,0,0,0,26821.29217529297,125848.59063720703,0,67221331968,8589930496,65385558016,3776200704
200,1724174844862,1268,1311,800,800,800,800,1920,800,857,894,884,867,1276,800,800,800,864,800,800,800,862,800,889,800,858,800,800,800,800,800,1265,800,0,0,68.42105102539063,0,0,0,0,0,0,0,0,0,0,0,0,0,0,0,0,0,0,0,0,0,0,0,0,0,0,0,0,0,0,26827.624572753906,125853.5673828125,0,67221331968,8589930496,65410330624,3776200704
200,1724174845062,1268,1311,800,800,800,800,1920,800,857,894,884,867,1276,800,800,800,864,800,800,800,862,800,889,800,858,800,800,800,800,800,1265,800,0,0,42.105262756347656,0,0,0,0,0,0,0,0,0,0,0,0,0,0,0,0,0,0,0,0,0,0,0,0,0,0,0,0,0,0,26829.836791992188,125854.42919921875,0,67221331968,8589930496,65451618304,3776200704
200,1724174845262,1268,1311,800,800,800,800,1920,800,857,894,884,867,1276,800,800,800,864,800,800,800,862,800,889,800,858,800,800,800,800,800,1265,800,0,0,45,0,0,0,0,0,0,0,0,0,0,0,0,0,0,0,0,0,0,0,0,0,0,0,0,0,0,0,0,0,0,26832.050354003906,125855.29016113281,0,67221331968,8589930496,65501163520,3776200704
200,1724174845462,1268,1311,800,800,800,800,1920,800,857,894,884,867,1276,800,800,800,864,800,800,800,862,800,889,800,858,800,800,800,800,800,1265,800,0,0,42.105262756347656,0,0,0,0,0,0,0,0,0,0,0,0,0,0,0,0,0,0,0,0,0,0,0,0,0,0,0,0,0,0,26834.53302001953,125856.41278076172,0,67221331968,8589930496,65550708736,3776200704
200,1724174845662,1268,1311,800,800,800,800,1920,800,857,894,884,867,1276,800,800,800,864,800,800,800,862,800,889,800,858,800,800,800,800,800,1265,800,0,0,45,0,0,0,0,0,0,0,0,0,0,0,0,0,0,0,0,0,0,0,0,0,0,0,0,0,0,0,0,0,0,26838.081420898438,125858.60302734375,0,67221331968,8589930496,65600253952,3775938560
200,1724174845862,1268,1311,800,800,800,800,1920,800,857,894,884,867,1276,800,800,800,864,800,800,800,862,800,889,800,858,800,800,800,800,800,1265,800,0,0,50,0,0,0,0,0,0,0,0,0,0,0,0,0,0,0,0,0,0,0,0,0,0,0,0,0,0,0,0,0,0,26841.814514160156,125860.97076416016,0,67221331968,8589930496,65633284096,3775938560
200,1724174846063,1268,1311,800,800,800,800,1920,800,857,894,884,867,1276,800,800,800,864,800,800,800,862,800,889,800,858,800,800,800,800,800,1265,800,0,0,73.68421173095703,0,0,0,0,0,0,0,0,0,0,0,0,0,0,0,0,0,0,0,0,0,0,0,0,0,0,0,0,0,0,26848.949645996094,125866.71691894531,0,67221331968,8589930496,65053102080,3361751040
200,1724174846263,1268,1311,800,800,800,800,1920,800,857,894,884,867,1276,800,800,800,864,800,800,800,862,800,889,800,858,800,800,800,800,800,1265,800,0,0,50,0,0,0,0,0,0,0,0,0,0,0,0,0,0,0,0,0,0,0,0,0,0,0,0,0,9.523809432983398,0,72.22222137451172,0,0,26856.506469726563,125872.84844970703,0,67221331968,8589930496,65184256000,3361751040
199,1724174846463,1268,1311,800,800,800,800,1920,800,857,894,884,867,1276,800,800,800,864,800,800,800,862,800,889,800,858,800,800,800,800,800,1265,800,0,0,40,0,0,0,0,0,0,0,0,0,0,0,0,0,0,0,0,0,0,0,0,0,0,0,0,0,0,0,25,0,0,26861.58270263672,125876.54223632813,0,67221331968,8589930496,65178378240,3361751040
200,1724174846663,1268,1311,800,800,800,800,1920,800,857,894,884,867,1276,800,800,800,864,800,800,800,862,800,889,800,858,800,800,800,800,800,1265,800,0,0,47.36842346191406,0,0,0,0,0,0,0,0,0,0,0,0,0,0,0,0,0,0,0,0,0,0,0,0,0,0,0,0,0,0,26863.92724609375,125877.54150390625,0,67221331968,8589930496,65178378240,3361751040
200,1724174846863,1268,1311,800,800,800,800,1920,800,857,894,884,867,1276,800,800,800,864,800,800,800,862,800,889,800,858,800,800,800,800,800,1265,800,0,0,45,0,0,0,0,0,0,0,0,0,0,0,0,0,0,0,0,0,0,0,0,0,0,0,0,0,0,0,0,0,0,26866.899658203125,125879.16876220703,0,67221331968,8589930496,65178378240,3361751040
200,1724174847063,1268,1311,800,800,800,800,1920,800,857,894,884,867,1276,800,800,800,864,800,800,800,862,800,889,800,858,800,800,800,800,800,1265,800,0,0,63.15789031982422,0,0,0,0,0,0,0,0,0,0,0,0,0,0,0,0,0,0,0,0,0,0,0,0,0,0,0,0,0,0,26872.720092773438,125883.63366699219,0,67221331968,8589930496,64974712832,3139190784
200,1724174847263,1268,1311,800,800,800,800,1920,800,857,894,884,867,1276,800,800,800,864,800,800,800,862,800,889,800,858,800,800,800,800,800,1265,800,0,0,80,0,0,0,0,0,0,0,0,0,0,0,0,0,0,0,0,0,0,0,0,0,0,0,0,0,0,0,0,0,0,26879.098693847656,125888.64428710938,0,67221331968,8589930496,64974712832,3139190784
200,1724174847463,1268,1311,800,800,800,800,1920,800,857,894,884,867,1276,800,800,800,864,800,800,800,862,800,889,800,858,800,800,800,800,800,1265,800,0,0,50,0,0,0,0,0,0,0,0,0,0,0,0,0,0,0,0,0,0,0,0,0,0,0,0,0,0,0,0,0,0,26884.85333251953,125893.06329345703,0,67221331968,8589930496,64974712832,3139190784
200,1724174847664,1268,1311,800,800,800,800,1920,800,857,894,884,867,1276,800,800,800,864,800,800,800,862,800,889,800,858,800,800,800,800,800,1265,800,0,0,52.6315803527832,0,0,0,0,0,0,0,0,0,0,0,0,0,0,0,0,0,0,0,0,0,0,0,0,0,0,0,4.761904716491699,0,0,26891.316833496094,125898.15759277344,0,67221331968,8589930496,64901881856,3040362496
200,1724174847864,1268,1311,800,800,800,800,1920,800,857,894,884,867,1276,800,800,800,864,800,800,800,862,800,889,800,858,800,800,800,800,800,1265,800,0,0,55,0,0,0,0,0,0,0,0,0,0,0,0,0,0,0,0,0,0,0,0,0,0,0,0,0,0,0,0,0,0,26897.96173095703,125903.41906738281,0,67221331968,8589930496,64901881856,3040362496
200,1724174848064,1268,1311,800,800,800,800,1920,800,857,894,884,867,1276,800,800,800,864,800,800,800,862,800,889,800,858,800,800,800,800,800,1265,800,0,0,47.36842346191406,0,0,0,0,0,0,0,0,0,0,0,0,0,0,0,0,0,0,0,0,0,0,0,0,0,0,0,0,0,0,26904.57489013672,125908.64672851563,0,67221331968,8589930496,64901881856,3040362496
200,1724174848264,1268,1311,800,800,800,800,1920,800,857,894,884,867,1276,800,800,800,864,800,800,800,862,800,889,800,858,800,800,800,800,800,1265,800,0,0,47.36842346191406,0,4.761904716491699,0,0,0,0,0,0,0,0,0,0,0,0,0,0,0,0,0,0,0,0,0,0,0,0,0,0,0,0,26911.350036621094,125914.03881835938,0,67221331968,8589930496,64901881856,3040362496
200,1724174848464,1268,1311,800,800,800,800,1920,800,857,894,884,867,1276,800,800,800,864,800,800,800,862,800,889,800,858,800,800,800,800,800,1265,800,0,0,52.6315803527832,0,0,0,0,0,0,0,0,0,0,0,0,0,0,0,0,0,0,0,0,0,0,0,0,0,0,0,0,0,0,26918.23895263672,125919.5474243164,0,67221331968,8589930496,64918138880,3040362496
200,1724174848664,1268,1311,800,800,800,800,1920,800,857,894,884,867,1276,800,800,800,864,800,800,800,862,800,889,800,858,800,800,800,800,800,1265,800,0,0,50,0,0,0,0,0,0,0,0,0,0,0,0,0,0,0,0,0,0,0,0,0,0,0,0,0,0,0,0,0,0,26924.12939453125,125924.04870605469,0,67221331968,8589930496,64959426560,3040362496
200,1724174848864,1268,1311,800,800,800,800,1920,800,857,894,884,867,1276,800,800,800,864,800,800,800,862,800,889,800,858,800,800,800,800,800,1265,800,0,0,52.6315803527832,0,0,0,0,0,0,0,0,0,0,0,0,0,0,0,0,0,0,0,0,0,0,0,0,0,0,0,0,0,0,26930.74871826172,125929.28430175781,0,67221331968,8589930496,65008971776,3040362496
200,1724174849064,1268,1311,800,800,800,800,1920,800,857,894,884,867,1276,800,800,800,864,800,800,800,862,800,889,800,858,800,800,800,800,800,1265,800,0,0,80,0,0,0,0,0,0,0,0,0,0,0,0,0,0,0,0,0,0,0,0,0,0,0,0,0,0,0,0,0,0,26938.627502441406,125935.73742675781,0,67221331968,8589930496,64579837952,2707701760
200,1724174849264,1268,1311,800,800,800,800,1920,800,857,894,884,867,1276,800,800,800,864,800,800,800,862,800,889,800,858,800,800,800,800,800,1265,800,0,0,63.15789031982422,0,0,0,0,0,0,0,0,0,0,0,0,0,0,0,0,0,0,0,0,0,0,0,0,0,0,0,0,0,0,26943.253662109375,125939.00189208984,0,67221331968,8589930496,64271220736,2650554368
200,1724174849464,1268,1311,800,800,800,800,1920,800,857,894,884,867,1276,800,800,800,864,800,800,800,862,800,889,800,858,800,800,800,800,800,1265,800,0,0,100,0,0,0,0,0,0,0,0,0,0,0,0,0,0,0,0,0,0,0,0,0,0,0,0,0,0,0,0,0,0,26950.731689453125,125945.05865478516,0,67221331968,8589930496,64262963200,2650554368
200,1724174849665,1268,1311,800,800,800,800,1920,800,857,894,884,867,1276,800,800,800,864,800,800,800,862,800,889,800,858,800,800,800,800,800,1265,800,0,0,100,0,0,0,0,0,0,0,0,0,0,0,0,0,0,0,0,0,0,0,0,0,0,0,0,0,0,0,0,0,0,26958.336547851563,125951.24072265625,0,67221331968,8589930496,64262963200,2650554368
200,1724174849865,1268,1311,800,800,800,800,1920,800,857,894,884,867,1276,800,800,800,864,800,800,800,862,800,889,800,858,800,800,800,800,800,1265,800,0,0,100,0,0,0,0,0,0,0,0,0,0,0,0,0,0,0,0,0,0,0,0,0,0,0,0,0,0,0,0,0,0,26966.093872070313,125957.5121459961,0,67221331968,8589930496,63623811072,2640068608
200,1724174850065,1268,1311,800,800,800,800,1920,800,857,894,884,867,1276,800,800,800,864,800,800,800,862,800,889,800,858,800,800,800,800,800,1265,800,0,0,100,0,0,0,0,0,0,0,0,4.761904716491699,0,0,0,0,0,0,0,0,0,0,0,0,0,0,0,0,0,0,0,0,0,26974.191528320313,125964.18817138672,0,67221331968,8589930496,63605719040,2640068608
200,1724174850265,1268,1311,800,800,800,800,1920,800,857,894,884,867,1276,800,800,800,864,800,800,800,862,800,889,800,858,800,800,800,800,800,1265,800,0,0,100,0,0,0,0,0,0,0,0,0,0,0,0,0,0,0,0,0,0,0,0,0,0,0,0,0,0,0,0,0,0,26982.16357421875,125970.68798828125,0,67221331968,8589930496,63153868800,2626174976
200,1724174850465,1268,1311,800,800,800,800,1920,800,857,894,884,867,1276,800,800,800,864,800,800,800,862,800,889,800,858,800,800,800,800,800,1265,800,0,0,100,0,0,0,0,0,0,0,0,0,0,0,0,0,0,0,0,0,0,0,0,0,0,0,0,0,0,0,0,0,0,26989.945434570313,125977.0327758789,0,67221331968,8589930496,63153868800,2626174976
200,1724174850665,1268,1311,800,800,800,800,1920,800,857,894,884,867,1276,800,800,800,864,800,800,800,862,800,889,800,858,800,800,800,800,800,1265,800,0,0,100,0,0,0,0,0,0,0,0,0,0,0,0,0,0,0,0,0,0,0,0,0,0,0,0,0,0,0,0,0,0,26997.801696777344,125983.4467163086,0,67221331968,8589930496,63153868800,2626174976
200,1724174850865,1268,1311,800,800,800,800,1920,800,857,894,884,867,1276,800,800,800,864,800,800,800,862,800,889,800,858,800,800,800,800,800,1265,800,0,0,100,0,0,0,0,0,0,0,0,0,0,0,0,0,0,0,0,0,0,0,0,0,0,0,0,0,0,0,0,0,0,27005.552185058594,125989.76513671875,0,67221331968,8589930496,63153868800,2626174976
200,1724174851065,1268,1311,800,800,800,800,1920,800,857,894,884,867,1276,800,800,800,864,800,800,800,862,800,889,800,858,800,800,800,800,800,1265,800,0,0,100,0,0,0,0,0,0,0,0,0,0,0,0,0,0,0,0,0,0,0,0,0,0,0,0,0,0,0,0,0,0,27013.478576660156,125996.25970458984,0,67221331968,8589930496,62503067648,2519744512
200,1724174851265,1268,1311,800,800,800,800,1920,800,857,894,884,867,1276,800,800,800,864,800,800,800,862,800,889,800,858,800,800,800,800,800,1265,800,0,0,100,0,0,0,0,0,0,0,0,0,0,0,0,0,0,0,0,0,0,0,0,0,0,0,0,0,0,0,0,0,0,27021.57928466797,126002.88165283203,0,67221331968,8589930496,62503067648,2519744512
200,1724174851466,1268,1311,800,800,800,800,1920,800,857,894,884,867,1276,800,800,800,864,800,800,800,862,800,889,800,858,800,800,800,800,800,1265,800,0,0,95,0,0,0,0,0,0,0,0,0,0,0,0,0,0,0,0,0,0,0,0,0,0,0,0,0,0,0,0,0,0,27029.344360351563,126009.19329833984,0,67221331968,8589930496,62070607872,2455257088
200,1724174851666,1268,1311,800,800,800,800,1920,800,857,894,884,867,1276,800,800,800,864,800,800,800,862,800,889,800,858,800,800,800,800,800,1265,800,0,0,100,0,0,0,0,0,0,0,0,0,0,0,0,0,0,0,0,0,0,0,0,0,0,0,0,0,0,0,0,0,0,27037.29620361328,126015.71203613281,0,67221331968,8589930496,62070607872,2455257088
200,1724174851866,1268,1311,800,800,800,800,1920,800,857,894,884,867,1276,800,800,800,864,800,800,800,862,800,889,800,858,800,800,800,800,800,1265,800,0,0,100,0,0,0,0,0,0,0,0,0,0,0,0,0,0,0,0,0,0,0,0,0,0,0,0,0,0,0,0,0,0,27045.45770263672,126022.43505859375,0,67221331968,8589930496,62070607872,2455257088
200,1724174852066,1268,1311,800,800,800,800,1920,800,857,894,884,867,1276,800,800,800,864,800,800,800,862,800,889,800,858,800,800,800,800,800,1265,800,0,0,100,0,0,0,0,0,0,0,0,0,0,0,0,0,0,0,0,0,0,0,0,0,0,0,0,0,0,0,0,0,0,27053.35302734375,126028.87860107422,0,67221331968,8589930496,62062350336,2455257088
200,1724174852266,1268,1311,800,800,800,800,1920,800,857,894,884,867,1276,800,800,800,864,800,800,800,862,800,889,800,858,800,800,800,800,800,1265,800,0,0,100,0,0,0,0,0,0,0,0,0,0,0,0,0,0,0,0,0,0,0,0,0,0,0,0,0,0,0,0,0,0,27061.436157226563,126035.52282714844,0,67221331968,8589930496,62062350336,2455257088
200,1724174852466,1268,1311,800,800,800,800,1920,800,857,894,884,867,1276,800,800,800,864,800,800,800,862,800,889,800,858,800,800,800,800,800,1265,800,0,0,100,0,0,0,0,0,0,0,0,0,0,0,0,0,0,0,0,0,0,0,0,0,0,0,0,0,0,0,0,0,0,27069.281372070313,126041.9271850586,0,67221331968,8589930496,62062350336,2455257088
200,1724174852666,1268,1311,800,800,800,800,1920,800,857,894,884,867,1276,800,800,800,864,800,800,800,862,800,889,800,858,800,800,800,800,800,1265,800,0,0,100,0,0,0,0,0,0,0,0,0,0,0,0,0,0,0,0,0,0,0,0,0,0,0,0,0,0,0,0,0,0,27077.133178710938,126048.3724975586,0,67221331968,8589930496,61136736256,2313437184
200,1724174852866,1268,1311,800,800,800,800,1920,800,857,894,884,867,1276,800,800,800,864,800,800,800,862,800,889,800,858,800,800,800,800,800,1265,800,0,0,100,0,0,0,0,0,0,0,0,0,0,0,0,0,0,0,0,0,0,0,0,0,0,0,0,0,0,0,0,0,0,27084.935485839844,126054.72930908203,0,67221331968,8589930496,61136736256,2313437184
200,1724174853066,1268,1311,800,800,800,800,1920,800,857,894,884,867,1276,800,800,800,864,800,800,800,862,800,889,800,858,800,800,800,800,800,1265,800,0,0,100,0,0,0,0,0,0,0,0,0,0,0,0,0,0,0,0,0,0,0,0,0,0,0,0,0,0,0,0,0,0,27092.82763671875,126061.1694946289,0,67221331968,8589930496,60490964992,2152480768
200,1724174853267,1268,1311,800,800,800,800,1920,800,857,894,884,867,1276,800,800,800,864,800,800,800,862,800,889,800,858,800,800,800,800,800,1265,800,0,0,100,0,0,0,0,0,0,0,0,0,0,0,0,0,0,0,0,0,0,0,0,0,0,0,0,0,0,0,0,0,0,27100.820861816406,126067.67364501953,0,67221331968,8589930496,60490964992,2152480768
200,1724174853467,1268,1311,800,800,800,800,1920,800,857,894,884,867,1276,800,800,800,864,800,800,800,862,800,889,800,858,800,800,800,800,800,1265,800,0,0,100,0,0,0,0,0,0,0,0,0,0,0,0,0,0,0,0,0,0,0,0,0,0,0,0,0,0,0,65,0,0,27109.95135498047,126075.2886352539,0,67221331968,8589930496,60259778560,2132033536
200,1724174853667,1268,1311,800,800,800,800,1920,800,857,894,884,867,1276,800,800,800,864,800,800,800,862,800,889,800,858,800,800,800,800,800,1265,800,0,0,95.23809814453125,0,0,0,0,0,0,0,0,0,0,0,0,0,0,0,0,0,0,0,0,0,0,0,0,0,0,0,100,0,0,27119.562133789063,126083.39233398438,0,67221331968,8589930496,60036583424,2118139904
200,1724174853867,1268,1311,800,800,800,800,1920,800,857,894,884,867,1276,800,800,800,864,800,800,800,862,800,889,800,858,800,800,800,800,800,1265,800,0,0,100,0,0,0,0,0,0,0,0,0,0,0,0,0,0,0,0,0,0,0,0,0,0,0,0,0,0,0,100,0,0,27129.147888183594,126091.4736328125,0,67221331968,8589930496,60041482240,2118139904
200,1724174854067,1268,1311,800,800,800,800,1920,800,857,894,884,867,1276,800,800,800,864,800,800,800,862,800,889,800,858,800,800,800,800,800,1265,800,0,0,100,0,0,0,0,0,0,0,0,0,0,0,0,0,0,0,0,0,0,0,0,0,0,0,0,0,0,0,10,0,0,27136.62420654297,126097.53619384766,0,67221331968,8589930496,60029669376,2118139904
200,1724174854267,1268,1311,800,800,800,800,1920,800,857,894,884,867,1276,800,800,800,864,800,800,800,862,800,889,800,858,800,800,800,800,800,1265,800,0,0,100,0,0,0,0,0,0,0,0,0,0,0,0,0,0,0,0,0,0,0,0,0,0,0,0,0,0,0,0,0,0,27143.769653320313,126103.27661132813,0,67221331968,8589930496,60029669376,2118139904
200,1724174854467,1268,1311,800,800,800,800,1920,800,857,894,884,867,1276,800,800,800,864,800,800,800,862,800,889,800,858,800,800,800,800,800,1265,800,0,0,100,0,0,0,0,0,0,0,0,0,0,0,0,0,0,0,0,0,0,0,0,0,0,0,0,0,0,0,0,0,0,27151.246826171875,126109.34979248047,0,67221331968,8589930496,59519328256,2014593024
200,1724174854667,1268,1311,800,800,800,800,1920,800,857,894,884,867,1276,800,800,800,864,800,800,800,862,800,889,800,858,800,800,800,800,800,1265,800,0,0,100,0,0,0,0,0,0,0,0,0,0,0,0,0,0,0,0,0,0,0,0,0,0,0,0,0,0,0,0,0,0,27158.971557617188,126115.66223144531,0,67221331968,8589930496,59519328256,2014593024
200,1724174854867,1268,1311,800,800,800,800,1920,800,857,894,884,867,1276,800,800,800,864,800,800,800,862,800,889,800,858,800,800,800,800,800,1265,800,0,0,100,0,0,0,0,0,0,0,0,0,0,0,0,0,0,0,0,0,0,0,0,0,0,0,0,0,0,0,0,0,0,27166.99041748047,126122.18676757813,0,67221331968,8589930496,59519328256,2014593024
200,1724174855068,1268,1311,800,800,800,800,1920,800,857,894,884,867,1276,800,800,800,864,800,800,800,862,800,889,800,858,800,800,800,800,800,1265,800,0,0,100,0,0,0,0,0,0,0,0,0,0,0,0,0,0,0,0,0,0,0,0,0,0,0,0,0,0,0,0,0,0,27175.139770507813,126128.90197753906,0,67221331968,8589930496,59511050240,2014593024
200,1724174855268,1268,1311,800,800,800,800,1920,800,857,894,884,867,1276,800,800,800,864,800,800,800,862,800,889,800,858,800,800,800,800,800,1265,800,0,0,100,0,0,0,0,0,0,0,0,0,0,0,0,0,0,0,0,0,0,0,0,0,0,0,0,0,0,0,0,0,0,27183.03009033203,126135.39263916016,0,67221331968,8589930496,59511050240,2014593024
200,1724174855468,1268,1311,800,800,800,800,1920,800,857,894,884,867,1276,800,800,800,864,800,800,800,862,800,889,800,858,800,800,800,800,800,1265,800,0,0,100,0,0,0,0,0,0,0,0,0,0,0,0,0,0,0,0,0,0,0,0,0,0,0,0,0,0,0,0,0,0,27190.870361328125,126141.80212402344,0,67221331968,8589930496,58494451712,1967669248
200,1724174855668,1268,1311,800,800,800,800,1920,800,857,894,884,867,1276,800,800,800,864,800,800,800,862,800,889,800,858,800,800,800,800,800,1265,800,0,0,100,0,0,0,0,0,0,0,0,0,0,0,0,0,0,0,0,0,0,0,0,0,0,0,0,0,0,0,0,0,0,27198.70477294922,126148.1904296875,0,67221331968,8589930496,58494451712,1967669248
200,1724174855868,1268,1311,800,800,800,800,1920,800,857,894,884,867,1276,800,800,800,864,800,800,800,862,800,889,800,858,800,800,800,800,800,1265,800,0,0,100,0,0,0,0,0,0,0,0,0,0,0,0,0,0,0,0,0,0,0,0,0,0,0,0,0,0,0,0,0,0,27206.692260742188,126154.73571777344,0,67221331968,8589930496,57880272896,1949057024
200,1724174856068,1268,1311,800,800,800,800,1920,800,857,894,884,867,1276,800,800,800,864,800,800,800,862,800,889,800,858,800,800,800,800,800,1265,800,0,0,100,0,0,0,0,0,0,0,0,0,0,0,0,0,0,0,0,0,0,0,0,0,0,0,0,0,0,0,0,0,0,27214.670166015625,126161.25085449219,0,67221331968,8589930496,57871298560,1949057024
200,1724174856268,1268,1311,800,800,800,800,1920,800,857,894,884,867,1276,800,800,800,864,800,800,800,862,800,889,800,858,800,800,800,800,800,1265,800,0,0,100,0,0,0,0,0,0,0,0,0,0,0,0,0,0,0,0,0,0,0,0,0,0,0,0,0,0,0,0,0,0,27222.406311035156,126167.55169677734,0,67221331968,8589930496,57393668096,1894531072
200,1724174856468,1268,1311,800,800,800,800,1920,800,857,894,884,867,1276,800,800,800,864,800,800,800,862,800,889,800,858,800,800,800,800,800,1265,800,0,0,100,0,0,0,0,0,0,0,0,0,0,0,0,0,0,0,0,0,0,0,0,0,0,0,0,0,0,0,0,0,0,27229.827026367188,126173.56481933594,0,67221331968,8589930496,57393668096,1894531072
200,1724174856668,1268,1311,800,800,800,800,1920,800,857,894,884,867,1276,800,800,800,864,800,800,800,862,800,889,800,858,800,800,800,800,800,1265,800,0,0,100,0,0,0,0,0,0,0,0,0,0,0,0,0,0,0,0,0,0,0,0,0,0,0,0,0,0,0,0,0,0,27237.962036132813,126180.26300048828,0,67221331968,8589930496,54641479680,1772109824
200,1724174856868,1268,1311,800,800,800,800,1920,800,857,894,884,867,1276,800,800,800,864,800,800,800,862,800,889,800,858,800,800,800,800,800,1265,800,0,0,100,0,0,0,0,0,0,0,0,0,0,0,0,0,0,0,0,0,0,0,0,0,0,0,0,0,0,0,0,0,0,27245.54327392578,126186.39758300781,0,67221331968,8589930496,54585475072,1772109824
200,1724174857068,1268,1311,800,800,800,800,1920,800,857,894,884,867,1276,800,800,800,864,800,800,800,862,800,889,800,858,800,800,800,800,800,1265,800,0,0,100,0,0,0,0,0,0,0,0,0,0,0,0,0,0,0,0,0,0,0,0,0,0,0,0,0,0,0,0,0,0,27253.580200195313,126192.99060058594,0,67221331968,8589930496,54210224128,1765031936
200,1724174857269,1268,1311,800,800,800,800,1920,800,857,894,884,867,1276,800,800,800,864,800,800,800,862,800,889,800,858,800,800,800,800,800,1265,800,0,0,100,0,0,0,0,0,0,0,0,0,0,0,0,0,0,0,0,0,0,0,0,0,0,0,0,0,0,0,0,0,0,27261.226196289063,126199.17980957031,0,67221331968,8589930496,53818384384,1736196096
200,1724174857469,1268,1311,800,800,800,800,1920,800,857,894,884,867,1276,800,800,800,864,800,800,800,862,800,889,800,858,800,800,800,800,800,1265,800,0,0,100,0,0,0,0,0,0,0,0,0,0,0,0,0,0,0,0,0,0,0,0,0,0,0,0,0,0,0,0,0,0,27268.898010253906,126205.40838623047,0,67221331968,8589930496,53561352192,1732263936
200,1724174857669,1268,1311,800,800,800,800,1920,800,857,894,884,867,1276,800,800,800,864,800,800,800,862,800,889,800,858,800,800,800,800,800,1265,800,0,0,100,0,0,0,0,0,0,0,0,4.761904716491699,0,0,0,0,0,0,0,0,0,0,0,0,0,0,0,0,0,0,0,0,0,27276.748962402344,126211.79858398438,0,67221331968,8589930496,53561352192,1732263936
200,1724174857869,1268,1311,800,800,800,800,1920,800,857,894,884,867,1276,800,800,800,864,800,800,800,862,800,889,800,858,800,800,800,800,800,1265,800,0,0,100,0,0,0,0,0,0,0,0,0,0,0,0,0,0,0,0,0,0,0,0,0,0,0,0,0,0,0,0,0,0,27284.76251220703,126218.34149169922,0,67221331968,8589930496,53059981312,1724137472
199,1724174858069,1268,1311,800,800,800,800,1920,800,857,894,884,867,1276,800,800,800,864,800,800,800,862,800,889,800,858,800,800,800,800,800,1265,800,0,0,100,0,0,0,0,0,0,0,0,0,0,0,0,0,0,0,0,0,0,0,0,0,0,0,0,0,0,0,0,0,0,27293.00262451172,126225.11169433594,0,67221331968,8589930496,52506386432,1714176000
200,1724174858269,1268,1311,800,800,800,800,1920,800,857,894,884,867,1276,800,800,800,864,800,800,800,862,800,889,800,858,800,800,800,800,800,1265,800,0,0,100,0,0,0,0,0,0,0,0,0,0,0,0,0,0,0,0,0,0,0,0,0,0,0,0,0,0,0,0,0,0,27301.498901367188,126232.12414550781,0,67221331968,8589930496,52085112832,1692680192
200,1724174858469,1268,1311,800,800,800,800,1920,800,857,894,884,867,1276,800,800,800,864,800,800,800,862,800,889,800,858,800,800,800,800,800,1265,800,0,0,100,0,0,0,0,0,0,0,0,0,0,0,0,0,0,0,0,0,0,0,0,0,0,0,0,0,0,0,0,0,0,27310.055297851563,126239.18237304688,0,67221331968,8589930496,51666726912,1686126592
200,1724174858669,1268,1311,800,800,800,800,1920,800,857,894,884,867,1276,800,800,800,864,800,800,800,862,800,889,800,858,800,800,800,800,800,1265,800,0,0,100,0,0,0,0,0,0,0,0,0,0,0,0,0,0,0,0,0,0,0,0,0,0,0,0,0,0,0,0,0,0,27318.66473388672,126246.28442382813,0,67221331968,8589930496,51666726912,1686126592
200,1724174858869,1268,1311,800,800,800,800,1920,800,857,894,884,867,1276,800,800,800,864,800,800,800,862,800,889,800,858,800,800,800,800,800,1265,800,0,0,100,0,0,0,0,0,0,0,0,0,0,0,0,0,0,0,0,0,0,0,0,0,0,0,0,0,0,0,0,0,0,27327.196655273438,126253.30792236328,0,67221331968,8589930496,51666726912,1686126592
200,1724174859070,1268,1311,800,800,800,800,1920,800,857,894,884,867,1276,800,800,800,864,800,800,800,862,800,889,800,858,800,800,800,800,800,1265,800,0,0,100,0,0,0,0,0,0,0,0,0,0,0,0,0,0,0,0,0,0,0,0,0,0,0,0,0,0,0,0,0,0,27335.37713623047,126260.01934814453,0,67221331968,8589930496,51074154496,1627930624
200,1724174859270,1268,1311,800,800,800,800,1920,800,857,894,884,867,1276,800,800,800,864,800,800,800,862,800,889,800,858,800,800,800,800,800,1265,800,0,0,100,0,0,0,0,0,0,0,0,0,0,0,0,0,0,0,0,0,0,0,0,0,0,0,0,0,0,0,0,0,0,27342.999389648438,126266.19244384766,0,67221331968,8589930496,51074154496,1627930624
200,1724174859470,1268,1311,800,800,800,800,1920,800,857,894,884,867,1276,800,800,800,864,800,800,800,862,800,889,800,858,800,800,800,800,800,1265,800,0,0,100,0,0,0,0,0,0,0,0,0,0,0,0,0,0,0,0,0,0,0,0,0,0,0,0,0,0,0,0,0,0,27351.44873046875,126273.14794921875,0,67221331968,8589930496,50669375488,1399078912
200,1724174859670,1268,1311,800,800,800,800,1920,800,857,894,884,867,1276,800,800,800,864,800,800,800,862,800,889,800,858,800,800,800,800,800,1265,800,0,0,100,0,0,0,0,0,0,0,0,0,0,0,0,0,0,0,0,0,0,0,0,0,0,0,0,0,0,0,0,0,0,27360.05224609375,126280.2689819336,0,67221331968,8589930496,50219356160,1146896384
200,1724174859870,1268,1311,800,800,800,800,1920,800,857,894,884,867,1276,800,800,800,864,800,800,800,862,800,889,800,858,800,800,800,800,800,1265,800,0,0,100,0,0,0,0,0,0,0,0,0,0,0,0,0,0,0,0,0,0,0,0,0,0,0,0,0,0,0,0,0,0,27368.72882080078,126287.439453125,0,67221331968,8589930496,50211672064,1146896384
200,1724174860070,1268,1311,800,800,800,800,1920,800,857,894,884,867,1276,800,800,800,864,800,800,800,862,800,889,800,858,800,800,800,800,800,1265,800,0,0,100,0,0,0,0,0,0,0,0,0,0,0,0,0,0,0,0,0,0,0,0,0,0,0,0,0,0,0,0,0,0,27377.454528808594,126294.65618896484,0,67221331968,8589930496,50211696640,1146896384
200,1724174860270,1268,1311,800,800,800,800,1920,800,857,894,884,867,1276,800,800,800,864,800,800,800,862,800,889,800,858,800,800,800,800,800,1265,800,0,0,100,0,0,0,0,0,0,0,0,0,0,0,0,0,0,0,0,0,0,0,0,0,0,0,0,0,0,0,0,0,0,27386.046020507813,126301.7398071289,0,67221331968,8589930496,50211696640,1146896384
200,1724174860470,1268,1311,800,800,800,800,1920,800,857,894,884,867,1276,800,800,800,864,800,800,800,862,800,889,800,858,800,800,800,800,800,1265,800,0,0,100,0,0,0,0,0,0,0,0,0,0,0,0,0,0,0,0,0,0,0,0,0,0,0,0,0,0,0,0,0,0,27394.26776123047,126308.49450683594,0,67221331968,8589930496,49430380544,1089486848
200,1724174860670,1268,1311,800,800,800,800,1920,800,857,894,884,867,1276,800,800,800,864,800,800,800,862,800,889,800,858,800,800,800,800,800,1265,800,0,0,100,0,0,0,0,0,0,0,0,0,0,0,0,0,0,0,0,0,0,0,0,0,0,0,0,0,0,0,0,0,0,27402.38946533203,126315.14129638672,0,67221331968,8589930496,49430380544,1089486848
199,1724174860870,1268,1311,800,800,800,800,1920,800,857,894,884,867,1276,800,800,800,864,800,800,800,862,800,889,800,858,800,800,800,800,800,1265,800,0,0,100,0,0,0,0,0,0,0,0,0,0,0,0,0,0,0,0,0,0,0,0,0,0,0,0,0,0,0,0,0,0,27410.376342773438,126321.68060302734,0,67221331968,8589930496,48950571008,904413184
200,1724174861070,1268,1311,800,800,800,800,1920,800,857,894,884,867,1276,800,800,800,864,800,800,800,862,800,889,800,858,800,800,800,800,800,1265,800,0,0,95,0,0,0,0,0,0,0,0,0,0,0,0,0,0,0,0,0,0,0,0,0,0,0,0,0,0,0,0,0,0,27418.463928222656,126328.34252929688,0,67221331968,8589930496,46760513536,819478528
200,1724174861271,1268,1311,800,800,800,800,1920,800,857,894,884,867,1276,800,800,800,864,800,800,800,862,800,889,800,858,800,800,800,800,800,1265,800,0,0,0,100,0,0,0,0,0,0,0,0,0,0,0,0,0,0,0,0,0,0,0,0,0,0,0,0,0,0,0,0,0,27427.797241210938,126336.27667236328,0,67221331968,8589930496,39797579776,811876352
200,1724174861471,1268,1311,800,800,800,800,1920,800,857,894,884,867,1276,800,800,800,864,800,800,800,862,800,889,800,858,800,800,800,800,800,1265,800,0,0,0,100,0,0,0,0,0,0,0,0,0,0,0,0,0,0,0,0,0,0,0,0,0,0,0,0,0,0,0,0,0,27437.06573486328,126344.13879394531,0,67221331968,8589930496,32836169728,767049728
200,1724174861671,1268,1311,800,800,800,800,1920,800,857,894,884,867,1276,800,800,800,864,800,800,800,862,800,889,800,858,800,800,800,800,800,1265,800,0,0,0,100,0,0,0,0,0,0,0,0,0,0,0,0,0,0,0,0,0,0,0,0,0,0,0,0,0,0,0,0,0,27446.53143310547,126352.20617675781,0,67221331968,8589930496,25282744320,763904000
200,1724174861871,1268,1311,800,800,800,800,1920,800,857,894,884,867,1276,800,800,800,864,800,800,800,862,800,889,800,858,800,800,800,800,800,1265,800,5,0,0,100,0,0,0,0,0,0,0,0,4.761904716491699,0,0,0,0,0,0,0,0,0,0,0,0,0,0,0,0,0,0,0,0,27456.216247558594,126360.4916381836,0,67221331968,8589930496,17773047808,762593280
200,1724174862071,1268,1311,800,800,800,800,1920,800,857,894,884,867,1276,800,800,800,864,800,800,800,862,800,889,800,858,800,800,800,800,800,1265,800,0,0,35,65,0,0,0,0,0,0,0,0,0,0,0,0,0,0,0,0,0,0,0,0,0,0,0,0,0,0,0,0,0,27465.626403808594,126368.50341796875,0,67221331968,8589930496,10635952128,735592448
200,1724174862271,1268,1311,800,800,800,800,1920,800,857,894,884,867,1276,800,800,800,864,800,800,800,862,800,889,800,858,800,800,800,800,800,1265,800,0,0,100,0,0,0,0,0,0,0,0,0,0,0,0,0,0,0,0,0,0,0,0,0,0,0,0,0,0,0,0,0,0,27475.092712402344,126376.56872558594,0,67221331968,8589930496,3862073344,672153600
0,1724174862471,1268,1311,800,800,800,800,1920,800,857,894,884,867,1276,800,800,800,864,800,800,800,862,800,889,800,858,800,800,800,800,800,1265,800,0,0,63.15789031982422,0,0,0,0,0,0,0,0,0,0,0,0,0,0,0,0,0,0,0,0,0,0,0,0,0,0,0,0,0,0,27481.380737304688,126381.4892578125,0,67221331968,8589930496,1328623616,476069888
